frame,nb of entities,FPS,frame length,physics length,L1-dcache-loads,L1-dcache-load-misses,L1-dcache-load-miss-ratio
0,3,302,0.001593,0.000025,447155.000000,31605.000000,0.070680
1,4,302,0.003321,0.000016,565769.000000,30677.000000,0.054222
2,5,302,0.003323,0.000018,567010.000000,30816.000000,0.054348
3,6,302,0.003329,0.000017,545730.000000,30204.000000,0.055346
4,6,302,0.003318,0.000021,550397.000000,29954.000000,0.054423
5,7,302,0.003322,0.000023,537757.000000,30041.000000,0.055864
6,8,302,0.003326,0.000019,559972.000000,30882.000000,0.055149
7,9,302,0.003319,0.000026,549985.000000,31330.000000,0.056965
8,10,302,0.003319,0.000024,586674.000000,31494.000000,0.053682
9,11,302,0.003329,0.000022,579990.000000,30981.000000,0.053416
10,12,302,0.003317,0.000022,536801.000000,27360.000000,0.050969
11,13,302,0.003327,0.000023,585360.000000,31523.000000,0.053852
12,14,302,0.003326,0.000023,576632.000000,30637.000000,0.053131
13,15,302,0.003320,0.000025,588262.000000,30898.000000,0.052524
14,16,302,0.003325,0.000025,586269.000000,31510.000000,0.053747
15,17,302,0.003332,0.000043,557852.000000,30461.000000,0.054604
16,18,302,0.003316,0.000027,589713.000000,30899.000000,0.052397
17,19,302,0.003325,0.000032,589578.000000,31180.000000,0.052885
18,20,302,0.003330,0.000029,573684.000000,30887.000000,0.053840
19,21,302,0.003319,0.000035,570539.000000,30827.000000,0.054031
20,22,302,0.003326,0.000031,549854.000000,27442.000000,0.049908
21,23,302,0.003329,0.000032,589072.000000,31267.000000,0.053078
22,23,302,0.003319,0.000033,582142.000000,31115.000000,0.053449
23,24,302,0.003326,0.000035,606341.000000,31134.000000,0.051347
24,25,302,0.003328,0.000028,589834.000000,31506.000000,0.053415
25,26,303,0.003322,0.000037,546826.000000,27634.000000,0.050535
26,27,303,0.003320,0.000038,609009.000000,32093.000000,0.052697
27,28,303,0.003331,0.000036,594227.000000,31286.000000,0.052650
28,28,303,0.003321,0.000039,576353.000000,30731.000000,0.053320
29,29,303,0.003324,0.000040,606315.000000,32425.000000,0.053479
30,29,303,0.003326,0.000039,549128.000000,27346.000000,0.049799
31,29,303,0.003321,0.000038,590961.000000,30177.000000,0.051064
32,30,303,0.003322,0.000036,612547.000000,31212.000000,0.050954
33,31,303,0.003330,0.000038,601963.000000,31064.000000,0.051605
34,32,303,0.003321,0.000042,617225.000000,31330.000000,0.050759
35,33,303,0.003323,0.000042,579504.000000,28229.000000,0.048712
36,34,303,0.003327,0.000045,630770.000000,31660.000000,0.050193
37,35,303,0.003325,0.000043,643855.000000,31798.000000,0.049387
38,36,303,0.003322,0.000043,644668.000000,32024.000000,0.049675
39,37,303,0.003329,0.000045,641259.000000,31204.000000,0.048661
40,37,303,0.003323,0.000045,598777.000000,27550.000000,0.046010
41,38,303,0.003322,0.000047,650167.000000,31675.000000,0.048718
42,39,303,0.003328,0.000046,653435.000000,31523.000000,0.048242
43,39,303,0.003323,0.000047,640125.000000,30876.000000,0.048234
44,40,303,0.003351,0.000054,596057.000000,33575.000000,0.056329
45,40,303,0.003325,0.000052,652735.000000,29904.000000,0.045813
46,41,303,0.003318,0.000054,721952.000000,33312.000000,0.046142
47,42,303,0.003315,0.000051,712905.000000,32256.000000,0.045246
48,43,303,0.003326,0.000055,722780.000000,32397.000000,0.044823
49,43,303,0.003322,0.000059,703009.000000,33130.000000,0.047126
50,44,303,0.003313,0.000058,684199.000000,29007.000000,0.042396
51,45,303,0.003328,0.000054,718780.000000,32328.000000,0.044976
52,46,303,0.003319,0.000060,738365.000000,32153.000000,0.043546
53,46,303,0.003318,0.000055,726230.000000,32010.000000,0.044077
54,47,303,0.003326,0.000062,763064.000000,32866.000000,0.043071
55,47,303,0.003322,0.000059,692396.000000,28752.000000,0.041525
56,48,303,0.003314,0.000066,748481.000000,32544.000000,0.043480
57,49,303,0.003328,0.000063,749419.000000,32625.000000,0.043534
58,50,303,0.003325,0.000069,751650.000000,33241.000000,0.044224
59,51,303,0.003306,0.000073,754021.000000,33187.000000,0.044013
60,51,300,0.003332,0.000073,710354.000000,28986.000000,0.040805
61,52,300,0.003315,0.000135,784574.000000,43608.000000,0.055582
62,53,300,0.003289,0.000082,762806.000000,33825.000000,0.044343
63,54,300,0.003324,0.000115,792267.000000,46095.000000,0.058181
64,55,300,0.003316,0.000085,796702.000000,33696.000000,0.042294
65,56,300,0.003314,0.000088,739920.000000,29927.000000,0.040446
66,57,300,0.003326,0.000088,791940.000000,33736.000000,0.042599
67,57,300,0.003318,0.000092,796008.000000,33269.000000,0.041795
68,57,300,0.003311,0.000092,792764.000000,33181.000000,0.041855
69,58,300,0.003330,0.000092,820492.000000,34246.000000,0.041738
70,58,300,0.003321,0.000090,738204.000000,29494.000000,0.039954
71,59,300,0.003311,0.000094,804703.000000,33356.000000,0.041451
72,59,300,0.003328,0.000091,788046.000000,32659.000000,0.041443
73,60,300,0.003338,0.000092,705920.000000,33663.000000,0.047687
74,61,300,0.003331,0.000093,733911.000000,35206.000000,0.047970
75,62,300,0.003344,0.000100,708321.000000,32949.000000,0.046517
76,63,300,0.003331,0.000090,743262.000000,34279.000000,0.046120
77,64,300,0.003338,0.000090,744695.000000,34189.000000,0.045910
78,64,300,0.003350,0.000101,722301.000000,34899.000000,0.048316
79,65,300,0.003336,0.000099,725630.000000,33940.000000,0.046773
80,66,300,0.003337,0.000089,696621.000000,30249.000000,0.043422
81,67,300,0.003344,0.000092,748816.000000,33645.000000,0.044931
82,68,300,0.003310,0.000181,811461.000000,41909.000000,0.051646
83,69,300,0.003340,0.000086,762281.000000,33636.000000,0.044125
84,70,300,0.003351,0.000107,769204.000000,33912.000000,0.044087
85,70,300,0.003341,0.000116,738658.000000,31095.000000,0.042097
86,71,300,0.003345,0.000110,801146.000000,34879.000000,0.043536
87,72,300,0.003344,0.000124,818183.000000,35891.000000,0.043867
88,73,300,0.003342,0.000130,823690.000000,35675.000000,0.043311
89,74,300,0.003341,0.000128,830705.000000,35459.000000,0.042685
90,75,300,0.003344,0.000127,826983.000000,32149.000000,0.038875
91,75,300,0.003345,0.000131,834983.000000,35132.000000,0.042075
92,76,300,0.003345,0.000132,860144.000000,35899.000000,0.041736
93,77,300,0.003354,0.000164,886925.000000,40082.000000,0.045192
94,77,300,0.003342,0.000136,856350.000000,35149.000000,0.041045
95,77,300,0.003346,0.000136,818499.000000,31584.000000,0.038588
96,78,300,0.003334,0.000137,911536.000000,37893.000000,0.041570
97,79,300,0.003326,0.000142,964181.000000,36446.000000,0.037800
98,79,300,0.003334,0.000147,908304.000000,36366.000000,0.040037
99,80,300,0.003337,0.000132,916603.000000,37517.000000,0.040930
100,81,300,0.003342,0.000132,894947.000000,33266.000000,0.037171
101,82,300,0.003343,0.000136,933682.000000,37043.000000,0.039674
102,83,300,0.003343,0.000147,975158.000000,37670.000000,0.038630
103,84,300,0.003341,0.000145,952801.000000,36487.000000,0.038294
104,85,300,0.003331,0.000143,1114530.000000,37418.000000,0.033573
105,86,300,0.003345,0.000397,1012646.000000,38463.000000,0.037983
106,87,300,0.003343,0.000157,1042736.000000,38062.000000,0.036502
107,88,300,0.003350,0.000181,1034919.000000,38072.000000,0.036787
108,89,300,0.003353,0.000181,1076814.000000,39970.000000,0.037119
109,90,300,0.003343,0.000186,1083454.000000,39174.000000,0.036157
110,91,300,0.003351,0.000173,1072391.000000,35894.000000,0.033471
111,92,300,0.003338,0.000216,1125832.000000,41326.000000,0.036707
112,93,299,0.003345,0.000182,1140020.000000,38220.000000,0.033526
113,94,299,0.003327,0.000186,1129607.000000,39019.000000,0.034542
114,95,299,0.003346,0.000221,1179639.000000,41702.000000,0.035351
115,96,299,0.003336,0.000191,1110163.000000,35673.000000,0.032133
116,96,299,0.003327,0.000195,1141131.000000,38633.000000,0.033855
117,97,299,0.003347,0.000219,1161136.000000,40861.000000,0.035191
118,98,299,0.003337,0.000191,1190363.000000,39894.000000,0.033514
119,99,299,0.003336,0.000208,1191736.000000,39982.000000,0.033549
120,99,299,0.003346,0.000207,1164284.000000,36977.000000,0.031759
121,100,299,0.003346,0.000205,1217160.000000,39436.000000,0.032400
122,101,299,0.003354,0.000214,1265934.000000,40866.000000,0.032281
123,102,299,0.003330,0.000220,1262574.000000,39809.000000,0.031530
124,103,299,0.003348,0.000215,1281670.000000,39542.000000,0.030852
125,104,299,0.003358,0.000229,1274398.000000,37931.000000,0.029764
126,104,299,0.003327,0.000226,1314585.000000,39785.000000,0.030264
127,104,299,0.003348,0.000220,1285860.000000,39798.000000,0.030950
128,105,299,0.003354,0.000227,1357589.000000,41455.000000,0.030536
129,106,299,0.003334,0.000234,1330086.000000,41071.000000,0.030878
130,106,299,0.003351,0.000233,1290391.000000,36898.000000,0.028594
131,107,299,0.003340,0.000233,1375303.000000,41006.000000,0.029816
132,108,299,0.003343,0.000244,1419106.000000,40768.000000,0.028728
133,109,299,0.003342,0.000258,1410480.000000,43059.000000,0.030528
134,109,298,0.003552,0.000248,1399146.000000,41175.000000,0.029429
135,110,298,0.003338,0.000230,1387915.000000,38174.000000,0.027505
136,111,298,0.003348,0.000252,1443093.000000,41947.000000,0.029067
137,111,298,0.003353,0.000282,1439026.000000,41078.000000,0.028546
138,112,298,0.003334,0.000238,1508462.000000,43013.000000,0.028514
139,113,298,0.003349,0.000267,1495072.000000,42168.000000,0.028205
140,114,298,0.003351,0.000268,1453832.000000,39074.000000,0.026877
141,115,298,0.003324,0.000245,1485958.000000,43066.000000,0.028982
142,116,298,0.003350,0.000267,1544631.000000,42948.000000,0.027805
143,117,298,0.003353,0.000279,1540544.000000,43123.000000,0.027992
144,118,298,0.003344,0.000253,1545318.000000,40847.000000,0.026433
145,119,298,0.003344,0.000284,1560199.000000,43086.000000,0.027616
146,119,298,0.003359,0.000261,1570765.000000,42799.000000,0.027247
147,120,298,0.003340,0.000324,1581709.000000,42819.000000,0.027071
148,121,298,0.003351,0.000291,1632170.000000,43770.000000,0.026817
149,122,298,0.003358,0.000298,1583774.000000,40663.000000,0.025675
150,122,298,0.003349,0.000330,1606274.000000,43350.000000,0.026988
151,123,298,0.003342,0.000298,1611192.000000,42781.000000,0.026552
152,124,298,0.003445,0.000304,1668174.000000,45283.000000,0.027145
153,125,298,0.003324,0.000465,1835022.000000,70419.000000,0.038375
154,126,298,0.003320,0.000390,1814584.000000,49564.000000,0.027314
155,127,298,0.003324,0.000487,1922703.000000,67837.000000,0.035282
156,128,298,0.003487,0.000495,1924905.000000,69507.000000,0.036109
157,129,298,0.003321,0.000322,1932381.000000,48434.000000,0.025064
158,129,298,0.003327,0.000301,1958595.000000,44889.000000,0.022919
159,130,298,0.003322,0.000301,1880184.000000,42173.000000,0.022430
160,131,298,0.003327,0.000340,1964554.000000,47251.000000,0.024052
161,132,298,0.003319,0.000390,1948162.000000,45876.000000,0.023548
162,132,298,0.003317,0.000559,2052767.000000,78807.000000,0.038391
163,133,298,0.003322,0.000557,2097627.000000,80359.000000,0.038309
164,133,298,0.003316,0.000407,1974472.000000,43021.000000,0.021789
165,134,298,0.003324,0.000334,2005814.000000,47965.000000,0.023913
166,135,298,0.003320,0.000369,2031863.000000,47414.000000,0.023335
167,136,298,0.003318,0.000417,2036609.000000,46741.000000,0.022950
168,137,298,0.003323,0.000356,2094799.000000,49215.000000,0.023494
169,138,298,0.003321,0.000427,2116803.000000,45397.000000,0.021446
170,139,298,0.003318,0.000438,2163261.000000,47743.000000,0.022070
171,139,298,0.003321,0.000443,2124865.000000,46363.000000,0.021819
172,140,299,0.003325,0.000408,2186141.000000,48281.000000,0.022085
173,141,299,0.003318,0.000460,2191155.000000,47182.000000,0.021533
174,142,299,0.003322,0.000464,2203242.000000,45101.000000,0.020470
175,143,299,0.003324,0.000438,2276886.000000,49359.000000,0.021678
176,144,299,0.003329,0.000539,2362968.000000,52738.000000,0.022319
177,144,299,0.003319,0.000491,2312874.000000,48820.000000,0.021108
178,145,299,0.003324,0.000452,2377656.000000,49924.000000,0.020997
179,146,299,0.003327,0.000502,2368601.000000,46133.000000,0.019477
180,147,299,0.003322,0.000508,2435749.000000,50632.000000,0.020787
181,148,299,0.003324,0.000475,2420551.000000,49899.000000,0.020615
182,149,299,0.003329,0.000518,2468850.000000,49715.000000,0.020137
183,149,299,0.003323,0.000526,2474296.000000,49708.000000,0.020090
184,150,299,0.003320,0.000500,2510953.000000,48400.000000,0.019276
185,151,299,0.003318,0.000538,2503597.000000,50939.000000,0.020346
186,152,299,0.003319,0.000539,2533352.000000,50964.000000,0.020117
187,153,299,0.003325,0.000528,2589021.000000,52909.000000,0.020436
188,154,299,0.003319,0.000565,2652993.000000,51727.000000,0.019498
189,155,299,0.003318,0.000574,2616673.000000,47859.000000,0.018290
190,155,299,0.003323,0.000529,2632249.000000,50384.000000,0.019141
191,155,299,0.003327,0.000572,2622633.000000,49540.000000,0.018889
192,156,299,0.003367,0.000579,2647571.000000,51896.000000,0.019601
193,157,299,0.003354,0.000525,2737789.000000,54148.000000,0.019778
194,158,299,0.003365,0.000552,2723824.000000,49962.000000,0.018343
195,159,299,0.003355,0.000498,2738264.000000,53710.000000,0.019615
196,160,299,0.003367,0.000558,2762182.000000,53733.000000,0.019453
197,160,299,0.003355,0.000557,2739727.000000,51423.000000,0.018769
198,161,299,0.003348,0.000510,2807065.000000,53858.000000,0.019187
199,162,299,0.003364,0.000564,2811580.000000,50775.000000,0.018059
200,163,299,0.003375,0.000575,2863000.000000,53930.000000,0.018837
201,164,299,0.003360,0.000605,2882626.000000,55482.000000,0.019247
202,164,299,0.003371,0.000702,2938717.000000,55743.000000,0.018968
203,165,299,0.003377,0.000601,2911086.000000,55761.000000,0.019155
204,165,299,0.003355,0.000588,2863485.000000,51925.000000,0.018133
205,166,299,0.003368,0.000651,2957602.000000,57028.000000,0.019282
206,166,299,0.003367,0.000607,2940865.000000,55777.000000,0.018966
207,167,299,0.003363,0.000585,3008819.000000,56004.000000,0.018613
208,168,299,0.003369,0.000693,3118925.000000,58957.000000,0.018903
209,169,299,0.003376,0.000626,3117318.000000,54106.000000,0.017357
210,170,299,0.003354,0.000644,3156968.000000,55877.000000,0.017700
211,171,299,0.003371,0.000714,3211480.000000,58809.000000,0.018312
212,171,299,0.003368,0.000644,3252380.000000,57959.000000,0.017820
213,172,299,0.003356,0.000659,3194080.000000,56817.000000,0.017788
214,172,299,0.003365,0.000714,3151246.000000,54309.000000,0.017234
215,172,299,0.003327,0.000626,3248614.000000,56849.000000,0.017499
216,173,299,0.003323,0.000584,3326803.000000,57712.000000,0.017348
217,174,299,0.003319,0.000711,3352211.000000,59275.000000,0.017682
218,175,299,0.003330,0.000637,3412120.000000,59171.000000,0.017341
219,176,299,0.003318,0.000709,3395635.000000,57001.000000,0.016787
220,177,299,0.003324,0.000722,3545576.000000,63387.000000,0.017878
221,178,299,0.003329,0.000684,3549652.000000,60664.000000,0.017090
222,178,299,0.003319,0.000741,3617247.000000,61879.000000,0.017107
223,179,299,0.003321,0.000787,3692018.000000,63178.000000,0.017112
224,180,299,0.003328,0.000716,3704320.000000,59200.000000,0.015981
225,180,299,0.003321,0.000790,3738296.000000,66663.000000,0.017832
226,181,299,0.003324,0.000769,3813606.000000,66368.000000,0.017403
227,181,299,0.003327,0.000749,3906467.000000,66464.000000,0.017014
228,181,299,0.003323,0.000816,3847858.000000,66693.000000,0.017333
229,182,299,0.003322,0.000839,3837488.000000,63396.000000,0.016520
230,183,299,0.003330,0.000751,3946980.000000,66228.000000,0.016779
231,184,299,0.003318,0.000828,3974896.000000,68089.000000,0.017130
232,185,299,0.003324,0.000849,4052529.000000,69042.000000,0.017037
233,185,299,0.003329,0.000786,4042589.000000,68051.000000,0.016834
234,186,299,0.003318,0.000851,4092988.000000,65340.000000,0.015964
235,187,299,0.003325,0.000853,4217470.000000,70778.000000,0.016782
236,188,299,0.003329,0.000827,4230400.000000,70090.000000,0.016568
237,188,299,0.003318,0.000882,4245310.000000,69842.000000,0.016452
238,189,299,0.003324,0.000874,4326229.000000,72572.000000,0.016775
239,190,299,0.003330,0.000861,4366873.000000,68914.000000,0.015781
240,190,299,0.003317,0.000905,4347612.000000,71940.000000,0.016547
241,191,299,0.003325,0.000899,4409327.000000,73212.000000,0.016604
242,192,299,0.003327,0.000862,4403258.000000,71165.000000,0.016162
243,193,299,0.003322,0.000926,4542153.000000,73983.000000,0.016288
244,194,299,0.003321,0.001000,4520682.000000,70436.000000,0.015581
245,195,299,0.003394,0.001080,4623471.000000,76398.000000,0.016524
246,196,299,0.003419,0.001069,4670465.000000,75834.000000,0.016237
247,196,299,0.003354,0.000963,4728824.000000,76044.000000,0.016081
248,197,299,0.003380,0.000931,4826435.000000,79841.000000,0.016542
249,198,299,0.003385,0.001012,4725670.000000,73414.000000,0.015535
250,199,298,0.003379,0.000973,4849673.000000,78332.000000,0.016152
251,200,298,0.003391,0.001060,4920467.000000,81497.000000,0.016563
252,201,298,0.003381,0.001015,4903497.000000,78721.000000,0.016054
253,202,298,0.003378,0.000971,4921727.000000,78124.000000,0.015873
254,203,298,0.003393,0.001087,5034624.000000,79000.000000,0.015691
255,204,298,0.003381,0.001039,5081238.000000,79901.000000,0.015725
256,205,298,0.003397,0.001073,5174433.000000,81503.000000,0.015751
257,206,298,0.003388,0.001172,5226519.000000,84187.000000,0.016108
258,207,298,0.003384,0.001071,5269807.000000,83366.000000,0.015820
259,208,298,0.003391,0.001138,5251575.000000,78306.000000,0.014911
260,208,298,0.003388,0.001138,5401090.000000,85276.000000,0.015789
261,209,298,0.003396,0.001143,5490651.000000,83976.000000,0.015294
262,210,298,0.003391,0.001122,5454784.000000,83832.000000,0.015369
263,211,298,0.003325,0.001127,5576271.000000,85999.000000,0.015422
264,212,298,0.003326,0.001188,5551682.000000,82591.000000,0.014877
265,212,298,0.003324,0.001156,5665522.000000,86753.000000,0.015312
266,213,298,0.003322,0.001232,5802987.000000,88063.000000,0.015175
267,214,298,0.003327,0.001237,5780409.000000,88228.000000,0.015263
268,215,298,0.003323,0.001212,5850566.000000,88782.000000,0.015175
269,216,298,0.003322,0.001319,5834864.000000,88080.000000,0.015095
270,217,298,0.003327,0.001239,5975690.000000,88625.000000,0.014831
271,217,298,0.003325,0.001263,5991870.000000,90711.000000,0.015139
272,218,299,0.003320,0.001283,6134389.000000,90952.000000,0.014827
273,219,299,0.003328,0.001292,6063788.000000,89805.000000,0.014810
274,219,299,0.003322,0.001297,6020897.000000,88969.000000,0.014777
275,220,299,0.003323,0.001305,6091170.000000,91834.000000,0.015077
276,221,299,0.003328,0.001289,6179287.000000,91889.000000,0.014870
277,222,299,0.003322,0.001295,6215242.000000,93584.000000,0.015057
278,222,299,0.003323,0.001339,6275331.000000,93227.000000,0.014856
279,223,299,0.003328,0.001298,6089370.000000,86733.000000,0.014243
280,224,299,0.003323,0.001294,6222848.000000,92433.000000,0.014854
281,225,299,0.003324,0.001329,6330217.000000,94024.000000,0.014853
282,226,299,0.003328,0.001350,6393253.000000,93527.000000,0.014629
283,227,299,0.003322,0.001363,6422454.000000,96846.000000,0.015079
284,228,299,0.003324,0.001421,6488670.000000,95328.000000,0.014691
285,229,299,0.003327,0.001380,6483423.000000,95355.000000,0.014708
286,229,299,0.003322,0.001372,6476492.000000,97035.000000,0.014983
287,230,299,0.003323,0.001404,6502773.000000,97226.000000,0.014951
288,231,299,0.003327,0.001377,6557554.000000,96872.000000,0.014773
289,232,299,0.003323,0.001371,6738663.000000,112178.000000,0.016647
290,232,299,0.003323,0.001411,6550236.000000,95717.000000,0.014613
291,233,299,0.003326,0.001393,6551216.000000,96079.000000,0.014666
292,233,299,0.003325,0.001385,6595346.000000,96902.000000,0.014692
293,233,299,0.003324,0.001422,6671933.000000,98785.000000,0.014806
294,234,299,0.003326,0.001275,6660104.000000,94321.000000,0.014162
295,235,299,0.003324,0.001429,6809701.000000,100695.000000,0.014787
296,236,299,0.003324,0.001461,6894295.000000,100709.000000,0.014608
297,236,299,0.003326,0.001304,6718330.000000,96607.000000,0.014380
298,237,299,0.003325,0.001428,6815684.000000,100315.000000,0.014718
299,238,299,0.003324,0.001476,6937398.000000,98783.000000,0.014239
300,239,299,0.003326,0.001369,7144984.000000,104052.000000,0.014563
301,240,299,0.003325,0.001506,7152122.000000,104654.000000,0.014633
302,241,299,0.003324,0.001538,7201506.000000,104503.000000,0.014511
303,242,299,0.003326,0.001393,7164630.000000,104344.000000,0.014564
304,243,299,0.003327,0.001538,7207793.000000,102779.000000,0.014259
305,244,299,0.003322,0.001560,7238885.000000,105469.000000,0.014570
306,245,299,0.003326,0.001410,7300510.000000,105062.000000,0.014391
307,246,299,0.003327,0.001545,7360890.000000,106482.000000,0.014466
308,246,299,0.003321,0.001587,7418793.000000,107239.000000,0.014455
309,247,299,0.003326,0.001418,7340144.000000,102857.000000,0.014013
310,248,299,0.003325,0.001563,7452188.000000,107957.000000,0.014487
311,249,299,0.003324,0.001584,7409373.000000,106740.000000,0.014406
312,250,299,0.003326,0.001429,7468049.000000,106923.000000,0.014317
313,251,299,0.003325,0.001597,7539425.000000,108784.000000,0.014429
314,251,300,0.003323,0.001697,7615376.000000,109593.000000,0.014391
315,252,300,0.003326,0.001500,7763388.000000,111546.000000,0.014368
316,253,300,0.003325,0.001610,7765718.000000,111654.000000,0.014378
317,254,300,0.003324,0.001691,7903215.000000,112985.000000,0.014296
318,255,300,0.003326,0.001548,7974631.000000,113081.000000,0.014180
319,255,300,0.003325,0.001692,8065130.000000,110501.000000,0.013701
320,256,300,0.003324,0.001713,8041527.000000,115402.000000,0.014351
321,257,300,0.003326,0.001592,8085212.000000,114898.000000,0.014211
322,258,300,0.003326,0.001788,8203963.000000,115897.000000,0.014127
323,259,300,0.003326,0.001840,8299981.000000,115353.000000,0.013898
324,260,300,0.003326,0.001639,8394398.000000,113209.000000,0.013486
325,261,300,0.003324,0.001862,8455578.000000,116040.000000,0.013723
326,262,300,0.003326,0.001714,8546067.000000,119239.000000,0.013953
327,262,300,0.003326,0.001685,8596462.000000,119052.000000,0.013849
328,263,300,0.003324,0.001887,8691746.000000,120091.000000,0.013817
329,264,300,0.003326,0.001780,8602057.000000,115048.000000,0.013374
330,265,300,0.003325,0.001692,8723907.000000,120192.000000,0.013777
331,266,300,0.003366,0.002609,9182451.000000,145392.000000,0.015834
332,266,300,0.003323,0.001785,8769973.000000,118746.000000,0.013540
333,267,300,0.003327,0.001724,8864632.000000,121458.000000,0.013701
334,268,300,0.003325,0.001845,8924899.000000,116648.000000,0.013070
335,269,300,0.003326,0.001814,9008539.000000,121061.000000,0.013438
336,269,300,0.003327,0.001759,8966832.000000,121057.000000,0.013501
337,269,300,0.003327,0.001886,9071746.000000,121218.000000,0.013362
338,270,300,0.003328,0.001855,9178307.000000,125118.000000,0.013632
339,270,300,0.003326,0.001794,9168447.000000,120882.000000,0.013185
340,271,300,0.003330,0.001916,9258432.000000,123364.000000,0.013325
341,272,300,0.003328,0.001891,9282458.000000,126208.000000,0.013596
342,273,300,0.003329,0.001830,9381808.000000,125023.000000,0.013326
343,274,300,0.003332,0.001960,9500330.000000,125703.000000,0.013231
344,275,300,0.003333,0.001897,9515225.000000,125785.000000,0.013219
345,275,300,0.003328,0.001865,9471862.000000,124537.000000,0.013148
346,276,300,0.003333,0.001988,9566706.000000,125979.000000,0.013168
347,277,300,0.003332,0.001894,9578550.000000,127799.000000,0.013342
348,278,300,0.003332,0.001886,9673591.000000,126803.000000,0.013108
349,279,300,0.003332,0.002031,9683476.000000,126497.000000,0.013063
350,280,300,0.003335,0.001920,9794729.000000,130904.000000,0.013365
351,281,300,0.003424,0.001933,9949577.000000,131066.000000,0.013173
352,282,300,0.003443,0.002069,10049802.000000,131832.000000,0.013118
353,283,300,0.003425,0.001962,9946980.000000,129541.000000,0.013023
354,284,299,0.003433,0.002011,10036093.000000,129192.000000,0.012873
355,285,299,0.003438,0.001994,10251989.000000,132700.000000,0.012944
356,286,299,0.003391,0.001991,10224777.000000,132776.000000,0.012986
357,287,299,0.003436,0.002083,10384318.000000,134496.000000,0.012952
358,288,299,0.003447,0.002009,10337877.000000,130874.000000,0.012660
359,288,299,0.003425,0.002038,10466172.000000,134610.000000,0.012861
360,288,298,0.003438,0.002112,10528582.000000,135706.000000,0.012889
361,289,298,0.003438,0.002087,10653055.000000,137639.000000,0.012920
362,289,298,0.003439,0.002091,10818443.000000,137279.000000,0.012689
363,290,298,0.003442,0.002176,10931256.000000,138000.000000,0.012624
364,291,298,0.003442,0.002170,10989012.000000,145732.000000,0.013262
365,292,298,0.003419,0.002161,11030025.000000,143077.000000,0.012972
366,293,297,0.003444,0.002222,11141258.000000,143423.000000,0.012873
367,294,297,0.003449,0.002222,11140799.000000,145998.000000,0.013105
368,294,297,0.003439,0.002180,11060897.000000,138331.000000,0.012506
369,295,297,0.003444,0.002248,11124955.000000,142521.000000,0.012811
370,296,297,0.003445,0.002220,11269056.000000,145200.000000,0.012885
371,297,297,0.003444,0.002222,11272927.000000,142295.000000,0.012623
372,298,296,0.003443,0.002215,11404512.000000,145390.000000,0.012748
373,299,296,0.003374,0.002722,11541429.000000,150630.000000,0.013051
374,300,296,0.003356,0.002268,11679284.000000,149188.000000,0.012774
375,300,296,0.003346,0.002271,11644127.000000,147090.000000,0.012632
376,301,296,0.003350,0.002286,11822297.000000,150323.000000,0.012715
377,301,296,0.003352,0.002312,11907816.000000,153951.000000,0.012929
378,301,296,0.003350,0.002322,11930831.000000,147929.000000,0.012399
379,302,296,0.003352,0.002345,11766489.000000,149111.000000,0.012673
380,303,296,0.003351,0.002329,11902500.000000,150531.000000,0.012647
381,304,296,0.003352,0.002357,12099061.000000,152193.000000,0.012579
382,305,296,0.003353,0.002343,12070935.000000,152777.000000,0.012657
383,306,296,0.003352,0.002383,12052137.000000,149944.000000,0.012441
384,307,296,0.003354,0.002382,12167955.000000,153079.000000,0.012581
385,308,296,0.003354,0.002401,12178870.000000,154100.000000,0.012653
386,309,296,0.003356,0.002389,12356948.000000,155472.000000,0.012582
387,310,296,0.003358,0.002441,12569611.000000,158707.000000,0.012626
388,311,296,0.003326,0.002469,12607325.000000,155175.000000,0.012308
389,312,296,0.003358,0.002478,12524742.000000,157724.000000,0.012593
390,313,296,0.003357,0.002458,12573543.000000,158634.000000,0.012616
391,314,296,0.003358,0.002487,12605254.000000,161891.000000,0.012843
392,315,296,0.003358,0.002477,12646331.000000,161006.000000,0.012731
393,316,296,0.003360,0.002501,12799196.000000,162744.000000,0.012715
394,317,296,0.003361,0.002515,12876336.000000,165269.000000,0.012835
395,318,296,0.003364,0.002560,13131444.000000,166497.000000,0.012679
396,318,295,0.003363,0.002571,13181627.000000,165902.000000,0.012586
397,319,295,0.003362,0.002552,12952713.000000,165648.000000,0.012789
398,320,295,0.003361,0.002542,13004638.000000,161639.000000,0.012429
399,321,295,0.003362,0.002567,13031894.000000,166259.000000,0.012758
400,322,295,0.003363,0.002568,13137165.000000,167199.000000,0.012727
401,323,295,0.003366,0.002601,13301502.000000,168990.000000,0.012705
402,324,295,0.003366,0.002624,13430916.000000,170402.000000,0.012687
403,324,295,0.003385,0.002958,13550658.000000,169962.000000,0.012543
404,325,295,0.003701,0.003090,13674668.000000,173916.000000,0.012718
405,326,295,0.003343,0.002755,13794057.000000,174803.000000,0.012672
406,327,294,0.003353,0.002742,13902591.000000,176634.000000,0.012705
407,327,294,0.003416,0.002793,14039530.000000,176264.000000,0.012555
408,328,294,0.003363,0.002773,14048431.000000,172908.000000,0.012308
409,329,294,0.003429,0.002851,14162165.000000,177937.000000,0.012564
410,330,294,0.003466,0.002856,14290911.000000,177866.000000,0.012446
411,331,294,0.003419,0.002821,14325437.000000,176235.000000,0.012302
412,332,294,0.003555,0.002962,14539755.000000,182192.000000,0.012531
413,333,294,0.003528,0.002919,14540297.000000,181695.000000,0.012496
414,334,294,0.003485,0.002872,14648458.000000,182486.000000,0.012458
415,335,293,0.003542,0.002943,14817222.000000,186737.000000,0.012603
416,336,293,0.003558,0.002941,14773500.000000,188456.000000,0.012756
417,336,293,0.003549,0.002946,14883183.000000,184230.000000,0.012378
418,336,293,0.003551,0.002913,14782782.000000,185786.000000,0.012568
419,337,293,0.003555,0.002925,14962457.000000,189521.000000,0.012666
420,338,292,0.003633,0.003018,15206959.000000,190664.000000,0.012538
421,339,292,0.003577,0.003007,14959533.000000,188188.000000,0.012580
422,340,292,0.003531,0.002951,15033644.000000,184510.000000,0.012273
423,341,292,0.003611,0.003017,15241749.000000,190219.000000,0.012480
424,342,292,0.003690,0.003069,15431531.000000,192391.000000,0.012467
425,342,291,0.003657,0.003052,15588945.000000,191643.000000,0.012294
426,343,291,0.003654,0.003039,15418757.000000,186772.000000,0.012113
427,343,290,0.003763,0.003148,15774449.000000,195243.000000,0.012377
428,344,290,0.003694,0.003063,15691737.000000,193585.000000,0.012337
429,345,290,0.003747,0.003101,15800986.000000,194977.000000,0.012340
430,346,289,0.003697,0.003115,15861389.000000,196946.000000,0.012417
431,347,289,0.003673,0.003367,15921092.000000,197955.000000,0.012434
432,348,289,0.003548,0.003231,16100194.000000,197614.000000,0.012274
433,349,289,0.003471,0.003183,16010941.000000,197764.000000,0.012352
434,350,288,0.003604,0.003256,16153404.000000,200634.000000,0.012421
435,350,288,0.003925,0.003349,16175110.000000,197052.000000,0.012182
436,351,287,0.003832,0.003201,16316927.000000,200193.000000,0.012269
437,352,286,0.003903,0.003229,16492789.000000,201895.000000,0.012241
438,353,285,0.003871,0.003253,16655258.000000,204415.000000,0.012273
439,354,285,0.003905,0.003274,16574545.000000,204642.000000,0.012347
440,355,284,0.003911,0.003316,16604185.000000,203524.000000,0.012257
441,356,283,0.003929,0.003315,16757795.000000,206354.000000,0.012314
442,356,282,0.003907,0.003337,16705910.000000,206434.000000,0.012357
443,357,282,0.003908,0.003324,16700465.000000,206427.000000,0.012361
444,357,281,0.003929,0.003324,16817588.000000,202675.000000,0.012051
445,358,280,0.003993,0.003370,16963829.000000,208231.000000,0.012275
446,359,279,0.003937,0.003299,16896807.000000,206418.000000,0.012216
447,359,278,0.004012,0.003424,17157010.000000,210439.000000,0.012265
448,360,278,0.004017,0.003404,17137632.000000,207211.000000,0.012091
449,361,277,0.004022,0.003447,17111442.000000,211401.000000,0.012354
450,362,276,0.004092,0.003471,17284079.000000,212205.000000,0.012277
451,363,275,0.004037,0.003431,17439286.000000,212780.000000,0.012201
452,364,274,0.004113,0.003485,17438533.000000,209787.000000,0.012030
453,364,273,0.004068,0.003459,17522316.000000,212665.000000,0.012137
454,365,272,0.004139,0.003512,17675623.000000,216276.000000,0.012236
455,365,271,0.004149,0.003533,17735432.000000,216398.000000,0.012201
456,366,270,0.004131,0.003510,17736742.000000,214613.000000,0.012100
457,367,269,0.004218,0.003588,17889964.000000,219192.000000,0.012252
458,368,268,0.004185,0.003565,18055277.000000,220807.000000,0.012229
459,369,267,0.004226,0.003618,18231615.000000,222562.000000,0.012207
460,370,266,0.004246,0.003631,18239671.000000,218922.000000,0.012003
461,371,265,0.004261,0.003663,18347063.000000,223240.000000,0.012168
462,372,264,0.004299,0.003699,18431058.000000,223215.000000,0.012111
463,373,263,0.004220,0.003645,18430399.000000,223602.000000,0.012132
464,374,262,0.004333,0.003705,18498200.000000,221941.000000,0.011998
465,375,261,0.004312,0.003683,18717604.000000,228721.000000,0.012220
466,376,260,0.004338,0.003741,18731682.000000,226486.000000,0.012091
467,376,259,0.004379,0.003760,18887395.000000,227478.000000,0.012044
468,376,258,0.004371,0.003763,18986288.000000,227002.000000,0.011956
469,377,257,0.004420,0.003809,18868652.000000,229817.000000,0.012180
470,378,256,0.004352,0.003721,18912508.000000,228344.000000,0.012074
471,378,255,0.004390,0.003812,18950565.000000,229011.000000,0.012085
472,379,254,0.004328,0.003742,18958584.000000,224596.000000,0.011847
473,380,253,0.004456,0.003825,19086450.000000,231219.000000,0.012114
474,380,252,0.004346,0.003771,19039562.000000,228358.000000,0.011994
475,381,251,0.004389,0.003804,19077712.000000,230944.000000,0.012105
476,382,250,0.004428,0.003828,19154773.000000,226239.000000,0.011811
477,383,249,0.004434,0.003836,19183903.000000,230930.000000,0.012038
478,384,248,0.004466,0.003854,19302865.000000,231369.000000,0.011986
479,385,247,0.004413,0.003836,19249544.000000,228783.000000,0.011885
480,385,246,0.004732,0.004121,19298591.000000,232038.000000,0.012024
481,386,245,0.004486,0.003821,19515342.000000,232903.000000,0.011934
482,387,244,0.004613,0.003941,19719388.000000,237642.000000,0.012051
483,388,243,0.004489,0.003899,19622103.000000,232021.000000,0.011824
484,389,242,0.004593,0.003969,19918067.000000,238727.000000,0.011985
485,389,242,0.004598,0.003980,19967400.000000,237310.000000,0.011885
486,389,241,0.004611,0.004026,19951812.000000,239499.000000,0.012004
487,390,240,0.004631,0.004031,20017435.000000,235057.000000,0.011743
488,391,239,0.004650,0.004037,20162273.000000,242722.000000,0.012038
489,392,238,0.004657,0.004065,20265049.000000,248567.000000,0.012266
490,392,237,0.004644,0.004068,20245551.000000,245493.000000,0.012126
491,393,236,0.004665,0.004081,20267171.000000,248038.000000,0.012238
492,394,235,0.004714,0.004009,20487214.000000,249754.000000,0.012191
493,395,234,0.004713,0.004120,20493751.000000,252511.000000,0.012321
494,396,233,0.004678,0.004059,20607187.000000,249420.000000,0.012104
495,396,232,0.004773,0.004156,20604123.000000,253706.000000,0.012313
496,396,231,0.004677,0.004088,20574266.000000,251397.000000,0.012219
497,397,231,0.004834,0.004229,20695750.000000,251343.000000,0.012145
498,397,230,0.004729,0.004110,20818918.000000,253048.000000,0.012155
499,397,229,0.004977,0.004266,21062188.000000,260459.000000,0.012366
500,398,228,0.004793,0.004163,21055285.000000,257226.000000,0.012217
501,399,227,0.004949,0.004300,21183333.000000,256940.000000,0.012129
502,400,226,0.004817,0.004201,21256202.000000,259191.000000,0.012194
503,401,226,0.004905,0.004300,21317958.000000,260993.000000,0.012243
504,402,225,0.004895,0.004294,21357195.000000,256429.000000,0.012007
505,402,224,0.004921,0.004338,21524874.000000,262641.000000,0.012202
506,403,223,0.004938,0.004326,21595298.000000,263021.000000,0.012180
507,403,222,0.004999,0.004365,21769758.000000,263291.000000,0.012094
508,404,222,0.004982,0.004384,21780141.000000,260333.000000,0.011953
509,405,221,0.005067,0.004436,22055805.000000,266547.000000,0.012085
510,406,220,0.005092,0.004476,22174018.000000,267717.000000,0.012073
511,407,219,0.005118,0.004469,22295805.000000,264319.000000,0.011855
512,408,218,0.005150,0.004535,22523783.000000,269518.000000,0.011966
513,408,217,0.005234,0.004548,22705796.000000,270734.000000,0.011924
514,408,217,0.005027,0.004417,22369335.000000,265263.000000,0.011858
515,409,216,0.005233,0.004530,22601424.000000,273301.000000,0.012092
516,410,215,0.005128,0.004488,22461575.000000,269872.000000,0.012015
517,411,214,0.005268,0.004644,22798815.000000,268430.000000,0.011774
518,412,214,0.004977,0.004518,22832833.000000,270528.000000,0.011848
519,413,213,0.005013,0.004653,22947083.000000,274809.000000,0.011976
520,413,212,0.004879,0.004576,22974274.000000,272120.000000,0.011845
521,414,212,0.005091,0.004784,23024162.000000,270576.000000,0.011752
522,415,211,0.004927,0.004579,23155047.000000,272887.000000,0.011785
523,416,210,0.005497,0.004873,23214872.000000,279154.000000,0.012025
524,417,210,0.005215,0.004575,23344662.000000,271551.000000,0.011632
525,418,209,0.005302,0.004689,23367665.000000,276125.000000,0.011817
526,419,208,0.005293,0.004635,23551266.000000,279312.000000,0.011860
527,419,208,0.005404,0.004785,23651703.000000,276639.000000,0.011696
528,420,207,0.005349,0.004928,23834829.000000,283099.000000,0.011878
529,421,206,0.005093,0.004780,23728035.000000,278748.000000,0.011748
530,421,206,0.005116,0.004823,23690549.000000,276808.000000,0.011684
531,422,205,0.005469,0.004867,23701755.000000,278928.000000,0.011768
532,422,204,0.005495,0.004824,24014329.000000,281758.000000,0.011733
533,423,204,0.005473,0.004846,24192137.000000,278660.000000,0.011519
534,424,203,0.005455,0.004761,24144890.000000,282427.000000,0.011697
535,425,202,0.005364,0.004775,24054100.000000,279841.000000,0.011634
536,426,201,0.005430,0.004848,24033128.000000,277901.000000,0.011563
537,426,201,0.005392,0.004747,24215446.000000,280857.000000,0.011598
538,427,200,0.005522,0.004888,24391477.000000,283018.000000,0.011603
539,428,199,0.005461,0.004848,24289686.000000,282532.000000,0.011632
540,429,199,0.005562,0.004920,24521606.000000,283005.000000,0.011541
541,430,198,0.005635,0.005012,24703227.000000,290556.000000,0.011762
542,431,197,0.005637,0.004914,24866613.000000,296286.000000,0.011915
543,432,197,0.005531,0.005159,25050340.000000,295177.000000,0.011783
544,432,196,0.005360,0.005005,25103186.000000,293776.000000,0.011703
545,433,196,0.005381,0.005071,24784692.000000,291063.000000,0.011744
546,433,195,0.005210,0.004916,24765002.000000,290198.000000,0.011718
547,434,195,0.005351,0.005039,24810292.000000,292262.000000,0.011780
548,435,194,0.005428,0.004985,24976130.000000,294374.000000,0.011786
549,436,194,0.005652,0.005023,25177398.000000,293632.000000,0.011663
550,437,193,0.005615,0.004972,25094216.000000,296815.000000,0.011828
551,438,193,0.005592,0.005012,25151178.000000,296934.000000,0.011806
552,439,192,0.005645,0.005004,25342401.000000,296065.000000,0.011683
553,440,191,0.005662,0.005075,25386281.000000,300002.000000,0.011817
554,440,191,0.005689,0.005370,25407866.000000,304511.000000,0.011985
555,441,190,0.005407,0.005084,25471378.000000,298361.000000,0.011714
556,441,190,0.005540,0.005167,25756742.000000,303536.000000,0.011785
557,442,189,0.005695,0.005235,26114293.000000,307740.000000,0.011784
558,442,189,0.005588,0.005229,25876228.000000,303315.000000,0.011722
559,442,188,0.005692,0.005326,26128343.000000,308739.000000,0.011816
560,443,188,0.005574,0.005203,26116866.000000,308516.000000,0.011813
561,444,187,0.005771,0.005416,26401640.000000,309061.000000,0.011706
562,445,187,0.005572,0.005191,26394006.000000,309051.000000,0.011709
563,446,186,0.006058,0.005683,27068784.000000,313706.000000,0.011589
564,447,186,0.005695,0.005295,26828855.000000,315073.000000,0.011744
565,448,185,0.006007,0.005632,26802343.000000,312499.000000,0.011659
566,448,185,0.005840,0.005501,26731009.000000,310193.000000,0.011604
567,449,184,0.005628,0.005300,26776830.000000,314417.000000,0.011742
568,450,184,0.005677,0.005295,26958520.000000,314950.000000,0.011683
569,451,184,0.005619,0.005306,26848372.000000,313500.000000,0.011677
570,452,183,0.005719,0.005312,27169253.000000,319332.000000,0.011753
571,452,183,0.005771,0.005396,27445502.000000,323752.000000,0.011796
572,453,183,0.005729,0.005350,27363235.000000,320185.000000,0.011701
573,454,182,0.005819,0.005497,27526274.000000,323711.000000,0.011760
574,455,182,0.005823,0.005439,27731087.000000,324901.000000,0.011716
575,456,182,0.005859,0.005541,27648850.000000,321322.000000,0.011622
576,457,181,0.005840,0.005449,27861261.000000,326228.000000,0.011709
577,458,181,0.005820,0.005496,27775278.000000,324232.000000,0.011673
578,459,180,0.005848,0.005502,27877901.000000,323160.000000,0.011592
579,460,180,0.005827,0.005512,27901002.000000,327665.000000,0.011744
580,461,179,0.005931,0.005533,28165974.000000,329348.000000,0.011693
581,462,179,0.005872,0.005566,28124460.000000,326803.000000,0.011620
582,463,178,0.005918,0.005574,28287142.000000,331189.000000,0.011708
583,463,178,0.005929,0.005631,28240189.000000,326755.000000,0.011571
584,464,178,0.005929,0.005593,28381679.000000,331562.000000,0.011682
585,465,177,0.006037,0.005680,28720175.000000,333613.000000,0.011616
586,466,177,0.006018,0.005686,28764768.000000,330275.000000,0.011482
587,467,177,0.006108,0.005751,28973341.000000,336612.000000,0.011618
588,468,176,0.006091,0.005748,29030234.000000,337825.000000,0.011637
589,469,176,0.006083,0.005774,29072384.000000,334998.000000,0.011523
590,470,175,0.006421,0.006023,29460458.000000,344859.000000,0.011706
591,471,175,0.006446,0.006033,29614400.000000,362382.000000,0.012237
592,472,174,0.006321,0.005955,29696846.000000,341808.000000,0.011510
593,472,174,0.006616,0.006213,29956702.000000,347646.000000,0.011605
594,473,173,0.006344,0.005955,29911394.000000,344939.000000,0.011532
595,473,173,0.006423,0.006079,29974619.000000,348684.000000,0.011633
596,474,172,0.006505,0.006122,30255620.000000,349639.000000,0.011556
597,475,172,0.006416,0.006050,30392778.000000,349364.000000,0.011495
598,476,171,0.006540,0.006171,30379413.000000,352829.000000,0.011614
599,477,170,0.006597,0.006257,30553023.000000,351645.000000,0.011509
600,478,170,0.006371,0.006014,30493552.000000,352301.000000,0.011553
601,479,170,0.006639,0.006302,30682585.000000,358775.000000,0.011693
602,480,169,0.006694,0.006307,30903285.000000,356749.000000,0.011544
603,481,169,0.006433,0.006108,30784069.000000,356680.000000,0.011587
604,482,168,0.006741,0.006351,31247201.000000,360597.000000,0.011540
605,483,167,0.006743,0.006354,31288513.000000,359587.000000,0.011493
606,483,166,0.007158,0.006516,31110835.000000,358877.000000,0.011535
607,483,166,0.006915,0.006361,31301602.000000,358984.000000,0.011469
608,484,165,0.006683,0.006284,31658937.000000,363496.000000,0.011482
609,485,165,0.006703,0.006346,31844665.000000,362202.000000,0.011374
610,485,164,0.007088,0.006480,31537660.000000,362543.000000,0.011496
611,486,163,0.007086,0.006254,31550013.000000,362887.000000,0.011502
612,487,163,0.006925,0.006263,31768515.000000,358803.000000,0.011294
613,488,162,0.007056,0.006385,32221734.000000,369285.000000,0.011461
614,489,162,0.006989,0.006362,31927126.000000,362484.000000,0.011353
615,490,161,0.006926,0.006327,31930018.000000,368344.000000,0.011536
616,490,160,0.006962,0.006373,31904178.000000,364277.000000,0.011418
617,491,160,0.007032,0.006441,31935698.000000,363626.000000,0.011386
618,492,159,0.006996,0.006328,32191802.000000,369316.000000,0.011472
619,493,159,0.007035,0.006410,32289535.000000,366232.000000,0.011342
620,494,158,0.007082,0.006452,32344092.000000,369924.000000,0.011437
621,495,157,0.006905,0.006573,32340424.000000,368254.000000,0.011387
622,496,157,0.006802,0.006412,32598823.000000,371898.000000,0.011408
623,496,157,0.006905,0.006588,32498928.000000,372251.000000,0.011454
624,496,156,0.006890,0.006585,32463591.000000,369027.000000,0.011367
625,497,156,0.006763,0.006429,32486708.000000,370537.000000,0.011406
626,498,155,0.006990,0.006617,32564410.000000,370151.000000,0.011367
627,499,155,0.006957,0.006540,32932840.000000,375071.000000,0.011389
628,500,154,0.006940,0.006551,32929278.000000,377531.000000,0.011465
629,501,154,0.007033,0.006658,32990165.000000,370962.000000,0.011245
630,502,153,0.007005,0.006652,33040808.000000,373746.000000,0.011312
631,503,153,0.007127,0.006723,33341282.000000,374986.000000,0.011247
632,503,152,0.007065,0.006661,33625135.000000,380243.000000,0.011308
633,504,152,0.007092,0.006688,33397630.000000,377932.000000,0.011316
634,504,151,0.007136,0.006762,33701042.000000,382827.000000,0.011360
635,504,151,0.007153,0.006823,33635377.000000,385255.000000,0.011454
636,504,150,0.007094,0.006746,33744571.000000,380274.000000,0.011269
637,505,150,0.007371,0.007004,34125569.000000,389848.000000,0.011424
638,505,149,0.007212,0.006877,33928239.000000,384268.000000,0.011326
639,506,149,0.007134,0.006781,34079373.000000,388679.000000,0.011405
640,506,148,0.007544,0.006952,34015163.000000,384062.000000,0.011291
641,507,147,0.007402,0.006792,34068672.000000,388322.000000,0.011398
642,507,147,0.007371,0.006759,34074177.000000,384749.000000,0.011292
643,507,146,0.007249,0.006879,34332554.000000,389981.000000,0.011359
644,508,146,0.007139,0.006770,34522040.000000,393416.000000,0.011396
645,509,146,0.007185,0.006882,34429727.000000,388187.000000,0.011275
646,510,145,0.007412,0.007003,34741498.000000,398399.000000,0.011468
647,511,145,0.007299,0.006934,35223656.000000,394563.000000,0.011202
648,512,144,0.007338,0.006934,35201487.000000,397189.000000,0.011283
649,513,144,0.007317,0.006991,35081491.000000,395176.000000,0.011265
650,514,143,0.007416,0.006994,35368985.000000,402337.000000,0.011375
651,514,143,0.007498,0.007074,35675416.000000,401389.000000,0.011251
652,515,143,0.007531,0.007116,35922425.000000,404018.000000,0.011247
653,516,142,0.007462,0.007135,35942228.000000,405366.000000,0.011278
654,517,142,0.007570,0.007189,36164530.000000,409084.000000,0.011312
655,518,142,0.007549,0.007171,36277205.000000,409809.000000,0.011297
656,519,141,0.007555,0.007218,36327752.000000,407345.000000,0.011213
657,520,141,0.007589,0.007219,36582032.000000,411511.000000,0.011249
658,521,141,0.007593,0.007233,36719361.000000,406947.000000,0.011083
659,522,140,0.007649,0.007302,36990462.000000,416759.000000,0.011267
660,523,140,0.007631,0.007284,36927159.000000,411300.000000,0.011138
661,523,139,0.007565,0.007258,36644203.000000,411523.000000,0.011230
662,524,139,0.007751,0.007355,36998013.000000,417811.000000,0.011293
663,525,139,0.007705,0.007364,37219852.000000,416613.000000,0.011193
664,526,138,0.007706,0.007331,37205662.000000,416950.000000,0.011207
665,527,138,0.007723,0.007396,37337879.000000,415105.000000,0.011118
666,528,138,0.007751,0.007404,37402641.000000,417799.000000,0.011170
667,529,138,0.007770,0.007456,37408420.000000,415308.000000,0.011102
668,530,137,0.008059,0.007593,37764011.000000,422245.000000,0.011181
669,531,137,0.008348,0.007925,38325373.000000,423416.000000,0.011048
670,532,136,0.007731,0.007395,37622587.000000,418078.000000,0.011112
671,532,136,0.007796,0.007455,37811600.000000,416508.000000,0.011015
672,533,136,0.007850,0.007475,38157696.000000,422557.000000,0.011074
673,534,136,0.007850,0.007492,38175591.000000,420080.000000,0.011004
674,534,135,0.007938,0.007565,38527371.000000,424476.000000,0.011018
675,535,135,0.008030,0.007666,38947411.000000,426580.000000,0.010953
676,535,135,0.008004,0.007616,38883279.000000,426908.000000,0.010979
677,535,134,0.008117,0.007728,39257929.000000,427449.000000,0.010888
678,536,134,0.008067,0.007667,39218752.000000,430682.000000,0.010982
679,537,134,0.008076,0.007716,39369958.000000,428331.000000,0.010880
680,538,133,0.008167,0.007759,39685151.000000,433398.000000,0.010921
681,539,133,0.008214,0.007828,39961529.000000,435658.000000,0.010902
682,540,133,0.008212,0.007889,40041081.000000,431967.000000,0.010788
683,541,132,0.008263,0.007880,40243027.000000,436468.000000,0.010846
684,542,132,0.008325,0.007951,40411758.000000,435034.000000,0.010765
685,543,131,0.008351,0.008005,40644256.000000,441698.000000,0.010867
686,544,131,0.008413,0.008046,40857472.000000,439191.000000,0.010749
687,545,131,0.008388,0.008088,40753801.000000,442967.000000,0.010869
688,546,130,0.008378,0.008011,41016077.000000,440352.000000,0.010736
689,547,130,0.008427,0.008124,41073432.000000,446831.000000,0.010879
690,548,129,0.008535,0.008106,41501401.000000,454447.000000,0.010950
691,549,129,0.008445,0.008166,41347412.000000,444061.000000,0.010740
692,550,129,0.008532,0.008189,41574620.000000,445463.000000,0.010715
693,550,128,0.008528,0.008251,41653652.000000,446788.000000,0.010726
694,551,128,0.008558,0.008217,41869414.000000,451450.000000,0.010782
695,552,127,0.008543,0.008260,41836209.000000,446472.000000,0.010672
696,552,127,0.008547,0.008254,41842864.000000,451842.000000,0.010799
697,553,127,0.008623,0.008248,42167928.000000,450303.000000,0.010679
698,554,126,0.008673,0.008342,42328872.000000,456172.000000,0.010777
699,555,126,0.008799,0.008411,42668571.000000,455166.000000,0.010667
700,556,125,0.008737,0.008397,42814016.000000,459320.000000,0.010728
701,556,125,0.008718,0.008436,42749132.000000,458045.000000,0.010715
702,557,125,0.008757,0.008435,42932187.000000,464044.000000,0.010809
703,558,124,0.008796,0.008516,42957379.000000,460437.000000,0.010718
704,558,124,0.008880,0.008473,43296963.000000,469971.000000,0.010855
705,558,123,0.008897,0.008532,43415903.000000,461774.000000,0.010636
706,559,123,0.008893,0.008524,43566529.000000,465119.000000,0.010676
707,560,123,0.008916,0.008537,43594311.000000,464721.000000,0.010660
708,561,122,0.008906,0.008588,43703288.000000,465457.000000,0.010650
709,562,122,0.008968,0.008682,43758069.000000,465171.000000,0.010631
710,563,121,0.009067,0.008741,43909102.000000,471056.000000,0.010728
711,564,121,0.009009,0.008688,44060576.000000,471965.000000,0.010712
712,564,121,0.008959,0.008675,44072888.000000,469298.000000,0.010648
713,565,120,0.009030,0.008723,44110032.000000,473510.000000,0.010735
714,565,120,0.008974,0.008692,44053891.000000,469020.000000,0.010647
715,566,120,0.009070,0.008707,44346978.000000,475451.000000,0.010721
716,567,119,0.009109,0.008761,44615804.000000,474228.000000,0.010629
717,568,119,0.009124,0.008815,44601132.000000,478406.000000,0.010726
718,569,119,0.009140,0.008792,44791590.000000,477422.000000,0.010659
719,569,118,0.009215,0.008905,45012270.000000,480176.000000,0.010668
720,570,118,0.009196,0.008839,44982123.000000,476958.000000,0.010603
721,571,117,0.009364,0.008987,45385990.000000,485038.000000,0.010687
722,572,117,0.009342,0.009021,45515259.000000,481164.000000,0.010571
723,573,117,0.009259,0.008973,45401232.000000,481134.000000,0.010597
724,574,116,0.009347,0.008943,45774644.000000,488471.000000,0.010671
725,575,116,0.009310,0.009003,45750511.000000,483694.000000,0.010572
726,576,116,0.009412,0.009025,46070165.000000,488870.000000,0.010611
727,577,115,0.009415,0.009126,46051787.000000,485459.000000,0.010542
728,577,115,0.009401,0.009103,46066387.000000,489086.000000,0.010617
729,577,115,0.009385,0.009097,46023359.000000,485015.000000,0.010538
730,578,114,0.009453,0.009071,46339966.000000,487973.000000,0.010530
731,578,114,0.009394,0.009097,46226852.000000,487881.000000,0.010554
732,579,114,0.009580,0.009192,46594834.000000,490181.000000,0.010520
733,580,113,0.009599,0.009247,46923015.000000,496031.000000,0.010571
734,581,113,0.009544,0.009206,46897929.000000,492798.000000,0.010508
735,582,113,0.009542,0.009230,46922369.000000,494882.000000,0.010547
736,582,112,0.009521,0.009239,46850886.000000,491468.000000,0.010490
737,583,112,0.009628,0.009264,47139703.000000,495373.000000,0.010509
738,584,112,0.009599,0.009263,47218288.000000,498052.000000,0.010548
739,585,111,0.009645,0.009280,47310532.000000,497191.000000,0.010509
740,586,111,0.009677,0.009348,47531278.000000,501475.000000,0.010550
741,587,111,0.009632,0.009343,47407701.000000,496969.000000,0.010483
742,587,110,0.009739,0.009376,47644430.000000,501219.000000,0.010520
743,588,110,0.009680,0.009395,47570151.000000,498467.000000,0.010479
744,589,110,0.009699,0.009384,47669030.000000,498818.000000,0.010464
745,590,109,0.009797,0.009424,48056608.000000,504252.000000,0.010493
746,591,109,0.009737,0.009435,47989522.000000,501884.000000,0.010458
747,592,109,0.009840,0.009485,48341924.000000,506479.000000,0.010477
748,593,109,0.009835,0.009529,48315493.000000,502374.000000,0.010398
749,594,108,0.009886,0.009590,48408369.000000,503259.000000,0.010396
750,595,108,0.009891,0.009532,48660343.000000,507706.000000,0.010434
751,596,108,0.009876,0.009578,48572667.000000,502302.000000,0.010341
752,597,107,0.009962,0.009574,48892047.000000,509017.000000,0.010411
753,598,107,0.010337,0.009952,49543197.000000,517190.000000,0.010439
754,599,107,0.010156,0.009740,49195119.000000,509598.000000,0.010359
755,600,107,0.010075,0.009681,49466280.000000,515114.000000,0.010413
756,601,106,0.010055,0.009688,49548584.000000,512430.000000,0.010342
757,601,106,0.010154,0.009835,49919383.000000,514148.000000,0.010300
758,601,106,0.010120,0.009785,49787734.000000,509482.000000,0.010233
759,601,105,0.010137,0.009810,49950137.000000,511956.000000,0.010249
760,602,105,0.010159,0.009778,49924070.000000,516690.000000,0.010350
761,603,104,0.013985,0.013590,52320065.000000,554855.000000,0.010605
762,604,104,0.010396,0.010020,50445755.000000,517621.000000,0.010261
763,605,104,0.010215,0.009860,50331888.000000,518583.000000,0.010303
764,605,103,0.010247,0.009946,50477856.000000,516425.000000,0.010231
765,606,103,0.010384,0.010006,50779271.000000,521451.000000,0.010269
766,607,103,0.010393,0.010004,50989648.000000,523173.000000,0.010260
767,608,103,0.010570,0.010176,51191590.000000,524770.000000,0.010251
768,609,102,0.010565,0.010157,51592247.000000,525767.000000,0.010191
769,610,102,0.010540,0.010238,51566054.000000,529856.000000,0.010275
770,611,102,0.010602,0.010238,51771552.000000,530861.000000,0.010254
771,611,101,0.010656,0.010340,51974006.000000,534486.000000,0.010284
772,612,101,0.010773,0.010390,52268983.000000,536473.000000,0.010264
773,613,101,0.010676,0.010373,52291988.000000,535086.000000,0.010233
774,614,101,0.010735,0.010342,52603697.000000,539158.000000,0.010249
775,615,100,0.010756,0.010393,52867476.000000,540110.000000,0.010216
776,616,100,0.010689,0.010339,52616274.000000,540097.000000,0.010265
777,617,100,0.010774,0.010398,52889398.000000,541214.000000,0.010233
778,618,99,0.010813,0.010446,53024399.000000,542231.000000,0.010226
779,619,99,0.010783,0.010426,52991720.000000,542786.000000,0.010243
780,619,99,0.010768,0.010434,53124136.000000,540766.000000,0.010179
781,619,99,0.010766,0.010467,52798872.000000,540128.000000,0.010230
782,620,98,0.010726,0.010376,52938240.000000,543495.000000,0.010267
783,621,98,0.010719,0.010424,52956502.000000,537561.000000,0.010151
784,622,98,0.010854,0.010471,53283638.000000,543334.000000,0.010197
785,622,98,0.010832,0.010518,53329510.000000,546078.000000,0.010240
786,623,98,0.010784,0.010491,53310032.000000,543219.000000,0.010190
787,624,97,0.010862,0.010493,53583473.000000,546082.000000,0.010191
788,625,97,0.010942,0.010588,53672084.000000,548862.000000,0.010226
789,626,97,0.010949,0.010571,53785506.000000,545978.000000,0.010151
790,626,97,0.010997,0.010615,53988322.000000,547772.000000,0.010146
791,626,96,0.010923,0.010534,53790750.000000,548346.000000,0.010194
792,627,96,0.011078,0.010593,54113667.000000,559870.000000,0.010346
793,628,96,0.010895,0.010593,53860082.000000,547151.000000,0.010159
794,628,96,0.011069,0.010684,54179798.000000,551528.000000,0.010180
795,629,95,0.011000,0.010631,54305972.000000,548963.000000,0.010109
796,630,95,0.011094,0.010737,54660995.000000,551520.000000,0.010090
797,631,95,0.010996,0.010687,54253944.000000,553679.000000,0.010205
798,632,95,0.011080,0.010713,54498640.000000,552837.000000,0.010144
799,633,95,0.011131,0.010760,54655608.000000,556300.000000,0.010178
800,633,94,0.011034,0.010744,54561968.000000,550347.000000,0.010087
801,634,94,0.011249,0.010874,54910761.000000,552740.000000,0.010066
802,634,94,0.011096,0.010781,54852708.000000,553487.000000,0.010090
803,635,94,0.011188,0.010778,55164722.000000,559432.000000,0.010141
804,635,93,0.011282,0.010925,55556416.000000,556697.000000,0.010020
805,636,93,0.011244,0.010948,55487723.000000,557559.000000,0.010048
806,636,93,0.011242,0.010940,55509735.000000,560712.000000,0.010101
807,637,93,0.011240,0.010939,55485393.000000,557614.000000,0.010050
808,638,93,0.011348,0.010947,55878662.000000,560905.000000,0.010038
809,639,92,0.011374,0.011006,56158482.000000,565051.000000,0.010062
810,640,92,0.011349,0.010964,55987471.000000,559614.000000,0.009995
811,641,92,0.011397,0.011002,56240692.000000,564262.000000,0.010033
812,641,92,0.011490,0.011115,56555954.000000,570648.000000,0.010090
813,641,92,0.011419,0.011090,56378392.000000,563963.000000,0.010003
814,642,91,0.011538,0.011140,56777010.000000,567344.000000,0.009992
815,643,91,0.011505,0.011198,56821065.000000,570774.000000,0.010045
816,644,91,0.011591,0.011237,56990929.000000,568608.000000,0.009977
817,645,91,0.011613,0.011307,57011246.000000,568742.000000,0.009976
818,645,91,0.011641,0.011234,57389458.000000,573767.000000,0.009998
819,646,90,0.011588,0.011283,57164839.000000,570085.000000,0.009973
820,647,90,0.011648,0.011307,57326194.000000,569630.000000,0.009937
821,648,90,0.011595,0.011298,57347192.000000,573760.000000,0.010005
822,649,90,0.011749,0.011331,57747065.000000,575596.000000,0.009968
823,650,90,0.011717,0.011330,58043179.000000,576719.000000,0.009936
824,651,90,0.011795,0.011438,58329731.000000,579911.000000,0.009942
825,652,90,0.011942,0.011525,58517088.000000,586932.000000,0.010030
826,653,89,0.011876,0.011483,58620716.000000,580474.000000,0.009902
827,654,89,0.011893,0.011478,58717910.000000,578659.000000,0.009855
828,655,89,0.011948,0.011529,59060450.000000,585495.000000,0.009913
829,656,89,0.012001,0.011701,59020148.000000,584175.000000,0.009898
830,657,89,0.012002,0.011633,59298607.000000,584511.000000,0.009857
831,658,89,0.012078,0.011695,59721800.000000,588422.000000,0.009853
832,658,88,0.012059,0.011757,59603959.000000,588947.000000,0.009881
833,659,88,0.012040,0.011749,59628670.000000,587715.000000,0.009856
834,660,88,0.012181,0.011801,59913366.000000,589009.000000,0.009831
835,660,88,0.012153,0.011771,60083885.000000,589907.000000,0.009818
836,661,88,0.012249,0.011878,60426732.000000,594706.000000,0.009842
837,662,87,0.012288,0.011944,60551839.000000,593195.000000,0.009796
838,662,87,0.012214,0.011913,60525110.000000,592427.000000,0.009788
839,663,87,0.012279,0.011933,60722401.000000,596102.000000,0.009817
840,664,87,0.012385,0.011973,61136684.000000,596286.000000,0.009753
841,665,87,0.012343,0.012046,61162799.000000,596815.000000,0.009758
842,666,86,0.012676,0.012241,61685283.000000,602933.000000,0.009774
843,667,86,0.012705,0.012294,61978834.000000,609556.000000,0.009835
844,668,86,0.012526,0.012120,61669162.000000,599361.000000,0.009719
845,668,86,0.012574,0.012212,61932194.000000,599405.000000,0.009678
846,669,85,0.012648,0.012250,62242965.000000,601546.000000,0.009664
847,670,85,0.012616,0.012251,62332093.000000,605866.000000,0.009720
848,670,85,0.012747,0.012339,62680708.000000,604439.000000,0.009643
849,671,85,0.012732,0.012377,62718231.000000,603617.000000,0.009624
850,672,85,0.012802,0.012454,62829813.000000,604956.000000,0.009628
851,673,84,0.012738,0.012432,62727850.000000,604698.000000,0.009640
852,673,84,0.012746,0.012431,62744750.000000,607672.000000,0.009685
853,673,84,0.012766,0.012455,62691106.000000,603892.000000,0.009633
854,674,84,0.012841,0.012439,63092548.000000,607993.000000,0.009637
855,675,84,0.012909,0.012518,63421525.000000,617963.000000,0.009744
856,675,83,0.012733,0.012420,62887022.000000,616210.000000,0.009799
857,676,83,0.012847,0.012429,63291073.000000,616777.000000,0.009745
858,676,83,0.012837,0.012476,63468070.000000,615155.000000,0.009692
859,677,83,0.012927,0.012561,63659667.000000,617076.000000,0.009693
860,678,82,0.012901,0.012519,63714503.000000,620702.000000,0.009742
861,679,82,0.012954,0.012563,64150656.000000,621607.000000,0.009690
862,680,82,0.013069,0.012725,64608088.000000,624778.000000,0.009670
863,681,82,0.013048,0.012734,64627907.000000,625524.000000,0.009679
864,682,82,0.013041,0.012706,64745794.000000,625095.000000,0.009655
865,682,81,0.013214,0.012889,64900698.000000,631721.000000,0.009734
866,683,81,0.013154,0.012798,65017004.000000,628763.000000,0.009671
867,684,81,0.013265,0.012869,65595669.000000,633498.000000,0.009658
868,685,81,0.013194,0.012852,65330961.000000,632380.000000,0.009680
869,686,81,0.013213,0.012863,65609226.000000,637979.000000,0.009724
870,687,80,0.013336,0.012950,65917230.000000,643803.000000,0.009767
871,687,80,0.013345,0.012974,66073309.000000,638305.000000,0.009661
872,687,80,0.013329,0.012968,66212498.000000,640711.000000,0.009677
873,687,80,0.013408,0.013099,66235259.000000,638958.000000,0.009647
874,688,80,0.013747,0.013256,66769038.000000,656594.000000,0.009834
875,689,79,0.013420,0.013087,66472547.000000,645348.000000,0.009708
876,690,79,0.013495,0.013107,66721666.000000,644211.000000,0.009655
877,691,79,0.013475,0.013159,66646142.000000,644692.000000,0.009673
878,692,79,0.013561,0.013165,66973462.000000,647845.000000,0.009673
879,693,78,0.013529,0.013210,66835163.000000,648015.000000,0.009696
880,694,78,0.013625,0.013209,67229911.000000,654271.000000,0.009732
881,695,78,0.013520,0.013202,67027351.000000,649561.000000,0.009691
882,696,78,0.013780,0.013332,67615440.000000,654085.000000,0.009674
883,697,78,0.013662,0.013332,67477107.000000,653517.000000,0.009685
884,698,77,0.013695,0.013271,67814492.000000,655618.000000,0.009668
885,699,77,0.013733,0.013348,67914394.000000,656473.000000,0.009666
886,699,77,0.013730,0.013339,68176405.000000,659903.000000,0.009679
887,700,77,0.013715,0.013408,68035377.000000,656529.000000,0.009650
888,701,77,0.013825,0.013507,68110676.000000,657293.000000,0.009650
889,702,77,0.013763,0.013439,68059132.000000,657867.000000,0.009666
890,703,76,0.013755,0.013391,68258489.000000,658448.000000,0.009646
891,704,76,0.013797,0.013473,68294308.000000,661658.000000,0.009688
892,705,76,0.013885,0.013498,68591662.000000,659768.000000,0.009619
893,706,76,0.013886,0.013580,68695019.000000,660958.000000,0.009622
894,707,76,0.013958,0.013532,69084246.000000,665873.000000,0.009639
895,708,76,0.014034,0.013717,69099322.000000,665532.000000,0.009632
896,708,75,0.013954,0.013598,69250860.000000,664881.000000,0.009601
897,708,75,0.013933,0.013618,69270896.000000,668259.000000,0.009647
898,708,75,0.014057,0.013666,69597863.000000,667895.000000,0.009596
899,709,75,0.013995,0.013684,69475836.000000,668133.000000,0.009617
900,709,75,0.013970,0.013668,69439513.000000,666855.000000,0.009603
901,710,75,0.013999,0.013694,69464797.000000,665850.000000,0.009585
902,710,74,0.014381,0.013929,69509039.000000,666016.000000,0.009582
903,711,74,0.014343,0.013994,69565553.000000,669742.000000,0.009627
904,712,74,0.014201,0.013833,69717829.000000,669819.000000,0.009608
905,712,74,0.014280,0.013938,69875173.000000,668393.000000,0.009566
906,713,74,0.014513,0.014151,70350599.000000,671463.000000,0.009545
907,714,74,0.014400,0.014027,70584068.000000,672479.000000,0.009527
908,715,73,0.014643,0.014203,71006029.000000,677403.000000,0.009540
909,716,73,0.014970,0.014518,71366909.000000,700288.000000,0.009813
910,717,73,0.014943,0.014370,71562765.000000,681444.000000,0.009522
911,717,73,0.014576,0.014110,71359510.000000,681396.000000,0.009549
912,718,73,0.014648,0.014091,71684023.000000,687226.000000,0.009587
913,719,73,0.014733,0.014167,71985861.000000,686181.000000,0.009532
914,720,72,0.014732,0.014225,71981159.000000,686517.000000,0.009537
915,720,72,0.014688,0.014172,72002733.000000,685505.000000,0.009521
916,721,72,0.014982,0.014528,72708857.000000,690805.000000,0.009501
917,722,72,0.015040,0.014509,72670732.000000,691917.000000,0.009521
918,722,72,0.015093,0.014467,72621388.000000,690466.000000,0.009508
919,723,71,0.014818,0.014359,72624450.000000,691091.000000,0.009516
920,724,71,0.014997,0.014434,72983410.000000,694522.000000,0.009516
921,725,71,0.014947,0.014467,72910750.000000,696730.000000,0.009556
922,726,71,0.015073,0.014501,73297292.000000,697136.000000,0.009511
923,727,71,0.014949,0.014491,73120200.000000,694068.000000,0.009492
924,728,71,0.015019,0.014455,73443831.000000,696822.000000,0.009488
925,729,70,0.014984,0.014498,73413418.000000,695714.000000,0.009477
926,730,70,0.015083,0.014527,73841510.000000,697678.000000,0.009448
927,731,70,0.015056,0.014601,73687576.000000,698332.000000,0.009477
928,732,70,0.015252,0.014816,74077885.000000,700424.000000,0.009455
929,732,70,0.015166,0.014780,74092000.000000,703249.000000,0.009492
930,733,70,0.015184,0.014787,74392743.000000,705728.000000,0.009487
931,734,70,0.015141,0.014737,74603611.000000,710449.000000,0.009523
932,735,69,0.015158,0.014783,74916014.000000,707002.000000,0.009437
933,736,69,0.015322,0.014994,74774283.000000,709949.000000,0.009495
934,737,69,0.015203,0.014819,74972312.000000,707636.000000,0.009439
935,737,69,0.015148,0.014830,74909912.000000,708288.000000,0.009455
936,738,69,0.015402,0.015072,74962412.000000,709877.000000,0.009470
937,739,69,0.015229,0.014895,74961772.000000,710060.000000,0.009472
938,739,69,0.015261,0.014833,75311078.000000,710829.000000,0.009439
939,740,68,0.015387,0.014964,75754052.000000,716052.000000,0.009452
940,741,68,0.015414,0.014990,75767878.000000,718262.000000,0.009480
941,742,68,0.015529,0.015112,76395325.000000,720190.000000,0.009427
942,743,68,0.015656,0.015292,76674206.000000,726238.000000,0.009472
943,744,68,0.016192,0.015607,76885620.000000,736268.000000,0.009576
944,744,68,0.015953,0.015174,77165500.000000,729790.000000,0.009457
945,745,67,0.015774,0.015205,77480080.000000,730237.000000,0.009425
946,746,67,0.015794,0.015311,77626311.000000,730437.000000,0.009410
947,746,67,0.015833,0.015376,77744385.000000,729321.000000,0.009381
948,747,67,0.015926,0.015402,78024537.000000,734746.000000,0.009417
949,748,67,0.016027,0.015540,78029702.000000,736952.000000,0.009445
950,749,67,0.016136,0.015648,78098203.000000,737117.000000,0.009438
951,750,66,0.016034,0.015461,78589929.000000,740401.000000,0.009421
952,750,66,0.016066,0.015499,78779247.000000,741677.000000,0.009415
953,751,66,0.016369,0.015880,78405008.000000,744721.000000,0.009498
954,752,66,0.016010,0.015548,78403229.000000,738025.000000,0.009413
955,753,66,0.016158,0.015612,78760530.000000,739180.000000,0.009385
956,753,66,0.016151,0.015625,78875907.000000,740160.000000,0.009384
957,754,65,0.016055,0.015595,78839482.000000,742669.000000,0.009420
958,755,65,0.016159,0.015605,79202122.000000,743432.000000,0.009387
959,756,65,0.016187,0.015714,79060946.000000,743082.000000,0.009399
960,757,65,0.016194,0.015613,79484001.000000,745466.000000,0.009379
961,758,65,0.016244,0.015910,79333120.000000,745928.000000,0.009402
962,759,65,0.016237,0.015770,79793249.000000,746995.000000,0.009362
963,759,65,0.016186,0.015844,79973141.000000,749315.000000,0.009370
964,760,64,0.016530,0.015925,80414674.000000,752925.000000,0.009363
965,760,64,0.016790,0.016206,81243405.000000,760159.000000,0.009357
966,761,64,0.016440,0.015869,80764698.000000,757606.000000,0.009380
967,762,64,0.016658,0.016073,81280770.000000,761302.000000,0.009366
968,762,64,0.016608,0.016052,81339366.000000,761298.000000,0.009360
969,763,64,0.016646,0.016057,81749024.000000,766290.000000,0.009374
970,763,64,0.016708,0.016129,81905209.000000,766876.000000,0.009363
971,764,63,0.016697,0.016180,82089921.000000,766891.000000,0.009342
972,764,63,0.016756,0.016246,82294417.000000,772204.000000,0.009383
973,765,63,0.016759,0.016245,82114198.000000,769480.000000,0.009371
974,766,63,0.016790,0.016211,82555415.000000,775516.000000,0.009394
975,767,63,0.016906,0.016318,83037382.000000,776511.000000,0.009351
976,768,63,0.016903,0.016322,82780828.000000,775962.000000,0.009374
977,768,63,0.016842,0.016380,82774175.000000,773617.000000,0.009346
978,768,62,0.016791,0.016343,82769275.000000,773090.000000,0.009340
979,769,62,0.017006,0.016471,83172388.000000,779470.000000,0.009372
980,770,62,0.017255,0.016715,83622340.000000,781506.000000,0.009346
981,771,62,0.016919,0.016450,83476946.000000,778599.000000,0.009327
982,772,62,0.016989,0.016487,83622227.000000,780584.000000,0.009335
983,773,62,0.017081,0.016539,84000540.000000,782499.000000,0.009315
984,774,62,0.017110,0.016663,84345787.000000,787511.000000,0.009337
985,775,62,0.017201,0.016858,84675780.000000,787529.000000,0.009301
986,776,61,0.017220,0.016794,84967679.000000,790781.000000,0.009307
987,777,61,0.017337,0.016995,85303665.000000,792616.000000,0.009292
988,777,61,0.017326,0.016880,85668859.000000,792875.000000,0.009255
989,777,61,0.017379,0.017042,85736380.000000,793248.000000,0.009252
990,777,61,0.017310,0.016918,85871127.000000,793361.000000,0.009239
991,778,61,0.017431,0.017088,86012534.000000,797184.000000,0.009268
992,779,61,0.017418,0.016996,86295699.000000,799084.000000,0.009260
993,780,60,0.017535,0.017094,86620290.000000,801352.000000,0.009251
994,781,60,0.017470,0.017089,86584974.000000,801659.000000,0.009259
995,782,60,0.017577,0.017101,86934136.000000,802876.000000,0.009235
996,783,60,0.017662,0.017221,87285009.000000,806663.000000,0.009242
997,783,60,0.017843,0.017370,87145297.000000,804715.000000,0.009234
998,784,60,0.017747,0.017179,87475304.000000,806623.000000,0.009221
999,785,60,0.017820,0.017253,87724080.000000,808346.000000,0.009215
1000,786,59,0.017819,0.017264,87826498.000000,808507.000000,0.009206
