frame,nb of entities,FPS,frame length,physics length,L1-dcache-loads,L1-dcache-load-misses,L1-dcache-load-miss-ratio
0,3,301,0.002053,0.000017,454097.000000,28303.000000,0.062328
1,4,301,0.003326,0.000019,473314.000000,31429.000000,0.066402
2,5,301,0.003325,0.000059,479402.000000,31921.000000,0.066585
3,6,301,0.003324,0.000024,478472.000000,32182.000000,0.067260
4,7,301,0.003330,0.000019,481296.000000,31609.000000,0.065675
5,8,301,0.003320,0.000065,432416.000000,28086.000000,0.064951
6,9,301,0.003334,0.000024,460557.000000,31022.000000,0.067358
7,10,301,0.003332,0.000024,464618.000000,31564.000000,0.067935
8,11,302,0.003326,0.000026,471551.000000,31479.000000,0.066756
9,12,302,0.003332,0.000046,480363.000000,36852.000000,0.076717
10,13,302,0.003328,0.000029,446622.000000,28231.000000,0.063210
11,14,302,0.003331,0.000026,502990.000000,32164.000000,0.063946
12,15,302,0.003324,0.000031,484685.000000,31373.000000,0.064729
13,16,302,0.003293,0.000027,499669.000000,31658.000000,0.063358
14,17,302,0.003332,0.000050,505029.000000,39849.000000,0.078904
15,18,302,0.003335,0.000032,461600.000000,28614.000000,0.061989
16,19,302,0.003383,0.000031,491668.000000,31264.000000,0.063588
17,20,302,0.003333,0.000031,494943.000000,31513.000000,0.063670
18,21,302,0.003331,0.000033,493984.000000,31060.000000,0.062877
19,21,301,0.003359,0.000051,506542.000000,37635.000000,0.074298
20,22,301,0.003345,0.000034,469158.000000,28595.000000,0.060950
21,23,301,0.003340,0.000034,528423.000000,32430.000000,0.061371
22,23,301,0.003337,0.000035,502604.000000,31000.000000,0.061679
23,24,301,0.003324,0.000040,610252.000000,31336.000000,0.051349
24,25,301,0.003331,0.000044,638757.000000,32472.000000,0.050836
25,26,301,0.003318,0.000080,601896.000000,33258.000000,0.055255
26,27,302,0.003316,0.000046,650614.000000,31907.000000,0.049041
27,28,302,0.003328,0.000037,648658.000000,32667.000000,0.050361
28,29,302,0.003320,0.000054,662684.000000,34809.000000,0.052527
29,30,302,0.003325,0.000040,563095.000000,32595.000000,0.057885
30,31,302,0.003340,0.000043,536977.000000,29383.000000,0.054719
31,31,302,0.003344,0.000041,556598.000000,31484.000000,0.056565
32,32,302,0.003332,0.000051,553320.000000,31965.000000,0.057769
33,33,302,0.003337,0.000046,566422.000000,32602.000000,0.057558
34,34,302,0.003328,0.000047,591657.000000,30541.000000,0.051619
35,34,302,0.003320,0.000055,673023.000000,31960.000000,0.047487
36,35,302,0.003322,0.000050,677430.000000,32321.000000,0.047711
37,36,302,0.003322,0.000054,696034.000000,33495.000000,0.048123
38,37,302,0.003323,0.000052,677667.000000,32082.000000,0.047342
39,38,302,0.003327,0.000058,670756.000000,30230.000000,0.045069
40,39,302,0.003321,0.000062,705640.000000,32505.000000,0.046065
41,40,302,0.003321,0.000055,704131.000000,32167.000000,0.045683
42,41,302,0.003326,0.000056,700473.000000,32234.000000,0.046017
43,42,302,0.003323,0.000056,703826.000000,32018.000000,0.045491
44,43,302,0.003328,0.000058,653074.000000,28735.000000,0.044000
45,44,302,0.003321,0.000066,739521.000000,33504.000000,0.045305
46,45,302,0.003322,0.000063,724365.000000,32522.000000,0.044897
47,46,302,0.003325,0.000062,744925.000000,33017.000000,0.044323
48,47,302,0.003329,0.000065,719490.000000,32872.000000,0.045688
49,48,302,0.003316,0.000091,712883.000000,33081.000000,0.046405
50,48,302,0.003328,0.000075,729576.000000,31937.000000,0.043775
51,48,302,0.003325,0.000074,737406.000000,32260.000000,0.043748
52,49,302,0.003318,0.000125,760131.000000,39668.000000,0.052186
53,49,302,0.003322,0.000068,763423.000000,32441.000000,0.042494
54,49,302,0.003330,0.000060,694179.000000,28939.000000,0.041688
55,50,302,0.003314,0.000107,758878.000000,35833.000000,0.047218
56,51,302,0.003323,0.000079,759356.000000,32427.000000,0.042703
57,52,302,0.003327,0.000078,763572.000000,34292.000000,0.044910
58,53,302,0.003322,0.000067,775441.000000,32698.000000,0.042167
59,54,302,0.003331,0.000075,743799.000000,29789.000000,0.040050
60,55,300,0.003316,0.000148,810511.000000,47121.000000,0.058137
61,55,300,0.003320,0.000086,802512.000000,32405.000000,0.040379
62,56,300,0.003330,0.000071,702136.000000,33898.000000,0.048278
63,57,300,0.003319,0.000127,842757.000000,46057.000000,0.054650
64,58,300,0.003321,0.000077,793660.000000,32498.000000,0.040947
65,59,300,0.003321,0.000143,852796.000000,50242.000000,0.058914
66,59,300,0.003322,0.000143,816890.000000,50899.000000,0.062308
67,60,300,0.003314,0.000124,891150.000000,43613.000000,0.048940
68,61,300,0.003326,0.000081,838735.000000,33678.000000,0.040153
69,62,300,0.003323,0.000099,828671.000000,33272.000000,0.040151
70,63,300,0.003325,0.000148,859497.000000,44119.000000,0.051331
71,63,300,0.003319,0.000101,820855.000000,32922.000000,0.040107
72,64,300,0.003320,0.000142,861016.000000,39885.000000,0.046323
73,65,300,0.003322,0.000104,866964.000000,34570.000000,0.039875
74,66,300,0.003321,0.000108,830017.000000,30371.000000,0.036591
75,67,300,0.003321,0.000107,895466.000000,34875.000000,0.038946
76,68,300,0.003330,0.000089,888302.000000,34815.000000,0.039193
77,69,300,0.003316,0.000110,896799.000000,34849.000000,0.038859
78,69,300,0.003328,0.000113,895640.000000,33944.000000,0.037899
79,70,300,0.003294,0.000129,895211.000000,36567.000000,0.040847
80,71,300,0.003319,0.000119,933494.000000,34449.000000,0.036903
81,72,300,0.003327,0.000095,932632.000000,35721.000000,0.038301
82,73,300,0.003320,0.000199,977870.000000,50023.000000,0.051155
83,74,300,0.003321,0.000125,937852.000000,34645.000000,0.036941
84,75,300,0.003328,0.000128,887103.000000,31846.000000,0.035899
85,76,300,0.003316,0.000118,958030.000000,39134.000000,0.040848
86,77,300,0.003316,0.000242,1006401.000000,51757.000000,0.051428
87,78,300,0.003322,0.000108,1003634.000000,35818.000000,0.035688
88,79,300,0.003321,0.000135,1002428.000000,35792.000000,0.035705
89,79,300,0.003320,0.000135,925375.000000,30733.000000,0.033211
90,80,300,0.003322,0.000135,972600.000000,34421.000000,0.035391
91,81,300,0.003324,0.000149,1011309.000000,36448.000000,0.036040
92,81,301,0.003319,0.000143,977841.000000,34647.000000,0.035432
93,81,301,0.003324,0.000138,964307.000000,34092.000000,0.035354
94,82,300,0.003364,0.000138,863490.000000,31852.000000,0.036888
95,83,300,0.003347,0.000142,944929.000000,35585.000000,0.037659
96,84,300,0.003342,0.000146,915978.000000,35149.000000,0.038373
97,85,300,0.003326,0.000204,1029112.000000,40476.000000,0.039331
98,86,300,0.003320,0.000229,1088325.000000,57404.000000,0.052745
99,86,300,0.003322,0.000224,1042196.000000,50860.000000,0.048801
100,87,300,0.003320,0.000219,1097164.000000,56154.000000,0.051181
101,88,300,0.003325,0.000125,1065335.000000,35985.000000,0.033778
102,88,300,0.003324,0.000158,1056326.000000,35292.000000,0.033410
103,89,300,0.003323,0.000227,1109469.000000,56681.000000,0.051088
104,89,300,0.003319,0.000233,1076828.000000,47257.000000,0.043885
105,90,300,0.003319,0.000169,1149879.000000,36350.000000,0.031612
106,91,300,0.003328,0.000140,1136193.000000,35960.000000,0.031650
107,91,300,0.003321,0.000258,1141733.000000,59177.000000,0.051831
108,92,300,0.003318,0.000174,1137154.000000,35861.000000,0.031536
109,93,300,0.003323,0.000145,1146450.000000,33636.000000,0.029339
110,94,300,0.003325,0.000165,1166153.000000,36628.000000,0.031409
111,94,300,0.003325,0.000163,1136298.000000,34894.000000,0.030708
112,94,300,0.003322,0.000184,1143511.000000,35653.000000,0.031179
113,94,300,0.003324,0.000181,1141453.000000,35756.000000,0.031325
114,95,300,0.003324,0.000163,1118797.000000,32328.000000,0.028895
115,96,300,0.003327,0.000167,1190296.000000,36353.000000,0.030541
116,97,300,0.003324,0.000170,1188916.000000,37292.000000,0.031366
117,98,300,0.003328,0.000151,1226037.000000,37377.000000,0.030486
118,98,300,0.003320,0.000293,1292499.000000,52338.000000,0.040494
119,99,300,0.003316,0.000247,1243413.000000,40366.000000,0.032464
120,100,300,0.003322,0.000187,1249834.000000,36295.000000,0.029040
121,101,300,0.003322,0.000205,1284228.000000,37265.000000,0.029017
122,102,300,0.003325,0.000236,1275198.000000,39761.000000,0.031180
123,103,300,0.003326,0.000190,1306248.000000,37836.000000,0.028965
124,103,300,0.003319,0.000307,1336518.000000,50190.000000,0.037553
125,104,300,0.003323,0.000179,1369429.000000,38993.000000,0.028474
126,105,300,0.003323,0.000210,1354185.000000,38183.000000,0.028196
127,106,300,0.003327,0.000209,1361711.000000,38278.000000,0.028110
128,107,300,0.003320,0.000251,1392600.000000,39602.000000,0.028437
129,108,300,0.003321,0.000219,1404384.000000,34641.000000,0.024666
130,109,300,0.003325,0.000229,1442200.000000,38074.000000,0.026400
131,109,300,0.003326,0.000235,1419943.000000,38253.000000,0.026940
132,110,300,0.003326,0.000230,1421797.000000,38201.000000,0.026868
133,111,300,0.003319,0.000258,1471645.000000,39113.000000,0.026578
134,112,300,0.003327,0.000244,1419736.000000,35774.000000,0.025198
135,112,300,0.003321,0.000259,1444803.000000,37493.000000,0.025950
136,113,300,0.003324,0.000236,1486968.000000,38680.000000,0.026013
137,114,300,0.003329,0.000252,1512441.000000,40408.000000,0.026717
138,115,300,0.003318,0.000284,1562773.000000,40235.000000,0.025746
139,116,300,0.003325,0.000258,1575501.000000,36528.000000,0.023185
140,117,300,0.003325,0.000272,1583196.000000,40267.000000,0.025434
141,117,300,0.003322,0.000263,1601901.000000,39307.000000,0.024538
142,118,300,0.003327,0.000275,1681824.000000,40226.000000,0.023918
143,119,300,0.003325,0.000305,1715999.000000,42322.000000,0.024663
144,120,300,0.003323,0.000289,1699235.000000,38157.000000,0.022455
145,121,300,0.003324,0.000293,1767586.000000,42082.000000,0.023808
146,122,300,0.003324,0.000311,1741465.000000,41934.000000,0.024080
147,123,300,0.003324,0.000299,1811078.000000,41782.000000,0.023070
148,124,300,0.003325,0.000279,1800603.000000,41541.000000,0.023071
149,125,300,0.003321,0.000360,1833746.000000,42926.000000,0.023409
150,126,300,0.003324,0.000318,1814933.000000,41177.000000,0.022688
151,126,300,0.003325,0.000351,1842208.000000,41562.000000,0.022561
152,127,300,0.003322,0.000418,1885527.000000,47089.000000,0.024974
153,127,300,0.003321,0.000379,1938589.000000,42799.000000,0.022077
154,128,300,0.003325,0.000336,1880219.000000,42317.000000,0.022506
155,129,300,0.003320,0.000328,1919647.000000,43954.000000,0.022897
156,130,300,0.003324,0.000370,1878533.000000,42589.000000,0.022671
157,130,300,0.003319,0.000405,1976483.000000,56516.000000,0.028594
158,131,300,0.003325,0.000335,1948771.000000,46795.000000,0.024013
159,132,300,0.003322,0.000401,1972706.000000,41432.000000,0.021003
160,133,300,0.003320,0.000431,2033560.000000,45827.000000,0.022535
161,134,300,0.003325,0.000330,2067602.000000,45435.000000,0.021975
162,135,300,0.003323,0.000426,2080686.000000,44231.000000,0.021258
163,136,300,0.003322,0.000609,2194527.000000,59678.000000,0.027194
164,136,300,0.003321,0.000389,2102467.000000,42400.000000,0.020167
165,137,300,0.003324,0.000439,2170094.000000,45326.000000,0.020887
166,138,300,0.003322,0.000448,2149156.000000,45710.000000,0.021269
167,139,300,0.003323,0.000486,2213050.000000,47863.000000,0.021628
168,140,300,0.003321,0.000462,2230449.000000,45149.000000,0.020242
169,141,300,0.003326,0.000410,2253778.000000,43909.000000,0.019482
170,141,300,0.003322,0.000413,2312424.000000,46357.000000,0.020047
171,142,300,0.003322,0.000415,2294909.000000,45406.000000,0.019786
172,143,300,0.003327,0.000422,2316754.000000,47373.000000,0.020448
173,144,300,0.003325,0.000458,2353010.000000,52025.000000,0.022110
174,144,300,0.003322,0.000422,2262077.000000,41440.000000,0.018319
175,145,300,0.003326,0.000430,2376640.000000,46450.000000,0.019544
176,146,300,0.003322,0.000439,2411562.000000,47882.000000,0.019855
177,147,300,0.003324,0.000438,2410722.000000,46254.000000,0.019187
178,148,300,0.003323,0.000602,2497011.000000,61283.000000,0.024543
179,149,300,0.003324,0.000511,2484773.000000,47545.000000,0.019135
180,149,300,0.003319,0.000475,2498884.000000,47252.000000,0.018909
181,150,300,0.003328,0.000595,2590265.000000,52261.000000,0.020176
182,151,300,0.003320,0.000504,2612868.000000,49482.000000,0.018938
183,152,300,0.003322,0.000508,2616855.000000,48836.000000,0.018662
184,153,300,0.003428,0.000630,2539362.000000,49386.000000,0.019448
185,154,300,0.003321,0.000590,2753339.000000,65078.000000,0.023636
186,154,300,0.003324,0.000480,2789246.000000,50388.000000,0.018065
187,154,300,0.003320,0.000737,2845461.000000,70868.000000,0.024906
188,155,300,0.003318,0.000522,2755610.000000,50548.000000,0.018344
189,155,300,0.003324,0.000584,2698705.000000,46401.000000,0.017194
190,156,300,0.003323,0.000510,2804038.000000,53012.000000,0.018906
191,156,300,0.003323,0.000550,2869229.000000,52497.000000,0.018297
192,157,300,0.003323,0.000594,2818460.000000,50435.000000,0.017895
193,158,300,0.003322,0.000608,2845352.000000,51380.000000,0.018058
194,159,300,0.003325,0.000509,2856442.000000,49177.000000,0.017216
195,159,300,0.003323,0.000623,2931666.000000,51457.000000,0.017552
196,160,300,0.003318,0.000653,2980535.000000,54501.000000,0.018286
197,161,300,0.003322,0.000572,2950276.000000,52334.000000,0.017739
198,162,300,0.003327,0.000622,2868102.000000,50702.000000,0.017678
199,163,300,0.003320,0.000531,2974370.000000,52243.000000,0.017564
200,164,300,0.003324,0.000539,3078256.000000,53436.000000,0.017359
201,165,300,0.003326,0.000654,3086873.000000,53264.000000,0.017255
202,166,300,0.003316,0.000676,3106589.000000,54516.000000,0.017549
203,167,300,0.003323,0.000729,3163004.000000,54817.000000,0.017331
204,167,300,0.003356,0.001238,3363241.000000,92587.000000,0.027529
205,168,300,0.003293,0.000585,3249175.000000,56451.000000,0.017374
206,169,300,0.003322,0.000646,3260004.000000,55108.000000,0.016904
207,169,300,0.003325,0.000710,3276050.000000,55193.000000,0.016847
208,169,300,0.003316,0.000748,3302543.000000,56021.000000,0.016963
209,170,300,0.003324,0.000714,3391928.000000,60256.000000,0.017765
210,171,300,0.003330,0.000774,3484314.000000,59447.000000,0.017061
211,171,300,0.003317,0.000771,3484325.000000,60185.000000,0.017273
212,172,300,0.003323,0.000701,3446999.000000,57478.000000,0.016675
213,172,300,0.003327,0.000801,3513511.000000,58798.000000,0.016735
214,173,300,0.003313,0.000847,3558260.000000,58965.000000,0.016571
215,173,300,0.003326,0.000629,3553933.000000,57601.000000,0.016208
216,173,300,0.003327,0.000781,3481350.000000,56285.000000,0.016168
217,174,300,0.003315,0.000778,3577821.000000,58550.000000,0.016365
218,175,300,0.003325,0.000637,3578784.000000,58133.000000,0.016244
219,176,300,0.003325,0.000803,3612320.000000,54407.000000,0.015062
220,177,300,0.003322,0.000665,3756685.000000,59298.000000,0.015785
221,177,300,0.003322,0.000755,3760886.000000,57203.000000,0.015210
222,178,300,0.003327,0.000829,3736886.000000,59646.000000,0.015961
223,179,300,0.003317,0.000843,3803682.000000,62869.000000,0.016528
224,180,300,0.003328,0.000783,3819070.000000,59542.000000,0.015591
225,180,300,0.003318,0.000791,3940649.000000,67302.000000,0.017079
226,181,300,0.003315,0.000851,3783170.000000,61747.000000,0.016321
227,182,300,0.003324,0.000807,3884451.000000,64049.000000,0.016489
228,183,300,0.003331,0.000883,3892387.000000,62636.000000,0.016092
229,183,300,0.003310,0.000877,3883094.000000,58547.000000,0.015077
230,184,300,0.003323,0.001352,4207516.000000,106926.000000,0.025413
231,185,300,0.003329,0.000857,4016107.000000,63337.000000,0.015771
232,185,300,0.003317,0.000900,4070615.000000,63150.000000,0.015514
233,185,300,0.003323,0.000863,4043573.000000,62965.000000,0.015572
234,186,300,0.003328,0.000926,4008898.000000,60137.000000,0.015001
235,187,300,0.003318,0.001433,4364849.000000,100358.000000,0.022992
236,187,300,0.003324,0.000768,4253053.000000,64588.000000,0.015186
237,188,300,0.003329,0.000974,4266281.000000,64814.000000,0.015192
238,189,300,0.003315,0.001000,4378161.000000,69047.000000,0.015771
239,190,300,0.003323,0.001004,4375650.000000,69648.000000,0.015917
240,191,300,0.003329,0.001389,4607307.000000,109723.000000,0.023815
241,192,300,0.003316,0.001033,4499717.000000,70619.000000,0.015694
242,193,300,0.003324,0.000950,4569090.000000,69158.000000,0.015136
243,194,300,0.003321,0.000887,4474780.000000,68560.000000,0.015321
244,195,300,0.003324,0.001067,4576858.000000,68093.000000,0.014878
245,195,300,0.003322,0.000973,4626560.000000,68471.000000,0.014800
246,196,300,0.003329,0.000892,4673929.000000,71310.000000,0.015257
247,197,300,0.003316,0.001087,4770080.000000,72172.000000,0.015130
248,198,300,0.003324,0.000991,4681345.000000,69304.000000,0.014804
249,198,300,0.003326,0.000929,4633549.000000,65689.000000,0.014177
250,199,300,0.003320,0.001065,4667956.000000,69091.000000,0.014801
251,199,300,0.003324,0.000992,4663792.000000,68698.000000,0.014730
252,200,300,0.003330,0.000930,4678687.000000,69442.000000,0.014842
253,200,300,0.003314,0.001061,4750520.000000,69820.000000,0.014697
254,201,300,0.003325,0.001017,4754763.000000,67724.000000,0.014243
255,202,300,0.003327,0.000974,4959425.000000,73795.000000,0.014880
256,203,300,0.003313,0.001025,4942748.000000,76621.000000,0.015502
257,203,300,0.003321,0.001098,4903485.000000,73651.000000,0.015020
258,204,300,0.003326,0.000998,4902803.000000,72732.000000,0.014835
259,204,300,0.003321,0.001113,4825088.000000,67437.000000,0.013976
260,205,300,0.003329,0.001043,4877622.000000,71575.000000,0.014674
261,206,300,0.003317,0.001104,5059157.000000,79987.000000,0.015810
262,207,300,0.003322,0.001137,4940954.000000,72882.000000,0.014751
263,208,300,0.003321,0.001120,5091381.000000,76913.000000,0.015107
264,209,301,0.003326,0.001024,5015981.000000,71129.000000,0.014180
265,210,300,0.003321,0.001184,5161557.000000,77470.000000,0.015009
266,211,300,0.003323,0.001111,5194584.000000,75736.000000,0.014580
267,211,300,0.003326,0.001038,5230306.000000,74555.000000,0.014254
268,212,300,0.003320,0.001304,5290373.000000,79259.000000,0.014982
269,212,300,0.003322,0.001202,5229776.000000,76361.000000,0.014601
270,213,300,0.003323,0.001069,5250168.000000,75000.000000,0.014285
271,214,300,0.003327,0.001273,5380316.000000,78418.000000,0.014575
272,214,300,0.003322,0.001168,5413032.000000,77170.000000,0.014256
273,215,300,0.003329,0.001109,5485948.000000,77146.000000,0.014062
274,216,300,0.003316,0.001341,5523994.000000,77129.000000,0.013963
275,217,300,0.003324,0.001217,5636185.000000,81231.000000,0.014412
276,218,300,0.003324,0.001140,5689506.000000,79809.000000,0.014027
277,219,300,0.003323,0.001272,5707386.000000,80374.000000,0.014082
278,219,300,0.003324,0.001249,5781149.000000,80737.000000,0.013966
279,220,300,0.003325,0.001182,5748151.000000,77880.000000,0.013549
280,220,300,0.003325,0.001321,5755284.000000,80139.000000,0.013924
281,221,300,0.003319,0.001692,6086603.000000,114444.000000,0.018803
282,222,300,0.003329,0.001172,6005272.000000,84415.000000,0.014057
283,223,300,0.003319,0.001348,6037773.000000,82121.000000,0.013601
284,224,300,0.003324,0.001304,5957742.000000,80084.000000,0.013442
285,225,300,0.003323,0.001232,6134253.000000,83661.000000,0.013638
286,226,300,0.003323,0.001178,6170865.000000,85343.000000,0.013830
287,227,300,0.003324,0.001340,6232382.000000,85770.000000,0.013762
288,227,300,0.003322,0.001283,6288620.000000,83717.000000,0.013312
289,227,300,0.003325,0.001238,6572334.000000,105460.000000,0.016046
290,228,300,0.003323,0.001357,6346673.000000,85729.000000,0.013508
291,229,300,0.003327,0.001334,6473473.000000,87700.000000,0.013548
292,230,300,0.003322,0.001190,6449089.000000,86473.000000,0.013409
293,231,300,0.003323,0.001409,6519078.000000,87834.000000,0.013473
294,232,300,0.003324,0.001347,6531981.000000,85009.000000,0.013014
295,233,300,0.003323,0.001237,6607424.000000,87787.000000,0.013286
296,234,300,0.003323,0.001440,6629105.000000,92232.000000,0.013913
297,235,300,0.003326,0.001267,6735445.000000,90706.000000,0.013467
298,235,300,0.003322,0.001560,6738672.000000,92411.000000,0.013714
299,236,300,0.003324,0.001525,6804796.000000,92233.000000,0.013554
300,237,300,0.003322,0.001413,6926054.000000,92489.000000,0.013354
301,237,300,0.003324,0.001309,6858448.000000,92266.000000,0.013453
302,238,300,0.003326,0.001304,6928141.000000,93162.000000,0.013447
303,239,300,0.003322,0.002094,7382711.000000,119582.000000,0.016198
304,240,300,0.003319,0.001339,7129343.000000,91199.000000,0.012792
305,241,300,0.003327,0.001558,7189997.000000,94547.000000,0.013150
306,242,300,0.003328,0.001481,7132188.000000,93280.000000,0.013079
307,242,300,0.003321,0.001357,7195355.000000,93754.000000,0.013030
308,242,300,0.003320,0.001390,7191712.000000,98073.000000,0.013637
309,243,300,0.003322,0.001504,7251870.000000,91193.000000,0.012575
310,244,300,0.003323,0.001387,7267626.000000,94085.000000,0.012946
311,245,300,0.003328,0.001596,7299970.000000,95046.000000,0.013020
312,246,300,0.003331,0.001598,7337147.000000,98817.000000,0.013468
313,247,300,0.003314,0.001536,7444076.000000,102140.000000,0.013721
314,248,300,0.003327,0.001622,7352035.000000,94514.000000,0.012855
315,249,300,0.003327,0.001544,7480670.000000,97698.000000,0.013060
316,250,300,0.003318,0.001514,7708347.000000,102612.000000,0.013312
317,251,300,0.003326,0.001678,7700182.000000,102292.000000,0.013284
318,251,300,0.003325,0.001622,7808230.000000,101630.000000,0.013016
319,252,300,0.003321,0.001516,7825652.000000,100293.000000,0.012816
320,253,300,0.003325,0.001719,7906846.000000,101667.000000,0.012858
321,254,300,0.003325,0.001658,7964533.000000,102684.000000,0.012893
322,254,300,0.003322,0.001556,8191601.000000,106055.000000,0.012947
323,254,300,0.003324,0.001798,8311987.000000,105385.000000,0.012679
324,255,300,0.003328,0.001540,8017425.000000,98699.000000,0.012311
325,256,300,0.003321,0.001594,8114091.000000,106979.000000,0.013184
326,257,300,0.003327,0.001768,8247876.000000,105598.000000,0.012803
327,258,300,0.003331,0.001724,8307845.000000,105832.000000,0.012739
328,259,300,0.003315,0.001622,8408204.000000,110524.000000,0.013145
329,260,300,0.003327,0.001868,8336351.000000,109823.000000,0.013174
330,261,300,0.003332,0.001612,8394181.000000,106277.000000,0.012661
331,262,300,0.003315,0.001628,8499347.000000,109511.000000,0.012885
332,263,300,0.003328,0.001840,8633387.000000,109028.000000,0.012629
333,264,300,0.003330,0.001647,8687419.000000,108576.000000,0.012498
334,265,300,0.003315,0.001691,8648220.000000,107341.000000,0.012412
335,265,300,0.003329,0.001877,8752523.000000,110809.000000,0.012660
336,266,300,0.003330,0.001706,8904217.000000,111335.000000,0.012504
337,267,300,0.003317,0.001687,8782142.000000,111697.000000,0.012719
338,268,300,0.003332,0.001890,8825704.000000,112042.000000,0.012695
339,269,300,0.003330,0.001708,8845432.000000,108138.000000,0.012225
340,270,300,0.003315,0.001704,8822623.000000,112789.000000,0.012784
341,271,300,0.003329,0.001911,8937507.000000,111739.000000,0.012502
342,272,300,0.003334,0.001749,9037710.000000,114436.000000,0.012662
343,272,300,0.003318,0.001743,8966201.000000,112599.000000,0.012558
344,273,300,0.003331,0.001932,9061658.000000,109346.000000,0.012067
345,273,300,0.003328,0.001753,9154687.000000,113213.000000,0.012367
346,274,300,0.003326,0.001803,9275135.000000,115868.000000,0.012492
347,275,300,0.003330,0.001945,9130169.000000,113520.000000,0.012434
348,276,300,0.003334,0.001757,9250131.000000,113895.000000,0.012313
349,277,300,0.003317,0.001795,9263850.000000,111871.000000,0.012076
350,278,300,0.003335,0.002011,9361096.000000,115358.000000,0.012323
351,279,300,0.003339,0.001811,9472032.000000,115290.000000,0.012172
352,280,300,0.003322,0.001873,9589468.000000,119218.000000,0.012432
353,281,300,0.003336,0.002022,9540180.000000,117306.000000,0.012296
354,282,300,0.003328,0.001854,9759769.000000,114624.000000,0.011745
355,283,300,0.003346,0.002161,10088051.000000,125588.000000,0.012449
356,284,300,0.003332,0.001939,10052827.000000,122398.000000,0.012175
357,285,300,0.003330,0.001934,9990151.000000,119732.000000,0.011985
358,286,300,0.003351,0.002279,10204985.000000,129616.000000,0.012701
359,287,300,0.003334,0.002004,10040521.000000,120875.000000,0.012039
360,288,300,0.003333,0.001947,10186399.000000,121262.000000,0.011904
361,289,300,0.003349,0.002207,10420476.000000,128321.000000,0.012314
362,290,300,0.003335,0.001989,10274884.000000,123072.000000,0.011978
363,290,300,0.003332,0.001984,10215929.000000,122651.000000,0.012006
364,291,300,0.003325,0.002216,10474790.000000,126962.000000,0.012121
365,292,300,0.003336,0.002020,10436603.000000,126429.000000,0.012114
366,293,300,0.003339,0.002018,10547131.000000,128166.000000,0.012152
367,294,300,0.003347,0.002261,10802187.000000,135081.000000,0.012505
368,295,300,0.003338,0.002092,10711120.000000,131131.000000,0.012243
369,296,300,0.003339,0.002080,10764179.000000,128916.000000,0.011976
370,296,300,0.003344,0.002158,10926996.000000,133981.000000,0.012261
371,297,300,0.003341,0.002152,10975889.000000,134018.000000,0.012210
372,298,300,0.003340,0.002117,10930645.000000,132100.000000,0.012085
373,298,300,0.003344,0.002196,10960298.000000,134011.000000,0.012227
374,299,300,0.003340,0.002143,10909106.000000,131107.000000,0.012018
375,300,300,0.003342,0.002112,11059778.000000,133881.000000,0.012105
376,301,300,0.003345,0.002171,11040463.000000,136474.000000,0.012361
377,301,300,0.003342,0.002176,11086319.000000,135271.000000,0.012202
378,302,300,0.003355,0.002161,11258092.000000,138126.000000,0.012269
379,303,300,0.003344,0.002255,11308262.000000,138775.000000,0.012272
380,304,300,0.003344,0.002179,11386051.000000,139394.000000,0.012243
381,305,300,0.003358,0.002169,11389784.000000,139012.000000,0.012205
382,306,299,0.003346,0.002340,11896278.000000,146518.000000,0.012316
383,307,299,0.003355,0.002273,11811423.000000,145800.000000,0.012344
384,308,299,0.003356,0.002300,11990125.000000,146272.000000,0.012199
385,309,299,0.003352,0.002390,12101476.000000,150365.000000,0.012425
386,309,299,0.003350,0.002322,12040626.000000,147366.000000,0.012239
387,310,299,0.003368,0.002363,12214449.000000,149504.000000,0.012240
388,311,299,0.003346,0.002395,12398417.000000,152521.000000,0.012302
389,312,299,0.003359,0.002506,12471026.000000,152142.000000,0.012200
390,313,299,0.003362,0.002435,12520552.000000,152717.000000,0.012197
391,314,299,0.003356,0.002423,12588720.000000,153145.000000,0.012165
392,314,299,0.003345,0.002443,12659084.000000,154808.000000,0.012229
393,314,299,0.003360,0.002457,12593379.000000,153145.000000,0.012161
394,315,299,0.003355,0.002459,12652917.000000,150744.000000,0.011914
395,316,299,0.003359,0.002461,12840324.000000,155264.000000,0.012092
396,317,299,0.003365,0.002529,13098283.000000,161480.000000,0.012328
397,317,299,0.003357,0.002537,13017245.000000,160319.000000,0.012316
398,318,299,0.003362,0.002532,13024671.000000,159986.000000,0.012283
399,318,299,0.003370,0.002555,13049090.000000,159374.000000,0.012213
400,319,299,0.003365,0.002618,13334185.000000,167141.000000,0.012535
401,320,299,0.003364,0.002560,13340052.000000,167491.000000,0.012555
402,320,299,0.003364,0.002598,13392165.000000,166827.000000,0.012457
403,321,298,0.003376,0.002741,13500612.000000,170064.000000,0.012597
404,321,298,0.003365,0.002623,13426788.000000,163928.000000,0.012209
405,322,298,0.003368,0.002675,13610292.000000,171811.000000,0.012624
406,323,298,0.003366,0.002649,13569169.000000,167227.000000,0.012324
407,324,298,0.003368,0.002636,13708009.000000,169996.000000,0.012401
408,325,298,0.003374,0.002733,13881081.000000,174464.000000,0.012568
409,326,298,0.003364,0.002667,13823986.000000,168428.000000,0.012184
410,327,298,0.003367,0.002689,13831065.000000,173777.000000,0.012564
411,328,298,0.003373,0.002736,13994909.000000,175955.000000,0.012573
412,329,298,0.003370,0.002731,14017363.000000,173623.000000,0.012386
413,329,298,0.003371,0.002721,13990052.000000,173800.000000,0.012423
414,330,298,0.003377,0.002775,14108340.000000,171576.000000,0.012161
415,331,298,0.003372,0.002742,14260952.000000,178161.000000,0.012493
416,332,298,0.003362,0.002771,14186238.000000,175653.000000,0.012382
417,332,298,0.003378,0.002835,14356013.000000,179726.000000,0.012519
418,333,298,0.003383,0.002824,14434279.000000,181011.000000,0.012540
419,334,298,0.003377,0.002839,14372127.000000,176044.000000,0.012249
420,335,297,0.003378,0.002863,14648345.000000,181938.000000,0.012420
421,336,297,0.003383,0.002937,14792248.000000,181187.000000,0.012249
422,337,297,0.003382,0.002937,14791647.000000,183699.000000,0.012419
423,338,296,0.004437,0.004075,15411486.000000,228729.000000,0.014841
424,339,296,0.003367,0.003056,14813608.000000,180644.000000,0.012194
425,339,296,0.003381,0.002891,14832733.000000,184302.000000,0.012425
426,340,296,0.003381,0.002929,14873933.000000,183264.000000,0.012321
427,341,295,0.003381,0.002893,14940073.000000,184753.000000,0.012366
428,342,295,0.003381,0.002942,15000221.000000,180709.000000,0.012047
429,343,295,0.003345,0.002974,15193867.000000,185436.000000,0.012205
430,344,295,0.003419,0.003088,15260016.000000,185964.000000,0.012186
431,345,295,0.003386,0.002984,15312805.000000,186406.000000,0.012173
432,346,295,0.003388,0.003036,15523007.000000,188471.000000,0.012141
433,347,295,0.003356,0.003061,15471702.000000,185491.000000,0.011989
434,348,295,0.003643,0.003236,15689829.000000,194457.000000,0.012394
435,349,295,0.003346,0.003039,15662020.000000,188539.000000,0.012038
436,350,295,0.003378,0.003059,15809197.000000,187944.000000,0.011888
437,351,295,0.003427,0.003086,15975720.000000,189255.000000,0.011846
438,351,294,0.003382,0.003108,15934475.000000,184057.000000,0.011551
439,352,294,0.003456,0.003110,16166797.000000,191656.000000,0.011855
440,352,294,0.003461,0.003173,16262643.000000,190575.000000,0.011719
441,353,294,0.003514,0.003170,16472970.000000,194382.000000,0.011800
442,354,294,0.003498,0.003209,16469016.000000,194010.000000,0.011780
443,355,293,0.003527,0.003212,16576426.000000,191907.000000,0.011577
444,356,293,0.003537,0.003227,16645175.000000,196239.000000,0.011790
445,357,293,0.003577,0.003244,16812025.000000,196962.000000,0.011716
446,358,292,0.003703,0.003345,17014548.000000,199895.000000,0.011748
447,358,292,0.003675,0.003352,16995057.000000,197527.000000,0.011623
448,359,290,0.004603,0.004178,17538405.000000,226240.000000,0.012900
449,360,288,0.005029,0.004634,17925141.000000,241937.000000,0.013497
450,361,287,0.003989,0.003665,17461092.000000,206075.000000,0.011802
451,362,286,0.003744,0.003396,17446279.000000,200996.000000,0.011521
452,363,286,0.003695,0.003383,17391102.000000,200111.000000,0.011507
453,364,285,0.003737,0.003394,17543200.000000,201821.000000,0.011504
454,365,285,0.003702,0.003410,17487220.000000,201942.000000,0.011548
455,365,284,0.003714,0.003401,17572858.000000,202045.000000,0.011498
456,366,284,0.003701,0.003420,17547373.000000,198241.000000,0.011297
457,367,283,0.003820,0.003495,17714902.000000,204700.000000,0.011555
458,368,283,0.003799,0.003471,17843148.000000,205933.000000,0.011541
459,369,282,0.003790,0.003467,17904982.000000,205542.000000,0.011480
460,370,282,0.003803,0.003512,17967245.000000,203690.000000,0.011337
461,371,281,0.003836,0.003504,18085593.000000,207705.000000,0.011485
462,372,280,0.003826,0.003524,18103493.000000,207880.000000,0.011483
463,372,280,0.003844,0.003543,18158104.000000,206960.000000,0.011398
464,373,279,0.003868,0.003553,18298273.000000,210648.000000,0.011512
465,374,279,0.003854,0.003532,18210028.000000,205395.000000,0.011279
466,374,278,0.003910,0.003576,18442520.000000,211733.000000,0.011481
467,375,277,0.003879,0.003556,18276692.000000,211376.000000,0.011565
468,375,276,0.003900,0.003562,18469267.000000,212333.000000,0.011497
469,376,276,0.003907,0.003581,18522570.000000,209574.000000,0.011315
470,377,275,0.004008,0.003660,18897899.000000,219933.000000,0.011638
471,378,274,0.003970,0.003656,18802765.000000,218809.000000,0.011637
472,379,273,0.004094,0.003781,19020636.000000,221236.000000,0.011631
473,379,272,0.004068,0.003772,18953575.000000,218834.000000,0.011546
474,380,272,0.004063,0.003701,19150138.000000,222306.000000,0.011609
475,381,271,0.004191,0.003855,19260982.000000,225765.000000,0.011721
476,382,270,0.004153,0.003791,19293588.000000,226235.000000,0.011726
477,382,269,0.004017,0.003735,19117561.000000,220058.000000,0.011511
478,383,268,0.004052,0.003746,19172010.000000,223364.000000,0.011651
479,384,267,0.004099,0.003759,19293986.000000,225195.000000,0.011672
480,385,266,0.004087,0.003756,19371730.000000,225952.000000,0.011664
481,385,266,0.004055,0.003773,19336244.000000,221067.000000,0.011433
482,385,265,0.004061,0.003759,19353336.000000,223575.000000,0.011552
483,386,265,0.004109,0.003767,19513676.000000,225792.000000,0.011571
484,387,264,0.004106,0.003795,19483162.000000,226955.000000,0.011649
485,388,263,0.004152,0.003828,19594841.000000,225195.000000,0.011493
486,389,262,0.004226,0.003853,19798580.000000,230816.000000,0.011658
487,390,261,0.004153,0.003840,19756908.000000,229174.000000,0.011600
488,391,261,0.004200,0.003841,19888761.000000,231297.000000,0.011630
489,392,260,0.004196,0.003851,19966953.000000,225359.000000,0.011287
490,393,259,0.004176,0.003878,19917455.000000,230439.000000,0.011570
491,394,258,0.004225,0.003877,20095733.000000,230917.000000,0.011491
492,395,257,0.004275,0.003930,20211571.000000,231968.000000,0.011477
493,396,256,0.004273,0.003929,20273177.000000,229814.000000,0.011336
494,396,255,0.004237,0.003941,20225940.000000,232214.000000,0.011481
495,397,254,0.004287,0.003943,20410226.000000,233850.000000,0.011457
496,398,253,0.004407,0.004048,20570817.000000,235855.000000,0.011466
497,399,252,0.004350,0.004028,20567744.000000,231961.000000,0.011278
498,400,251,0.004330,0.004029,20588035.000000,234971.000000,0.011413
499,401,250,0.004370,0.004023,20749810.000000,235948.000000,0.011371
500,402,249,0.004400,0.004059,20977898.000000,237500.000000,0.011321
501,403,248,0.004366,0.004050,20746352.000000,232277.000000,0.011196
502,404,247,0.004422,0.004055,21022201.000000,238592.000000,0.011350
503,405,246,0.004436,0.004109,21104275.000000,239752.000000,0.011360
504,406,245,0.004432,0.004135,21135412.000000,239817.000000,0.011347
505,407,245,0.004450,0.004118,21250141.000000,237583.000000,0.011180
506,407,244,0.004518,0.004178,21520661.000000,240787.000000,0.011189
507,408,243,0.004565,0.004215,21744806.000000,243253.000000,0.011187
508,409,243,0.004544,0.004211,21734077.000000,241778.000000,0.011124
509,410,243,0.004601,0.004278,21898465.000000,246772.000000,0.011269
510,411,243,0.004585,0.004280,21930874.000000,247192.000000,0.011271
511,412,242,0.004627,0.004277,22065686.000000,250700.000000,0.011362
512,412,241,0.004592,0.004313,21985302.000000,244101.000000,0.011103
513,412,240,0.004609,0.004302,22099927.000000,249421.000000,0.011286
514,413,239,0.004624,0.004320,22159734.000000,250244.000000,0.011293
515,414,238,0.004662,0.004316,22330338.000000,252000.000000,0.011285
516,414,237,0.004690,0.004396,22457299.000000,251655.000000,0.011206
517,415,237,0.004756,0.004381,22728601.000000,255982.000000,0.011263
518,415,236,0.004828,0.004477,22888859.000000,259465.000000,0.011336
519,415,235,0.004843,0.004523,22944573.000000,254739.000000,0.011102
520,416,234,0.004744,0.004429,22747492.000000,259186.000000,0.011394
521,417,233,0.004793,0.004442,22933638.000000,261606.000000,0.011407
522,418,232,0.004788,0.004484,22978802.000000,261076.000000,0.011362
523,419,231,0.004841,0.004487,23163475.000000,259743.000000,0.011213
524,420,230,0.004914,0.004538,23438935.000000,265174.000000,0.011313
525,421,229,0.004872,0.004500,23332953.000000,263660.000000,0.011300
526,422,228,0.004865,0.004545,23388431.000000,261804.000000,0.011194
527,423,228,0.004951,0.004592,23767686.000000,268389.000000,0.011292
528,424,226,0.005155,0.004827,23736294.000000,270589.000000,0.011400
529,424,225,0.005125,0.004772,23836793.000000,266826.000000,0.011194
530,425,225,0.005081,0.004697,24091921.000000,271120.000000,0.011254
531,425,223,0.005641,0.005303,24494870.000000,278917.000000,0.011387
532,426,222,0.005108,0.004740,24167587.000000,272294.000000,0.011267
533,427,221,0.005090,0.004712,24248784.000000,270757.000000,0.011166
534,428,220,0.005449,0.005091,24438412.000000,277370.000000,0.011350
535,428,220,0.005123,0.004772,24572818.000000,277281.000000,0.011284
536,429,219,0.005055,0.004759,24388594.000000,273050.000000,0.011196
537,430,218,0.005130,0.004756,24628443.000000,277440.000000,0.011265
538,431,217,0.005245,0.004884,24714663.000000,280922.000000,0.011367
539,432,216,0.005213,0.004870,24778806.000000,277445.000000,0.011197
540,433,215,0.005259,0.004890,25058638.000000,281757.000000,0.011244
541,434,214,0.005260,0.004907,25197925.000000,284289.000000,0.011282
542,435,213,0.005298,0.004953,25307613.000000,284849.000000,0.011255
543,436,212,0.005265,0.004918,25184728.000000,286789.000000,0.011387
544,437,212,0.005271,0.004957,25288009.000000,288181.000000,0.011396
545,438,211,0.005325,0.004973,25424082.000000,285493.000000,0.011229
546,438,210,0.005385,0.005066,25832681.000000,288346.000000,0.011162
547,438,209,0.005393,0.005063,25659081.000000,288204.000000,0.011232
548,439,208,0.005350,0.005025,25699406.000000,285582.000000,0.011112
549,440,207,0.005375,0.005022,25902897.000000,289279.000000,0.011168
550,440,206,0.005383,0.005072,25995450.000000,290380.000000,0.011170
551,441,206,0.005429,0.005058,26182704.000000,292392.000000,0.011167
552,442,205,0.005617,0.005150,26659083.000000,304226.000000,0.011412
553,443,204,0.005497,0.005155,26661517.000000,295795.000000,0.011094
554,444,203,0.005522,0.005188,26702579.000000,296184.000000,0.011092
555,445,202,0.005556,0.005213,26906413.000000,295904.000000,0.010998
556,446,201,0.005754,0.005425,27106268.000000,304732.000000,0.011242
557,447,200,0.005977,0.005584,27317857.000000,305847.000000,0.011196
558,447,199,0.005595,0.005294,27104241.000000,296506.000000,0.010939
559,448,198,0.005786,0.005412,27392852.000000,304349.000000,0.011111
560,448,197,0.005658,0.005365,27222593.000000,298239.000000,0.010956
561,448,196,0.005671,0.005345,27249928.000000,300554.000000,0.011030
562,448,196,0.005745,0.005426,27313990.000000,302684.000000,0.011082
563,449,195,0.005660,0.005303,27434728.000000,298548.000000,0.010882
564,450,194,0.005778,0.005398,27784536.000000,307151.000000,0.011055
565,451,193,0.005903,0.005516,27964864.000000,310651.000000,0.011109
566,452,192,0.005722,0.005419,27747262.000000,303994.000000,0.010956
567,453,192,0.005818,0.005423,28029307.000000,309779.000000,0.011052
568,454,191,0.005865,0.005549,27984644.000000,313696.000000,0.011210
569,455,190,0.005785,0.005429,28104041.000000,309078.000000,0.010998
570,456,189,0.005768,0.005457,28050265.000000,310984.000000,0.011087
571,457,189,0.005947,0.005555,28355107.000000,314645.000000,0.011097
572,458,188,0.005870,0.005540,28424975.000000,310414.000000,0.010920
573,459,187,0.005888,0.005537,28602505.000000,314206.000000,0.010985
574,460,186,0.006199,0.005796,28939749.000000,321034.000000,0.011093
575,461,185,0.005918,0.005579,28804946.000000,314803.000000,0.010929
576,462,184,0.006341,0.005619,28836289.000000,318616.000000,0.011049
577,463,184,0.006099,0.005752,29027681.000000,319528.000000,0.011008
578,463,183,0.005990,0.005671,28969917.000000,321586.000000,0.011101
579,464,182,0.006555,0.006171,29356777.000000,337914.000000,0.011511
580,464,181,0.006110,0.005728,29116614.000000,322068.000000,0.011061
581,464,180,0.006279,0.005941,29177343.000000,331432.000000,0.011359
582,465,180,0.006100,0.005771,29143909.000000,328077.000000,0.011257
583,466,179,0.006202,0.005819,29383553.000000,327831.000000,0.011157
584,466,178,0.006129,0.005754,29745083.000000,328471.000000,0.011043
585,467,178,0.006307,0.005903,29890980.000000,331883.000000,0.011103
586,468,177,0.006628,0.005974,30115453.000000,330149.000000,0.010963
587,469,176,0.006530,0.005838,30110127.000000,332299.000000,0.011036
588,470,175,0.006528,0.005935,30170018.000000,333807.000000,0.011064
589,470,174,0.006472,0.005876,30163744.000000,335911.000000,0.011136
590,470,174,0.006889,0.006240,30420549.000000,338534.000000,0.011128
591,471,173,0.006638,0.005995,30631956.000000,336334.000000,0.010980
592,471,172,0.006611,0.005981,30468199.000000,338001.000000,0.011094
593,472,172,0.006617,0.005998,30574056.000000,335338.000000,0.010968
594,473,171,0.006611,0.006002,30595158.000000,338824.000000,0.011074
595,474,170,0.006603,0.005963,30762542.000000,340568.000000,0.011071
596,475,169,0.006634,0.006051,30820959.000000,334830.000000,0.010864
597,476,169,0.006716,0.006058,31084658.000000,341772.000000,0.010995
598,477,168,0.006709,0.006090,31271539.000000,341008.000000,0.010905
599,477,167,0.006767,0.006156,31461220.000000,342777.000000,0.010895
600,478,167,0.006811,0.006172,31575793.000000,344714.000000,0.010917
601,478,166,0.006771,0.006172,31605452.000000,343583.000000,0.010871
602,479,165,0.006871,0.006240,31794312.000000,345005.000000,0.010851
603,479,164,0.006795,0.006214,31502531.000000,344050.000000,0.010921
604,480,164,0.006724,0.006334,31755789.000000,350829.000000,0.011048
605,481,163,0.006691,0.006251,31966914.000000,346221.000000,0.010831
606,482,163,0.006670,0.006345,31869475.000000,342196.000000,0.010737
607,483,162,0.006759,0.006341,32142012.000000,349965.000000,0.010888
608,484,161,0.006625,0.006291,31928229.000000,342641.000000,0.010732
609,485,161,0.006708,0.006321,32236734.000000,349108.000000,0.010830
610,486,160,0.006761,0.006366,32372971.000000,352288.000000,0.010882
611,487,160,0.006747,0.006388,32699829.000000,349804.000000,0.010697
612,488,159,0.006892,0.006523,32988267.000000,356064.000000,0.010794
613,489,159,0.006864,0.006496,32862142.000000,353698.000000,0.010763
614,490,158,0.006880,0.006465,33316727.000000,356173.000000,0.010691
615,491,157,0.007053,0.006655,33411999.000000,353745.000000,0.010587
616,492,157,0.007022,0.006607,33519763.000000,358632.000000,0.010699
617,493,156,0.006972,0.006598,33577823.000000,361563.000000,0.010768
618,494,156,0.006966,0.006645,33660172.000000,358487.000000,0.010650
619,495,155,0.007123,0.006703,33978612.000000,363330.000000,0.010693
620,496,155,0.007176,0.006788,34233329.000000,364107.000000,0.010636
621,497,154,0.007025,0.006662,33933095.000000,364815.000000,0.010751
622,498,154,0.007098,0.006773,33995688.000000,362376.000000,0.010659
623,499,153,0.007119,0.006767,34090298.000000,365709.000000,0.010728
624,500,153,0.007110,0.006715,34267713.000000,369599.000000,0.010786
625,501,152,0.007067,0.006747,34305930.000000,362818.000000,0.010576
626,502,152,0.007168,0.006832,34430169.000000,370092.000000,0.010749
627,503,151,0.007213,0.006844,34539384.000000,368164.000000,0.010659
628,504,151,0.007187,0.006830,34847124.000000,373614.000000,0.010722
629,504,150,0.007261,0.006875,34952788.000000,372676.000000,0.010662
630,505,149,0.007387,0.006967,35331187.000000,377653.000000,0.010689
631,506,149,0.007199,0.006818,34889097.000000,377673.000000,0.010825
632,506,148,0.007275,0.006902,35058007.000000,370981.000000,0.010582
633,507,148,0.007389,0.006964,35173322.000000,376429.000000,0.010702
634,508,147,0.008069,0.007611,35508264.000000,375906.000000,0.010586
635,508,147,0.007408,0.006991,35311956.000000,376940.000000,0.010675
636,509,146,0.007210,0.006835,35314249.000000,371979.000000,0.010533
637,510,146,0.007342,0.006933,35518626.000000,379042.000000,0.010672
638,511,145,0.007745,0.007332,35665664.000000,377366.000000,0.010581
639,511,145,0.007567,0.007223,35355152.000000,379002.000000,0.010720
640,512,144,0.007634,0.007268,35296007.000000,377368.000000,0.010692
641,513,144,0.007888,0.007203,35558877.000000,376632.000000,0.010592
642,513,143,0.007652,0.007015,35666655.000000,381598.000000,0.010699
643,513,143,0.007611,0.006937,35614388.000000,376360.000000,0.010568
644,514,142,0.008163,0.007338,35983705.000000,385404.000000,0.010711
645,515,142,0.007705,0.007021,35917367.000000,380334.000000,0.010589
646,516,141,0.007733,0.007098,35823514.000000,382004.000000,0.010663
647,517,141,0.007812,0.007134,36153422.000000,383550.000000,0.010609
648,518,140,0.007678,0.007050,36073956.000000,386153.000000,0.010704
649,518,140,0.007733,0.007082,36314827.000000,381951.000000,0.010518
650,519,140,0.007877,0.007182,36711732.000000,392347.000000,0.010687
651,519,139,0.007848,0.007219,36863161.000000,386604.000000,0.010488
652,520,139,0.007855,0.007190,36874465.000000,391652.000000,0.010621
653,521,138,0.007809,0.007181,36985740.000000,389822.000000,0.010540
654,522,138,0.007893,0.007265,37028029.000000,394155.000000,0.010645
655,523,138,0.008007,0.007307,37269931.000000,395971.000000,0.010624
656,524,137,0.009372,0.008832,38299004.000000,432166.000000,0.011284
657,525,135,0.011115,0.010571,39575461.000000,423147.000000,0.010692
658,526,135,0.008325,0.007907,37949599.000000,399462.000000,0.010526
659,527,135,0.007989,0.007504,37925647.000000,397679.000000,0.010486
660,527,134,0.008606,0.008206,38374777.000000,411875.000000,0.010733
661,528,134,0.008042,0.007573,38125076.000000,401364.000000,0.010528
662,528,133,0.008680,0.008265,38534489.000000,417397.000000,0.010832
663,528,133,0.007975,0.007573,38108225.000000,400240.000000,0.010503
664,529,132,0.008655,0.008179,38771339.000000,416543.000000,0.010744
665,529,132,0.007904,0.007574,38256273.000000,401359.000000,0.010491
666,530,131,0.008115,0.007658,38610905.000000,408449.000000,0.010579
667,530,131,0.007907,0.007503,38588242.000000,400559.000000,0.010380
668,531,131,0.007916,0.007560,38292146.000000,407335.000000,0.010638
669,532,130,0.008149,0.007786,38472563.000000,406085.000000,0.010555
670,533,130,0.008087,0.007580,38724364.000000,409462.000000,0.010574
671,533,129,0.008376,0.007956,39128030.000000,410760.000000,0.010498
672,534,129,0.008165,0.007745,38602512.000000,405822.000000,0.010513
673,535,129,0.008147,0.007729,38762220.000000,404257.000000,0.010429
674,535,128,0.007976,0.007619,38674502.000000,404882.000000,0.010469
675,536,128,0.008162,0.007777,38940922.000000,404235.000000,0.010381
676,537,128,0.008043,0.007627,39123277.000000,408986.000000,0.010454
677,538,127,0.010908,0.010206,40656793.000000,443721.000000,0.010914
678,538,126,0.011025,0.010525,40865614.000000,434515.000000,0.010633
679,539,125,0.008249,0.007794,39403659.000000,409563.000000,0.010394
680,540,125,0.008226,0.007791,39597524.000000,414559.000000,0.010469
681,541,125,0.008121,0.007691,39663273.000000,410306.000000,0.010345
682,541,124,0.008488,0.008099,39836283.000000,421489.000000,0.010581
683,542,124,0.008362,0.007917,39949793.000000,415438.000000,0.010399
684,543,124,0.009044,0.008577,40204326.000000,460669.000000,0.011458
685,544,123,0.008434,0.007971,40174100.000000,419723.000000,0.010448
686,545,123,0.009329,0.008955,40788269.000000,453242.000000,0.011112
687,546,122,0.008248,0.007849,40383989.000000,418700.000000,0.010368
688,546,122,0.008757,0.008118,40509400.000000,424206.000000,0.010472
689,546,122,0.008400,0.007928,40707993.000000,420724.000000,0.010335
690,547,121,0.008477,0.007978,40905497.000000,427665.000000,0.010455
691,547,121,0.008602,0.007988,41079656.000000,435793.000000,0.010608
692,548,121,0.008501,0.007999,41127599.000000,428565.000000,0.010420
693,548,121,0.008408,0.008001,40953301.000000,425798.000000,0.010397
694,549,120,0.008521,0.008207,41060467.000000,429181.000000,0.010452
695,549,120,0.008324,0.008034,40979288.000000,422085.000000,0.010300
696,550,120,0.008440,0.008124,41078820.000000,428339.000000,0.010427
697,551,120,0.008447,0.008066,41313501.000000,424330.000000,0.010271
698,552,119,0.008582,0.008220,41768581.000000,432887.000000,0.010364
699,553,119,0.008511,0.008189,41765833.000000,430521.000000,0.010308
700,553,119,0.008486,0.008182,41624640.000000,430423.000000,0.010341
701,554,119,0.008583,0.008179,42003512.000000,436486.000000,0.010392
702,555,119,0.008753,0.008381,42770702.000000,435099.000000,0.010173
703,556,118,0.008689,0.008345,42460830.000000,438803.000000,0.010334
704,557,118,0.008745,0.008384,42672938.000000,434893.000000,0.010191
705,558,118,0.008770,0.008381,42941271.000000,441206.000000,0.010275
706,559,118,0.008853,0.008455,43136149.000000,440906.000000,0.010221
707,560,117,0.008886,0.008522,43325457.000000,449336.000000,0.010371
708,561,117,0.008958,0.008622,43624173.000000,444664.000000,0.010193
709,562,117,0.008937,0.008607,43559002.000000,449139.000000,0.010311
710,563,117,0.008944,0.008590,43824872.000000,446677.000000,0.010192
711,564,116,0.008998,0.008639,44004492.000000,450505.000000,0.010238
712,565,116,0.008946,0.008650,43903481.000000,446850.000000,0.010178
713,566,116,0.009053,0.008688,44169197.000000,453972.000000,0.010278
714,567,116,0.009014,0.008721,44070179.000000,450737.000000,0.010228
715,568,115,0.009038,0.008657,44338099.000000,456626.000000,0.010299
716,568,115,0.009033,0.008740,44227178.000000,451181.000000,0.010201
717,569,116,0.009222,0.008827,44646054.000000,455511.000000,0.010203
718,570,116,0.009221,0.008852,45096940.000000,460823.000000,0.010218
719,570,115,0.009276,0.008985,44951294.000000,456500.000000,0.010155
720,571,115,0.009250,0.008893,45128423.000000,461541.000000,0.010227
721,571,115,0.009227,0.008885,45219787.000000,456592.000000,0.010097
722,572,115,0.009249,0.008841,45231913.000000,460643.000000,0.010184
723,573,115,0.009319,0.008962,45472165.000000,459083.000000,0.010096
724,574,114,0.009343,0.008963,45717006.000000,466062.000000,0.010194
725,574,114,0.009354,0.008949,45832729.000000,462200.000000,0.010084
726,575,114,0.009396,0.009084,45895393.000000,462837.000000,0.010085
727,576,113,0.009495,0.009078,46280163.000000,469015.000000,0.010134
728,577,113,0.009421,0.009122,46100557.000000,465076.000000,0.010088
729,577,113,0.009683,0.009191,46226914.000000,469368.000000,0.010154
730,578,113,0.009516,0.009044,46341945.000000,466398.000000,0.010064
731,579,112,0.009535,0.009011,46332061.000000,471296.000000,0.010172
732,580,112,0.009574,0.009076,46442293.000000,468101.000000,0.010079
733,581,112,0.009502,0.009073,46329346.000000,468224.000000,0.010106
734,582,111,0.009654,0.009118,46707911.000000,473918.000000,0.010146
735,583,111,0.009626,0.009116,46845915.000000,472996.000000,0.010097
736,584,111,0.009838,0.009351,47084257.000000,478275.000000,0.010158
737,585,111,0.009700,0.009201,47301720.000000,477397.000000,0.010093
738,586,111,0.009732,0.009218,47525869.000000,482480.000000,0.010152
739,587,111,0.009758,0.009302,47486651.000000,478545.000000,0.010077
740,588,111,0.009733,0.009313,47515413.000000,478053.000000,0.010061
741,589,110,0.009809,0.009294,47818664.000000,484975.000000,0.010142
742,590,110,0.009895,0.009383,48156247.000000,484365.000000,0.010058
743,590,110,0.009843,0.009408,48044918.000000,485758.000000,0.010110
744,591,109,0.009825,0.009397,48032868.000000,484592.000000,0.010089
745,592,109,0.009857,0.009411,48135575.000000,485717.000000,0.010091
746,593,109,0.009915,0.009473,48412027.000000,489491.000000,0.010111
747,594,109,0.009946,0.009469,48568401.000000,487639.000000,0.010040
748,594,108,0.010077,0.009719,48822102.000000,494107.000000,0.010121
749,595,108,0.010062,0.009702,49044639.000000,488676.000000,0.009964
750,596,108,0.009931,0.009629,48931905.000000,488074.000000,0.009975
751,597,108,0.009969,0.009590,49198127.000000,490226.000000,0.009964
752,598,107,0.009969,0.009646,49211899.000000,489553.000000,0.009948
753,599,107,0.010073,0.009684,49554589.000000,494945.000000,0.009988
754,600,107,0.010004,0.009703,49433611.000000,494231.000000,0.009998
755,601,106,0.010134,0.009744,49736421.000000,495064.000000,0.009954
756,602,106,0.010181,0.009817,50034535.000000,499025.000000,0.009974
757,602,106,0.010167,0.009819,50010884.000000,496511.000000,0.009928
758,603,105,0.011218,0.010870,50646938.000000,506978.000000,0.010010
759,604,105,0.010278,0.009871,50356979.000000,498929.000000,0.009908
760,605,105,0.010282,0.009912,50559699.000000,499995.000000,0.009889
761,606,104,0.010334,0.009926,50542911.000000,503910.000000,0.009970
762,607,104,0.010392,0.009992,51032901.000000,500580.000000,0.009809
763,608,104,0.010359,0.009960,50993345.000000,500938.000000,0.009824
764,609,103,0.010373,0.010050,50907332.000000,507987.000000,0.009979
765,609,103,0.010332,0.010025,50843281.000000,504389.000000,0.009920
766,610,103,0.010396,0.010021,51108404.000000,509322.000000,0.009966
767,610,102,0.010427,0.010064,51246357.000000,505574.000000,0.009866
768,611,102,0.010386,0.010067,50876235.000000,504438.000000,0.009915
769,611,102,0.010372,0.010010,51095327.000000,508207.000000,0.009946
770,612,102,0.010434,0.010105,51311507.000000,505212.000000,0.009846
771,612,101,0.010466,0.010074,51362823.000000,506541.000000,0.009862
772,612,101,0.010488,0.010101,51500862.000000,509521.000000,0.009893
773,613,101,0.010473,0.010120,51568431.000000,510190.000000,0.009893
774,613,101,0.010710,0.010232,51643805.000000,514439.000000,0.009961
775,614,100,0.010634,0.010123,52010295.000000,510054.000000,0.009807
776,615,100,0.010616,0.010155,51964597.000000,510707.000000,0.009828
777,616,100,0.010784,0.010336,52506364.000000,517330.000000,0.009853
778,617,100,0.010726,0.010363,52798449.000000,515781.000000,0.009769
779,618,99,0.010750,0.010347,52959817.000000,517070.000000,0.009763
780,619,99,0.010826,0.010489,53212167.000000,521845.000000,0.009807
781,620,99,0.011068,0.010725,53431846.000000,521501.000000,0.009760
782,621,99,0.010913,0.010591,53398247.000000,520114.000000,0.009740
783,621,98,0.010853,0.010509,53482984.000000,522893.000000,0.009777
784,621,98,0.010827,0.010529,53486628.000000,519095.000000,0.009705
785,622,98,0.010890,0.010501,53791513.000000,523225.000000,0.009727
786,623,98,0.011147,0.010744,54258500.000000,531860.000000,0.009802
787,624,97,0.010978,0.010638,53826603.000000,531235.000000,0.009869
788,625,97,0.010915,0.010604,53873673.000000,526776.000000,0.009778
789,625,97,0.010954,0.010617,53920310.000000,530455.000000,0.009838
790,626,97,0.011043,0.010627,54203589.000000,530429.000000,0.009786
791,627,96,0.011127,0.010752,54712904.000000,532297.000000,0.009729
792,627,96,0.011064,0.010680,54568141.000000,533549.000000,0.009778
793,628,96,0.011154,0.010681,54837420.000000,542785.000000,0.009898
794,629,96,0.011094,0.010739,54809453.000000,529668.000000,0.009664
795,630,95,0.011273,0.010870,55133083.000000,539863.000000,0.009792
796,631,95,0.011218,0.010821,55280874.000000,535643.000000,0.009689
797,632,95,0.011193,0.010839,55266047.000000,537400.000000,0.009724
798,633,95,0.011245,0.010890,55325981.000000,543071.000000,0.009816
799,634,94,0.011319,0.010890,55705085.000000,541468.000000,0.009720
800,635,94,0.011240,0.010936,55699980.000000,538936.000000,0.009676
801,636,94,0.011380,0.010965,56091026.000000,547279.000000,0.009757
802,637,94,0.011404,0.010998,56233792.000000,543233.000000,0.009660
803,638,94,0.011409,0.011065,56446196.000000,544244.000000,0.009642
804,639,93,0.011461,0.011136,56171418.000000,546750.000000,0.009734
805,640,93,0.011484,0.011057,56442088.000000,546123.000000,0.009676
806,641,93,0.011535,0.011188,56796312.000000,548410.000000,0.009656
807,641,93,0.011584,0.011183,56968234.000000,550761.000000,0.009668
808,642,92,0.011595,0.011217,57076463.000000,548937.000000,0.009618
809,642,92,0.011572,0.011211,57231503.000000,550915.000000,0.009626
810,643,92,0.011525,0.011204,56860003.000000,552540.000000,0.009718
811,643,92,0.011482,0.011182,56795642.000000,547289.000000,0.009636
812,644,92,0.011577,0.011193,57133454.000000,552199.000000,0.009665
813,645,91,0.011779,0.011359,57457555.000000,553097.000000,0.009626
814,646,91,0.011738,0.011345,57688710.000000,558346.000000,0.009679
815,647,91,0.011705,0.011376,57508874.000000,551758.000000,0.009594
816,648,91,0.011699,0.011372,57417085.000000,551666.000000,0.009608
817,649,90,0.011813,0.011343,57886258.000000,557390.000000,0.009629
818,650,90,0.011819,0.011483,58285450.000000,560056.000000,0.009609
819,650,90,0.011891,0.011475,58499683.000000,559405.000000,0.009563
820,651,90,0.011937,0.011592,58596176.000000,562488.000000,0.009599
821,652,90,0.011987,0.011651,58711450.000000,561393.000000,0.009562
822,652,89,0.011930,0.011548,58945847.000000,562233.000000,0.009538
823,653,89,0.012057,0.011681,59340917.000000,562817.000000,0.009484
824,654,89,0.012088,0.011674,59669254.000000,567704.000000,0.009514
825,654,89,0.012198,0.011562,59269426.000000,564488.000000,0.009524
826,655,88,0.012113,0.011572,59558843.000000,565158.000000,0.009489
827,656,88,0.012212,0.011659,59845810.000000,569553.000000,0.009517
828,657,88,0.012225,0.011742,60143290.000000,576129.000000,0.009579
829,657,88,0.012232,0.011863,60155598.000000,572898.000000,0.009524
830,658,88,0.012334,0.011907,60711204.000000,574055.000000,0.009456
831,658,87,0.012197,0.011883,60384642.000000,571545.000000,0.009465
832,659,87,0.012302,0.011972,60470826.000000,576604.000000,0.009535
833,659,87,0.012237,0.011923,60418387.000000,573989.000000,0.009500
834,660,87,0.012321,0.011972,60582518.000000,574392.000000,0.009481
835,661,86,0.012405,0.012000,60968474.000000,577754.000000,0.009476
836,662,86,0.012328,0.011960,60762915.000000,575901.000000,0.009478
837,663,86,0.012397,0.011996,61148601.000000,576842.000000,0.009433
838,664,86,0.012553,0.012221,61287916.000000,581150.000000,0.009482
839,664,86,0.012447,0.012116,61236851.000000,581535.000000,0.009496
840,665,85,0.012530,0.012127,61550399.000000,584629.000000,0.009498
841,666,85,0.012591,0.012149,61827938.000000,581814.000000,0.009410
842,667,85,0.012597,0.012281,61817643.000000,583044.000000,0.009432
843,668,85,0.012680,0.012247,62228878.000000,587765.000000,0.009445
844,669,85,0.012606,0.012265,62201390.000000,585532.000000,0.009413
845,670,84,0.012718,0.012279,62540118.000000,586201.000000,0.009373
846,671,84,0.012799,0.012359,62704663.000000,587025.000000,0.009362
847,671,84,0.012669,0.012337,62577369.000000,586934.000000,0.009379
848,671,84,0.012739,0.012337,62797080.000000,587154.000000,0.009350
849,672,83,0.012689,0.012329,62853503.000000,588952.000000,0.009370
850,673,83,0.012770,0.012353,63081754.000000,591147.000000,0.009371
851,674,83,0.012802,0.012435,63170461.000000,592371.000000,0.009377
852,675,83,0.012856,0.012484,63227568.000000,596245.000000,0.009430
853,676,83,0.012867,0.012492,63365963.000000,595397.000000,0.009396
854,677,82,0.012880,0.012557,63382480.000000,595673.000000,0.009398
855,678,82,0.012983,0.012622,63589315.000000,595050.000000,0.009358
856,679,82,0.012954,0.012611,63612415.000000,601703.000000,0.009459
857,680,82,0.013002,0.012574,63924194.000000,602801.000000,0.009430
858,680,82,0.013219,0.012859,64275187.000000,602643.000000,0.009376
859,681,81,0.013032,0.012671,64292001.000000,601244.000000,0.009352
860,682,81,0.013247,0.012821,64946070.000000,604343.000000,0.009305
861,682,81,0.013335,0.012891,65277419.000000,609020.000000,0.009330
862,682,81,0.013222,0.012829,65411568.000000,605368.000000,0.009255
863,683,81,0.013419,0.013071,65211665.000000,606434.000000,0.009299
864,684,80,0.013452,0.013113,65309628.000000,611190.000000,0.009358
865,685,80,0.013328,0.012919,65457894.000000,610615.000000,0.009328
866,686,80,0.013381,0.012964,65855503.000000,611260.000000,0.009282
867,687,80,0.013502,0.013102,65765803.000000,608782.000000,0.009257
868,688,80,0.013636,0.013197,66243184.000000,614907.000000,0.009283
869,689,79,0.013752,0.013337,66607225.000000,618391.000000,0.009284
870,690,79,0.013796,0.013470,66914122.000000,617419.000000,0.009227
871,691,79,0.013571,0.013149,67046408.000000,620551.000000,0.009256
872,692,79,0.013429,0.013103,66891935.000000,615042.000000,0.009195
873,693,78,0.013599,0.013195,67268988.000000,620195.000000,0.009220
874,694,78,0.013948,0.013511,67466500.000000,635557.000000,0.009420
875,695,78,0.013633,0.013181,67511110.000000,622354.000000,0.009219
876,696,78,0.013934,0.013474,68012384.000000,628090.000000,0.009235
877,697,78,0.013901,0.013455,68388615.000000,631587.000000,0.009235
878,698,77,0.013737,0.013404,68117140.000000,627558.000000,0.009213
879,699,77,0.014029,0.013473,68476605.000000,631607.000000,0.009224
880,700,77,0.013789,0.013332,68263962.000000,630563.000000,0.009237
881,700,77,0.013787,0.013343,68229410.000000,627913.000000,0.009203
882,701,77,0.013863,0.013327,68581721.000000,632072.000000,0.009216
883,702,76,0.014021,0.013441,68915538.000000,638338.000000,0.009263
884,703,76,0.014121,0.013592,69635995.000000,640287.000000,0.009195
885,704,76,0.014244,0.013711,69948409.000000,643042.000000,0.009193
886,705,76,0.014167,0.013715,69908742.000000,642598.000000,0.009192
887,705,76,0.014122,0.013681,69889139.000000,641659.000000,0.009181
888,706,75,0.014307,0.013746,70324001.000000,646293.000000,0.009190
889,707,75,0.014266,0.013742,70333215.000000,648144.000000,0.009215
890,708,75,0.014584,0.014126,70419273.000000,649239.000000,0.009220
891,709,75,0.014302,0.013800,70540245.000000,646408.000000,0.009164
892,710,75,0.014431,0.013844,70990491.000000,650763.000000,0.009167
893,711,74,0.014401,0.013847,71109286.000000,654293.000000,0.009201
894,711,74,0.014456,0.014014,70720379.000000,651928.000000,0.009218
895,711,74,0.014339,0.013883,70717007.000000,651565.000000,0.009214
896,712,74,0.014276,0.013813,70731600.000000,653110.000000,0.009234
897,713,74,0.014648,0.014146,70946703.000000,657545.000000,0.009268
898,714,73,0.014484,0.013916,71327109.000000,658956.000000,0.009239
899,715,73,0.014559,0.014073,71293589.000000,657667.000000,0.009225
900,716,73,0.014433,0.013950,71499762.000000,655766.000000,0.009172
901,716,73,0.014704,0.014254,71555143.000000,656755.000000,0.009178
902,717,73,0.014537,0.013996,71906121.000000,660220.000000,0.009182
903,718,73,0.014593,0.014067,72055512.000000,661122.000000,0.009175
904,719,72,0.014877,0.014374,72090582.000000,664761.000000,0.009221
905,720,72,0.014778,0.014185,72496218.000000,664325.000000,0.009164
906,721,72,0.014831,0.014267,73075386.000000,672055.000000,0.009197
907,722,72,0.014720,0.014188,72727613.000000,666284.000000,0.009161
908,723,72,0.014724,0.014234,72810115.000000,669613.000000,0.009197
909,724,71,0.014874,0.014285,73316806.000000,671839.000000,0.009164
910,725,71,0.014897,0.014444,73671927.000000,674091.000000,0.009150
911,725,71,0.014975,0.014525,73711211.000000,673601.000000,0.009138
912,726,71,0.014992,0.014531,73732998.000000,673266.000000,0.009131
913,727,71,0.015117,0.014527,74134259.000000,677246.000000,0.009135
914,728,71,0.015201,0.014719,73964510.000000,677864.000000,0.009165
915,728,70,0.014991,0.014532,73889761.000000,671910.000000,0.009093
916,729,70,0.015057,0.014571,74048667.000000,674728.000000,0.009112
917,730,70,0.015248,0.014774,74642255.000000,683834.000000,0.009161
918,731,70,0.015756,0.015401,74734591.000000,687024.000000,0.009193
919,731,70,0.014992,0.014649,74312901.000000,676967.000000,0.009110
920,732,70,0.014894,0.014538,74457501.000000,678330.000000,0.009110
921,733,69,0.014931,0.014544,74768596.000000,681396.000000,0.009113
922,734,69,0.014907,0.014576,74784579.000000,679832.000000,0.009091
923,735,69,0.014958,0.014576,74945888.000000,680722.000000,0.009083
924,736,69,0.015395,0.015041,75132360.000000,690243.000000,0.009187
925,737,69,0.015245,0.014817,75376788.000000,689183.000000,0.009143
926,738,69,0.015226,0.014888,75473219.000000,686240.000000,0.009092
927,739,69,0.015557,0.015155,75638592.000000,688497.000000,0.009102
928,739,68,0.015967,0.015450,76097977.000000,693621.000000,0.009115
929,739,68,0.016507,0.016036,76139809.000000,695738.000000,0.009138
930,739,68,0.015908,0.015539,75733840.000000,692549.000000,0.009145
931,740,68,0.015410,0.014961,75799076.000000,688373.000000,0.009082
932,741,68,0.015094,0.014760,75808748.000000,694128.000000,0.009156
933,741,68,0.015073,0.014752,75765832.000000,692145.000000,0.009135
934,742,67,0.015189,0.014737,76217753.000000,695860.000000,0.009130
935,742,67,0.015237,0.014834,76508836.000000,693801.000000,0.009068
936,742,67,0.015180,0.014809,76398393.000000,690809.000000,0.009042
937,743,67,0.015328,0.014946,76263279.000000,695099.000000,0.009114
938,744,67,0.015493,0.015075,76832906.000000,702279.000000,0.009140
939,744,67,0.015892,0.015437,77196239.000000,702106.000000,0.009095
940,744,67,0.015669,0.015218,77799573.000000,700597.000000,0.009005
941,745,67,0.015648,0.015186,77412957.000000,700377.000000,0.009047
942,745,66,0.015741,0.015246,78018341.000000,715480.000000,0.009171
943,746,66,0.015809,0.015446,78001945.000000,708806.000000,0.009087
944,747,66,0.016012,0.015671,78081350.000000,710889.000000,0.009104
945,748,66,0.015759,0.015344,78336264.000000,710161.000000,0.009066
946,749,66,0.015869,0.015453,78610592.000000,712675.000000,0.009066
947,750,66,0.015877,0.015476,78804994.000000,712027.000000,0.009035
948,751,66,0.015874,0.015426,79116683.000000,713842.000000,0.009023
949,752,66,0.015983,0.015527,79340888.000000,714698.000000,0.009008
950,753,65,0.016256,0.015798,79860306.000000,723153.000000,0.009055
951,754,65,0.016059,0.015593,79650149.000000,718837.000000,0.009025
952,755,65,0.016140,0.015724,80807941.000000,726802.000000,0.008994
953,755,65,0.015956,0.015634,79911280.000000,719571.000000,0.009005
954,756,65,0.016068,0.015659,80276302.000000,721125.000000,0.008983
955,757,65,0.016348,0.015873,80669301.000000,726123.000000,0.009001
956,758,65,0.016526,0.016135,81202883.000000,730980.000000,0.009002
957,759,65,0.016306,0.015858,81496062.000000,732504.000000,0.008988
958,760,64,0.016258,0.015852,81582233.000000,731875.000000,0.008971
959,761,64,0.016394,0.015965,82133381.000000,736256.000000,0.008964
960,762,64,0.016437,0.016018,82286038.000000,740459.000000,0.008999
961,762,64,0.016561,0.016152,82550878.000000,740332.000000,0.008968
962,763,64,0.016678,0.016249,82417223.000000,742259.000000,0.009006
963,764,64,0.016625,0.016234,82462172.000000,739208.000000,0.008964
964,765,64,0.016480,0.016064,82526713.000000,738188.000000,0.008945
965,765,63,0.016557,0.016125,82773417.000000,741490.000000,0.008958
966,766,63,0.016665,0.016257,82957922.000000,742273.000000,0.008948
967,766,63,0.016803,0.016426,83171399.000000,749915.000000,0.009017
968,767,63,0.016805,0.016356,83376300.000000,750966.000000,0.009007
969,768,63,0.016572,0.016182,82853634.000000,741492.000000,0.008949
970,768,63,0.016548,0.016225,82826143.000000,742991.000000,0.008970
971,769,63,0.016660,0.016206,83315779.000000,749674.000000,0.008998
972,770,63,0.016667,0.016309,83699912.000000,750621.000000,0.008968
973,771,63,0.016732,0.016345,83828099.000000,751620.000000,0.008966
974,772,62,0.017965,0.017541,84593914.000000,762067.000000,0.009009
975,773,62,0.016652,0.016282,83853805.000000,752364.000000,0.008972
976,774,62,0.016845,0.016383,84417218.000000,755134.000000,0.008945
977,775,62,0.016944,0.016527,85183261.000000,760871.000000,0.008932
978,776,62,0.016847,0.016523,84843328.000000,758882.000000,0.008945
979,777,62,0.016965,0.016545,85136607.000000,762179.000000,0.008952
980,778,62,0.017383,0.016922,85773178.000000,768896.000000,0.008964
981,778,62,0.017054,0.016671,85951560.000000,768372.000000,0.008940
982,779,61,0.016973,0.016642,85516211.000000,764503.000000,0.008940
983,779,61,0.016966,0.016602,85659198.000000,763154.000000,0.008909
984,780,61,0.016997,0.016673,85730586.000000,766414.000000,0.008940
985,781,61,0.017111,0.016700,86064727.000000,767973.000000,0.008923
986,782,61,0.018920,0.018528,87043623.000000,786266.000000,0.009033
987,783,61,0.018500,0.018054,87398624.000000,785119.000000,0.008983
988,783,60,0.018282,0.017873,87494604.000000,785228.000000,0.008975
989,784,60,0.017511,0.017051,86970568.000000,778656.000000,0.008953
990,785,60,0.017694,0.017281,87625895.000000,782850.000000,0.008934
991,785,60,0.018358,0.017960,87753573.000000,788221.000000,0.008982
992,786,60,0.017843,0.017415,87712312.000000,784187.000000,0.008940
993,787,60,0.017827,0.017347,87875188.000000,785777.000000,0.008942
994,788,60,0.017914,0.017486,88347220.000000,787610.000000,0.008915
995,788,59,0.017656,0.017310,88129192.000000,786031.000000,0.008919
