frame,nb of entities,FPS,frame length,physics length,L1-dcache-loads,L1-dcache-load-misses,L1-dcache-load-miss-ratio
0,3,301,0.002028,0.000023,480721.000000,30205.000000,0.062833
1,4,301,0.003322,0.000019,563310.000000,31431.000000,0.055797
2,5,302,0.003323,0.000018,542158.000000,30080.000000,0.055482
3,6,302,0.003329,0.000020,540866.000000,30294.000000,0.056010
4,7,302,0.003320,0.000019,561577.000000,31116.000000,0.055408
5,8,302,0.003321,0.000027,541026.000000,30709.000000,0.056761
6,9,302,0.003323,0.000027,591051.000000,32249.000000,0.054562
7,10,302,0.003321,0.000021,581655.000000,31767.000000,0.054615
8,11,302,0.003321,0.000024,563498.000000,31296.000000,0.055539
9,12,302,0.003330,0.000025,569794.000000,31427.000000,0.055155
10,12,302,0.003320,0.000025,513717.000000,27412.000000,0.053360
11,13,302,0.003323,0.000025,574080.000000,31444.000000,0.054773
12,14,302,0.003326,0.000025,563638.000000,30817.000000,0.054675
13,15,302,0.003324,0.000027,575914.000000,31652.000000,0.054960
14,16,302,0.003322,0.000027,571404.000000,31225.000000,0.054646
15,17,302,0.003327,0.000029,538061.000000,27664.000000,0.051414
16,18,302,0.003323,0.000029,579050.000000,31482.000000,0.054368
17,18,302,0.003324,0.000031,563284.000000,30463.000000,0.054081
18,19,302,0.003326,0.000035,583810.000000,31188.000000,0.053421
19,20,302,0.003320,0.000035,572963.000000,31334.000000,0.054688
20,21,302,0.003322,0.000034,547085.000000,27904.000000,0.051005
21,22,302,0.003326,0.000037,593420.000000,31290.000000,0.052728
22,23,302,0.003322,0.000037,609595.000000,32162.000000,0.052760
23,24,302,0.003323,0.000036,602665.000000,30941.000000,0.051340
24,25,302,0.003329,0.000035,601946.000000,31304.000000,0.052005
25,26,302,0.003323,0.000041,568362.000000,28774.000000,0.050626
26,27,302,0.003320,0.000042,625068.000000,31693.000000,0.050703
27,28,302,0.003329,0.000040,610897.000000,31791.000000,0.052040
28,29,302,0.003322,0.000044,619549.000000,32196.000000,0.051967
29,30,302,0.003324,0.000043,652270.000000,32199.000000,0.049365
30,31,302,0.003328,0.000043,596844.000000,28186.000000,0.047225
31,32,302,0.003324,0.000050,636136.000000,31731.000000,0.049881
32,33,302,0.003323,0.000050,638491.000000,32125.000000,0.050314
33,34,302,0.003323,0.000053,645433.000000,31739.000000,0.049175
34,35,302,0.003323,0.000052,652811.000000,32618.000000,0.049965
35,36,302,0.003323,0.000056,618025.000000,28294.000000,0.045781
36,37,302,0.003327,0.000056,684661.000000,31753.000000,0.046378
37,38,302,0.003324,0.000048,697425.000000,33149.000000,0.047531
38,39,302,0.003321,0.000054,701317.000000,31891.000000,0.045473
39,39,302,0.003326,0.000049,701853.000000,31526.000000,0.044918
40,39,302,0.003324,0.000050,661251.000000,28946.000000,0.043775
41,40,302,0.003322,0.000051,701543.000000,31814.000000,0.045349
42,41,302,0.003326,0.000057,717396.000000,31852.000000,0.044399
43,42,302,0.003321,0.000053,718836.000000,32134.000000,0.044703
44,43,302,0.003323,0.000059,712422.000000,32048.000000,0.044985
45,44,302,0.003329,0.000062,692182.000000,29171.000000,0.042144
46,45,302,0.003320,0.000080,736117.000000,33728.000000,0.045819
47,46,302,0.003327,0.000065,711074.000000,32322.000000,0.045455
48,46,302,0.003322,0.000071,732633.000000,32368.000000,0.044180
49,47,302,0.003324,0.000058,735506.000000,32846.000000,0.044658
50,47,302,0.003322,0.000065,686888.000000,28400.000000,0.041346
51,48,302,0.003329,0.000066,723511.000000,32294.000000,0.044635
52,49,302,0.003317,0.000080,756087.000000,33467.000000,0.044263
53,50,302,0.003323,0.000069,758436.000000,32804.000000,0.043252
54,50,302,0.003327,0.000067,724475.000000,31728.000000,0.043794
55,51,302,0.003322,0.000086,717974.000000,29973.000000,0.041747
56,52,302,0.003322,0.000071,762039.000000,32714.000000,0.042930
57,53,302,0.003328,0.000072,760387.000000,32989.000000,0.043384
58,54,302,0.003321,0.000085,767249.000000,33141.000000,0.043195
59,55,302,0.003324,0.000075,757071.000000,32350.000000,0.042730
60,56,300,0.003327,0.000082,736061.000000,29455.000000,0.040017
61,57,300,0.003322,0.000095,781561.000000,33844.000000,0.043303
62,57,300,0.003329,0.000085,741237.000000,32207.000000,0.043450
63,57,300,0.003319,0.000151,786082.000000,42185.000000,0.053665
64,58,300,0.003320,0.000098,800382.000000,34383.000000,0.042958
65,59,300,0.003317,0.000090,769946.000000,29890.000000,0.038821
66,59,300,0.003329,0.000080,783093.000000,32809.000000,0.041897
67,59,300,0.003323,0.000097,773985.000000,33491.000000,0.043271
68,60,300,0.003322,0.000090,795260.000000,33524.000000,0.042155
69,60,300,0.003325,0.000093,814834.000000,33778.000000,0.041454
70,61,300,0.003323,0.000101,788248.000000,30362.000000,0.038518
71,62,300,0.003327,0.000082,856982.000000,34102.000000,0.039793
72,63,300,0.003324,0.000139,888935.000000,51484.000000,0.057916
73,64,300,0.003317,0.000150,870040.000000,49281.000000,0.056642
74,65,300,0.003320,0.000103,845960.000000,33834.000000,0.039995
75,66,300,0.003327,0.000097,844203.000000,30840.000000,0.036531
76,67,300,0.003319,0.000108,912555.000000,35646.000000,0.039062
77,68,300,0.003325,0.000100,884771.000000,34539.000000,0.039037
78,69,300,0.003322,0.000110,895585.000000,34308.000000,0.038308
79,70,300,0.003323,0.000152,911178.000000,40789.000000,0.044765
80,71,300,0.003325,0.000103,866036.000000,31241.000000,0.036074
81,72,300,0.003322,0.000107,919532.000000,34230.000000,0.037225
82,73,300,0.003322,0.000102,937195.000000,35612.000000,0.037998
83,74,300,0.003325,0.000099,928825.000000,34339.000000,0.036970
84,75,300,0.003325,0.000125,957145.000000,35362.000000,0.036945
85,76,300,0.003316,0.000136,945691.000000,32914.000000,0.034804
86,77,300,0.003325,0.000103,961925.000000,35768.000000,0.037184
87,77,300,0.003329,0.000130,938555.000000,35103.000000,0.037401
88,78,300,0.003318,0.000137,975542.000000,36613.000000,0.037531
89,79,300,0.003322,0.000136,958289.000000,35741.000000,0.037297
90,80,300,0.003330,0.000135,950181.000000,32372.000000,0.034069
91,81,300,0.003319,0.000148,982854.000000,36238.000000,0.036870
92,81,300,0.003322,0.000139,963786.000000,34725.000000,0.036030
93,81,300,0.003330,0.000138,961984.000000,34826.000000,0.036202
94,82,300,0.003319,0.000147,999825.000000,36625.000000,0.036631
95,83,300,0.003321,0.000150,985308.000000,32855.000000,0.033345
96,83,300,0.003330,0.000152,1013445.000000,35437.000000,0.034967
97,84,300,0.003319,0.000162,1057604.000000,36566.000000,0.034574
98,85,300,0.003322,0.000157,1076429.000000,40644.000000,0.037758
99,86,300,0.003329,0.000143,1063259.000000,36744.000000,0.034558
100,86,300,0.003319,0.000199,1038441.000000,34257.000000,0.032989
101,87,300,0.003323,0.000145,1081253.000000,35923.000000,0.033223
102,88,300,0.003328,0.000144,1090053.000000,36397.000000,0.033390
103,89,300,0.003323,0.000155,1091785.000000,36968.000000,0.033860
104,90,300,0.003325,0.000153,1126984.000000,37036.000000,0.032863
105,90,300,0.003327,0.000155,1095348.000000,33130.000000,0.030246
106,90,300,0.003319,0.000182,1137307.000000,39127.000000,0.034403
107,91,300,0.003327,0.000160,1131289.000000,37069.000000,0.032767
108,92,300,0.003325,0.000162,1182093.000000,37896.000000,0.032058
109,93,300,0.003321,0.000183,1195132.000000,39570.000000,0.033109
110,94,300,0.003324,0.000170,1162996.000000,34255.000000,0.029454
111,95,300,0.003328,0.000179,1217598.000000,37894.000000,0.031122
112,95,300,0.003321,0.000195,1206257.000000,38847.000000,0.032205
113,96,300,0.003325,0.000179,1236246.000000,37703.000000,0.030498
114,96,300,0.003329,0.000183,1214358.000000,36752.000000,0.030265
115,97,300,0.003320,0.000205,1212164.000000,36747.000000,0.030315
116,97,300,0.003324,0.000183,1219679.000000,37207.000000,0.030506
117,98,300,0.003332,0.000184,1230222.000000,37528.000000,0.030505
118,99,300,0.003317,0.000202,1269683.000000,39844.000000,0.031381
119,99,300,0.003325,0.000187,1242073.000000,37262.000000,0.030000
120,100,300,0.003327,0.000189,1244018.000000,35033.000000,0.028161
121,101,300,0.003321,0.000213,1287944.000000,39992.000000,0.031051
122,102,300,0.003327,0.000194,1313872.000000,38134.000000,0.029024
123,103,300,0.003330,0.000199,1296521.000000,37871.000000,0.029210
124,104,300,0.003317,0.000218,1344746.000000,40381.000000,0.030029
125,105,300,0.003325,0.000206,1288529.000000,34792.000000,0.027001
126,106,300,0.003327,0.000205,1362989.000000,40031.000000,0.029370
127,107,300,0.003320,0.000233,1373370.000000,41098.000000,0.029925
128,108,300,0.003325,0.000214,1403048.000000,39394.000000,0.028077
129,109,300,0.003328,0.000221,1395686.000000,40180.000000,0.028789
130,110,300,0.003320,0.000229,1402594.000000,36330.000000,0.025902
131,111,300,0.003325,0.000232,1455321.000000,39089.000000,0.026859
132,111,300,0.003328,0.000234,1445402.000000,39094.000000,0.027047
133,112,300,0.003321,0.000255,1461286.000000,40687.000000,0.027843
134,113,300,0.003325,0.000237,1509363.000000,40907.000000,0.027102
135,114,300,0.003329,0.000253,1504530.000000,37155.000000,0.024695
136,114,300,0.003320,0.000276,1545743.000000,41475.000000,0.026832
137,115,300,0.003328,0.000258,1547438.000000,40160.000000,0.025953
138,115,300,0.003318,0.000258,1536722.000000,39820.000000,0.025912
139,116,300,0.003321,0.000278,1559918.000000,41258.000000,0.026449
140,117,300,0.003325,0.000258,1549155.000000,37129.000000,0.023967
141,118,300,0.003329,0.000266,1568768.000000,39824.000000,0.025386
142,119,300,0.003321,0.000280,1638457.000000,42510.000000,0.025945
143,120,300,0.003325,0.000271,1614778.000000,41206.000000,0.025518
144,120,300,0.003328,0.000269,1613808.000000,40277.000000,0.024958
145,120,300,0.003321,0.000292,1588089.000000,38528.000000,0.024261
146,121,300,0.003324,0.000276,1670097.000000,41468.000000,0.024830
147,122,300,0.003331,0.000289,1734569.000000,42360.000000,0.024421
148,122,300,0.003317,0.000314,1766972.000000,42111.000000,0.023832
149,123,300,0.003325,0.000308,1798260.000000,43228.000000,0.024039
150,124,300,0.003330,0.000313,1788344.000000,39645.000000,0.022169
151,124,300,0.003319,0.000335,1828068.000000,43210.000000,0.023637
152,125,300,0.003324,0.000326,1891410.000000,42802.000000,0.022630
153,125,300,0.003330,0.000331,1848003.000000,42866.000000,0.023196
154,126,300,0.003380,0.000349,1929926.000000,46056.000000,0.023864
155,126,300,0.003317,0.000569,1916034.000000,60850.000000,0.031758
156,126,300,0.003329,0.000313,1911903.000000,44612.000000,0.023334
157,127,300,0.003316,0.000512,2074040.000000,66766.000000,0.032191
158,127,300,0.003325,0.000309,1932892.000000,42329.000000,0.021899
159,128,300,0.003324,0.000386,2034573.000000,48294.000000,0.023737
160,129,300,0.003323,0.000330,2040491.000000,41128.000000,0.020156
161,130,300,0.003321,0.000574,2142931.000000,76069.000000,0.035498
162,131,300,0.003325,0.000482,2166067.000000,61004.000000,0.028163
163,132,300,0.003314,0.000569,2135498.000000,57688.000000,0.027014
164,133,300,0.003321,0.000447,2143546.000000,45004.000000,0.020995
165,134,300,0.003321,0.000415,2168441.000000,42066.000000,0.019399
166,135,300,0.003322,0.000440,2194938.000000,45125.000000,0.020559
167,136,300,0.003325,0.000455,2257899.000000,44720.000000,0.019806
168,137,300,0.003324,0.000454,2298476.000000,48164.000000,0.020955
169,137,300,0.003320,0.000478,2353619.000000,45453.000000,0.019312
170,138,300,0.003324,0.000390,2343226.000000,41510.000000,0.017715
171,139,300,0.003327,0.000470,2425572.000000,45949.000000,0.018944
172,139,300,0.003323,0.000503,2405264.000000,45387.000000,0.018870
173,140,300,0.003325,0.000515,2419356.000000,44971.000000,0.018588
174,140,300,0.003321,0.000481,2462680.000000,45575.000000,0.018506
175,141,300,0.003323,0.000547,2443157.000000,45424.000000,0.018592
176,142,300,0.003324,0.000520,2512999.000000,46522.000000,0.018513
177,143,300,0.003322,0.000506,2563537.000000,46972.000000,0.018323
178,144,300,0.003324,0.000535,2605582.000000,48054.000000,0.018443
179,145,300,0.003323,0.000560,2664894.000000,48417.000000,0.018168
180,146,300,0.003323,0.000536,2700822.000000,45955.000000,0.017015
181,147,300,0.003325,0.000569,2755797.000000,48215.000000,0.017496
182,148,300,0.003322,0.000788,2988052.000000,83836.000000,0.028057
183,149,300,0.003322,0.000565,2809853.000000,49317.000000,0.017551
184,150,300,0.003325,0.000590,2859218.000000,49043.000000,0.017153
185,150,300,0.003322,0.000819,3006025.000000,79095.000000,0.026312
186,150,300,0.003323,0.000590,2901713.000000,48433.000000,0.016691
187,151,300,0.003323,0.000623,2911345.000000,50956.000000,0.017503
188,152,300,0.003321,0.000817,3108685.000000,85356.000000,0.027457
189,153,300,0.003326,0.000875,3128107.000000,87628.000000,0.028013
190,153,300,0.003320,0.000825,3065020.000000,80550.000000,0.026280
191,154,300,0.003323,0.000849,3116877.000000,87315.000000,0.028014
192,155,300,0.003326,0.000851,3166798.000000,86985.000000,0.027468
193,156,300,0.003320,0.000657,3102304.000000,53181.000000,0.017142
194,156,300,0.003325,0.000680,3042169.000000,49841.000000,0.016383
195,157,300,0.003321,0.000668,3051502.000000,50052.000000,0.016402
196,158,300,0.003319,0.000675,3093317.000000,51036.000000,0.016499
197,159,300,0.003378,0.000821,3051068.000000,51594.000000,0.016910
198,160,300,0.003389,0.000637,3085593.000000,52808.000000,0.017114
199,161,300,0.003373,0.000696,3088958.000000,52418.000000,0.016969
200,162,300,0.003368,0.000696,3058901.000000,48623.000000,0.015896
201,163,300,0.003329,0.000628,3161043.000000,52172.000000,0.016505
202,163,300,0.003316,0.000703,3164483.000000,50460.000000,0.015946
203,164,300,0.003324,0.000693,3205268.000000,51302.000000,0.016006
204,165,300,0.003330,0.000633,3254905.000000,52394.000000,0.016097
205,166,300,0.003317,0.000722,3193357.000000,48924.000000,0.015321
206,167,300,0.003320,0.000706,3271280.000000,52737.000000,0.016121
207,168,300,0.003331,0.000646,3337729.000000,52895.000000,0.015848
208,169,300,0.003318,0.000738,3334363.000000,53408.000000,0.016017
209,170,300,0.003322,0.000728,3290482.000000,53424.000000,0.016236
210,171,300,0.003328,0.000661,3355805.000000,50659.000000,0.015096
211,171,300,0.003320,0.000773,3397552.000000,53330.000000,0.015697
212,172,300,0.003321,0.000750,3470086.000000,54325.000000,0.015655
213,173,300,0.003330,0.000700,3544191.000000,54957.000000,0.015506
214,174,300,0.003319,0.000830,3566701.000000,57072.000000,0.016001
215,175,300,0.003322,0.000791,3529300.000000,52452.000000,0.014862
216,176,300,0.003328,0.000718,3642742.000000,56892.000000,0.015618
217,176,300,0.003323,0.000813,3582338.000000,55999.000000,0.015632
218,176,300,0.003321,0.000797,3585721.000000,56579.000000,0.015779
219,176,300,0.003327,0.000865,3602721.000000,56798.000000,0.015765
220,177,300,0.003320,0.000847,3655996.000000,55292.000000,0.015124
221,178,300,0.003321,0.000825,3686918.000000,57005.000000,0.015461
222,178,300,0.003330,0.000753,3669835.000000,58824.000000,0.016029
223,178,300,0.003318,0.000837,3665614.000000,56018.000000,0.015282
224,179,300,0.003322,0.000825,3768811.000000,59588.000000,0.015811
225,180,300,0.003330,0.000781,3730489.000000,61262.000000,0.016422
226,181,300,0.003318,0.000868,3830852.000000,64511.000000,0.016840
227,182,300,0.003325,0.000879,3821579.000000,65771.000000,0.017210
228,183,300,0.003322,0.000801,3905855.000000,69316.000000,0.017747
229,184,300,0.003323,0.000904,3971530.000000,69133.000000,0.017407
230,185,300,0.003322,0.000876,3924575.000000,63713.000000,0.016234
231,185,300,0.003329,0.000873,4089258.000000,73312.000000,0.017928
232,186,300,0.003318,0.000931,4075148.000000,67495.000000,0.016563
233,187,300,0.003323,0.000915,4079532.000000,67683.000000,0.016591
234,188,300,0.003328,0.000905,4133062.000000,74990.000000,0.018144
235,189,300,0.003319,0.000958,4179459.000000,65075.000000,0.015570
236,190,300,0.003323,0.000941,4246060.000000,69140.000000,0.016283
237,191,300,0.003329,0.000947,4197685.000000,77000.000000,0.018343
238,192,300,0.003319,0.000968,4196319.000000,69260.000000,0.016505
239,193,300,0.003323,0.000953,4306086.000000,70379.000000,0.016344
240,194,300,0.003330,0.000991,4314810.000000,77686.000000,0.018005
241,195,300,0.003315,0.000861,4515006.000000,72562.000000,0.016071
242,196,300,0.003322,0.001004,4539728.000000,73206.000000,0.016126
243,196,300,0.003326,0.001059,4542747.000000,83091.000000,0.018291
244,197,300,0.003324,0.000886,4619923.000000,73506.000000,0.015911
245,197,300,0.003320,0.001031,4508052.000000,69801.000000,0.015484
246,198,300,0.003325,0.001076,4705394.000000,86393.000000,0.018360
247,199,300,0.003324,0.000867,4712476.000000,75120.000000,0.015941
248,200,300,0.003322,0.001051,4719273.000000,74618.000000,0.015811
249,201,300,0.003326,0.001130,4809256.000000,87991.000000,0.018296
250,202,300,0.003320,0.000969,4863396.000000,75217.000000,0.015466
251,203,300,0.003326,0.001118,4918155.000000,78931.000000,0.016049
252,204,300,0.003324,0.001197,4962856.000000,93659.000000,0.018872
253,205,300,0.003324,0.000922,4991367.000000,78123.000000,0.015652
254,206,300,0.003322,0.001149,5066096.000000,79535.000000,0.015699
255,207,300,0.003327,0.001254,5131558.000000,88549.000000,0.017256
256,207,300,0.003321,0.001014,5101102.000000,84764.000000,0.016617
257,208,300,0.003323,0.001153,5194323.000000,81169.000000,0.015626
258,209,300,0.003318,0.001101,5214107.000000,81947.000000,0.015716
259,209,300,0.003324,0.001037,5163022.000000,79489.000000,0.015396
260,209,300,0.003324,0.001178,5156318.000000,77268.000000,0.014985
261,210,300,0.003325,0.001147,5270746.000000,83797.000000,0.015899
262,210,300,0.003324,0.001042,5153739.000000,80068.000000,0.015536
263,211,300,0.003325,0.001180,5199013.000000,79961.000000,0.015380
264,212,300,0.003324,0.001147,5294102.000000,83576.000000,0.015787
265,213,300,0.003324,0.001074,5243511.000000,77636.000000,0.014806
266,214,300,0.003324,0.001202,5393223.000000,82801.000000,0.015353
267,215,300,0.003326,0.001195,5498702.000000,85431.000000,0.015537
268,216,300,0.003322,0.001131,5527626.000000,85348.000000,0.015440
269,217,300,0.003327,0.001261,5494644.000000,84232.000000,0.015330
270,218,300,0.003327,0.001252,5606131.000000,87380.000000,0.015587
271,219,300,0.003316,0.001174,5759298.000000,88327.000000,0.015336
272,220,300,0.003327,0.001291,5785864.000000,86518.000000,0.014953
273,221,300,0.003329,0.001255,5918290.000000,88135.000000,0.014892
274,221,300,0.003317,0.001203,5990055.000000,87209.000000,0.014559
275,222,300,0.003331,0.001349,5975252.000000,87128.000000,0.014581
276,223,300,0.003319,0.001315,6146122.000000,92597.000000,0.015066
277,224,300,0.003322,0.001257,6247777.000000,92226.000000,0.014761
278,225,300,0.003328,0.001379,6295302.000000,92227.000000,0.014650
279,226,300,0.003325,0.001379,6307743.000000,93311.000000,0.014793
280,226,300,0.003322,0.001288,6363437.000000,88005.000000,0.013830
281,227,300,0.003327,0.001415,6420271.000000,92049.000000,0.014337
282,228,300,0.003325,0.001413,6479757.000000,93648.000000,0.014452
283,229,300,0.003322,0.001353,6490700.000000,93142.000000,0.014350
284,230,300,0.003328,0.001437,6607818.000000,92960.000000,0.014068
285,231,300,0.003324,0.001466,6743871.000000,94356.000000,0.013991
286,232,300,0.003322,0.001359,6729957.000000,94320.000000,0.014015
287,233,300,0.003331,0.001560,6849985.000000,98968.000000,0.014448
288,234,300,0.003318,0.001630,6882994.000000,102182.000000,0.014846
289,235,300,0.003324,0.001299,6867010.000000,95657.000000,0.013930
290,235,300,0.003326,0.001520,6986772.000000,109167.000000,0.015625
291,236,300,0.003322,0.001535,6868861.000000,99693.000000,0.014514
292,236,300,0.003327,0.001487,6842150.000000,94925.000000,0.013874
293,237,300,0.003323,0.001525,6859801.000000,94780.000000,0.013817
294,238,300,0.003324,0.001491,6945889.000000,96773.000000,0.013932
295,238,300,0.003322,0.001434,6861724.000000,91534.000000,0.013340
296,239,300,0.003327,0.001334,7025989.000000,97457.000000,0.013871
297,240,300,0.003321,0.001586,7103789.000000,100886.000000,0.014202
298,240,300,0.003323,0.001366,7099557.000000,96790.000000,0.013633
299,241,300,0.003328,0.001574,7089788.000000,98155.000000,0.013845
300,242,300,0.003324,0.001552,7155901.000000,95768.000000,0.013383
301,243,300,0.003322,0.001509,7221314.000000,98835.000000,0.013687
302,244,300,0.003330,0.001599,7320893.000000,100193.000000,0.013686
303,245,300,0.003318,0.001614,7533016.000000,103668.000000,0.013762
304,246,300,0.003325,0.001415,7423380.000000,101355.000000,0.013653
305,247,300,0.003326,0.001425,7481327.000000,97784.000000,0.013070
306,248,300,0.003328,0.001633,7532825.000000,104364.000000,0.013855
307,248,300,0.003322,0.001591,7631547.000000,103009.000000,0.013498
308,249,300,0.003326,0.001501,7731871.000000,106260.000000,0.013743
309,250,300,0.003331,0.001689,7851757.000000,105311.000000,0.013412
310,250,300,0.003317,0.001630,7839313.000000,102407.000000,0.013063
311,251,300,0.003325,0.001528,8001915.000000,105769.000000,0.013218
312,252,300,0.003325,0.001741,8023378.000000,108237.000000,0.013490
313,253,300,0.003325,0.001539,7958055.000000,106892.000000,0.013432
314,253,300,0.003326,0.001541,8043361.000000,107405.000000,0.013353
315,254,300,0.003324,0.001780,8147937.000000,105519.000000,0.012950
316,255,300,0.003325,0.001579,8247958.000000,109661.000000,0.013296
317,256,300,0.003328,0.001618,8170531.000000,109374.000000,0.013386
318,256,300,0.003321,0.001816,8146473.000000,109696.000000,0.013465
319,257,300,0.003326,0.001575,8220814.000000,108333.000000,0.013178
320,257,300,0.003324,0.001592,8228132.000000,106856.000000,0.012987
321,258,300,0.003325,0.001812,8371618.000000,110383.000000,0.013185
322,258,300,0.003327,0.001616,8429336.000000,109599.000000,0.013002
323,259,300,0.003323,0.001607,8388634.000000,109362.000000,0.013037
324,259,300,0.003325,0.001822,8331913.000000,108791.000000,0.013057
325,260,300,0.003326,0.001618,8312714.000000,106762.000000,0.012843
326,261,300,0.003325,0.001627,8427522.000000,111445.000000,0.013224
327,262,300,0.003326,0.001840,8410899.000000,110485.000000,0.013136
328,263,300,0.003326,0.001628,8503262.000000,111372.000000,0.013098
329,264,300,0.003325,0.001651,8485748.000000,111930.000000,0.013190
330,265,300,0.003328,0.001764,8533528.000000,108962.000000,0.012769
331,266,300,0.003321,0.001815,8548387.000000,112845.000000,0.013201
332,267,300,0.003325,0.001668,8655615.000000,113308.000000,0.013091
333,268,300,0.003329,0.001894,8636649.000000,113454.000000,0.013136
334,269,300,0.003326,0.001713,8757020.000000,115021.000000,0.013135
335,270,300,0.003325,0.001723,8678639.000000,112028.000000,0.012908
336,271,300,0.003330,0.001893,8808610.000000,115402.000000,0.013101
337,272,300,0.003326,0.001702,8822155.000000,115026.000000,0.013038
338,272,300,0.003323,0.001717,8833686.000000,113973.000000,0.012902
339,273,300,0.003330,0.001921,8837952.000000,113759.000000,0.012872
340,274,300,0.003326,0.001710,8906347.000000,112599.000000,0.012643
341,275,300,0.003325,0.001737,8914174.000000,115652.000000,0.012974
342,276,300,0.003331,0.001934,8981936.000000,116746.000000,0.012998
343,277,300,0.003326,0.001743,9124718.000000,116238.000000,0.012739
344,277,300,0.003326,0.001778,9199700.000000,117482.000000,0.012770
345,278,300,0.003334,0.001998,9235343.000000,115770.000000,0.012536
346,279,300,0.003325,0.001804,9327431.000000,119777.000000,0.012841
347,280,300,0.003331,0.001828,9342723.000000,120064.000000,0.012851
348,281,300,0.003327,0.001829,9481743.000000,122048.000000,0.012872
349,282,300,0.003331,0.002012,9494134.000000,121035.000000,0.012748
350,283,300,0.003328,0.001855,9596128.000000,117924.000000,0.012289
351,284,300,0.003340,0.002105,9842799.000000,123535.000000,0.012551
352,285,300,0.003339,0.001947,9952730.000000,125683.000000,0.012628
353,286,300,0.003326,0.001893,9719142.000000,123882.000000,0.012746
354,287,300,0.003339,0.002101,9758299.000000,124593.000000,0.012768
355,288,300,0.003329,0.001911,9750209.000000,122035.000000,0.012516
356,289,300,0.003331,0.001903,9944300.000000,126449.000000,0.012716
357,290,300,0.003354,0.002375,10051517.000000,129295.000000,0.012863
358,290,300,0.003331,0.001950,10095249.000000,127515.000000,0.012631
359,291,300,0.003330,0.001936,10029073.000000,126588.000000,0.012622
360,291,300,0.003341,0.002169,10095802.000000,124053.000000,0.012288
361,291,300,0.003332,0.001955,10058599.000000,126899.000000,0.012616
362,292,300,0.003332,0.001964,10183390.000000,126759.000000,0.012448
363,293,300,0.003345,0.002191,10335000.000000,130217.000000,0.012600
364,294,300,0.003335,0.001994,10356163.000000,131162.000000,0.012665
365,295,300,0.003335,0.002011,10284073.000000,128517.000000,0.012497
366,296,300,0.003346,0.002214,10427954.000000,132102.000000,0.012668
367,296,300,0.003335,0.002021,10425213.000000,132345.000000,0.012695
368,296,300,0.003327,0.002037,10510529.000000,131448.000000,0.012506
369,297,300,0.003344,0.002247,10497002.000000,132704.000000,0.012642
370,298,300,0.003336,0.002045,10572726.000000,129995.000000,0.012295
371,299,300,0.003339,0.002062,10736607.000000,134617.000000,0.012538
372,299,300,0.003355,0.002324,10893637.000000,136203.000000,0.012503
373,300,300,0.003351,0.002311,10820557.000000,135674.000000,0.012539
374,301,300,0.003339,0.002082,10874438.000000,136074.000000,0.012513
375,302,300,0.003341,0.002152,10806271.000000,133320.000000,0.012337
376,303,300,0.003341,0.002102,10980585.000000,136822.000000,0.012460
377,304,299,0.003461,0.002542,11057478.000000,141749.000000,0.012819
378,304,299,0.003444,0.002207,11177841.000000,140629.000000,0.012581
379,305,299,0.003441,0.002183,10911911.000000,137558.000000,0.012606
380,306,299,0.003439,0.002121,11016397.000000,134030.000000,0.012166
381,307,299,0.003417,0.002188,11253086.000000,140203.000000,0.012459
382,308,299,0.003446,0.002236,11341518.000000,139772.000000,0.012324
383,309,298,0.003456,0.002186,11386737.000000,141558.000000,0.012432
384,310,298,0.003436,0.002206,11338270.000000,138542.000000,0.012219
385,311,298,0.003443,0.002215,11414123.000000,140581.000000,0.012316
386,312,298,0.003452,0.002229,11693442.000000,146567.000000,0.012534
387,313,298,0.003446,0.002318,11965429.000000,147297.000000,0.012310
388,313,298,0.003451,0.002375,12016541.000000,147674.000000,0.012289
389,313,297,0.003446,0.002315,11808704.000000,142026.000000,0.012027
390,313,297,0.003451,0.002314,11961229.000000,145908.000000,0.012198
391,314,297,0.003449,0.002333,12055893.000000,145991.000000,0.012110
392,315,297,0.003435,0.002351,12077227.000000,150195.000000,0.012436
393,316,297,0.003454,0.002423,12250782.000000,149738.000000,0.012223
394,317,296,0.003456,0.002410,12313477.000000,150113.000000,0.012191
395,317,296,0.003458,0.002468,12618809.000000,153932.000000,0.012199
396,317,296,0.003457,0.002489,12507691.000000,153201.000000,0.012249
397,318,296,0.003455,0.002447,12535791.000000,152227.000000,0.012143
398,319,296,0.003458,0.002490,12633744.000000,156276.000000,0.012370
399,320,295,0.003460,0.002540,12699594.000000,151988.000000,0.011968
400,321,295,0.003457,0.002477,12840785.000000,154677.000000,0.012046
401,321,295,0.003461,0.002557,12889992.000000,157004.000000,0.012180
402,322,295,0.003464,0.002602,13017505.000000,158237.000000,0.012156
403,323,295,0.003460,0.002540,13108690.000000,157498.000000,0.012015
404,324,295,0.003464,0.002603,13197008.000000,154372.000000,0.011697
405,325,294,0.003464,0.002633,13160779.000000,158718.000000,0.012060
406,326,294,0.003463,0.002598,13277570.000000,160699.000000,0.012103
407,327,294,0.003454,0.002629,13260398.000000,160727.000000,0.012121
408,328,294,0.003465,0.002639,13393562.000000,161424.000000,0.012052
409,329,294,0.003465,0.002626,13578218.000000,160860.000000,0.011847
410,329,293,0.003433,0.002669,13849184.000000,163985.000000,0.011841
411,330,293,0.003368,0.002677,13605906.000000,165323.000000,0.012151
412,331,293,0.003377,0.002683,13762010.000000,165082.000000,0.011995
413,332,293,0.003367,0.002726,13754550.000000,162492.000000,0.011814
414,333,293,0.003380,0.002721,13936728.000000,168895.000000,0.012119
415,334,293,0.003381,0.002725,13875401.000000,166788.000000,0.012020
416,335,293,0.003367,0.002722,14028242.000000,167389.000000,0.011932
417,336,293,0.003371,0.002767,13971687.000000,166909.000000,0.011946
418,337,293,0.003381,0.002893,14006891.000000,178696.000000,0.012758
419,338,293,0.003373,0.002789,14051300.000000,170044.000000,0.012102
420,339,293,0.003373,0.002745,14240903.000000,167917.000000,0.011791
421,340,293,0.003354,0.003008,14525433.000000,185326.000000,0.012759
422,341,293,0.003331,0.002807,14236107.000000,170852.000000,0.012001
423,342,293,0.003373,0.002804,14198121.000000,165034.000000,0.011624
424,343,293,0.003361,0.003006,14535543.000000,184856.000000,0.012718
425,344,293,0.003380,0.002881,14446103.000000,173931.000000,0.012040
426,345,293,0.003374,0.002815,14464221.000000,172452.000000,0.011923
427,346,293,0.003368,0.003055,14693867.000000,183846.000000,0.012512
428,346,293,0.003380,0.002885,14567701.000000,171246.000000,0.011755
429,347,292,0.003379,0.002888,14733306.000000,174170.000000,0.011822
430,348,292,0.003425,0.003097,14926793.000000,182171.000000,0.012204
431,349,292,0.003385,0.002942,15027052.000000,179077.000000,0.011917
432,350,292,0.003382,0.002953,15153804.000000,181265.000000,0.011962
433,351,292,0.003498,0.003214,15254912.000000,186088.000000,0.012199
434,352,292,0.003348,0.003009,15295848.000000,184569.000000,0.012067
435,353,292,0.003330,0.002990,15400586.000000,184121.000000,0.011955
436,354,292,0.003435,0.003120,15545772.000000,188416.000000,0.012120
437,355,292,0.003340,0.003023,15546452.000000,186085.000000,0.011970
438,355,292,0.003363,0.003045,15675217.000000,184298.000000,0.011757
439,356,292,0.003405,0.003082,15867320.000000,188638.000000,0.011888
440,357,292,0.003446,0.003113,16070324.000000,189500.000000,0.011792
441,358,292,0.003433,0.003138,16081058.000000,188583.000000,0.011727
442,359,292,0.003486,0.003132,16196438.000000,188586.000000,0.011644
443,360,292,0.003518,0.003191,16431957.000000,188695.000000,0.011483
444,361,292,0.003546,0.003208,16574193.000000,193663.000000,0.011685
445,361,292,0.003503,0.003165,16376841.000000,190996.000000,0.011663
446,362,292,0.003496,0.003199,16435833.000000,191795.000000,0.011669
447,363,292,0.003491,0.003212,16389157.000000,191632.000000,0.011693
448,363,292,0.003496,0.003224,16353931.000000,188465.000000,0.011524
449,364,292,0.003488,0.003206,16388841.000000,193015.000000,0.011777
450,364,291,0.003514,0.003206,16441032.000000,192182.000000,0.011689
451,365,291,0.003516,0.003232,16488023.000000,191899.000000,0.011639
452,365,291,0.003486,0.003225,16435973.000000,187736.000000,0.011422
453,365,291,0.003562,0.003237,16633875.000000,192864.000000,0.011595
454,365,291,0.003545,0.003255,16637463.000000,194099.000000,0.011666
455,366,291,0.003585,0.003254,16761352.000000,194808.000000,0.011622
456,367,291,0.003557,0.003230,16594718.000000,194082.000000,0.011695
457,368,291,0.003568,0.003247,16700684.000000,191819.000000,0.011486
458,368,290,0.003608,0.003273,16879600.000000,195157.000000,0.011562
459,368,290,0.003661,0.003325,17075336.000000,197712.000000,0.011579
460,368,290,0.003638,0.003310,16964251.000000,196347.000000,0.011574
461,368,290,0.003600,0.003320,16890296.000000,195584.000000,0.011580
462,369,289,0.003628,0.003316,16964780.000000,193861.000000,0.011427
463,369,289,0.003609,0.003324,16969367.000000,196410.000000,0.011574
464,370,289,0.003801,0.003437,17236590.000000,201475.000000,0.011689
465,371,288,0.003729,0.003391,17351460.000000,202785.000000,0.011687
466,372,288,0.003706,0.003378,17330646.000000,199443.000000,0.011508
467,373,288,0.003721,0.003382,17479321.000000,204057.000000,0.011674
468,374,287,0.003682,0.003375,17273162.000000,203451.000000,0.011778
469,375,287,0.003733,0.003390,17490829.000000,206676.000000,0.011816
470,376,286,0.003811,0.003452,17784195.000000,208494.000000,0.011724
471,376,286,0.003759,0.003441,17725330.000000,207027.000000,0.011680
472,377,285,0.003826,0.003493,17933090.000000,213493.000000,0.011905
473,378,285,0.003823,0.003525,18011021.000000,215648.000000,0.011973
474,379,284,0.003818,0.003525,18054258.000000,215279.000000,0.011924
475,380,283,0.003894,0.003551,18291795.000000,212829.000000,0.011635
476,381,283,0.003947,0.003605,18606668.000000,220352.000000,0.011843
477,382,282,0.003948,0.003589,18493102.000000,218709.000000,0.011827
478,383,281,0.003940,0.003607,18554051.000000,219355.000000,0.011822
479,383,280,0.003923,0.003651,18578685.000000,215249.000000,0.011586
480,384,280,0.003997,0.003645,18826675.000000,220840.000000,0.011730
481,384,279,0.004011,0.003678,18997089.000000,222803.000000,0.011728
482,385,278,0.004083,0.003665,18924050.000000,221262.000000,0.011692
483,386,277,0.004015,0.003715,18976619.000000,219155.000000,0.011549
484,387,276,0.004087,0.003734,19218810.000000,224388.000000,0.011675
485,388,275,0.004067,0.003766,19165096.000000,223899.000000,0.011683
486,388,274,0.004099,0.003754,19361211.000000,225146.000000,0.011629
487,389,273,0.004129,0.003799,19500600.000000,226938.000000,0.011637
488,390,272,0.004134,0.003816,19587508.000000,226610.000000,0.011569
489,391,271,0.004218,0.003854,19514383.000000,230625.000000,0.011818
490,392,270,0.004442,0.004027,19830078.000000,235298.000000,0.011866
491,393,269,0.004234,0.003909,19826889.000000,229775.000000,0.011589
492,394,268,0.004377,0.004021,20060646.000000,233181.000000,0.011624
493,395,267,0.004373,0.004029,19985546.000000,234244.000000,0.011721
494,395,266,0.004351,0.004047,19961770.000000,234847.000000,0.011765
495,396,264,0.004312,0.004011,19945298.000000,231013.000000,0.011582
496,397,263,0.004366,0.003993,20226632.000000,235726.000000,0.011654
497,398,262,0.004883,0.004231,20493727.000000,238881.000000,0.011656
498,399,260,0.004590,0.003979,20375413.000000,236459.000000,0.011605
499,400,259,0.004710,0.004022,20451713.000000,235702.000000,0.011525
500,400,257,0.004645,0.004017,20633086.000000,237944.000000,0.011532
501,401,256,0.004712,0.004079,20761905.000000,240358.000000,0.011577
502,402,255,0.004686,0.004081,20586236.000000,236792.000000,0.011502
503,403,253,0.004728,0.004118,20795683.000000,238089.000000,0.011449
504,404,252,0.004741,0.004124,20821810.000000,239762.000000,0.011515
505,405,251,0.004801,0.004161,21214967.000000,246013.000000,0.011596
506,406,249,0.004829,0.004235,21104592.000000,243806.000000,0.011552
507,407,248,0.004876,0.004247,21325661.000000,249212.000000,0.011686
508,408,246,0.004832,0.004234,21354535.000000,248363.000000,0.011630
509,409,245,0.004840,0.004231,21444452.000000,245956.000000,0.011469
510,410,244,0.004929,0.004282,21699092.000000,251547.000000,0.011593
511,410,242,0.005022,0.004366,21979578.000000,253992.000000,0.011556
512,411,241,0.004890,0.004307,21615034.000000,249810.000000,0.011557
513,412,240,0.004919,0.004275,21806747.000000,250080.000000,0.011468
514,412,238,0.004932,0.004352,21818617.000000,251462.000000,0.011525
515,413,237,0.004914,0.004326,21855417.000000,253029.000000,0.011577
516,414,236,0.004948,0.004340,21952798.000000,250777.000000,0.011423
517,415,234,0.005011,0.004353,22195700.000000,256178.000000,0.011542
518,416,233,0.005043,0.004411,22337459.000000,254718.000000,0.011403
519,417,232,0.005011,0.004416,22307640.000000,256199.000000,0.011485
520,418,230,0.005083,0.004439,22511101.000000,253667.000000,0.011269
521,419,229,0.005139,0.004483,22871088.000000,261702.000000,0.011442
522,420,228,0.005154,0.004499,22881812.000000,260244.000000,0.011373
523,421,226,0.005167,0.004549,23121448.000000,261146.000000,0.011295
524,422,225,0.005259,0.004604,23357481.000000,265949.000000,0.011386
525,423,224,0.005316,0.004654,23722609.000000,268345.000000,0.011312
526,423,222,0.005514,0.004882,23965341.000000,270523.000000,0.011288
527,424,221,0.005353,0.004686,23832298.000000,270727.000000,0.011360
528,425,220,0.005389,0.004737,23932280.000000,271995.000000,0.011365
529,426,218,0.005459,0.004824,24099327.000000,273506.000000,0.011349
530,427,217,0.005358,0.004708,24006671.000000,273835.000000,0.011407
531,428,216,0.005402,0.004803,23968900.000000,275782.000000,0.011506
532,429,215,0.005319,0.004708,24025816.000000,271124.000000,0.011285
533,430,213,0.005447,0.004820,24325053.000000,276631.000000,0.011372
534,431,212,0.005468,0.004824,24505843.000000,281962.000000,0.011506
535,432,211,0.005522,0.004902,24567332.000000,274912.000000,0.011190
536,433,210,0.005521,0.004865,24740606.000000,280132.000000,0.011323
537,433,209,0.005562,0.004928,24959804.000000,281121.000000,0.011263
538,434,207,0.005563,0.004934,25048895.000000,279746.000000,0.011168
539,435,206,0.005644,0.004949,25324117.000000,285329.000000,0.011267
540,436,205,0.005633,0.005007,25137764.000000,286134.000000,0.011383
541,437,204,0.005598,0.004962,25325634.000000,282176.000000,0.011142
542,438,203,0.005737,0.005120,25636775.000000,288692.000000,0.011261
543,438,202,0.005642,0.005042,25516570.000000,288821.000000,0.011319
544,439,200,0.005727,0.005142,25590228.000000,283849.000000,0.011092
545,440,199,0.005542,0.005178,25766802.000000,291881.000000,0.011328
546,441,199,0.005467,0.005137,25845577.000000,290035.000000,0.011222
547,442,198,0.005568,0.005257,25919165.000000,290241.000000,0.011198
548,443,197,0.005529,0.005163,26084779.000000,299700.000000,0.011489
549,444,196,0.005621,0.005293,26181135.000000,294872.000000,0.011263
550,445,195,0.005633,0.005163,26445469.000000,304062.000000,0.011498
551,445,194,0.005621,0.005250,26303865.000000,295637.000000,0.011239
552,445,193,0.005579,0.005269,26281476.000000,293865.000000,0.011181
553,445,193,0.005656,0.005289,26474699.000000,294153.000000,0.011111
554,446,192,0.005700,0.005303,26659307.000000,297962.000000,0.011177
555,447,191,0.005955,0.005222,26649673.000000,296411.000000,0.011123
556,448,190,0.005908,0.005317,26822942.000000,297778.000000,0.011102
557,449,189,0.005741,0.005347,26799981.000000,299771.000000,0.011185
558,450,189,0.005697,0.005309,27022192.000000,300832.000000,0.011133
559,451,188,0.005748,0.005403,27210585.000000,304170.000000,0.011178
560,452,187,0.005678,0.005302,27131755.000000,302862.000000,0.011163
561,453,187,0.005772,0.005425,27192559.000000,305285.000000,0.011227
562,453,186,0.005672,0.005378,27344973.000000,301384.000000,0.011022
563,454,186,0.005884,0.005559,27510653.000000,306916.000000,0.011156
564,455,185,0.005809,0.005455,27547278.000000,310328.000000,0.011265
565,456,184,0.005757,0.005453,27519360.000000,302082.000000,0.010977
566,457,184,0.005939,0.005553,27826398.000000,311548.000000,0.011196
567,458,183,0.005799,0.005466,27870224.000000,308831.000000,0.011081
568,459,183,0.005918,0.005545,27915917.000000,307808.000000,0.011026
569,460,182,0.005901,0.005519,28110482.000000,314590.000000,0.011191
570,461,182,0.005902,0.005562,28184927.000000,310491.000000,0.011016
571,462,181,0.005958,0.005603,28399566.000000,319017.000000,0.011233
572,463,180,0.005952,0.005579,28558465.000000,317528.000000,0.011119
573,464,180,0.006052,0.005698,29036853.000000,316685.000000,0.010906
574,465,179,0.006007,0.005660,28933718.000000,319476.000000,0.011042
575,466,179,0.005999,0.005688,28953251.000000,319955.000000,0.011051
576,467,178,0.006004,0.005696,29009236.000000,315407.000000,0.010873
577,468,178,0.006052,0.005747,29104586.000000,319843.000000,0.010989
578,469,177,0.006042,0.005718,29151180.000000,320535.000000,0.010996
579,470,176,0.006102,0.005743,29422366.000000,316844.000000,0.010769
580,471,176,0.006182,0.005787,29639065.000000,324035.000000,0.010933
581,472,175,0.006122,0.005761,29537729.000000,319789.000000,0.010826
582,473,175,0.006286,0.005834,29806347.000000,325868.000000,0.010933
583,474,174,0.006622,0.006200,30111221.000000,330628.000000,0.010980
584,475,173,0.006383,0.006030,30037771.000000,328629.000000,0.010941
585,476,173,0.006283,0.005961,29928747.000000,328176.000000,0.010965
586,477,172,0.006497,0.006094,30245658.000000,331190.000000,0.010950
587,478,172,0.006402,0.006056,30444010.000000,328955.000000,0.010805
588,479,171,0.006459,0.006068,30665987.000000,334074.000000,0.010894
589,480,171,0.006488,0.006174,30586060.000000,331502.000000,0.010838
590,481,170,0.006508,0.006034,30872977.000000,336273.000000,0.010892
591,482,170,0.006521,0.006131,31131566.000000,335423.000000,0.010774
592,482,169,0.006553,0.006174,30976229.000000,332713.000000,0.010741
593,483,169,0.006440,0.006101,30849256.000000,332778.000000,0.010787
594,484,168,0.006627,0.006236,31101035.000000,333015.000000,0.010708
595,484,168,0.006721,0.006297,31300199.000000,339691.000000,0.010853
596,485,167,0.006567,0.006158,31417727.000000,339905.000000,0.010819
597,486,167,0.006795,0.006418,31843122.000000,340262.000000,0.010686
598,486,166,0.006692,0.006365,31439277.000000,340851.000000,0.010842
599,487,166,0.006483,0.006177,31355822.000000,333515.000000,0.010636
600,488,165,0.006794,0.006388,31691321.000000,345330.000000,0.010897
601,489,164,0.007026,0.006649,31723123.000000,346302.000000,0.010916
602,489,164,0.006859,0.006379,31832889.000000,354633.000000,0.011140
603,490,163,0.006657,0.006312,31964995.000000,346638.000000,0.010844
604,491,163,0.006962,0.006575,32282310.000000,348953.000000,0.010809
605,492,162,0.007003,0.006598,32599227.000000,360324.000000,0.011053
606,492,162,0.006817,0.006410,32628748.000000,351384.000000,0.010769
607,493,161,0.007065,0.006694,32947972.000000,351966.000000,0.010682
608,494,160,0.006980,0.006603,32741497.000000,351674.000000,0.010741
609,495,160,0.006823,0.006439,32901687.000000,349137.000000,0.010612
610,495,159,0.007051,0.006687,33308903.000000,356202.000000,0.010694
611,495,159,0.007086,0.006780,33026510.000000,354349.000000,0.010729
612,496,158,0.006940,0.006522,33110419.000000,355668.000000,0.010742
613,497,158,0.007077,0.006728,33318041.000000,360810.000000,0.010829
614,498,157,0.007160,0.006813,33475484.000000,358203.000000,0.010700
615,499,156,0.007181,0.006830,33626179.000000,363442.000000,0.010808
616,500,156,0.007032,0.006670,33675501.000000,356884.000000,0.010598
617,501,155,0.007266,0.006894,34108220.000000,362746.000000,0.010635
618,501,155,0.007013,0.006651,33811777.000000,356660.000000,0.010548
619,502,154,0.007016,0.006688,33873644.000000,357307.000000,0.010548
620,502,154,0.007074,0.006707,34140778.000000,358874.000000,0.010512
621,503,153,0.007028,0.006695,34004055.000000,356507.000000,0.010484
622,504,153,0.007107,0.006738,34257904.000000,362000.000000,0.010567
623,505,152,0.007129,0.006784,34495074.000000,360758.000000,0.010458
624,506,152,0.007202,0.006823,34818640.000000,367736.000000,0.010561
625,507,151,0.007211,0.006896,34786664.000000,366814.000000,0.010545
626,508,151,0.007274,0.006919,34975212.000000,367986.000000,0.010521
627,509,150,0.007248,0.006922,34945857.000000,367897.000000,0.010528
628,510,149,0.007359,0.006979,35178362.000000,367700.000000,0.010452
629,511,149,0.007359,0.007000,35408180.000000,371843.000000,0.010502
630,512,148,0.007296,0.006922,35294367.000000,368514.000000,0.010441
631,513,148,0.007312,0.006979,35233449.000000,371012.000000,0.010530
632,514,147,0.007318,0.006923,35483533.000000,368823.000000,0.010394
633,515,147,0.007322,0.007014,35660926.000000,372857.000000,0.010456
634,515,146,0.007389,0.007011,35877955.000000,375803.000000,0.010474
635,516,146,0.007436,0.007067,36011559.000000,372704.000000,0.010350
636,516,145,0.007324,0.007007,35620047.000000,372460.000000,0.010456
637,517,145,0.007318,0.007018,35605272.000000,370780.000000,0.010414
638,517,145,0.007320,0.007012,35619832.000000,372326.000000,0.010453
639,517,144,0.007331,0.007028,35596271.000000,370712.000000,0.010414
640,517,144,0.007523,0.007128,35937043.000000,375176.000000,0.010440
641,518,143,0.007420,0.007066,35958707.000000,374040.000000,0.010402
642,519,143,0.007483,0.007096,36191137.000000,378167.000000,0.010449
643,519,143,0.007444,0.007133,36070728.000000,376709.000000,0.010444
644,520,142,0.007508,0.007157,36232829.000000,377790.000000,0.010427
645,521,142,0.007522,0.007139,36505836.000000,380060.000000,0.010411
646,522,141,0.007558,0.007190,36709421.000000,377763.000000,0.010291
647,523,141,0.007552,0.007230,36808796.000000,382238.000000,0.010384
648,524,141,0.007592,0.007257,36922034.000000,379761.000000,0.010285
649,525,140,0.007622,0.007253,37172156.000000,388490.000000,0.010451
650,526,140,0.007610,0.007310,37069193.000000,383538.000000,0.010347
651,527,140,0.007588,0.007269,37091921.000000,384383.000000,0.010363
652,527,139,0.007579,0.007275,37042931.000000,382655.000000,0.010330
653,527,139,0.007687,0.007352,37223173.000000,387370.000000,0.010407
654,528,138,0.007667,0.007309,37411557.000000,388950.000000,0.010397
655,528,138,0.007765,0.007375,37790877.000000,389729.000000,0.010313
656,529,138,0.007717,0.007386,37778095.000000,391665.000000,0.010368
657,529,137,0.007741,0.007438,37805562.000000,388203.000000,0.010268
658,530,137,0.007815,0.007431,38131364.000000,394492.000000,0.010346
659,531,137,0.007874,0.007572,38454037.000000,397358.000000,0.010333
660,532,136,0.007980,0.007599,38698638.000000,401873.000000,0.010385
661,533,136,0.007995,0.007627,38813599.000000,401827.000000,0.010353
662,534,136,0.008008,0.007627,38826388.000000,405480.000000,0.010443
663,535,135,0.007956,0.007632,38734290.000000,402016.000000,0.010379
664,536,135,0.008037,0.007634,38985419.000000,407605.000000,0.010455
665,537,135,0.008011,0.007684,38930641.000000,404790.000000,0.010398
666,538,134,0.008235,0.007823,39264997.000000,413485.000000,0.010531
667,538,134,0.008095,0.007766,39211448.000000,403594.000000,0.010293
668,539,134,0.008103,0.007691,39460195.000000,410382.000000,0.010400
669,540,133,0.008188,0.007821,39654898.000000,408551.000000,0.010303
670,540,133,0.008151,0.007815,39682225.000000,411271.000000,0.010364
671,541,132,0.008248,0.007849,39934264.000000,409756.000000,0.010261
672,542,132,0.008201,0.007836,39959530.000000,411328.000000,0.010294
673,542,132,0.008291,0.007867,40150735.000000,411734.000000,0.010255
674,543,131,0.008306,0.007915,40503669.000000,417708.000000,0.010313
675,543,131,0.008203,0.007876,40093367.000000,410726.000000,0.010244
676,544,131,0.008324,0.007919,40490899.000000,417340.000000,0.010307
677,544,130,0.008268,0.007907,40544023.000000,414171.000000,0.010215
678,545,130,0.008349,0.008022,40590190.000000,418349.000000,0.010307
679,546,130,0.008272,0.007981,40451407.000000,415370.000000,0.010268
680,547,129,0.008352,0.007935,40790742.000000,420385.000000,0.010306
681,548,129,0.008412,0.008055,40967945.000000,418316.000000,0.010211
682,548,128,0.008761,0.008397,41310057.000000,425309.000000,0.010296
683,548,128,0.008410,0.008067,40886865.000000,415494.000000,0.010162
684,549,128,0.008474,0.008087,41182247.000000,423221.000000,0.010277
685,550,127,0.008380,0.008072,40920186.000000,419692.000000,0.010256
686,551,127,0.008424,0.008029,41202136.000000,423521.000000,0.010279
687,552,127,0.008485,0.008145,41369609.000000,421090.000000,0.010179
688,553,126,0.008577,0.008142,41766978.000000,427587.000000,0.010237
689,554,126,0.008619,0.008215,42038088.000000,428685.000000,0.010198
690,555,126,0.008781,0.008362,41791626.000000,431303.000000,0.010320
691,556,125,0.009130,0.008524,42224019.000000,442414.000000,0.010478
692,557,125,0.008797,0.008261,42175562.000000,432832.000000,0.010263
693,558,124,0.008828,0.008306,42240216.000000,430893.000000,0.010201
694,559,124,0.008785,0.008306,42216353.000000,429753.000000,0.010180
695,560,124,0.008891,0.008424,42388285.000000,431698.000000,0.010184
696,561,123,0.008962,0.008435,42573172.000000,436819.000000,0.010260
697,562,123,0.008921,0.008489,42593305.000000,433469.000000,0.010177
698,563,123,0.008962,0.008491,42676545.000000,439576.000000,0.010300
699,564,122,0.008961,0.008530,42731292.000000,438421.000000,0.010260
700,565,122,0.009066,0.008517,43131318.000000,448446.000000,0.010397
701,566,121,0.009226,0.008695,43706481.000000,452121.000000,0.010344
702,567,121,0.009125,0.008728,43560394.000000,448830.000000,0.010304
703,567,120,0.009136,0.008689,43847417.000000,455796.000000,0.010395
704,568,120,0.009302,0.008620,43634334.000000,450486.000000,0.010324
705,569,120,0.009299,0.008860,43715832.000000,456375.000000,0.010440
706,570,119,0.009144,0.008641,43898426.000000,451245.000000,0.010279
707,571,119,0.009274,0.008751,44170140.000000,456348.000000,0.010332
708,572,118,0.009209,0.008708,44236536.000000,454735.000000,0.010280
709,573,118,0.009207,0.008760,44195034.000000,457852.000000,0.010360
710,573,118,0.009263,0.008756,44379379.000000,458504.000000,0.010331
711,574,117,0.009363,0.008828,44855246.000000,458490.000000,0.010222
712,575,117,0.009580,0.009202,45240156.000000,468747.000000,0.010361
713,575,116,0.009351,0.008960,45290164.000000,464064.000000,0.010246
714,576,116,0.009422,0.009048,45563909.000000,470793.000000,0.010333
715,576,116,0.009357,0.009049,45290267.000000,465314.000000,0.010274
716,577,115,0.009472,0.009071,45647618.000000,471314.000000,0.010325
717,578,115,0.009475,0.009080,45904793.000000,467828.000000,0.010191
718,579,114,0.009626,0.008998,46059403.000000,472018.000000,0.010248
719,580,114,0.009567,0.009116,46005306.000000,476255.000000,0.010352
720,581,114,0.009573,0.009094,46160291.000000,472177.000000,0.010229
721,582,113,0.009664,0.009168,46531091.000000,478166.000000,0.010276
722,583,113,0.009658,0.009165,46339193.000000,477035.000000,0.010294
723,583,113,0.009693,0.009188,46518132.000000,477553.000000,0.010266
724,584,112,0.009696,0.009236,46755670.000000,475429.000000,0.010168
725,585,112,0.009660,0.009214,46639234.000000,478192.000000,0.010253
726,586,112,0.009751,0.009260,46820660.000000,483443.000000,0.010325
727,587,111,0.009716,0.009277,46783809.000000,478351.000000,0.010225
728,588,111,0.009767,0.009259,47027552.000000,484202.000000,0.010296
729,589,111,0.009792,0.009333,47238477.000000,481744.000000,0.010198
730,589,110,0.009830,0.009307,47412599.000000,485924.000000,0.010249
731,590,110,0.009885,0.009426,47723372.000000,486562.000000,0.010195
732,591,110,0.009892,0.009427,47753802.000000,486788.000000,0.010194
733,592,109,0.010085,0.009557,48317553.000000,491325.000000,0.010169
734,593,109,0.009971,0.009473,48211128.000000,488116.000000,0.010125
735,594,109,0.010011,0.009529,48304057.000000,490707.000000,0.010159
736,595,108,0.010040,0.009536,48544028.000000,488662.000000,0.010066
737,596,108,0.010050,0.009616,48644180.000000,490687.000000,0.010087
738,597,108,0.010155,0.009606,49056225.000000,496333.000000,0.010118
739,598,107,0.010158,0.009724,49156556.000000,496163.000000,0.010094
740,599,107,0.010239,0.009709,49456017.000000,501876.000000,0.010148
741,599,106,0.010249,0.009712,49644363.000000,497021.000000,0.010012
742,600,106,0.010286,0.009772,49825809.000000,500025.000000,0.010035
743,600,106,0.010333,0.009848,49869346.000000,504413.000000,0.010115
744,601,105,0.010312,0.009839,49971717.000000,501602.000000,0.010038
745,601,105,0.010394,0.009845,50164075.000000,502363.000000,0.010014
746,601,105,0.010455,0.009922,50533290.000000,510617.000000,0.010105
747,602,104,0.010405,0.009868,50378564.000000,505023.000000,0.010025
748,603,104,0.010487,0.009953,50770861.000000,510468.000000,0.010054
749,604,104,0.010477,0.009998,50551710.000000,505899.000000,0.010008
750,604,103,0.010497,0.009992,50827091.000000,506849.000000,0.009972
751,605,103,0.010579,0.010039,51084944.000000,513125.000000,0.010045
752,605,103,0.010581,0.010140,51043775.000000,508199.000000,0.009956
753,606,102,0.010633,0.010131,51343014.000000,509929.000000,0.009932
754,607,102,0.010659,0.010135,51388983.000000,515968.000000,0.010040
755,608,102,0.010640,0.010159,51450998.000000,511516.000000,0.009942
756,609,101,0.010655,0.010125,51433469.000000,512633.000000,0.009967
757,610,101,0.010651,0.010194,51521671.000000,517582.000000,0.010046
758,610,101,0.010708,0.010184,51796977.000000,516975.000000,0.009981
759,611,101,0.010797,0.010283,52081757.000000,521044.000000,0.010004
760,612,100,0.010738,0.010245,52005093.000000,517622.000000,0.009953
761,613,100,0.010714,0.010269,51972171.000000,517840.000000,0.009964
762,614,100,0.010820,0.010294,52193658.000000,526147.000000,0.010081
763,615,99,0.010841,0.010331,52456338.000000,520917.000000,0.009930
764,616,99,0.010925,0.010452,52666462.000000,522124.000000,0.009914
765,616,99,0.010949,0.010382,52952157.000000,526090.000000,0.009935
766,617,99,0.011058,0.010514,53474314.000000,527957.000000,0.009873
767,618,98,0.010951,0.010426,52974180.000000,525499.000000,0.009920
768,619,98,0.010986,0.010510,53338550.000000,529990.000000,0.009936
769,620,98,0.011095,0.010544,53434094.000000,530873.000000,0.009935
770,621,97,0.011087,0.010565,53675205.000000,528051.000000,0.009838
771,622,97,0.011173,0.010683,53954336.000000,535269.000000,0.009921
772,622,97,0.011035,0.010590,53737112.000000,532232.000000,0.009904
773,623,97,0.011152,0.010652,53858809.000000,531458.000000,0.009868
774,624,96,0.011122,0.010655,54058491.000000,534928.000000,0.009895
775,625,96,0.011140,0.010701,54123066.000000,532181.000000,0.009833
776,626,96,0.011166,0.010793,54353060.000000,534936.000000,0.009842
777,627,96,0.011126,0.010781,54348071.000000,540720.000000,0.009949
778,628,95,0.011146,0.010769,54543300.000000,537207.000000,0.009849
779,628,95,0.011159,0.010853,54466876.000000,536135.000000,0.009843
780,629,95,0.011315,0.010880,54948555.000000,541818.000000,0.009860
781,630,95,0.011380,0.010941,55465623.000000,545348.000000,0.009832
782,631,94,0.011361,0.010938,54928310.000000,537797.000000,0.009791
783,632,94,0.011211,0.010858,54896696.000000,542352.000000,0.009880
784,633,94,0.011419,0.010980,55200448.000000,541844.000000,0.009816
785,634,94,0.011772,0.011275,55584387.000000,545787.000000,0.009819
786,635,93,0.011537,0.010956,56015868.000000,553380.000000,0.009879
787,636,93,0.011523,0.011072,56123731.000000,548893.000000,0.009780
788,637,93,0.011688,0.011089,56515249.000000,554968.000000,0.009820
789,638,92,0.011689,0.011165,56658000.000000,565167.000000,0.009975
790,639,92,0.011682,0.011153,56846980.000000,558095.000000,0.009817
791,640,92,0.011815,0.011373,56667813.000000,553068.000000,0.009760
792,641,92,0.011717,0.011187,56997347.000000,554872.000000,0.009735
793,642,91,0.011946,0.011445,57315808.000000,560677.000000,0.009782
794,642,91,0.011746,0.011253,57045321.000000,555294.000000,0.009734
795,643,91,0.011781,0.011283,57266217.000000,556979.000000,0.009726
796,644,91,0.011788,0.011308,57543536.000000,564528.000000,0.009810
797,645,90,0.011821,0.011373,57433690.000000,558832.000000,0.009730
798,646,90,0.011856,0.011330,57649882.000000,561560.000000,0.009741
799,647,90,0.011907,0.011416,57972748.000000,563968.000000,0.009728
800,648,90,0.012011,0.011457,58377431.000000,570780.000000,0.009777
801,649,89,0.011967,0.011527,58344880.000000,566102.000000,0.009703
802,649,89,0.011928,0.011491,58318508.000000,567154.000000,0.009725
803,649,89,0.011972,0.011517,58355181.000000,569933.000000,0.009767
804,650,89,0.011997,0.011481,58462250.000000,566795.000000,0.009695
805,651,89,0.012022,0.011700,58582292.000000,570740.000000,0.009743
806,652,88,0.011978,0.011562,58897802.000000,572683.000000,0.009723
807,653,88,0.012088,0.011663,59316663.000000,576298.000000,0.009716
808,654,88,0.012041,0.011621,59115933.000000,572876.000000,0.009691
809,655,88,0.012370,0.011948,59845827.000000,578304.000000,0.009663
810,655,88,0.012057,0.011611,59297951.000000,571839.000000,0.009643
811,656,87,0.012246,0.011804,59736429.000000,580770.000000,0.009722
812,657,87,0.012201,0.011834,59711629.000000,575711.000000,0.009642
813,658,87,0.012202,0.011737,59874434.000000,578288.000000,0.009658
814,659,87,0.012501,0.011974,60299611.000000,583481.000000,0.009676
815,660,86,0.012280,0.011837,60048168.000000,579508.000000,0.009651
816,661,86,0.012381,0.011854,60355422.000000,580833.000000,0.009624
817,661,86,0.012640,0.012102,60818715.000000,583912.000000,0.009601
818,662,86,0.012481,0.011903,60708602.000000,588455.000000,0.009693
819,663,86,0.012372,0.011934,60607610.000000,582904.000000,0.009618
820,663,85,0.012478,0.011939,60968506.000000,585047.000000,0.009596
821,663,85,0.012408,0.011961,60779335.000000,584074.000000,0.009610
822,664,85,0.012628,0.012059,61251929.000000,592453.000000,0.009672
823,665,85,0.012547,0.012054,61377195.000000,588198.000000,0.009583
824,666,85,0.012552,0.012010,61372376.000000,589872.000000,0.009611
825,667,84,0.012546,0.012056,61380389.000000,589047.000000,0.009597
826,668,84,0.012680,0.012104,61829179.000000,595687.000000,0.009634
827,669,84,0.012641,0.012202,61981726.000000,593073.000000,0.009569
828,669,84,0.012660,0.012216,61932625.000000,592975.000000,0.009575
829,670,84,0.012731,0.012406,62020526.000000,598896.000000,0.009656
830,671,83,0.012819,0.012287,62266599.000000,595632.000000,0.009566
831,672,83,0.012775,0.012237,62476757.000000,601313.000000,0.009625
832,673,83,0.012989,0.012479,62603447.000000,600470.000000,0.009592
833,674,83,0.012817,0.012359,62555483.000000,601881.000000,0.009622
834,675,83,0.012855,0.012328,62893346.000000,602260.000000,0.009576
835,675,82,0.012832,0.012379,62939052.000000,604899.000000,0.009611
836,676,82,0.012905,0.012398,63113835.000000,604277.000000,0.009574
837,677,82,0.012934,0.012606,63168562.000000,605583.000000,0.009587
838,678,82,0.012926,0.012513,63431683.000000,607978.000000,0.009585
839,679,82,0.013159,0.012694,63774190.000000,615112.000000,0.009645
840,680,81,0.013059,0.012573,63861357.000000,614093.000000,0.009616
841,681,81,0.013057,0.012584,64046505.000000,610802.000000,0.009537
842,682,81,0.013091,0.012611,64234775.000000,612081.000000,0.009529
843,683,81,0.013192,0.012735,64507560.000000,611739.000000,0.009483
844,684,81,0.013234,0.012685,64849425.000000,617096.000000,0.009516
845,685,80,0.013309,0.012836,65019126.000000,615872.000000,0.009472
846,686,80,0.013343,0.012824,65354805.000000,621330.000000,0.009507
847,687,80,0.013366,0.012857,65561184.000000,618539.000000,0.009435
848,688,80,0.013370,0.012815,65489271.000000,620363.000000,0.009473
849,689,80,0.013450,0.012948,65895993.000000,624086.000000,0.009471
850,690,79,0.013483,0.012966,66127129.000000,621926.000000,0.009405
851,690,79,0.013468,0.012966,66097101.000000,621936.000000,0.009409
852,691,79,0.013620,0.013082,66414624.000000,625821.000000,0.009423
853,691,79,0.013543,0.013047,66456163.000000,625086.000000,0.009406
854,692,79,0.013602,0.013058,66816592.000000,632976.000000,0.009473
855,693,78,0.013651,0.013135,66932135.000000,629340.000000,0.009403
856,694,78,0.013683,0.013168,67175682.000000,631115.000000,0.009395
857,694,78,0.013699,0.013192,67300409.000000,631768.000000,0.009387
858,694,78,0.013749,0.013278,67414560.000000,633628.000000,0.009399
859,695,78,0.013847,0.013359,67821834.000000,637621.000000,0.009401
860,696,77,0.013959,0.013381,68148686.000000,640534.000000,0.009399
861,697,77,0.014165,0.013614,68495354.000000,644249.000000,0.009406
862,697,77,0.015954,0.015631,69055452.000000,656919.000000,0.009513
863,698,77,0.014093,0.013596,68038563.000000,638331.000000,0.009382
864,698,76,0.013960,0.013452,68483822.000000,640620.000000,0.009354
865,699,76,0.013900,0.013343,68269117.000000,640153.000000,0.009377
866,700,76,0.014096,0.013733,68661824.000000,645121.000000,0.009396
867,701,76,0.014060,0.013714,68658446.000000,648368.000000,0.009443
868,702,76,0.014139,0.013643,69057614.000000,657867.000000,0.009526
869,703,76,0.014007,0.013678,68793332.000000,645086.000000,0.009377
870,704,75,0.014076,0.013650,69136416.000000,646839.000000,0.009356
871,705,75,0.014223,0.013791,69536438.000000,649220.000000,0.009336
872,706,75,0.014154,0.013716,69333931.000000,649389.000000,0.009366
873,707,75,0.014188,0.013846,69440638.000000,652233.000000,0.009393
874,708,75,0.014259,0.013821,69797174.000000,649622.000000,0.009307
875,709,74,0.014318,0.013883,70224572.000000,654115.000000,0.009315
876,710,74,0.014255,0.013893,69684442.000000,650976.000000,0.009342
877,711,74,0.014300,0.013969,69758198.000000,648475.000000,0.009296
878,711,74,0.014423,0.013907,70022166.000000,651440.000000,0.009303
879,712,74,0.014257,0.013852,70229126.000000,652932.000000,0.009297
880,713,74,0.014287,0.013836,70199866.000000,655826.000000,0.009342
881,713,73,0.014324,0.013952,70408322.000000,651780.000000,0.009257
882,714,73,0.014334,0.013869,70794455.000000,657960.000000,0.009294
883,715,73,0.014734,0.014269,70836344.000000,657428.000000,0.009281
884,716,73,0.014803,0.014286,71024161.000000,658068.000000,0.009265
885,717,73,0.014400,0.013940,70969666.000000,656003.000000,0.009243
886,718,72,0.014552,0.014008,71275693.000000,659637.000000,0.009255
887,719,72,0.014468,0.014009,71176706.000000,658123.000000,0.009246
888,719,72,0.014634,0.014289,71321815.000000,664644.000000,0.009319
889,720,72,0.014525,0.014115,71476705.000000,663103.000000,0.009277
890,721,72,0.014556,0.014180,71604434.000000,663699.000000,0.009269
891,722,72,0.014533,0.014146,71650143.000000,665144.000000,0.009283
892,722,72,0.014561,0.014229,71632313.000000,663783.000000,0.009267
893,723,71,0.014627,0.014183,72071013.000000,666161.000000,0.009243
894,724,71,0.014892,0.014519,72282376.000000,671013.000000,0.009283
895,725,71,0.014625,0.014269,72193397.000000,667688.000000,0.009249
896,726,71,0.014889,0.014416,72709762.000000,673141.000000,0.009258
897,727,71,0.014736,0.014365,72845233.000000,669645.000000,0.009193
898,728,71,0.014782,0.014319,72871742.000000,670368.000000,0.009199
899,728,70,0.014865,0.014425,73483656.000000,674894.000000,0.009184
900,729,70,0.014965,0.014532,73859256.000000,679358.000000,0.009198
901,729,70,0.015288,0.014709,74138589.000000,681422.000000,0.009191
902,729,70,0.015143,0.014711,74265629.000000,682421.000000,0.009189
903,729,70,0.015064,0.014666,74413720.000000,678426.000000,0.009117
904,730,70,0.014994,0.014520,74192969.000000,680448.000000,0.009171
905,730,69,0.015130,0.014681,74936768.000000,684233.000000,0.009131
906,731,69,0.015266,0.014787,74677294.000000,688101.000000,0.009214
907,732,69,0.015113,0.014737,74940805.000000,686989.000000,0.009167
908,733,69,0.015206,0.014743,75034587.000000,686887.000000,0.009154
909,734,69,0.015391,0.015010,76003813.000000,692013.000000,0.009105
910,734,69,0.015355,0.014959,76072624.000000,693400.000000,0.009115
911,734,69,0.015305,0.014979,75985537.000000,690784.000000,0.009091
912,734,68,0.015536,0.015057,76006870.000000,692374.000000,0.009109
913,735,68,0.015598,0.015131,76280681.000000,695156.000000,0.009113
914,736,68,0.015699,0.015201,76460880.000000,696494.000000,0.009109
915,737,68,0.015584,0.015034,76534534.000000,697071.000000,0.009108
916,738,68,0.015532,0.015026,76627116.000000,700304.000000,0.009139
917,739,68,0.015700,0.015114,77135150.000000,702692.000000,0.009110
918,740,68,0.015660,0.015153,77072101.000000,703225.000000,0.009124
919,741,67,0.015836,0.015258,77962504.000000,710158.000000,0.009109
920,742,67,0.015859,0.015289,77937106.000000,712928.000000,0.009147
921,743,67,0.015987,0.015431,78549203.000000,715371.000000,0.009107
922,744,67,0.015854,0.015367,78091854.000000,711364.000000,0.009109
923,745,67,0.015851,0.015393,78177439.000000,713586.000000,0.009128
924,746,67,0.015861,0.015381,78288383.000000,714393.000000,0.009125
925,747,67,0.015870,0.015404,78391112.000000,715138.000000,0.009123
926,747,66,0.016166,0.015605,78799651.000000,719707.000000,0.009133
927,747,66,0.016021,0.015507,78787416.000000,717269.000000,0.009104
928,748,66,0.016027,0.015493,79112964.000000,721541.000000,0.009120
929,749,66,0.019451,0.018921,81271001.000000,758831.000000,0.009337
930,750,66,0.016156,0.015602,79642929.000000,724313.000000,0.009095
931,750,66,0.016129,0.015614,79749394.000000,725850.000000,0.009102
932,750,65,0.016232,0.015686,80019795.000000,728395.000000,0.009103
933,751,65,0.016693,0.016138,80305177.000000,734009.000000,0.009140
934,752,65,0.016284,0.015779,80227722.000000,742761.000000,0.009258
935,752,65,0.016087,0.015754,79910783.000000,728722.000000,0.009119
936,752,65,0.016100,0.015767,79918185.000000,728918.000000,0.009121
937,753,65,0.016665,0.016140,80209950.000000,731819.000000,0.009124
938,754,64,0.016339,0.015769,80556137.000000,733993.000000,0.009112
939,755,64,0.016424,0.016030,80903368.000000,737772.000000,0.009119
940,756,64,0.016319,0.015952,80797950.000000,736308.000000,0.009113
941,757,64,0.016504,0.016075,80972303.000000,737078.000000,0.009103
942,758,64,0.016452,0.015992,81297733.000000,739670.000000,0.009098
943,759,64,0.016392,0.016050,81276684.000000,737380.000000,0.009072
944,759,64,0.016518,0.016183,81268694.000000,738260.000000,0.009084
945,760,63,0.016739,0.016267,81329071.000000,739892.000000,0.009098
946,761,63,0.016637,0.016030,81788042.000000,742020.000000,0.009072
947,762,63,0.016675,0.016113,82273899.000000,746965.000000,0.009079
948,763,63,0.016667,0.016159,82508679.000000,746590.000000,0.009049
949,764,63,0.016478,0.016017,82359982.000000,745961.000000,0.009057
950,765,63,0.016842,0.016280,82783006.000000,751117.000000,0.009073
951,766,63,0.017005,0.016406,83365070.000000,753587.000000,0.009040
952,766,62,0.016901,0.016398,83428140.000000,751391.000000,0.009006
953,767,62,0.017070,0.016679,83492596.000000,753516.000000,0.009025
954,767,62,0.016798,0.016379,83575324.000000,754591.000000,0.009029
955,768,62,0.016812,0.016476,83477202.000000,754980.000000,0.009044
956,769,62,0.016886,0.016436,83885735.000000,759178.000000,0.009050
957,770,62,0.016946,0.016550,84158937.000000,762148.000000,0.009056
958,771,62,0.016925,0.016510,84204267.000000,760450.000000,0.009031
959,772,61,0.016940,0.016491,84110784.000000,760476.000000,0.009041
960,773,61,0.016891,0.016528,84054853.000000,760355.000000,0.009046
961,773,61,0.016973,0.016581,84380550.000000,764165.000000,0.009056
962,774,61,0.017216,0.016866,84476378.000000,767028.000000,0.009080
963,775,61,0.017312,0.016961,84476392.000000,768237.000000,0.009094
964,776,61,0.017145,0.016779,84566118.000000,766635.000000,0.009066
965,777,61,0.017142,0.016722,84935990.000000,769229.000000,0.009057
966,778,61,0.017078,0.016697,84993825.000000,769328.000000,0.009052
967,779,60,0.017345,0.016874,85058183.000000,770914.000000,0.009063
968,780,60,0.017490,0.016910,85458029.000000,773596.000000,0.009052
969,781,60,0.017420,0.016852,85972839.000000,778091.000000,0.009050
970,782,60,0.017420,0.016824,86193879.000000,779165.000000,0.009040
971,783,60,0.017489,0.016993,86557349.000000,782269.000000,0.009038
972,784,60,0.017568,0.017007,87059260.000000,783726.000000,0.009002
973,785,60,0.017472,0.017012,86652101.000000,781345.000000,0.009017
974,785,60,0.017558,0.017075,86772388.000000,783096.000000,0.009025
975,786,59,0.017748,0.017275,86903937.000000,781905.000000,0.008997
