frame,nb of entities,FPS,frame length,physics length,L1-dcache-loads,L1-dcache-load-misses,L1-dcache-load-miss-ratio
0,3,302,0.001814,0.000016,448733.000000,29789.000000,0.066385
1,4,302,0.003329,0.000015,465996.000000,30953.000000,0.066423
2,5,302,0.003340,0.000018,444860.000000,30612.000000,0.068813
3,6,302,0.003328,0.000034,462491.000000,32883.000000,0.071100
4,7,302,0.003325,0.000017,459969.000000,30779.000000,0.066915
5,8,302,0.003328,0.000022,417800.000000,27057.000000,0.064761
6,9,302,0.003332,0.000020,538985.000000,30874.000000,0.057282
7,10,302,0.003311,0.000042,568116.000000,37615.000000,0.066210
8,11,302,0.003323,0.000022,569486.000000,30764.000000,0.054021
9,12,302,0.003332,0.000022,559908.000000,30525.000000,0.054518
10,13,302,0.003313,0.000025,523843.000000,27596.000000,0.052680
11,14,302,0.003322,0.000025,583893.000000,30709.000000,0.052594
12,15,302,0.003328,0.000023,565250.000000,30397.000000,0.053776
13,16,302,0.003318,0.000045,594753.000000,31974.000000,0.053760
14,17,302,0.003325,0.000025,571886.000000,30368.000000,0.053101
15,18,302,0.003328,0.000030,538121.000000,27137.000000,0.050429
16,19,302,0.003316,0.000041,590457.000000,31100.000000,0.052671
17,20,302,0.003322,0.000029,591935.000000,30319.000000,0.051220
18,21,302,0.003329,0.000029,489088.000000,30596.000000,0.062557
19,21,302,0.003376,0.000044,482067.000000,31000.000000,0.064306
20,22,302,0.003335,0.000031,452089.000000,27015.000000,0.059756
21,23,302,0.003349,0.000034,523068.000000,31751.000000,0.060701
22,24,302,0.003330,0.000037,510899.000000,31435.000000,0.061529
23,25,302,0.003349,0.000032,505772.000000,30441.000000,0.060187
24,26,302,0.003350,0.000035,518849.000000,31067.000000,0.059877
25,27,302,0.003332,0.000041,477127.000000,27331.000000,0.057282
26,28,302,0.003338,0.000037,516481.000000,30985.000000,0.059993
27,29,302,0.003331,0.000040,528233.000000,31444.000000,0.059527
28,29,302,0.003333,0.000035,506191.000000,30233.000000,0.059726
29,30,302,0.003339,0.000040,532148.000000,31207.000000,0.058643
30,31,302,0.003336,0.000040,501201.000000,28213.000000,0.056291
31,32,302,0.003338,0.000047,529836.000000,30543.000000,0.057646
32,33,302,0.003335,0.000042,538436.000000,30904.000000,0.057396
33,34,302,0.003326,0.000044,576373.000000,30827.000000,0.053484
34,35,302,0.003336,0.000040,550182.000000,31075.000000,0.056481
35,36,302,0.003338,0.000052,520867.000000,27933.000000,0.053628
36,37,302,0.003336,0.000048,565088.000000,32045.000000,0.056708
37,38,302,0.003341,0.000045,575906.000000,31786.000000,0.055193
38,38,302,0.003335,0.000049,547492.000000,30772.000000,0.056205
39,38,302,0.003346,0.000056,560251.000000,31685.000000,0.056555
40,39,302,0.003330,0.000058,545580.000000,28326.000000,0.051919
41,40,302,0.003345,0.000056,588955.000000,31638.000000,0.053719
42,40,302,0.003345,0.000060,582208.000000,31168.000000,0.053534
43,40,302,0.003335,0.000060,568775.000000,30784.000000,0.054123
44,41,302,0.003336,0.000050,592387.000000,31704.000000,0.053519
45,42,302,0.003347,0.000058,585154.000000,29313.000000,0.050095
46,42,302,0.003334,0.000064,589607.000000,31210.000000,0.052934
47,43,302,0.003331,0.000058,675044.000000,32390.000000,0.047982
48,44,302,0.003316,0.000061,771131.000000,32803.000000,0.042539
49,45,302,0.003323,0.000056,731406.000000,31886.000000,0.043595
50,46,302,0.003330,0.000062,707891.000000,29464.000000,0.041622
51,47,302,0.003321,0.000066,731909.000000,31551.000000,0.043108
52,47,302,0.003319,0.000071,710348.000000,31079.000000,0.043752
53,48,302,0.003327,0.000064,751601.000000,32850.000000,0.043707
54,49,302,0.003318,0.000064,764279.000000,31874.000000,0.041705
55,50,302,0.003322,0.000061,713299.000000,28136.000000,0.039445
56,51,302,0.003332,0.000068,764186.000000,32327.000000,0.042303
57,51,302,0.003316,0.000069,772330.000000,31861.000000,0.041253
58,51,302,0.003324,0.000062,731120.000000,31321.000000,0.042840
59,52,302,0.003328,0.000070,760355.000000,32461.000000,0.042692
60,52,300,0.003317,0.000070,724204.000000,27911.000000,0.038540
61,52,300,0.003323,0.000062,780426.000000,31497.000000,0.040359
62,53,300,0.003329,0.000093,805301.000000,34139.000000,0.042393
63,53,300,0.003320,0.000074,760507.000000,31360.000000,0.041236
64,54,300,0.003321,0.000082,789726.000000,31955.000000,0.040463
65,55,300,0.003331,0.000085,748985.000000,29484.000000,0.039365
66,56,300,0.003319,0.000085,811450.000000,33020.000000,0.040693
67,57,300,0.003318,0.000134,827048.000000,46817.000000,0.056607
68,58,300,0.003329,0.000126,837971.000000,50048.000000,0.059725
69,58,300,0.003314,0.000093,852737.000000,33112.000000,0.038830
70,59,300,0.003324,0.000076,805279.000000,29823.000000,0.037034
71,60,300,0.003328,0.000079,852221.000000,32660.000000,0.038323
72,61,300,0.003318,0.000078,857243.000000,32721.000000,0.038170
73,62,300,0.003323,0.000078,835853.000000,32366.000000,0.038722
74,63,300,0.003330,0.000087,845376.000000,33090.000000,0.039142
75,64,300,0.003320,0.000090,825204.000000,29179.000000,0.035360
76,65,300,0.003323,0.000080,852972.000000,32594.000000,0.038212
77,66,300,0.003331,0.000097,877221.000000,34376.000000,0.039187
78,66,300,0.003316,0.000094,856871.000000,32508.000000,0.037938
79,67,300,0.003323,0.000085,859331.000000,32559.000000,0.037889
80,68,300,0.003335,0.000095,833831.000000,30389.000000,0.036445
81,69,300,0.003312,0.000099,879021.000000,32909.000000,0.037438
82,69,300,0.003321,0.000096,883423.000000,33969.000000,0.038452
83,69,300,0.003330,0.000087,859589.000000,32726.000000,0.038072
84,70,300,0.003321,0.000109,896260.000000,33560.000000,0.037444
85,70,300,0.003325,0.000091,842393.000000,29956.000000,0.035561
86,71,300,0.003326,0.000114,923976.000000,34945.000000,0.037820
87,72,300,0.003323,0.000095,904714.000000,33379.000000,0.036895
88,72,300,0.003319,0.000117,883770.000000,33048.000000,0.037394
89,73,300,0.003334,0.000118,888597.000000,34242.000000,0.038535
90,74,300,0.003315,0.000120,889811.000000,30512.000000,0.034290
91,75,300,0.003316,0.000124,938023.000000,33785.000000,0.036017
92,76,300,0.003332,0.000126,942181.000000,34484.000000,0.036600
93,77,300,0.003317,0.000130,945266.000000,33554.000000,0.035497
94,77,300,0.003320,0.000129,928774.000000,32851.000000,0.035370
95,78,300,0.003332,0.000131,928591.000000,31396.000000,0.033810
96,79,300,0.003199,0.000137,982403.000000,34748.000000,0.035370
97,80,300,0.003318,0.000143,989721.000000,33438.000000,0.033785
98,81,300,0.003333,0.000142,1025432.000000,34691.000000,0.033831
99,82,300,0.003313,0.000133,1033059.000000,33979.000000,0.032892
100,83,300,0.003323,0.000119,999814.000000,30994.000000,0.031000
101,83,300,0.003331,0.000119,1029602.000000,34160.000000,0.033178
102,84,301,0.003319,0.000134,1073402.000000,34310.000000,0.031964
103,85,301,0.003323,0.000123,1054314.000000,34188.000000,0.032427
104,86,301,0.003330,0.000150,1095345.000000,35253.000000,0.032184
105,87,301,0.003318,0.000152,1073738.000000,31289.000000,0.029140
106,88,301,0.003323,0.000135,1111364.000000,35391.000000,0.031845
107,89,301,0.003327,0.000155,1114433.000000,34989.000000,0.031396
108,90,301,0.003322,0.000155,1155308.000000,35597.000000,0.030812
109,91,301,0.003323,0.000143,1128340.000000,35623.000000,0.031571
110,92,301,0.003327,0.000166,1165496.000000,33064.000000,0.028369
111,93,301,0.003323,0.000169,1186015.000000,35162.000000,0.029647
112,94,301,0.003324,0.000151,1178684.000000,35313.000000,0.029960
113,95,301,0.003328,0.000193,1196238.000000,36135.000000,0.030207
114,96,301,0.003319,0.000175,1239500.000000,35901.000000,0.028964
115,97,301,0.003323,0.000159,1180496.000000,32011.000000,0.027117
116,98,301,0.003330,0.000179,1266357.000000,37194.000000,0.029371
117,99,301,0.003319,0.000194,1286234.000000,36371.000000,0.028277
118,100,301,0.003323,0.000171,1301240.000000,36612.000000,0.028136
119,101,301,0.003330,0.000200,1303258.000000,37654.000000,0.028892
120,102,301,0.003319,0.000199,1314068.000000,33818.000000,0.025735
121,103,301,0.003323,0.000182,1322127.000000,36625.000000,0.027702
122,103,301,0.003332,0.000203,1312379.000000,37482.000000,0.028560
123,104,301,0.003317,0.000204,1329062.000000,36741.000000,0.027644
124,105,301,0.003323,0.000182,1356548.000000,37188.000000,0.027414
125,106,301,0.003330,0.000210,1308258.000000,34243.000000,0.026175
126,107,301,0.003319,0.000210,1392304.000000,37576.000000,0.026988
127,108,301,0.003323,0.000191,1372875.000000,37714.000000,0.027471
128,109,301,0.003329,0.000216,1400633.000000,38960.000000,0.027816
129,110,301,0.003319,0.000224,1422610.000000,37519.000000,0.026373
130,111,301,0.003323,0.000200,1404863.000000,34663.000000,0.024674
131,112,301,0.003330,0.000240,1456670.000000,38722.000000,0.026583
132,113,301,0.003319,0.000236,1512587.000000,38358.000000,0.025359
133,114,301,0.003324,0.000218,1520995.000000,39798.000000,0.026166
134,115,301,0.003331,0.000271,1595825.000000,41523.000000,0.026020
135,116,301,0.003317,0.000258,1561733.000000,35056.000000,0.022447
136,117,301,0.003323,0.000235,1614853.000000,39096.000000,0.024210
137,118,301,0.003331,0.000282,1616403.000000,40065.000000,0.024787
138,119,301,0.003319,0.000271,1666901.000000,39222.000000,0.023530
139,120,301,0.003323,0.000246,1635667.000000,38954.000000,0.023815
140,121,301,0.003329,0.000285,1654952.000000,37228.000000,0.022495
141,121,301,0.003324,0.000267,1692109.000000,39093.000000,0.023103
142,121,301,0.003319,0.000326,1692624.000000,39089.000000,0.023094
143,122,301,0.003327,0.000339,1726728.000000,41059.000000,0.023778
144,123,301,0.003325,0.000296,1779017.000000,39733.000000,0.022334
145,124,301,0.003323,0.000267,1705677.000000,35912.000000,0.021054
146,125,301,0.003327,0.000310,1787651.000000,41721.000000,0.023338
147,126,301,0.003325,0.000308,1770306.000000,40742.000000,0.023014
148,127,301,0.003323,0.000273,1825788.000000,40588.000000,0.022230
149,128,301,0.003324,0.000332,1817503.000000,41479.000000,0.022822
150,129,301,0.003325,0.000320,1827980.000000,37466.000000,0.020496
151,130,301,0.003323,0.000292,1852624.000000,39974.000000,0.021577
152,131,301,0.003325,0.000344,1892132.000000,42059.000000,0.022228
153,132,301,0.003323,0.000389,1938115.000000,42053.000000,0.021698
154,133,301,0.003323,0.000308,1996108.000000,41463.000000,0.020772
155,134,301,0.003324,0.000324,1964809.000000,40092.000000,0.020405
156,135,300,0.003336,0.000322,1957353.000000,42677.000000,0.021803
157,135,300,0.003315,0.000694,2148600.000000,70065.000000,0.032610
158,135,300,0.003342,0.000424,2041599.000000,42654.000000,0.020892
159,135,300,0.003321,0.000415,2067576.000000,41624.000000,0.020132
160,136,300,0.003324,0.000338,2081685.000000,39177.000000,0.018820
161,137,300,0.003319,0.000442,2132327.000000,44082.000000,0.020673
162,138,300,0.003330,0.000374,2173254.000000,42657.000000,0.019628
163,139,300,0.003319,0.000475,2191010.000000,45427.000000,0.020733
164,140,300,0.003322,0.000416,2227632.000000,44295.000000,0.019884
165,141,300,0.003329,0.000399,2170776.000000,40071.000000,0.018459
166,142,300,0.003319,0.000454,2264242.000000,44441.000000,0.019627
167,143,300,0.003323,0.000442,2329290.000000,45827.000000,0.019674
168,144,300,0.003329,0.000411,2323135.000000,44403.000000,0.019113
169,145,300,0.003319,0.000480,2302055.000000,44423.000000,0.019297
170,146,300,0.003325,0.000441,2324665.000000,42127.000000,0.018122
171,147,300,0.003325,0.000447,2373434.000000,45235.000000,0.019059
172,148,300,0.003320,0.000497,2410933.000000,45285.000000,0.018783
173,149,300,0.003321,0.000515,2405720.000000,46286.000000,0.019240
174,150,300,0.003330,0.000443,2447096.000000,45437.000000,0.018568
175,150,300,0.003319,0.000515,2396204.000000,41720.000000,0.017411
176,150,300,0.003322,0.000471,2455467.000000,46185.000000,0.018809
177,151,300,0.003332,0.000480,2530252.000000,49584.000000,0.019596
178,152,300,0.003318,0.000720,2711026.000000,77794.000000,0.028695
179,153,300,0.003320,0.000606,2744081.000000,62163.000000,0.022653
180,154,300,0.003330,0.000458,2666615.000000,45161.000000,0.016936
181,155,300,0.003317,0.000828,2900334.000000,92395.000000,0.031857
182,156,300,0.003318,0.000650,2908108.000000,63358.000000,0.021787
183,157,300,0.003325,0.000567,2812489.000000,49268.000000,0.017518
184,158,300,0.003320,0.000624,2825236.000000,49858.000000,0.017647
185,158,300,0.003325,0.000631,2778188.000000,47077.000000,0.016945
186,159,300,0.003328,0.000564,2853500.000000,49211.000000,0.017246
187,160,300,0.003319,0.000645,2968494.000000,52629.000000,0.017729
188,161,300,0.003323,0.000671,3007614.000000,54320.000000,0.018061
189,162,300,0.003332,0.000629,3047115.000000,53044.000000,0.017408
190,163,300,0.003314,0.000687,3063951.000000,50261.000000,0.016404
191,164,300,0.003324,0.000694,3163289.000000,53523.000000,0.016920
192,165,300,0.003325,0.000637,3177819.000000,53314.000000,0.016777
193,166,300,0.003318,0.000574,3212762.000000,53777.000000,0.016739
194,167,300,0.003322,0.000725,3225840.000000,56043.000000,0.017373
195,168,300,0.003326,0.000670,3204668.000000,50792.000000,0.015849
196,169,300,0.003323,0.000711,3302279.000000,56487.000000,0.017105
197,170,300,0.003323,0.000764,3376613.000000,56087.000000,0.016610
198,171,300,0.003328,0.000685,3363195.000000,55467.000000,0.016492
199,172,300,0.003320,0.000713,3401657.000000,57690.000000,0.016959
200,173,300,0.003323,0.000767,3411958.000000,55136.000000,0.016160
201,174,300,0.003321,0.000705,3449354.000000,56095.000000,0.016262
202,175,300,0.003325,0.000750,3498770.000000,57248.000000,0.016362
203,176,300,0.003323,0.000787,3503823.000000,58500.000000,0.016696
204,177,300,0.003323,0.000722,3603563.000000,57783.000000,0.016035
205,178,300,0.003321,0.000641,3499349.000000,54934.000000,0.015698
206,179,300,0.003324,0.000820,3597366.000000,59682.000000,0.016590
207,180,300,0.003327,0.000754,3644414.000000,58223.000000,0.015976
208,180,300,0.003321,0.000837,3663945.000000,59177.000000,0.016151
209,181,300,0.003324,0.000838,3640102.000000,60512.000000,0.016624
210,181,300,0.003327,0.000762,3668178.000000,54923.000000,0.014973
211,182,300,0.003324,0.000840,3675582.000000,58653.000000,0.015957
212,183,300,0.003321,0.000862,3739691.000000,62716.000000,0.016770
213,184,300,0.003328,0.000784,3771532.000000,60740.000000,0.016105
214,184,300,0.003320,0.000867,3860742.000000,62492.000000,0.016187
215,185,300,0.003324,0.000727,3898948.000000,63208.000000,0.016212
216,186,300,0.003323,0.000817,3975452.000000,63359.000000,0.015938
217,187,300,0.003322,0.000731,3983183.000000,64711.000000,0.016246
218,188,300,0.003325,0.000732,4018675.000000,64607.000000,0.016077
219,189,300,0.003323,0.000853,4030044.000000,64019.000000,0.015885
220,190,300,0.003324,0.000741,4016119.000000,61599.000000,0.015338
221,191,300,0.003320,0.000933,4048200.000000,65033.000000,0.016065
222,192,300,0.003325,0.000864,4089247.000000,65217.000000,0.015948
223,193,300,0.003324,0.000758,4126978.000000,64975.000000,0.015744
224,194,300,0.003324,0.000764,4200898.000000,66299.000000,0.015782
225,195,300,0.003326,0.000846,4157446.000000,62765.000000,0.015097
226,196,300,0.003322,0.000841,4287283.000000,68406.000000,0.015956
227,197,300,0.003322,0.000912,4399787.000000,70396.000000,0.016000
228,198,300,0.003322,0.000934,4522053.000000,70462.000000,0.015582
229,199,300,0.003323,0.000838,4596354.000000,71262.000000,0.015504
230,199,300,0.003324,0.000984,4534007.000000,69377.000000,0.015301
231,200,300,0.003325,0.000978,4569565.000000,70903.000000,0.015516
232,201,300,0.003319,0.000914,4677630.000000,72896.000000,0.015584
233,202,300,0.003403,0.001062,4727201.000000,73030.000000,0.015449
234,203,300,0.003383,0.000968,4827203.000000,73793.000000,0.015287
235,204,300,0.003374,0.000939,4754214.000000,72175.000000,0.015181
236,205,300,0.003385,0.001003,4908919.000000,75865.000000,0.015455
237,206,300,0.003387,0.000980,5002626.000000,77472.000000,0.015486
238,206,300,0.003377,0.001063,5076474.000000,77420.000000,0.015251
239,207,300,0.003384,0.001034,5033557.000000,77612.000000,0.015419
240,207,300,0.003387,0.000991,4992374.000000,73983.000000,0.014819
241,208,300,0.003386,0.001080,5059272.000000,78699.000000,0.015555
242,209,299,0.003381,0.001017,5155470.000000,79100.000000,0.015343
243,210,299,0.003388,0.001085,5156107.000000,78793.000000,0.015281
244,211,299,0.003386,0.001065,5256450.000000,80555.000000,0.015325
245,212,299,0.003381,0.000997,5233598.000000,75593.000000,0.014444
246,213,299,0.003393,0.001113,5362608.000000,80233.000000,0.014962
247,214,299,0.003386,0.001076,5394550.000000,81648.000000,0.015135
248,215,299,0.003390,0.001129,5435056.000000,80842.000000,0.014874
249,216,299,0.003392,0.001162,5392754.000000,80391.000000,0.014907
250,217,299,0.003388,0.001135,5526576.000000,84186.000000,0.015233
251,218,299,0.003395,0.001169,5474869.000000,81341.000000,0.014857
252,219,299,0.003388,0.001152,5550606.000000,85296.000000,0.015367
253,220,298,0.003398,0.001223,5653341.000000,84458.000000,0.014939
254,221,298,0.003393,0.001163,5609791.000000,78957.000000,0.014075
255,222,298,0.003390,0.001169,5760177.000000,86294.000000,0.014981
256,223,298,0.003401,0.001263,5836007.000000,86237.000000,0.014777
257,223,298,0.003389,0.001186,5859072.000000,85787.000000,0.014642
258,224,298,0.003397,0.001256,5946812.000000,88797.000000,0.014932
259,225,298,0.003399,0.001288,5977395.000000,84021.000000,0.014056
260,226,298,0.003395,0.001262,6085225.000000,88851.000000,0.014601
261,227,298,0.003402,0.001305,6015861.000000,91218.000000,0.015163
262,227,297,0.003393,0.001272,5985725.000000,88168.000000,0.014730
263,228,297,0.003393,0.001277,6134864.000000,91822.000000,0.014967
264,229,297,0.003397,0.001314,6265000.000000,88172.000000,0.014074
265,230,297,0.003393,0.001174,6121379.000000,89117.000000,0.014558
266,230,297,0.003407,0.001288,6221841.000000,90153.000000,0.014490
267,231,297,0.003393,0.001315,6283159.000000,90207.000000,0.014357
268,232,297,0.003400,0.001201,6336232.000000,91144.000000,0.014385
269,233,297,0.003390,0.001226,6337870.000000,88651.000000,0.013988
270,234,297,0.003391,0.001273,6488461.000000,92889.000000,0.014316
271,234,296,0.003405,0.001368,6587815.000000,93361.000000,0.014172
272,235,296,0.003401,0.001339,6655132.000000,94038.000000,0.014130
273,236,296,0.003359,0.001272,6708543.000000,93573.000000,0.013948
274,236,296,0.003399,0.001378,6713021.000000,89848.000000,0.013384
275,237,296,0.003403,0.001306,6829557.000000,97529.000000,0.014280
276,238,296,0.003406,0.001501,6832539.000000,96439.000000,0.014115
277,239,296,0.003398,0.001317,6894436.000000,96050.000000,0.013932
278,240,296,0.003358,0.001316,6882856.000000,95909.000000,0.013934
279,240,296,0.003400,0.001503,6846917.000000,92899.000000,0.013568
280,241,296,0.003399,0.001329,7000312.000000,98600.000000,0.014085
281,242,295,0.003413,0.001461,6968877.000000,98290.000000,0.014104
282,243,295,0.003323,0.001835,7125757.000000,105306.000000,0.014778
283,243,295,0.003357,0.001833,7412261.000000,125538.000000,0.016937
284,243,295,0.003292,0.001571,7262947.000000,97496.000000,0.013424
285,244,295,0.003322,0.001359,7145570.000000,99104.000000,0.013869
286,245,295,0.003324,0.001370,7274006.000000,101443.000000,0.013946
287,245,295,0.003328,0.001534,7446915.000000,102472.000000,0.013760
288,245,295,0.003321,0.001425,7424245.000000,102944.000000,0.013866
289,245,295,0.003326,0.001469,7602067.000000,117696.000000,0.015482
290,246,295,0.003326,0.001433,7504529.000000,102303.000000,0.013632
291,246,295,0.003322,0.001436,7487615.000000,101600.000000,0.013569
292,247,295,0.003441,0.001462,7570838.000000,103784.000000,0.013708
293,248,296,0.003219,0.001570,7699373.000000,105180.000000,0.013661
294,249,296,0.003322,0.001472,7732327.000000,101493.000000,0.013126
295,250,296,0.003325,0.001461,7584019.000000,104539.000000,0.013784
296,250,296,0.003333,0.001569,7687116.000000,104373.000000,0.013578
297,251,296,0.003380,0.001640,7685177.000000,105654.000000,0.013748
298,251,296,0.003404,0.001554,7769334.000000,107140.000000,0.013790
299,252,296,0.003413,0.001611,7802065.000000,103468.000000,0.013262
300,253,296,0.003412,0.001489,7781422.000000,107440.000000,0.013807
301,254,296,0.003414,0.001629,7898641.000000,108345.000000,0.013717
302,255,296,0.003408,0.001524,7920899.000000,110464.000000,0.013946
303,256,296,0.003415,0.001558,8023612.000000,112083.000000,0.013969
304,256,295,0.003412,0.001657,8053999.000000,109450.000000,0.013590
305,257,295,0.003386,0.001602,8098349.000000,117062.000000,0.014455
306,257,295,0.003418,0.001733,8073520.000000,112005.000000,0.013873
307,258,295,0.003411,0.001568,8173383.000000,113072.000000,0.013834
308,259,295,0.003420,0.001724,8287628.000000,116354.000000,0.014039
309,260,295,0.003416,0.001668,8324547.000000,113513.000000,0.013636
310,260,295,0.003411,0.001606,8194954.000000,113035.000000,0.013793
311,261,295,0.003419,0.001745,8232852.000000,114409.000000,0.013897
312,262,295,0.003409,0.001647,8320932.000000,116443.000000,0.013994
313,263,295,0.003421,0.001750,8482853.000000,113544.000000,0.013385
314,264,295,0.003418,0.001690,8624313.000000,120120.000000,0.013928
315,265,295,0.003421,0.001749,8785627.000000,119503.000000,0.013602
316,266,295,0.003416,0.001679,8726480.000000,119331.000000,0.013675
317,266,295,0.003419,0.001738,8716452.000000,119936.000000,0.013760
318,267,295,0.003426,0.001877,8782567.000000,119988.000000,0.013662
319,268,295,0.003416,0.001784,8826274.000000,121107.000000,0.013721
320,269,295,0.003431,0.001943,8973665.000000,121499.000000,0.013540
321,270,295,0.003426,0.001787,9240323.000000,127682.000000,0.013818
322,271,295,0.003428,0.001731,9048468.000000,121733.000000,0.013453
323,272,295,0.003423,0.001946,9115482.000000,120837.000000,0.013256
324,273,295,0.003423,0.001802,9257193.000000,127332.000000,0.013755
325,274,295,0.003431,0.001904,9202153.000000,124873.000000,0.013570
326,275,295,0.003411,0.001789,9322094.000000,125663.000000,0.013480
327,276,295,0.003424,0.001814,9400666.000000,126419.000000,0.013448
328,277,295,0.003428,0.001835,9471184.000000,123741.000000,0.013065
329,278,295,0.003421,0.001813,9356771.000000,124847.000000,0.013343
330,278,295,0.003425,0.001836,9513337.000000,126191.000000,0.013265
331,279,294,0.003430,0.001869,9711013.000000,129214.000000,0.013306
332,279,294,0.003436,0.002082,9635771.000000,127700.000000,0.013253
333,280,294,0.003403,0.001901,9751616.000000,124939.000000,0.012812
334,281,294,0.003429,0.001919,9956749.000000,133230.000000,0.013381
335,282,294,0.003433,0.001982,10038741.000000,134614.000000,0.013409
336,282,294,0.003432,0.001961,10066487.000000,134323.000000,0.013344
337,283,294,0.003435,0.002010,10260807.000000,140560.000000,0.013699
338,284,294,0.003433,0.001991,10036460.000000,131593.000000,0.013111
339,285,294,0.003433,0.001996,10214438.000000,135849.000000,0.013300
340,285,294,0.003433,0.001986,10155349.000000,135492.000000,0.013342
341,286,294,0.003435,0.002043,10298076.000000,137260.000000,0.013329
342,287,294,0.003427,0.001984,10238483.000000,135602.000000,0.013244
343,288,294,0.003434,0.002056,10320655.000000,136063.000000,0.013184
344,289,293,0.003431,0.002073,10424691.000000,138810.000000,0.013316
345,290,293,0.003433,0.002030,10460636.000000,139634.000000,0.013349
346,291,293,0.003439,0.002103,10616209.000000,142321.000000,0.013406
347,291,293,0.003436,0.002104,10453810.000000,137410.000000,0.013144
348,292,293,0.003361,0.002441,10653111.000000,144502.000000,0.013564
349,293,293,0.003336,0.002074,10705213.000000,142195.000000,0.013283
350,294,293,0.003455,0.002388,10799909.000000,145959.000000,0.013515
351,295,293,0.003441,0.002094,10941090.000000,145555.000000,0.013304
352,296,293,0.003442,0.002185,11059538.000000,145453.000000,0.013152
353,296,292,0.003442,0.002209,10984723.000000,147749.000000,0.013450
354,297,292,0.003447,0.002146,11100644.000000,147079.000000,0.013250
355,298,292,0.003436,0.002190,11282646.000000,149093.000000,0.013214
356,299,292,0.003444,0.002230,11434161.000000,151021.000000,0.013208
357,300,292,0.003450,0.002230,11263278.000000,148471.000000,0.013182
358,301,292,0.003435,0.002205,11445086.000000,152032.000000,0.013284
359,301,292,0.003443,0.002235,11415523.000000,149903.000000,0.013132
360,302,292,0.003445,0.002235,11585109.000000,151636.000000,0.013089
361,302,291,0.003451,0.002231,11508652.000000,152654.000000,0.013264
362,303,291,0.003446,0.002275,11706096.000000,151126.000000,0.012910
363,304,291,0.003450,0.002323,11897050.000000,158986.000000,0.013363
364,305,291,0.003451,0.002326,11834486.000000,157608.000000,0.013318
365,305,291,0.003450,0.002356,11944230.000000,153977.000000,0.012891
366,305,291,0.003369,0.002639,12065013.000000,157789.000000,0.013078
367,306,291,0.003359,0.002373,12028753.000000,153952.000000,0.012799
368,307,291,0.003345,0.002349,12126945.000000,155183.000000,0.012797
369,308,292,0.003355,0.002432,12231079.000000,157724.000000,0.012895
370,309,292,0.003356,0.002409,12275022.000000,156824.000000,0.012776
371,309,292,0.003353,0.002405,12258252.000000,155288.000000,0.012668
372,309,292,0.003354,0.002451,12253447.000000,152858.000000,0.012475
373,310,292,0.003357,0.002414,12455060.000000,159524.000000,0.012808
374,311,292,0.003356,0.002435,12556469.000000,160203.000000,0.012759
375,312,292,0.003362,0.002506,12713451.000000,167951.000000,0.013210
376,313,292,0.003360,0.002527,12712843.000000,164732.000000,0.012958
377,314,292,0.003362,0.002562,12712039.000000,166166.000000,0.013072
378,315,292,0.003365,0.002537,12882954.000000,169865.000000,0.013185
379,316,292,0.003360,0.002530,12882231.000000,163716.000000,0.012709
380,317,293,0.003363,0.002536,13062112.000000,168014.000000,0.012863
381,318,293,0.003368,0.002622,13165096.000000,169432.000000,0.012870
382,318,293,0.003363,0.002584,13116031.000000,165779.000000,0.012639
383,318,293,0.003362,0.002584,13135526.000000,168366.000000,0.012818
384,318,293,0.003365,0.002621,13155684.000000,169708.000000,0.012900
385,319,293,0.003363,0.002576,13145433.000000,168510.000000,0.012819
386,320,293,0.003374,0.002596,13349360.000000,170894.000000,0.012802
387,321,293,0.003358,0.002637,13305072.000000,167725.000000,0.012606
388,322,293,0.003368,0.002613,13515339.000000,172583.000000,0.012769
389,323,293,0.003369,0.002671,13752036.000000,175027.000000,0.012727
390,324,293,0.003370,0.002697,13780243.000000,172922.000000,0.012549
391,325,293,0.003367,0.002681,13643207.000000,170954.000000,0.012530
392,326,294,0.003370,0.002683,13798244.000000,176197.000000,0.012770
393,327,294,0.003371,0.002720,13830418.000000,179663.000000,0.012990
394,328,294,0.003376,0.002715,13977953.000000,180392.000000,0.012905
395,329,294,0.003373,0.002743,14071978.000000,180631.000000,0.012836
396,330,294,0.003373,0.002771,14081532.000000,179885.000000,0.012775
397,331,294,0.003374,0.002750,14218704.000000,183360.000000,0.012896
398,332,294,0.003375,0.002768,14304661.000000,182376.000000,0.012749
399,333,294,0.003378,0.002856,14352882.000000,184376.000000,0.012846
400,334,294,0.003377,0.002811,14470105.000000,184089.000000,0.012722
401,335,294,0.003375,0.002833,14413868.000000,180866.000000,0.012548
402,335,294,0.003374,0.002872,14573527.000000,185273.000000,0.012713
403,336,294,0.003379,0.002876,14729346.000000,191739.000000,0.013017
404,337,294,0.003379,0.002868,14714223.000000,188567.000000,0.012815
405,338,295,0.003380,0.002899,14689703.000000,188937.000000,0.012862
406,338,295,0.003379,0.002877,14801549.000000,188502.000000,0.012735
407,338,295,0.003375,0.002982,14977073.000000,192824.000000,0.012875
408,339,295,0.003350,0.002986,14940031.000000,194070.000000,0.012990
409,340,295,0.003387,0.002965,14986933.000000,195331.000000,0.013033
410,341,295,0.003383,0.002950,15038140.000000,194651.000000,0.012944
411,342,295,0.003365,0.003039,15206173.000000,195592.000000,0.012863
412,343,295,0.003342,0.003004,15368590.000000,199081.000000,0.012954
413,344,295,0.003351,0.003025,15429446.000000,198139.000000,0.012842
414,345,295,0.003348,0.003015,15317653.000000,197101.000000,0.012868
415,346,295,0.003872,0.003507,15816419.000000,208142.000000,0.013160
416,346,295,0.003349,0.003044,15482490.000000,195717.000000,0.012641
417,347,295,0.003405,0.003073,15637296.000000,200464.000000,0.012820
418,347,295,0.003387,0.003086,15618968.000000,200007.000000,0.012805
419,348,295,0.003411,0.003065,15755285.000000,201610.000000,0.012796
420,349,295,0.003461,0.003124,15909392.000000,203174.000000,0.012771
421,350,295,0.003414,0.003125,15872022.000000,198140.000000,0.012484
422,350,295,0.003479,0.003151,15987024.000000,206512.000000,0.012917
423,351,295,0.003470,0.003149,16092307.000000,203759.000000,0.012662
424,351,295,0.003432,0.003126,15910176.000000,202459.000000,0.012725
425,352,295,0.003489,0.003152,16038264.000000,204373.000000,0.012743
426,353,295,0.003465,0.003152,16063694.000000,201015.000000,0.012514
427,353,295,0.003474,0.003179,16090725.000000,204302.000000,0.012697
428,354,294,0.003521,0.003181,16253877.000000,207451.000000,0.012763
429,355,294,0.003521,0.003208,16317816.000000,207476.000000,0.012715
430,356,294,0.003529,0.003204,16405880.000000,206605.000000,0.012593
431,356,294,0.003553,0.003250,16407015.000000,207977.000000,0.012676
432,357,293,0.003568,0.003222,16545028.000000,209257.000000,0.012648
433,358,293,0.003557,0.003245,16505786.000000,207881.000000,0.012594
434,359,293,0.003633,0.003266,16692710.000000,210565.000000,0.012614
435,360,292,0.003572,0.003281,16569489.000000,206627.000000,0.012470
436,361,292,0.003679,0.003308,16805180.000000,210784.000000,0.012543
437,362,291,0.003650,0.003300,16841564.000000,211385.000000,0.012551
438,363,291,0.003665,0.003327,17018861.000000,215500.000000,0.012662
439,364,291,0.003672,0.003357,17009388.000000,213422.000000,0.012547
440,365,290,0.003737,0.003386,17172259.000000,213460.000000,0.012431
441,366,290,0.003731,0.003394,17324127.000000,217261.000000,0.012541
442,367,289,0.003757,0.003416,17420110.000000,217495.000000,0.012485
443,368,288,0.003743,0.003416,17409104.000000,215620.000000,0.012385
444,369,288,0.003735,0.003415,17473204.000000,213906.000000,0.012242
445,370,287,0.003799,0.003487,17635666.000000,218983.000000,0.012417
446,371,287,0.003782,0.003455,17696584.000000,219209.000000,0.012387
447,371,286,0.003808,0.003500,17705935.000000,220266.000000,0.012440
448,372,285,0.003842,0.003479,17898274.000000,220493.000000,0.012319
449,373,285,0.003861,0.003567,18083482.000000,219756.000000,0.012152
450,374,284,0.003904,0.003576,18209035.000000,224399.000000,0.012323
451,374,283,0.003880,0.003580,18203951.000000,224574.000000,0.012337
452,375,283,0.003928,0.003600,18316277.000000,228038.000000,0.012450
453,376,282,0.003950,0.003632,18483406.000000,222653.000000,0.012046
454,376,281,0.003909,0.003604,18310476.000000,223828.000000,0.012224
455,377,280,0.003985,0.003634,18481257.000000,226551.000000,0.012258
456,378,280,0.003948,0.003621,18482881.000000,227362.000000,0.012301
457,379,279,0.003995,0.003663,18639995.000000,228657.000000,0.012267
458,380,278,0.004030,0.003670,18818815.000000,229355.000000,0.012188
459,381,277,0.004016,0.003706,18853696.000000,232189.000000,0.012315
460,382,276,0.004084,0.003734,19002396.000000,232468.000000,0.012234
461,382,275,0.004079,0.003755,19134025.000000,230503.000000,0.012047
462,383,274,0.004193,0.003858,19271839.000000,236208.000000,0.012257
463,384,273,0.004101,0.003780,19183151.000000,233515.000000,0.012173
464,384,273,0.004083,0.003770,19174079.000000,233255.000000,0.012165
465,385,272,0.004149,0.003831,19178320.000000,232651.000000,0.012131
466,386,271,0.004102,0.003763,19254347.000000,235080.000000,0.012209
467,386,270,0.004190,0.003858,19379414.000000,237332.000000,0.012247
468,386,269,0.004130,0.003788,19278802.000000,235929.000000,0.012238
469,387,268,0.004118,0.003795,19320536.000000,234079.000000,0.012116
470,388,267,0.004209,0.003838,19581115.000000,238704.000000,0.012191
471,389,266,0.004209,0.003870,19719344.000000,238362.000000,0.012088
472,390,265,0.004238,0.003870,19811216.000000,241156.000000,0.012173
473,391,264,0.004282,0.003951,19807841.000000,236306.000000,0.011930
474,391,263,0.004301,0.003923,20037147.000000,241918.000000,0.012073
475,392,262,0.004339,0.003971,20357896.000000,245382.000000,0.012053
476,393,261,0.004309,0.003944,20235977.000000,243686.000000,0.012042
477,394,260,0.004283,0.003974,20128297.000000,238709.000000,0.011859
478,394,259,0.004306,0.003950,20306540.000000,242468.000000,0.011940
479,395,258,0.004324,0.004005,20273762.000000,243539.000000,0.012013
480,396,257,0.004371,0.003994,20458597.000000,246093.000000,0.012029
481,397,256,0.004417,0.004083,20711796.000000,243767.000000,0.011769
482,398,255,0.004387,0.004041,20706054.000000,246800.000000,0.011919
483,399,254,0.004448,0.004083,20848368.000000,250363.000000,0.012009
484,400,253,0.004453,0.004095,20935883.000000,251568.000000,0.012016
485,401,252,0.004492,0.004179,20936984.000000,247361.000000,0.011815
486,402,251,0.004497,0.004147,21060732.000000,251369.000000,0.011935
487,403,249,0.004465,0.004145,21042885.000000,251408.000000,0.011947
488,404,248,0.004549,0.004189,21193365.000000,253617.000000,0.011967
489,405,247,0.004531,0.004192,21355302.000000,255025.000000,0.011942
490,405,246,0.004511,0.004195,21270450.000000,253406.000000,0.011914
491,406,245,0.004506,0.004182,21265995.000000,254893.000000,0.011986
492,407,244,0.004585,0.004208,21440033.000000,252699.000000,0.011786
493,408,243,0.004624,0.004274,21840624.000000,258575.000000,0.011839
494,409,242,0.004639,0.004242,21805069.000000,257282.000000,0.011799
495,410,241,0.004623,0.004260,21764569.000000,258600.000000,0.011882
496,410,240,0.004627,0.004272,21862222.000000,254278.000000,0.011631
497,411,239,0.004648,0.004305,21922003.000000,258563.000000,0.011795
498,412,238,0.004663,0.004295,22007281.000000,258970.000000,0.011767
499,413,237,0.004696,0.004389,22171306.000000,259346.000000,0.011697
500,414,237,0.004710,0.004355,22321197.000000,263220.000000,0.011792
501,415,236,0.004735,0.004410,22292466.000000,263753.000000,0.011831
502,416,235,0.004737,0.004369,22469888.000000,263577.000000,0.011730
503,417,234,0.004815,0.004447,22493993.000000,262203.000000,0.011657
504,417,233,0.004824,0.004475,22564151.000000,269709.000000,0.011953
505,418,232,0.004772,0.004444,22549636.000000,266252.000000,0.011807
506,418,231,0.004771,0.004432,22578827.000000,261845.000000,0.011597
507,419,230,0.004894,0.004527,22811913.000000,267251.000000,0.011715
508,420,229,0.004808,0.004420,22733412.000000,267376.000000,0.011761
509,421,228,0.004793,0.004474,22657429.000000,267075.000000,0.011788
510,422,228,0.004869,0.004489,22861654.000000,265873.000000,0.011630
511,422,227,0.004900,0.004535,23010893.000000,270851.000000,0.011771
512,423,226,0.004914,0.004522,23224647.000000,273774.000000,0.011788
513,424,225,0.004974,0.004606,23526894.000000,273644.000000,0.011631
514,425,224,0.004944,0.004562,23326407.000000,275565.000000,0.011813
515,425,223,0.004947,0.004599,23447643.000000,275069.000000,0.011731
516,426,222,0.004997,0.004617,23667376.000000,277002.000000,0.011704
517,426,222,0.005004,0.004674,23764067.000000,275988.000000,0.011614
518,426,221,0.004962,0.004639,23571790.000000,278356.000000,0.011809
519,427,220,0.005008,0.004659,23682632.000000,279938.000000,0.011820
520,428,219,0.005003,0.004658,23784263.000000,275902.000000,0.011600
521,429,218,0.005029,0.004700,23828402.000000,281954.000000,0.011833
522,429,218,0.005004,0.004684,23799198.000000,279486.000000,0.011744
523,430,217,0.005036,0.004694,23907204.000000,279164.000000,0.011677
524,431,216,0.005548,0.005181,24099368.000000,284121.000000,0.011790
525,432,215,0.005201,0.004843,24262985.000000,284811.000000,0.011738
526,433,214,0.005668,0.005036,24531407.000000,283276.000000,0.011547
527,434,213,0.005340,0.004949,24809861.000000,290686.000000,0.011717
528,435,212,0.005213,0.004841,24878863.000000,290773.000000,0.011688
529,436,211,0.005396,0.005049,24963351.000000,288346.000000,0.011551
530,437,210,0.005271,0.004900,25137993.000000,292115.000000,0.011620
531,437,210,0.005412,0.005070,25275020.000000,294714.000000,0.011660
532,438,209,0.005303,0.004974,25390229.000000,295130.000000,0.011624
533,439,208,0.006004,0.005350,25525889.000000,293060.000000,0.011481
534,440,207,0.005723,0.005053,25770541.000000,296796.000000,0.011517
535,441,206,0.005756,0.005129,25896613.000000,294095.000000,0.011357
536,442,204,0.005854,0.005119,26161967.000000,303549.000000,0.011603
537,443,203,0.005708,0.005120,26019319.000000,299504.000000,0.011511
538,443,202,0.005807,0.005216,26070156.000000,297621.000000,0.011416
539,443,201,0.005722,0.005136,26160510.000000,299694.000000,0.011456
540,444,200,0.006362,0.005994,26598790.000000,306147.000000,0.011510
541,445,199,0.005797,0.005440,26597328.000000,306246.000000,0.011514
542,446,198,0.005569,0.005203,26587543.000000,305307.000000,0.011483
543,447,198,0.005760,0.005448,26677439.000000,305545.000000,0.011453
544,448,197,0.005717,0.005312,26777323.000000,314524.000000,0.011746
545,448,196,0.005706,0.005381,26731307.000000,303795.000000,0.011365
546,449,195,0.005603,0.005249,26846829.000000,305023.000000,0.011362
547,450,195,0.005596,0.005304,26771801.000000,303753.000000,0.011346
548,451,194,0.005627,0.005254,26998922.000000,309948.000000,0.011480
549,452,193,0.005596,0.005285,26968490.000000,307347.000000,0.011397
550,452,192,0.005616,0.005317,27079826.000000,306620.000000,0.011323
551,452,192,0.005637,0.005346,27132836.000000,307614.000000,0.011337
552,452,191,0.005666,0.005337,27273606.000000,309812.000000,0.011359
553,453,190,0.005661,0.005376,27238641.000000,307895.000000,0.011304
554,454,190,0.005721,0.005352,27507095.000000,310769.000000,0.011298
555,455,189,0.005728,0.005430,27545840.000000,311616.000000,0.011313
556,456,188,0.005755,0.005415,27702682.000000,310452.000000,0.011207
557,457,188,0.005769,0.005464,27851220.000000,314706.000000,0.011300
558,457,187,0.005721,0.005429,27637162.000000,311132.000000,0.011258
559,457,187,0.005778,0.005446,27785214.000000,310167.000000,0.011163
560,457,186,0.005843,0.005483,28025502.000000,318783.000000,0.011375
561,458,185,0.005864,0.005492,28161511.000000,318731.000000,0.011318
562,458,185,0.005855,0.005555,27798328.000000,313468.000000,0.011277
563,459,184,0.005821,0.005511,27807860.000000,313917.000000,0.011289
564,460,183,0.005859,0.005517,27928896.000000,317389.000000,0.011364
565,461,183,0.005802,0.005501,28048796.000000,319514.000000,0.011391
566,462,182,0.005890,0.005540,28201286.000000,322886.000000,0.011449
567,463,182,0.005936,0.005620,28428556.000000,321733.000000,0.011317
568,464,181,0.005938,0.005563,28563150.000000,326125.000000,0.011418
569,465,180,0.005996,0.005643,28750829.000000,327827.000000,0.011402
570,465,180,0.006009,0.005658,28912843.000000,324761.000000,0.011232
571,466,179,0.006075,0.005713,29060554.000000,329517.000000,0.011339
572,467,179,0.006074,0.005728,28998142.000000,328929.000000,0.011343
573,467,178,0.006015,0.005698,29057959.000000,325250.000000,0.011193
574,468,177,0.006054,0.005720,28949340.000000,328776.000000,0.011357
575,469,177,0.006123,0.005714,29204765.000000,332726.000000,0.011393
576,470,176,0.006072,0.005753,29302953.000000,328694.000000,0.011217
577,470,176,0.006194,0.005845,29543924.000000,335190.000000,0.011345
578,470,175,0.006226,0.005900,29649481.000000,335644.000000,0.011320
579,471,174,0.006234,0.005854,29762061.000000,338104.000000,0.011360
580,472,174,0.006269,0.005899,29960295.000000,337190.000000,0.011255
581,473,173,0.006234,0.005910,29989041.000000,334996.000000,0.011171
582,474,172,0.006347,0.005983,30372112.000000,341234.000000,0.011235
583,475,172,0.006280,0.005954,30300355.000000,339841.000000,0.011216
584,476,171,0.006332,0.005970,30464365.000000,337809.000000,0.011089
585,477,171,0.006408,0.006024,30698618.000000,342906.000000,0.011170
586,478,170,0.006405,0.006042,30873620.000000,340352.000000,0.011024
587,479,170,0.006488,0.006143,31015249.000000,345764.000000,0.011148
588,480,169,0.006508,0.006129,31207177.000000,346912.000000,0.011116
589,481,169,0.006547,0.006194,31354997.000000,346850.000000,0.011062
590,482,168,0.006592,0.006199,31525654.000000,352869.000000,0.011193
591,483,168,0.006470,0.006174,31343318.000000,345790.000000,0.011032
592,484,167,0.006533,0.006163,31623696.000000,354370.000000,0.011206
593,485,167,0.006509,0.006202,31521402.000000,350454.000000,0.011118
594,486,166,0.006772,0.006403,31754729.000000,351497.000000,0.011069
595,487,166,0.006600,0.006225,31886732.000000,355735.000000,0.011156
596,488,166,0.006613,0.006251,31997262.000000,351611.000000,0.010989
597,489,165,0.006653,0.006347,32215874.000000,358245.000000,0.011120
598,490,165,0.006672,0.006327,32353034.000000,358612.000000,0.011084
599,491,164,0.006742,0.006387,32553728.000000,358930.000000,0.011026
600,492,164,0.006757,0.006412,32761776.000000,360371.000000,0.011000
601,493,164,0.006832,0.006465,33015857.000000,360113.000000,0.010907
602,494,163,0.006872,0.006515,33239242.000000,365787.000000,0.011005
603,495,163,0.006812,0.006510,33075319.000000,364050.000000,0.011007
604,496,162,0.006794,0.006496,33000935.000000,359182.000000,0.010884
605,497,162,0.006868,0.006496,33298945.000000,364218.000000,0.010938
606,497,161,0.006914,0.006559,33524160.000000,364575.000000,0.010875
607,498,160,0.006895,0.006515,33472568.000000,367533.000000,0.010980
608,499,160,0.006980,0.006601,33750676.000000,368886.000000,0.010930
609,500,159,0.007134,0.006783,33972745.000000,369548.000000,0.010878
610,501,159,0.007008,0.006675,33975616.000000,370521.000000,0.010905
611,502,158,0.006975,0.006675,34002799.000000,366664.000000,0.010783
612,503,157,0.007657,0.007229,34683881.000000,386221.000000,0.011135
613,504,157,0.007177,0.006800,34744868.000000,375049.000000,0.010794
614,505,156,0.007172,0.006785,34545002.000000,375972.000000,0.010884
615,505,155,0.007069,0.006751,34459533.000000,373860.000000,0.010849
616,506,155,0.007126,0.006769,34667732.000000,373781.000000,0.010782
617,506,154,0.007206,0.006822,35043044.000000,379011.000000,0.010816
618,507,154,0.007203,0.006883,35130326.000000,376563.000000,0.010719
619,507,153,0.007180,0.006881,35029599.000000,379191.000000,0.010825
620,508,153,0.007283,0.006901,35299012.000000,379310.000000,0.010746
621,509,152,0.007235,0.006931,35336614.000000,382465.000000,0.010823
622,509,152,0.007279,0.006945,35442809.000000,381446.000000,0.010762
623,510,151,0.007333,0.007024,35489757.000000,381542.000000,0.010751
624,511,150,0.007330,0.006953,35714537.000000,385768.000000,0.010801
625,512,150,0.007274,0.006983,35590030.000000,382697.000000,0.010753
626,513,149,0.007409,0.007027,35905242.000000,389498.000000,0.010848
627,513,149,0.007306,0.007016,35719959.000000,385585.000000,0.010795
628,514,148,0.007447,0.007058,36103104.000000,391620.000000,0.010847
629,515,148,0.007465,0.007107,36275286.000000,390062.000000,0.010753
630,516,147,0.007452,0.007078,36176991.000000,393510.000000,0.010877
631,517,147,0.007395,0.007088,36070694.000000,389619.000000,0.010802
632,518,146,0.007476,0.007117,36282474.000000,390055.000000,0.010751
633,519,146,0.007479,0.007104,36454211.000000,394144.000000,0.010812
634,520,145,0.007480,0.007148,36487576.000000,391563.000000,0.010731
635,521,145,0.007526,0.007212,36525400.000000,395451.000000,0.010827
636,522,144,0.007555,0.007209,36654653.000000,392333.000000,0.010703
637,523,144,0.007596,0.007228,36905324.000000,397371.000000,0.010767
638,523,143,0.007510,0.007218,36752469.000000,392229.000000,0.010672
639,524,143,0.007573,0.007267,36824843.000000,396983.000000,0.010780
640,525,142,0.007559,0.007221,36934088.000000,398302.000000,0.010784
641,526,142,0.007556,0.007259,36932098.000000,395708.000000,0.010714
642,527,141,0.007580,0.007242,37072163.000000,398184.000000,0.010741
643,528,141,0.007576,0.007283,37074958.000000,395810.000000,0.010676
644,529,141,0.007597,0.007267,37198401.000000,400779.000000,0.010774
645,530,140,0.007633,0.007316,37351536.000000,398489.000000,0.010669
646,531,140,0.007678,0.007347,37511129.000000,403287.000000,0.010751
647,532,139,0.007717,0.007341,37663138.000000,399789.000000,0.010615
648,533,139,0.007757,0.007418,37816752.000000,404256.000000,0.010690
649,534,139,0.007807,0.007452,37883377.000000,401497.000000,0.010598
650,535,138,0.007820,0.007438,38134645.000000,406754.000000,0.010666
651,536,138,0.007859,0.007538,38547290.000000,410931.000000,0.010660
652,536,137,0.007876,0.007564,38612577.000000,415764.000000,0.010768
653,537,137,0.007924,0.007612,38635017.000000,416234.000000,0.010773
654,538,136,0.007947,0.007579,38861802.000000,413190.000000,0.010632
655,539,136,0.008116,0.007723,39652958.000000,425909.000000,0.010741
656,540,136,0.008030,0.007656,39160013.000000,417211.000000,0.010654
657,541,135,0.008038,0.007726,39390434.000000,424662.000000,0.010781
658,542,135,0.008096,0.007718,39657371.000000,423435.000000,0.010677
659,543,134,0.008114,0.007803,39694443.000000,426864.000000,0.010754
660,544,134,0.008298,0.007902,40025956.000000,428278.000000,0.010700
661,544,133,0.008122,0.007806,39843773.000000,427780.000000,0.010736
662,545,133,0.008259,0.007873,40130415.000000,426093.000000,0.010618
663,546,133,0.008244,0.007865,40259765.000000,429591.000000,0.010670
664,546,132,0.008243,0.007882,40346168.000000,425288.000000,0.010541
665,547,132,0.008178,0.007858,40014946.000000,427269.000000,0.010678
666,548,131,0.008262,0.007882,40265463.000000,426949.000000,0.010603
667,549,131,0.008296,0.007933,40575083.000000,434604.000000,0.010711
668,550,131,0.008316,0.007959,40671520.000000,432150.000000,0.010625
669,550,130,0.008291,0.008002,40782938.000000,435235.000000,0.010672
670,551,130,0.008324,0.008003,40898133.000000,433348.000000,0.010596
671,552,129,0.008424,0.008053,41210558.000000,438190.000000,0.010633
672,553,129,0.008379,0.008062,41203301.000000,433031.000000,0.010510
673,554,129,0.008428,0.008114,41385622.000000,437723.000000,0.010577
674,555,129,0.008540,0.008157,41710978.000000,443342.000000,0.010629
675,555,128,0.008439,0.008143,41548342.000000,443151.000000,0.010666
676,555,128,0.008529,0.008198,41755260.000000,443726.000000,0.010627
677,555,127,0.008568,0.008208,41951492.000000,449329.000000,0.010711
678,556,127,0.008571,0.008257,42134197.000000,450782.000000,0.010699
679,556,127,0.008626,0.008285,42383255.000000,456811.000000,0.010778
680,557,126,0.008628,0.008320,42439005.000000,453865.000000,0.010695
681,557,126,0.008717,0.008388,42830868.000000,464830.000000,0.010853
682,558,125,0.008736,0.008428,42745565.000000,459824.000000,0.010757
683,559,125,0.008763,0.008446,42940918.000000,462867.000000,0.010779
684,560,125,0.008795,0.008437,43231611.000000,469582.000000,0.010862
685,561,124,0.008990,0.008607,43928920.000000,474974.000000,0.010812
686,562,124,0.008900,0.008580,43887025.000000,466197.000000,0.010623
687,563,123,0.008952,0.008661,43964878.000000,463163.000000,0.010535
688,564,123,0.009024,0.008640,44281190.000000,467736.000000,0.010563
689,565,123,0.008989,0.008704,44266804.000000,464162.000000,0.010486
690,566,122,0.009027,0.008673,44513454.000000,471305.000000,0.010588
691,567,122,0.009008,0.008723,44433586.000000,468131.000000,0.010536
692,568,121,0.009092,0.008721,44744689.000000,472824.000000,0.010567
693,569,121,0.009074,0.008781,44767394.000000,469230.000000,0.010482
694,570,121,0.009135,0.008765,45028694.000000,474018.000000,0.010527
695,571,120,0.009092,0.008813,44940171.000000,470683.000000,0.010474
696,572,120,0.009244,0.008866,45256080.000000,477568.000000,0.010553
697,573,119,0.009161,0.008877,45242143.000000,473654.000000,0.010469
698,574,119,0.009282,0.008898,45585040.000000,477298.000000,0.010470
699,574,119,0.009238,0.008941,45447541.000000,478739.000000,0.010534
700,574,118,0.009179,0.008898,45389827.000000,475710.000000,0.010481
701,575,118,0.009266,0.008913,45649675.000000,481391.000000,0.010545
702,576,117,0.009327,0.008952,45884340.000000,480493.000000,0.010472
703,577,117,0.009326,0.009001,45882651.000000,482296.000000,0.010512
704,578,117,0.009405,0.009034,46356075.000000,485515.000000,0.010474
705,579,116,0.009442,0.009068,46564255.000000,485491.000000,0.010426
706,579,116,0.009410,0.009115,46425160.000000,488411.000000,0.010520
707,580,115,0.009415,0.009123,46422386.000000,485096.000000,0.010450
708,581,115,0.009449,0.009105,46623803.000000,489203.000000,0.010493
709,582,115,0.009456,0.009167,46600835.000000,484821.000000,0.010404
710,583,114,0.009487,0.009147,46780429.000000,489209.000000,0.010458
711,584,114,0.009487,0.009187,46828574.000000,488340.000000,0.010428
712,585,114,0.009633,0.009233,47274567.000000,495154.000000,0.010474
713,586,113,0.009590,0.009294,47280339.000000,490909.000000,0.010383
714,587,113,0.009598,0.009281,47387264.000000,492598.000000,0.010395
715,587,113,0.009609,0.009312,47433364.000000,494564.000000,0.010427
716,587,112,0.009655,0.009297,47666014.000000,493067.000000,0.010344
717,588,112,0.009744,0.009373,48055280.000000,499885.000000,0.010402
718,589,112,0.009720,0.009332,47767058.000000,494671.000000,0.010356
719,590,111,0.009869,0.009493,48105605.000000,500991.000000,0.010414
720,591,111,0.009822,0.009492,48284905.000000,503347.000000,0.010425
721,592,110,0.009887,0.009566,48584981.000000,503776.000000,0.010369
722,593,110,0.009916,0.009529,48620162.000000,507031.000000,0.010428
723,594,110,0.010004,0.009630,49087343.000000,508807.000000,0.010365
724,595,109,0.009931,0.009555,48755130.000000,507075.000000,0.010400
725,596,109,0.010050,0.009667,49222374.000000,512120.000000,0.010404
726,596,109,0.009972,0.009679,49141136.000000,506279.000000,0.010303
727,597,108,0.009976,0.009667,49166608.000000,511355.000000,0.010400
728,598,108,0.010035,0.009655,49426246.000000,508936.000000,0.010297
729,599,108,0.010163,0.009766,49843137.000000,515457.000000,0.010342
730,600,107,0.010563,0.010197,50148954.000000,521812.000000,0.010405
731,600,107,0.010077,0.009784,49644227.000000,513617.000000,0.010346
732,600,107,0.010070,0.009750,49668357.000000,517649.000000,0.010422
733,601,106,0.010063,0.009767,49646989.000000,514375.000000,0.010361
734,601,106,0.010038,0.009723,49742608.000000,513253.000000,0.010318
735,602,106,0.010107,0.009764,49974105.000000,518284.000000,0.010371
736,603,105,0.010187,0.009779,50017738.000000,518562.000000,0.010368
737,604,105,0.010146,0.009834,50036253.000000,514334.000000,0.010279
738,605,105,0.010293,0.009895,50385196.000000,517968.000000,0.010280
739,605,105,0.010207,0.009898,50357031.000000,514699.000000,0.010221
740,605,104,0.010246,0.009929,50382159.000000,516890.000000,0.010259
741,605,104,0.010211,0.009872,50507047.000000,515954.000000,0.010215
742,606,104,0.010346,0.009939,51090290.000000,521923.000000,0.010216
743,607,103,0.010441,0.010050,51384884.000000,521820.000000,0.010155
744,608,103,0.010396,0.010022,51199428.000000,520598.000000,0.010168
745,608,103,0.010380,0.010062,51086245.000000,523166.000000,0.010241
746,609,103,0.010449,0.010053,51453394.000000,523278.000000,0.010170
747,610,102,0.010614,0.010224,51775358.000000,525058.000000,0.010141
748,611,102,0.010497,0.010140,51663972.000000,525743.000000,0.010176
749,611,102,0.010629,0.010244,51969149.000000,526310.000000,0.010127
750,612,101,0.010697,0.010255,52251510.000000,533737.000000,0.010215
751,613,101,0.010717,0.010326,52671264.000000,532530.000000,0.010110
752,614,101,0.010664,0.010298,52392549.000000,528379.000000,0.010085
753,615,101,0.010775,0.010357,52884639.000000,538826.000000,0.010189
754,616,100,0.010748,0.010380,52910372.000000,533672.000000,0.010086
755,617,100,0.010761,0.010365,53047879.000000,535832.000000,0.010101
756,618,100,0.010829,0.010493,53369438.000000,541999.000000,0.010156
757,619,99,0.010866,0.010563,53407600.000000,540881.000000,0.010127
758,619,99,0.010849,0.010557,53388673.000000,539659.000000,0.010108
759,620,99,0.010831,0.010518,53427481.000000,543028.000000,0.010164
760,621,99,0.010926,0.010538,53684102.000000,542654.000000,0.010108
761,622,98,0.010943,0.010606,53871991.000000,543115.000000,0.010082
762,623,98,0.010897,0.010566,53878937.000000,546720.000000,0.010147
763,624,98,0.011048,0.010655,54443298.000000,546706.000000,0.010042
764,625,98,0.011004,0.010652,54452080.000000,548632.000000,0.010076
765,626,97,0.011084,0.010761,54535209.000000,552701.000000,0.010135
766,627,97,0.011134,0.010757,54740610.000000,551918.000000,0.010082
767,628,97,0.011108,0.010796,54722701.000000,550189.000000,0.010054
768,628,97,0.011012,0.010705,54634491.000000,551814.000000,0.010100
769,629,96,0.011019,0.010727,54609566.000000,550915.000000,0.010088
770,630,96,0.011088,0.010716,54879177.000000,551522.000000,0.010050
771,631,96,0.011086,0.010759,55120234.000000,555153.000000,0.010072
772,632,96,0.011133,0.010764,55084778.000000,552930.000000,0.010038
773,633,95,0.011149,0.010838,55271489.000000,553004.000000,0.010005
774,634,95,0.011254,0.010833,55743112.000000,560491.000000,0.010055
775,635,95,0.011414,0.011067,56157171.000000,560021.000000,0.009972
776,636,95,0.011353,0.010948,56096122.000000,559207.000000,0.009969
777,636,94,0.011267,0.010958,55908521.000000,560880.000000,0.010032
778,637,94,0.011332,0.010941,56224809.000000,560208.000000,0.009964
779,638,94,0.011355,0.010981,56384640.000000,561142.000000,0.009952
780,638,94,0.011383,0.011018,56499844.000000,566148.000000,0.010020
781,639,93,0.011482,0.011146,56803166.000000,565317.000000,0.009952
782,639,93,0.011537,0.011185,57096698.000000,566440.000000,0.009921
783,640,93,0.012188,0.011562,57427239.000000,583077.000000,0.010153
784,641,93,0.012028,0.011344,57787757.000000,588053.000000,0.010176
785,642,92,0.011994,0.011530,57700105.000000,574950.000000,0.009964
786,643,92,0.011982,0.011436,57946660.000000,574688.000000,0.009918
787,643,92,0.011987,0.011513,58036211.000000,578233.000000,0.009963
788,643,91,0.012238,0.011781,58081656.000000,573997.000000,0.009883
789,644,91,0.012051,0.011522,58262971.000000,578430.000000,0.009928
790,645,91,0.012142,0.011558,58659882.000000,585324.000000,0.009978
791,646,91,0.012109,0.011646,58576751.000000,579094.000000,0.009886
792,647,90,0.012219,0.011704,58789508.000000,580659.000000,0.009877
793,647,90,0.012279,0.011716,59018413.000000,581765.000000,0.009857
794,648,90,0.012262,0.011738,59227823.000000,587850.000000,0.009925
795,649,89,0.012287,0.011775,59543012.000000,583315.000000,0.009797
796,650,89,0.012246,0.011757,59284921.000000,582429.000000,0.009824
797,651,89,0.012343,0.011793,59657190.000000,587290.000000,0.009844
798,652,89,0.012341,0.011821,59673084.000000,590335.000000,0.009893
799,652,88,0.012550,0.012085,59728208.000000,586825.000000,0.009825
800,653,88,0.012362,0.011870,59830226.000000,587274.000000,0.009816
801,653,88,0.012378,0.011920,59911018.000000,586867.000000,0.009796
802,654,87,0.012430,0.011930,60062051.000000,591830.000000,0.009854
803,655,87,0.012506,0.012037,60241735.000000,588925.000000,0.009776
804,655,87,0.012641,0.012314,60244345.000000,587735.000000,0.009756
805,655,87,0.012080,0.011772,60185689.000000,588299.000000,0.009775
806,656,86,0.012210,0.011786,60643611.000000,595210.000000,0.009815
807,657,86,0.012355,0.011955,61374351.000000,593523.000000,0.009671
808,658,86,0.012419,0.011989,61024029.000000,589348.000000,0.009658
809,658,86,0.012389,0.011975,61415308.000000,593113.000000,0.009657
810,659,86,0.012333,0.011931,61303975.000000,595582.000000,0.009715
811,660,85,0.012348,0.012011,61465169.000000,591040.000000,0.009616
812,660,85,0.012383,0.012037,61516653.000000,593616.000000,0.009650
813,660,85,0.012418,0.012052,61762801.000000,596779.000000,0.009662
814,661,85,0.012410,0.012085,61642734.000000,595311.000000,0.009657
815,662,85,0.012464,0.012076,61852867.000000,600548.000000,0.009709
816,662,84,0.012499,0.012188,61764596.000000,596724.000000,0.009661
817,663,84,0.012519,0.012125,62036215.000000,601821.000000,0.009701
818,664,84,0.013044,0.012601,62626419.000000,603714.000000,0.009640
819,664,84,0.012579,0.012204,62583243.000000,603708.000000,0.009646
820,664,83,0.012626,0.012274,62747416.000000,603195.000000,0.009613
821,665,83,0.012631,0.012278,62905254.000000,604785.000000,0.009614
822,666,83,0.012686,0.012243,62802942.000000,609145.000000,0.009699
823,667,83,0.012654,0.012296,62929459.000000,607189.000000,0.009649
824,668,83,0.012876,0.012462,63498387.000000,610059.000000,0.009607
825,669,82,0.012817,0.012491,63338105.000000,609685.000000,0.009626
826,669,82,0.012775,0.012408,63574088.000000,612664.000000,0.009637
827,670,82,0.013071,0.012722,63834881.000000,610477.000000,0.009563
828,670,82,0.012811,0.012498,63693736.000000,610022.000000,0.009577
829,670,82,0.012903,0.012508,64006605.000000,613436.000000,0.009584
830,670,81,0.013170,0.012760,64431915.000000,618713.000000,0.009603
831,671,81,0.012914,0.012598,64293082.000000,616837.000000,0.009594
832,672,81,0.012977,0.012658,64340173.000000,617443.000000,0.009597
833,673,81,0.012960,0.012647,64300010.000000,617768.000000,0.009608
834,674,81,0.012966,0.012602,64485087.000000,618529.000000,0.009592
835,675,80,0.013064,0.012642,64891024.000000,624281.000000,0.009620
836,676,80,0.013088,0.012719,64885591.000000,621890.000000,0.009584
837,677,80,0.013056,0.012749,64879719.000000,623264.000000,0.009606
838,678,80,0.013103,0.012718,65171284.000000,624997.000000,0.009590
839,679,80,0.013175,0.012832,65343304.000000,630064.000000,0.009642
840,679,79,0.013193,0.012835,65481143.000000,627255.000000,0.009579
841,680,79,0.013202,0.012842,65730610.000000,629771.000000,0.009581
842,681,79,0.013153,0.012785,65496212.000000,626694.000000,0.009568
843,682,79,0.013205,0.012901,65677622.000000,630920.000000,0.009606
844,683,79,0.013224,0.012869,65837199.000000,635815.000000,0.009657
845,684,79,0.013312,0.012913,66249126.000000,638511.000000,0.009638
846,685,79,0.013304,0.012960,66225848.000000,638125.000000,0.009636
847,686,78,0.013569,0.013145,67113727.000000,644287.000000,0.009600
848,686,78,0.013531,0.013178,67095009.000000,641933.000000,0.009568
849,687,78,0.013528,0.013161,67348063.000000,647374.000000,0.009612
850,688,78,0.013506,0.013127,67140939.000000,643973.000000,0.009591
851,689,78,0.013562,0.013230,67407760.000000,643675.000000,0.009549
852,690,78,0.013562,0.013170,67378703.000000,645439.000000,0.009579
853,691,78,0.013570,0.013260,67477316.000000,645413.000000,0.009565
854,692,77,0.013789,0.013374,67846156.000000,649197.000000,0.009569
855,693,77,0.013786,0.013414,68106387.000000,652410.000000,0.009579
856,694,77,0.013806,0.013367,68217413.000000,650438.000000,0.009535
857,695,77,0.014232,0.013727,68294216.000000,651364.000000,0.009538
858,696,77,0.014177,0.013563,68862957.000000,656771.000000,0.009537
859,697,77,0.014790,0.014109,69462018.000000,683196.000000,0.009836
860,697,76,0.014933,0.014554,69012027.000000,657043.000000,0.009521
861,697,76,0.014087,0.013737,68694363.000000,657428.000000,0.009570
862,698,76,0.014359,0.013689,69196523.000000,666397.000000,0.009630
863,699,76,0.014257,0.013725,69488548.000000,661181.000000,0.009515
864,700,76,0.014287,0.013698,69644857.000000,663168.000000,0.009522
865,700,75,0.014366,0.013794,69839115.000000,666357.000000,0.009541
866,701,75,0.014314,0.013765,69952921.000000,667563.000000,0.009543
867,702,75,0.014250,0.013781,69803006.000000,666992.000000,0.009555
868,703,75,0.014429,0.013849,70261666.000000,676364.000000,0.009626
869,704,75,0.014383,0.013835,70536543.000000,671571.000000,0.009521
870,705,74,0.014501,0.013992,70854790.000000,673686.000000,0.009508
871,706,74,0.014458,0.013995,70844327.000000,675712.000000,0.009538
872,707,74,0.014524,0.014017,71021042.000000,678221.000000,0.009550
873,708,74,0.014953,0.014405,71364151.000000,680230.000000,0.009532
874,709,74,0.014712,0.014177,71721850.000000,681429.000000,0.009501
875,710,73,0.014652,0.014193,71307895.000000,681464.000000,0.009557
876,711,73,0.014551,0.014134,71481776.000000,685417.000000,0.009589
877,712,73,0.014811,0.014263,71978205.000000,683365.000000,0.009494
878,713,73,0.014627,0.014245,72239350.000000,687031.000000,0.009510
879,714,73,0.014599,0.014274,72041365.000000,684172.000000,0.009497
880,714,72,0.014828,0.014439,72286503.000000,684592.000000,0.009471
881,715,72,0.014894,0.014430,72272276.000000,686197.000000,0.009495
882,716,72,0.014922,0.014510,72541938.000000,688570.000000,0.009492
883,716,72,0.014722,0.014328,72754092.000000,688993.000000,0.009470
884,716,72,0.014995,0.014600,72987193.000000,690281.000000,0.009458
885,717,71,0.014904,0.014534,72678517.000000,695865.000000,0.009575
886,717,71,0.014896,0.014558,72607021.000000,691752.000000,0.009527
887,718,71,0.014939,0.014527,72908996.000000,694647.000000,0.009528
888,719,71,0.014970,0.014603,72963929.000000,694257.000000,0.009515
889,720,71,0.015206,0.014769,73127900.000000,693729.000000,0.009487
890,721,71,0.015048,0.014620,73512574.000000,696000.000000,0.009468
891,721,70,0.015046,0.014689,73535774.000000,694638.000000,0.009446
892,722,70,0.014991,0.014564,73852679.000000,697363.000000,0.009443
893,723,70,0.014942,0.014608,73728454.000000,695962.000000,0.009440
894,723,70,0.014915,0.014595,73694861.000000,694766.000000,0.009428
895,724,70,0.015304,0.014726,74176163.000000,704058.000000,0.009492
896,724,70,0.014983,0.014521,73900246.000000,696699.000000,0.009428
897,725,69,0.015109,0.014670,74302487.000000,700871.000000,0.009433
898,726,69,0.015143,0.014694,74582053.000000,703886.000000,0.009438
899,726,69,0.015335,0.014833,74798559.000000,704431.000000,0.009418
900,727,69,0.015201,0.014617,74787512.000000,704857.000000,0.009425
901,728,69,0.015188,0.014720,74775006.000000,708179.000000,0.009471
902,729,69,0.015337,0.014772,75183762.000000,711400.000000,0.009462
903,730,68,0.015259,0.014783,74995878.000000,708968.000000,0.009453
904,731,68,0.015388,0.014809,75393365.000000,712869.000000,0.009455
905,732,68,0.015330,0.014822,75660208.000000,714150.000000,0.009439
906,732,68,0.015626,0.015119,75787520.000000,714294.000000,0.009425
907,733,68,0.015306,0.014834,75449293.000000,715330.000000,0.009481
908,734,68,0.015430,0.014903,75696895.000000,713302.000000,0.009423
909,734,67,0.015425,0.014915,76025843.000000,715671.000000,0.009414
910,735,67,0.015436,0.015042,75917607.000000,716385.000000,0.009436
911,736,67,0.015392,0.015056,76072848.000000,718765.000000,0.009448
912,737,67,0.015592,0.015084,76242272.000000,719903.000000,0.009442
913,738,67,0.015567,0.015021,76623884.000000,723501.000000,0.009442
914,739,67,0.015583,0.015081,76657804.000000,721847.000000,0.009416
915,740,67,0.015625,0.015162,76728715.000000,725162.000000,0.009451
916,741,66,0.015723,0.015270,77171897.000000,728032.000000,0.009434
917,742,66,0.015730,0.015297,77528160.000000,732265.000000,0.009445
918,743,66,0.015642,0.015272,77480057.000000,727874.000000,0.009394
919,744,66,0.015732,0.015404,77603005.000000,733347.000000,0.009450
920,745,66,0.015759,0.015400,77706503.000000,733573.000000,0.009440
921,746,66,0.015944,0.015499,78240051.000000,738413.000000,0.009438
922,746,66,0.015918,0.015530,78476706.000000,739269.000000,0.009420
923,747,66,0.015818,0.015472,78097673.000000,740001.000000,0.009475
924,748,66,0.015889,0.015470,78372351.000000,739635.000000,0.009437
925,749,66,0.015918,0.015584,78728852.000000,741439.000000,0.009418
926,749,65,0.015922,0.015589,78647490.000000,739481.000000,0.009402
927,750,65,0.015995,0.015529,79024379.000000,745051.000000,0.009428
928,751,65,0.016235,0.015640,79345979.000000,760361.000000,0.009583
929,752,65,0.015793,0.015464,79052730.000000,741310.000000,0.009377
930,753,65,0.015930,0.015520,79412728.000000,744391.000000,0.009374
931,754,65,0.015874,0.015552,79275860.000000,746334.000000,0.009414
932,754,65,0.015880,0.015534,79389839.000000,746475.000000,0.009403
933,755,65,0.015975,0.015621,79844570.000000,752042.000000,0.009419
934,756,65,0.016132,0.015680,79948342.000000,754233.000000,0.009434
935,757,64,0.016052,0.015616,80090199.000000,754813.000000,0.009425
936,758,64,0.016068,0.015631,80349252.000000,759135.000000,0.009448
937,759,64,0.016054,0.015701,80291057.000000,755823.000000,0.009414
938,759,64,0.016063,0.015750,80328586.000000,754645.000000,0.009394
939,760,64,0.018821,0.018493,82202884.000000,780606.000000,0.009496
940,760,64,0.016161,0.015832,80414917.000000,755225.000000,0.009392
941,761,64,0.016141,0.015743,80654808.000000,757917.000000,0.009397
942,762,64,0.016355,0.015916,81182507.000000,765704.000000,0.009432
943,763,64,0.016202,0.015874,81019499.000000,764264.000000,0.009433
944,763,63,0.016170,0.015853,80994806.000000,764749.000000,0.009442
945,764,63,0.016338,0.015879,81509726.000000,768028.000000,0.009423
946,765,63,0.016645,0.016252,81962571.000000,770863.000000,0.009405
947,766,63,0.016367,0.016035,81912588.000000,769275.000000,0.009391
948,767,63,0.016407,0.016034,82120194.000000,770464.000000,0.009382
949,767,63,0.016499,0.016146,82333404.000000,769222.000000,0.009343
950,768,63,0.016486,0.016109,82551619.000000,774705.000000,0.009384
951,769,63,0.016596,0.016163,82927313.000000,777979.000000,0.009381
952,770,63,0.016655,0.016248,83105714.000000,782353.000000,0.009414
953,771,62,0.017078,0.016739,83529525.000000,783433.000000,0.009379
954,771,62,0.016626,0.016306,83251713.000000,779594.000000,0.009364
955,772,62,0.016778,0.016314,83782234.000000,784990.000000,0.009369
956,773,62,0.016786,0.016421,83839819.000000,786636.000000,0.009383
957,774,62,0.016821,0.016491,83959780.000000,783858.000000,0.009336
958,775,62,0.016957,0.016524,84341760.000000,786716.000000,0.009328
959,776,62,0.016880,0.016554,84656374.000000,787709.000000,0.009305
960,777,62,0.017053,0.016619,85033005.000000,793957.000000,0.009337
961,778,62,0.017014,0.016695,85274253.000000,794509.000000,0.009317
962,779,61,0.017089,0.016691,85617581.000000,797453.000000,0.009314
963,780,61,0.017151,0.016828,85523940.000000,794214.000000,0.009286
964,780,61,0.017271,0.016907,85731405.000000,796169.000000,0.009287
965,781,61,0.017189,0.016863,85838033.000000,795808.000000,0.009271
966,782,61,0.017260,0.016849,86105290.000000,798847.000000,0.009278
967,783,61,0.017195,0.016874,86009481.000000,798093.000000,0.009279
968,784,61,0.017254,0.016817,86317908.000000,800005.000000,0.009268
969,785,61,0.017212,0.016893,86182413.000000,798531.000000,0.009266
970,786,61,0.018020,0.017558,86859761.000000,808522.000000,0.009308
971,787,60,0.017763,0.017262,86789943.000000,807418.000000,0.009303
972,787,60,0.017545,0.017055,86861262.000000,804018.000000,0.009256
973,788,60,0.017670,0.017068,87382407.000000,811060.000000,0.009282
974,789,60,0.017616,0.017098,87275046.000000,808462.000000,0.009263
975,790,60,0.017693,0.017169,87398286.000000,810527.000000,0.009274
976,791,60,0.017962,0.017498,87864492.000000,815026.000000,0.009276
977,792,60,0.017723,0.017380,87881971.000000,814735.000000,0.009271
978,793,59,0.017873,0.017393,88416236.000000,819804.000000,0.009272
