frame,nb of entities,FPS,frame length,physics length,L1-dcache-loads,L1-dcache-load-misses,L1-dcache-load-miss-ratio
0,3,302,0.001628,0.000017,416817.000000,27515.000000,0.066012
1,4,302,0.003319,0.000020,566863.000000,31255.000000,0.055137
2,5,302,0.003333,0.000020,546473.000000,30417.000000,0.055661
3,6,302,0.003320,0.000020,547798.000000,30478.000000,0.055637
4,7,302,0.003318,0.000021,557616.000000,30529.000000,0.054749
5,8,302,0.003323,0.000030,555819.000000,31992.000000,0.057558
6,9,302,0.003323,0.000020,582142.000000,31378.000000,0.053901
7,10,302,0.003318,0.000022,597086.000000,31506.000000,0.052766
8,11,302,0.003327,0.000021,586504.000000,31356.000000,0.053463
9,12,302,0.003327,0.000023,577227.000000,30953.000000,0.053624
10,13,302,0.003317,0.000026,552207.000000,27513.000000,0.049824
11,14,302,0.003336,0.000026,594989.000000,31750.000000,0.053362
12,15,302,0.003318,0.000027,589318.000000,30577.000000,0.051885
13,16,302,0.003323,0.000027,599083.000000,31655.000000,0.052839
14,17,302,0.003321,0.000032,576925.000000,30700.000000,0.053213
15,18,302,0.003329,0.000032,567781.000000,27892.000000,0.049125
16,19,302,0.003317,0.000033,616942.000000,31007.000000,0.050259
17,19,302,0.003330,0.000031,577979.000000,30708.000000,0.053130
18,20,302,0.003320,0.000037,618025.000000,31212.000000,0.050503
19,21,302,0.003317,0.000032,614276.000000,31318.000000,0.050984
20,22,302,0.003324,0.000034,573090.000000,27766.000000,0.048450
21,23,302,0.003325,0.000037,619706.000000,31882.000000,0.051447
22,24,302,0.003321,0.000034,600142.000000,30729.000000,0.051203
23,25,302,0.003323,0.000034,608270.000000,31714.000000,0.052138
24,26,302,0.003328,0.000035,598999.000000,31053.000000,0.051841
25,27,302,0.003317,0.000041,584249.000000,28098.000000,0.048093
26,28,302,0.003325,0.000039,607174.000000,32128.000000,0.052914
27,29,302,0.003326,0.000042,634066.000000,31931.000000,0.050359
28,30,303,0.003318,0.000041,645873.000000,31679.000000,0.049048
29,30,303,0.003326,0.000035,623623.000000,31698.000000,0.050829
30,31,303,0.003327,0.000045,601171.000000,28046.000000,0.046652
31,32,303,0.003314,0.000081,667084.000000,36079.000000,0.054085
32,33,303,0.003323,0.000044,649708.000000,31500.000000,0.048483
33,34,303,0.003328,0.000043,667799.000000,31252.000000,0.046799
34,35,303,0.003319,0.000046,669888.000000,31401.000000,0.046875
35,36,303,0.003329,0.000041,625730.000000,28732.000000,0.045918
36,37,303,0.003323,0.000049,667440.000000,31951.000000,0.047871
37,38,303,0.003319,0.000046,690396.000000,32835.000000,0.047560
38,39,303,0.003322,0.000052,678556.000000,32262.000000,0.047545
39,39,303,0.003328,0.000051,655494.000000,31338.000000,0.047808
40,40,303,0.003319,0.000051,651864.000000,29432.000000,0.045151
41,41,303,0.003322,0.000053,681684.000000,32098.000000,0.047086
42,42,303,0.003326,0.000054,690343.000000,31730.000000,0.045963
43,43,303,0.003321,0.000054,690475.000000,31847.000000,0.046123
44,43,303,0.003323,0.000056,674196.000000,31943.000000,0.047379
45,43,303,0.003324,0.000062,747245.000000,28573.000000,0.038238
46,44,303,0.003322,0.000060,718998.000000,32412.000000,0.045079
47,45,303,0.003324,0.000058,703476.000000,32440.000000,0.046114
48,46,303,0.003325,0.000067,715477.000000,32189.000000,0.044990
49,47,303,0.003319,0.000061,727048.000000,32110.000000,0.044165
50,47,303,0.003323,0.000062,679849.000000,28511.000000,0.041937
51,48,303,0.003325,0.000062,754437.000000,31923.000000,0.042314
52,48,303,0.003323,0.000064,724012.000000,31435.000000,0.043418
53,49,303,0.003322,0.000065,767872.000000,33011.000000,0.042990
54,50,303,0.003328,0.000061,748446.000000,32228.000000,0.043060
55,51,303,0.003319,0.000068,743862.000000,29207.000000,0.039264
56,52,303,0.003326,0.000063,759317.000000,32954.000000,0.043400
57,53,303,0.003327,0.000072,794409.000000,33451.000000,0.042108
58,54,303,0.003319,0.000075,771712.000000,32845.000000,0.042561
59,54,303,0.003324,0.000075,754135.000000,32475.000000,0.043063
60,55,300,0.003325,0.000075,740364.000000,29237.000000,0.039490
61,56,300,0.003321,0.000075,803181.000000,33760.000000,0.042033
62,56,300,0.003336,0.000081,785562.000000,33478.000000,0.042617
63,57,300,0.003326,0.000070,836705.000000,33351.000000,0.039860
64,58,300,0.003322,0.000089,818121.000000,34116.000000,0.041700
65,59,300,0.003334,0.000095,787327.000000,32258.000000,0.040972
66,60,300,0.003331,0.000086,815303.000000,33779.000000,0.041431
67,61,300,0.003312,0.000086,829943.000000,33840.000000,0.040774
68,62,300,0.003322,0.000098,844698.000000,34129.000000,0.040404
69,63,300,0.003329,0.000079,868761.000000,35280.000000,0.040610
70,64,300,0.003319,0.000102,790382.000000,29956.000000,0.037901
71,64,300,0.003322,0.000121,822286.000000,36373.000000,0.044234
72,65,300,0.003326,0.000101,859128.000000,33393.000000,0.038868
73,66,300,0.003325,0.000083,851411.000000,33887.000000,0.039801
74,67,300,0.003319,0.000109,866840.000000,34530.000000,0.039834
75,68,300,0.003327,0.000107,831568.000000,30881.000000,0.037136
76,69,300,0.003316,0.000111,880376.000000,34551.000000,0.039246
77,70,300,0.003324,0.000100,901777.000000,35293.000000,0.039137
78,71,300,0.003327,0.000103,891173.000000,34419.000000,0.038622
79,71,300,0.003319,0.000103,882668.000000,34114.000000,0.038649
80,72,300,0.003328,0.000103,856256.000000,31480.000000,0.036765
81,73,300,0.003323,0.000103,903050.000000,34217.000000,0.037890
82,74,300,0.003327,0.000107,889658.000000,34715.000000,0.039021
83,74,300,0.003315,0.000225,914182.000000,45585.000000,0.049864
84,75,300,0.003323,0.000119,906861.000000,34388.000000,0.037920
85,76,300,0.003319,0.000119,888948.000000,32040.000000,0.036043
86,76,300,0.003323,0.000121,899280.000000,34210.000000,0.038042
87,77,300,0.003328,0.000122,936106.000000,35333.000000,0.037745
88,78,300,0.003319,0.000127,923245.000000,34801.000000,0.037694
89,78,300,0.003325,0.000125,905092.000000,34353.000000,0.037955
90,79,300,0.003330,0.000126,882248.000000,31259.000000,0.035431
91,80,300,0.003318,0.000127,948592.000000,34638.000000,0.036515
92,81,300,0.003327,0.000130,937380.000000,35637.000000,0.038018
93,82,300,0.003323,0.000135,978697.000000,35545.000000,0.036319
94,83,300,0.003319,0.000138,974707.000000,35565.000000,0.036488
95,84,300,0.003323,0.000140,963209.000000,33577.000000,0.034860
96,85,300,0.003327,0.000145,1000784.000000,35501.000000,0.035473
97,86,300,0.003320,0.000144,1022389.000000,36271.000000,0.035477
98,87,300,0.003325,0.000159,1009730.000000,37294.000000,0.036935
99,88,300,0.003321,0.000150,1042233.000000,36201.000000,0.034734
100,89,300,0.003321,0.000139,1026567.000000,32894.000000,0.032043
101,89,300,0.003325,0.000143,1048555.000000,35895.000000,0.034233
102,89,300,0.003327,0.000142,1043899.000000,35226.000000,0.033745
103,90,300,0.003325,0.000143,1079787.000000,36462.000000,0.033768
104,91,300,0.003323,0.000148,1069650.000000,36858.000000,0.034458
105,91,300,0.003325,0.000164,1043752.000000,32759.000000,0.031386
106,92,300,0.003320,0.000168,1090587.000000,36575.000000,0.033537
107,93,300,0.003327,0.000152,1120327.000000,37516.000000,0.033487
108,93,300,0.003325,0.000155,1127777.000000,36787.000000,0.032619
109,94,300,0.003322,0.000161,1149858.000000,37726.000000,0.032809
110,95,300,0.003322,0.000167,1118036.000000,33775.000000,0.030209
111,96,300,0.003329,0.000174,1191438.000000,38008.000000,0.031901
112,97,300,0.003319,0.000170,1197656.000000,37354.000000,0.031189
113,97,300,0.003324,0.000173,1178845.000000,36833.000000,0.031245
114,98,300,0.003327,0.000175,1189509.000000,36951.000000,0.031064
115,99,300,0.003322,0.000175,1194284.000000,34352.000000,0.028764
116,100,300,0.003325,0.000180,1212916.000000,38663.000000,0.031876
117,100,300,0.003327,0.000187,1206264.000000,37698.000000,0.031252
118,101,300,0.003322,0.000181,1225019.000000,37734.000000,0.030803
119,102,300,0.003325,0.000184,1265554.000000,38098.000000,0.030104
120,103,300,0.003327,0.000190,1218682.000000,34211.000000,0.028072
121,103,300,0.003323,0.000188,1273972.000000,37451.000000,0.029397
122,104,300,0.003324,0.000207,1323120.000000,39947.000000,0.030192
123,105,300,0.003330,0.000202,1309867.000000,39105.000000,0.029854
124,106,300,0.003318,0.000200,1302725.000000,37726.000000,0.028959
125,107,300,0.003324,0.000208,1302728.000000,35386.000000,0.027163
126,108,300,0.003328,0.000204,1320288.000000,38340.000000,0.029039
127,108,300,0.003322,0.000203,1306399.000000,37618.000000,0.028795
128,109,300,0.003325,0.000214,1314410.000000,39306.000000,0.029904
129,110,300,0.003326,0.000204,1367447.000000,38887.000000,0.028438
130,111,300,0.003323,0.000221,1366808.000000,36016.000000,0.026350
131,112,300,0.003323,0.000230,1433413.000000,39672.000000,0.027677
132,113,300,0.003327,0.000231,1461349.000000,39315.000000,0.026903
133,113,300,0.003329,0.000239,1456223.000000,39085.000000,0.026840
134,114,300,0.003313,0.000289,1514296.000000,44566.000000,0.029430
135,115,300,0.003328,0.000244,1504189.000000,36837.000000,0.024490
136,115,300,0.003320,0.000248,1503076.000000,39262.000000,0.026121
137,115,300,0.003323,0.000268,1498467.000000,42038.000000,0.028054
138,116,300,0.003329,0.000248,1512807.000000,39581.000000,0.026164
139,117,300,0.003321,0.000247,1549589.000000,40913.000000,0.026402
140,118,300,0.003323,0.000287,1547883.000000,39145.000000,0.025289
141,119,300,0.003330,0.000265,1630697.000000,40192.000000,0.024647
142,119,300,0.003320,0.000272,1613401.000000,39666.000000,0.024585
143,120,300,0.003323,0.000292,1656459.000000,43017.000000,0.025969
144,121,300,0.003329,0.000278,1670903.000000,41143.000000,0.024623
145,122,300,0.003320,0.000283,1646040.000000,37535.000000,0.022803
146,123,300,0.003323,0.000299,1706736.000000,43830.000000,0.025681
147,124,300,0.003329,0.000295,1748862.000000,42630.000000,0.024376
148,125,300,0.003321,0.000302,1743054.000000,42026.000000,0.024111
149,126,300,0.003325,0.000323,1821018.000000,45215.000000,0.024830
150,127,300,0.003326,0.000322,1825494.000000,39269.000000,0.021511
151,128,300,0.003322,0.000327,1894838.000000,42476.000000,0.022417
152,129,300,0.003322,0.000347,1879791.000000,44772.000000,0.023818
153,130,300,0.003330,0.000332,1926121.000000,43212.000000,0.022435
154,130,300,0.003323,0.000339,1887378.000000,42155.000000,0.022335
155,131,300,0.003321,0.000530,2035037.000000,62249.000000,0.030589
156,132,300,0.003321,0.000460,2032950.000000,60968.000000,0.029990
157,133,300,0.003321,0.000311,2008145.000000,44711.000000,0.022265
158,134,300,0.003327,0.000385,1973497.000000,46215.000000,0.023418
159,135,300,0.003313,0.000561,2111774.000000,55967.000000,0.026502
160,136,300,0.003324,0.000427,2053479.000000,42377.000000,0.020637
161,137,300,0.003321,0.000509,2167479.000000,51955.000000,0.023970
162,137,300,0.003326,0.000434,2175297.000000,45133.000000,0.020748
163,138,300,0.003320,0.000356,2202578.000000,46673.000000,0.021190
164,139,300,0.003325,0.000474,2214263.000000,49662.000000,0.022428
165,139,300,0.003325,0.000458,2177741.000000,42663.000000,0.019590
166,140,300,0.003317,0.000458,2272062.000000,47853.000000,0.021061
167,140,300,0.003325,0.000465,2233417.000000,50094.000000,0.022429
168,141,300,0.003325,0.000512,2277624.000000,50003.000000,0.021954
169,142,300,0.003324,0.000474,2321711.000000,48782.000000,0.021011
170,143,300,0.003320,0.000538,2319866.000000,45984.000000,0.019822
171,144,300,0.003326,0.000490,2389636.000000,48074.000000,0.020118
172,145,300,0.003319,0.000507,2369140.000000,48959.000000,0.020665
173,145,300,0.003322,0.000480,2354439.000000,49277.000000,0.020929
174,146,300,0.003329,0.000581,2421202.000000,59121.000000,0.024418
175,147,300,0.003318,0.000508,2434996.000000,46998.000000,0.019301
176,148,300,0.003325,0.000511,2529703.000000,51945.000000,0.020534
177,148,300,0.003327,0.000527,2457058.000000,50016.000000,0.020356
178,149,300,0.003317,0.000537,2558398.000000,51340.000000,0.020067
179,150,300,0.003323,0.000532,2612427.000000,51668.000000,0.019778
180,151,300,0.003325,0.000553,2537972.000000,47109.000000,0.018562
181,152,300,0.003321,0.000558,2648239.000000,52067.000000,0.019661
182,152,300,0.003326,0.000552,2686516.000000,52350.000000,0.019486
183,152,300,0.003322,0.000608,2703631.000000,52098.000000,0.019270
184,153,300,0.003326,0.000595,2733242.000000,52429.000000,0.019182
185,154,300,0.003323,0.000573,2756919.000000,51180.000000,0.018564
186,155,300,0.003326,0.000638,2835083.000000,55262.000000,0.019492
187,156,300,0.003320,0.000624,2851804.000000,55606.000000,0.019499
188,156,300,0.003325,0.000601,2864996.000000,54766.000000,0.019116
189,156,300,0.003320,0.000656,2971695.000000,56301.000000,0.018946
190,157,300,0.003383,0.000771,2828304.000000,52733.000000,0.018645
191,158,300,0.003364,0.000600,2887427.000000,55759.000000,0.019311
192,159,300,0.003379,0.000709,2906907.000000,61209.000000,0.021056
193,159,300,0.003366,0.000655,2882032.000000,56473.000000,0.019595
194,159,300,0.003355,0.000526,2902953.000000,56933.000000,0.019612
195,160,300,0.003368,0.000662,2936864.000000,58638.000000,0.019966
196,161,300,0.003359,0.000653,2952757.000000,59570.000000,0.020174
197,162,300,0.003366,0.000601,2978837.000000,56737.000000,0.019047
198,163,300,0.003370,0.000680,3022657.000000,61196.000000,0.020246
199,163,300,0.003363,0.000654,3041602.000000,57919.000000,0.019042
200,164,300,0.003358,0.000631,3044153.000000,53615.000000,0.017612
201,165,300,0.003370,0.000683,3092990.000000,61613.000000,0.019920
202,166,300,0.003368,0.000644,3105647.000000,58290.000000,0.018769
203,167,300,0.003360,0.000645,3163835.000000,57127.000000,0.018056
204,168,299,0.003370,0.000718,3221019.000000,61018.000000,0.018944
205,169,299,0.003359,0.000667,3213578.000000,55853.000000,0.017380
206,169,299,0.003360,0.000672,3212955.000000,57717.000000,0.017964
207,169,299,0.003371,0.000690,3235322.000000,60153.000000,0.018593
208,170,299,0.003372,0.000721,3244373.000000,59706.000000,0.018403
209,171,299,0.003364,0.000670,3291303.000000,59389.000000,0.018044
210,172,299,0.003353,0.000665,3242736.000000,56162.000000,0.017319
211,173,299,0.003372,0.000681,3345574.000000,60026.000000,0.017942
212,174,299,0.003371,0.000690,3373726.000000,60718.000000,0.017997
213,174,299,0.003397,0.000671,3474170.000000,60188.000000,0.017324
214,174,299,0.003359,0.000709,3388728.000000,58951.000000,0.017396
215,175,299,0.003368,0.000702,3447730.000000,58360.000000,0.016927
216,176,299,0.003372,0.000658,3452701.000000,60188.000000,0.017432
217,177,299,0.003364,0.000802,3549336.000000,61744.000000,0.017396
218,178,299,0.003329,0.000657,3725372.000000,64216.000000,0.017237
219,178,299,0.003316,0.000707,3775775.000000,62700.000000,0.016606
220,179,299,0.003323,0.000783,3838174.000000,60097.000000,0.015658
221,180,298,0.003374,0.000756,3865870.000000,64715.000000,0.016740
222,181,298,0.003362,0.000736,3947877.000000,66080.000000,0.016738
223,182,298,0.003360,0.000812,3939021.000000,65082.000000,0.016522
224,183,298,0.003373,0.000790,3961693.000000,64776.000000,0.016351
225,184,298,0.003368,0.000936,3984199.000000,63596.000000,0.015962
226,185,298,0.003364,0.000748,4013439.000000,65185.000000,0.016242
227,186,298,0.003376,0.000790,4069497.000000,66763.000000,0.016406
228,187,298,0.003379,0.000767,4190364.000000,68944.000000,0.016453
229,187,298,0.003377,0.000863,4109998.000000,66420.000000,0.016161
230,188,298,0.003391,0.000965,4142300.000000,64506.000000,0.015573
231,188,298,0.003337,0.000920,4216221.000000,67945.000000,0.016115
232,189,298,0.003374,0.000819,4119582.000000,66366.000000,0.016110
233,190,298,0.003389,0.000873,4185935.000000,68013.000000,0.016248
234,190,298,0.003375,0.000908,4201331.000000,66489.000000,0.015826
235,191,297,0.003373,0.000826,4214867.000000,65121.000000,0.015450
236,192,297,0.003387,0.000903,4271811.000000,69635.000000,0.016301
237,193,297,0.003371,0.000890,4327208.000000,69816.000000,0.016134
238,194,297,0.003380,0.000906,4311796.000000,69628.000000,0.016148
239,195,297,0.003388,0.000900,4374208.000000,67947.000000,0.015534
240,195,297,0.003362,0.000890,4488325.000000,70515.000000,0.015711
241,196,297,0.003383,0.000935,4394772.000000,69582.000000,0.015833
242,197,297,0.003380,0.000896,4418681.000000,69780.000000,0.015792
243,198,297,0.003382,0.000915,4545776.000000,71007.000000,0.015620
244,199,297,0.003335,0.001021,4656284.000000,72428.000000,0.015555
245,200,297,0.003382,0.000910,4621310.000000,73068.000000,0.015811
246,201,297,0.003393,0.001079,4632890.000000,73068.000000,0.015772
247,201,297,0.003383,0.001013,4622510.000000,73453.000000,0.015890
248,202,296,0.003378,0.000878,4704357.000000,74403.000000,0.015816
249,203,296,0.003375,0.000997,4750632.000000,71254.000000,0.014999
250,204,296,0.003381,0.000962,4730559.000000,74636.000000,0.015777
251,205,296,0.003388,0.000995,4854066.000000,76572.000000,0.015775
252,206,296,0.003385,0.001008,4914689.000000,75680.000000,0.015399
253,207,296,0.003325,0.001010,5010501.000000,81078.000000,0.016182
254,208,296,0.003323,0.001245,5013530.000000,86688.000000,0.017291
255,209,297,0.003323,0.001020,5091897.000000,77787.000000,0.015277
256,209,297,0.003326,0.001003,5067141.000000,76056.000000,0.015010
257,210,297,0.003320,0.001327,5267062.000000,95645.000000,0.018159
258,211,297,0.003324,0.001118,5310149.000000,84653.000000,0.015942
259,212,297,0.003322,0.001053,5375720.000000,78098.000000,0.014528
260,213,297,0.003326,0.001287,5452191.000000,95773.000000,0.017566
261,214,297,0.003323,0.001111,5512960.000000,83417.000000,0.015131
262,215,297,0.003323,0.001113,5574103.000000,84478.000000,0.015155
263,215,297,0.003325,0.001322,5626725.000000,100185.000000,0.017805
264,216,297,0.003323,0.001180,5608806.000000,83704.000000,0.014924
265,217,297,0.003323,0.001123,5728201.000000,86334.000000,0.015072
266,218,297,0.003326,0.001384,5753594.000000,102666.000000,0.017844
267,218,297,0.003324,0.001167,5664792.000000,85355.000000,0.015068
268,219,297,0.003324,0.001169,5677464.000000,88803.000000,0.015641
269,220,297,0.003324,0.001400,5836237.000000,100207.000000,0.017170
270,221,297,0.003325,0.001189,5875951.000000,87989.000000,0.014974
271,222,297,0.003324,0.001176,5921506.000000,88218.000000,0.014898
272,223,298,0.003325,0.001480,5943454.000000,104024.000000,0.017502
273,224,298,0.003323,0.001258,6022708.000000,92620.000000,0.015378
274,224,298,0.003322,0.001223,6121560.000000,86603.000000,0.014147
275,225,298,0.003330,0.001472,6285824.000000,103800.000000,0.016513
276,226,298,0.003319,0.001282,6356340.000000,91165.000000,0.014342
277,227,298,0.003321,0.001225,6213353.000000,90810.000000,0.014615
278,228,298,0.003328,0.001539,6405326.000000,112924.000000,0.017630
279,229,298,0.003323,0.001278,6228824.000000,87275.000000,0.014011
280,230,298,0.003324,0.001271,6314027.000000,90638.000000,0.014355
281,231,298,0.003324,0.001574,6489436.000000,110545.000000,0.017035
282,232,298,0.003326,0.001321,6385461.000000,91786.000000,0.014374
283,233,298,0.003322,0.001364,6487825.000000,98834.000000,0.015234
284,233,298,0.003326,0.001477,6575209.000000,96077.000000,0.014612
285,234,298,0.003322,0.001391,6663182.000000,97418.000000,0.014620
286,235,298,0.003322,0.001333,6745054.000000,95994.000000,0.014232
287,235,298,0.003327,0.001443,6822038.000000,98809.000000,0.014484
288,236,298,0.003324,0.001370,6611773.000000,94277.000000,0.014259
289,237,299,0.003320,0.001458,6947022.000000,113201.000000,0.016295
290,237,299,0.003326,0.001311,6821202.000000,96473.000000,0.014143
291,238,299,0.003326,0.001400,6829925.000000,95900.000000,0.014041
292,239,299,0.003323,0.001381,6800993.000000,95306.000000,0.014014
293,240,299,0.003327,0.001348,6925238.000000,98769.000000,0.014262
294,241,299,0.003327,0.001435,6823537.000000,92665.000000,0.013580
295,242,299,0.003323,0.001631,6963296.000000,100893.000000,0.014489
296,242,299,0.003325,0.001559,7020031.000000,110457.000000,0.015735
297,242,299,0.003325,0.001440,6918436.000000,96896.000000,0.014005
298,243,299,0.003323,0.001415,6936218.000000,95999.000000,0.013840
299,244,299,0.003326,0.001372,7004734.000000,98453.000000,0.014055
300,245,299,0.003327,0.001510,7094611.000000,101795.000000,0.014348
301,245,299,0.003323,0.001445,7106586.000000,98590.000000,0.013873
302,246,300,0.003324,0.001603,7230379.000000,116490.000000,0.016111
303,246,300,0.003327,0.001529,7203260.000000,104771.000000,0.014545
304,246,300,0.003322,0.001476,7272632.000000,96522.000000,0.013272
305,247,300,0.003326,0.001383,7210158.000000,101603.000000,0.014092
306,248,300,0.003327,0.001517,7231485.000000,100593.000000,0.013910
307,249,300,0.003324,0.001477,7301065.000000,101077.000000,0.013844
308,250,300,0.003326,0.001437,7489918.000000,103975.000000,0.013882
309,251,300,0.003328,0.001542,7366322.000000,99759.000000,0.013543
310,252,300,0.003324,0.001523,7476346.000000,104308.000000,0.013952
311,253,300,0.003326,0.001453,7609351.000000,105856.000000,0.013911
312,253,300,0.003327,0.001611,7691061.000000,106840.000000,0.013891
313,253,300,0.003325,0.001650,7716337.000000,113897.000000,0.014761
314,253,300,0.003325,0.001495,7649318.000000,104850.000000,0.013707
315,254,300,0.003328,0.001609,7770052.000000,108395.000000,0.013950
316,255,300,0.003324,0.001612,7958236.000000,109621.000000,0.013775
317,256,300,0.003328,0.001557,8089116.000000,111989.000000,0.013844
318,257,300,0.003325,0.001734,8190116.000000,117075.000000,0.014295
319,258,300,0.003323,0.001647,8071338.000000,106894.000000,0.013244
320,259,300,0.003327,0.001758,8306647.000000,120667.000000,0.014527
321,260,300,0.003326,0.001765,8256215.000000,116001.000000,0.014050
322,260,300,0.003322,0.001758,8439422.000000,118714.000000,0.014067
323,261,300,0.003327,0.001825,8512414.000000,122494.000000,0.014390
324,262,300,0.003327,0.001822,8508169.000000,113523.000000,0.013343
325,263,300,0.003323,0.001761,8584587.000000,121142.000000,0.014112
326,264,300,0.003326,0.001768,8656223.000000,122280.000000,0.014126
327,265,300,0.003328,0.001856,8782953.000000,122233.000000,0.013917
328,266,300,0.003325,0.001709,8807798.000000,122142.000000,0.013867
329,266,300,0.003329,0.001824,8829913.000000,121804.000000,0.013794
330,267,300,0.003327,0.001865,8845175.000000,123082.000000,0.013915
331,268,300,0.003325,0.001744,9013462.000000,122694.000000,0.013612
332,269,300,0.003331,0.001890,9035769.000000,123920.000000,0.013714
333,270,300,0.003332,0.001917,9183550.000000,123414.000000,0.013439
334,270,300,0.003325,0.001806,9226060.000000,120450.000000,0.013055
335,270,300,0.003332,0.001926,9393727.000000,126273.000000,0.013442
336,270,300,0.003334,0.001996,9353951.000000,127501.000000,0.013631
337,271,300,0.003329,0.001834,9496762.000000,127193.000000,0.013393
338,272,300,0.003333,0.001966,9677879.000000,129643.000000,0.013396
339,273,300,0.003337,0.002022,9523649.000000,125028.000000,0.013128
340,273,300,0.003325,0.001870,9496069.000000,124960.000000,0.013159
341,274,300,0.003334,0.001960,9643128.000000,127675.000000,0.013240
342,275,300,0.003335,0.002133,9595370.000000,128216.000000,0.013362
343,276,300,0.003334,0.001972,9740455.000000,130827.000000,0.013431
344,277,300,0.003332,0.002020,9840391.000000,128285.000000,0.013037
345,278,300,0.003337,0.002076,9744383.000000,130582.000000,0.013401
346,279,300,0.003329,0.001916,9793283.000000,128542.000000,0.013126
347,280,300,0.003326,0.002023,10002145.000000,132868.000000,0.013284
348,281,300,0.003344,0.002213,10036083.000000,131986.000000,0.013151
349,282,300,0.003333,0.001956,10101003.000000,127942.000000,0.012666
350,282,300,0.003341,0.002104,10344343.000000,133477.000000,0.012903
351,282,300,0.003344,0.002192,10489906.000000,134498.000000,0.012822
352,283,300,0.003336,0.002052,10459259.000000,135044.000000,0.012911
353,284,300,0.003343,0.002170,10582904.000000,138331.000000,0.013071
354,285,300,0.003339,0.002128,10550399.000000,133443.000000,0.012648
355,285,300,0.003338,0.002088,10653190.000000,135441.000000,0.012714
356,286,300,0.003344,0.002198,10678481.000000,138672.000000,0.012986
357,287,300,0.003340,0.002134,10691721.000000,136049.000000,0.012725
358,288,300,0.003341,0.002109,10866213.000000,137339.000000,0.012639
359,289,300,0.003348,0.002268,10912810.000000,137622.000000,0.012611
360,290,300,0.003341,0.002167,10819991.000000,138220.000000,0.012775
361,290,300,0.003340,0.002128,10802932.000000,137112.000000,0.012692
362,291,300,0.003346,0.002234,10845086.000000,140322.000000,0.012939
363,292,300,0.003341,0.002173,10813937.000000,138338.000000,0.012793
364,293,300,0.003339,0.002126,10774164.000000,134191.000000,0.012455
365,293,300,0.003348,0.002232,10997743.000000,141478.000000,0.012864
366,293,300,0.003343,0.002184,10979159.000000,139654.000000,0.012720
367,294,300,0.003331,0.002174,11157847.000000,141227.000000,0.012657
368,295,300,0.003350,0.002292,11253381.000000,144554.000000,0.012845
369,295,300,0.003344,0.002226,11173484.000000,138295.000000,0.012377
370,296,299,0.003342,0.002189,11131361.000000,141667.000000,0.012727
371,297,299,0.003351,0.002296,11279056.000000,143946.000000,0.012762
372,297,299,0.003348,0.002255,11394976.000000,145155.000000,0.012739
373,298,299,0.003349,0.002274,11562795.000000,149083.000000,0.012893
374,299,299,0.003353,0.002325,11451762.000000,144096.000000,0.012583
375,299,299,0.003348,0.002307,11455425.000000,147346.000000,0.012863
376,300,299,0.003346,0.002269,11461637.000000,146962.000000,0.012822
377,301,299,0.003356,0.002357,11645683.000000,148388.000000,0.012742
378,301,299,0.003350,0.002339,11708937.000000,149697.000000,0.012785
379,302,299,0.003348,0.002265,11631831.000000,146872.000000,0.012627
380,303,299,0.003355,0.002384,11734939.000000,148924.000000,0.012691
381,303,299,0.003349,0.002355,11797105.000000,150226.000000,0.012734
382,304,299,0.003349,0.002287,11798094.000000,149309.000000,0.012655
383,305,299,0.003358,0.002425,11957889.000000,153432.000000,0.012831
384,306,299,0.003352,0.002402,11853853.000000,145734.000000,0.012294
385,307,299,0.003351,0.002325,12043911.000000,150415.000000,0.012489
386,308,299,0.003362,0.002509,12343459.000000,161698.000000,0.013100
387,309,299,0.003358,0.002471,12481546.000000,160712.000000,0.012876
388,309,299,0.003352,0.002390,12179471.000000,155403.000000,0.012759
389,310,299,0.003360,0.002506,12273139.000000,155900.000000,0.012703
390,311,299,0.003357,0.002464,12303284.000000,159900.000000,0.012997
391,312,299,0.003354,0.002414,12354864.000000,159496.000000,0.012910
392,313,299,0.003359,0.002552,12637329.000000,163742.000000,0.012957
393,314,299,0.003363,0.002538,12857840.000000,161908.000000,0.012592
394,314,299,0.003356,0.002448,12521273.000000,157321.000000,0.012564
395,315,298,0.003367,0.002573,12768478.000000,165673.000000,0.012975
396,316,298,0.003458,0.002563,12830273.000000,167687.000000,0.013070
397,317,298,0.003387,0.002514,13007491.000000,169649.000000,0.013042
398,318,298,0.003359,0.002573,13262307.000000,170562.000000,0.012861
399,319,298,0.003362,0.002601,13170405.000000,167927.000000,0.012750
400,320,298,0.003371,0.002624,13347947.000000,170818.000000,0.012797
401,321,298,0.003366,0.002620,13525313.000000,172225.000000,0.012734
402,322,298,0.003368,0.002666,13689119.000000,175391.000000,0.012812
403,323,298,0.003377,0.002702,13570817.000000,173111.000000,0.012756
404,324,298,0.003367,0.002653,13658087.000000,170332.000000,0.012471
405,325,298,0.003376,0.002686,13732080.000000,175465.000000,0.012778
406,326,298,0.003369,0.002683,13682597.000000,172592.000000,0.012614
407,327,298,0.003460,0.002700,13815256.000000,176739.000000,0.012793
408,328,297,0.003477,0.002701,13916439.000000,177607.000000,0.012762
409,329,297,0.003350,0.002751,14009228.000000,176584.000000,0.012605
410,330,297,0.003435,0.002809,14256914.000000,179204.000000,0.012570
411,331,297,0.003373,0.002792,14318881.000000,180084.000000,0.012577
412,332,297,0.003422,0.002850,14356767.000000,180067.000000,0.012542
413,333,297,0.003485,0.002860,14502654.000000,180788.000000,0.012466
414,334,297,0.003449,0.002868,14679524.000000,178209.000000,0.012140
415,334,296,0.003461,0.002873,14584875.000000,181360.000000,0.012435
416,334,296,0.003495,0.002911,14683818.000000,180525.000000,0.012294
417,335,296,0.003470,0.002864,14732818.000000,181205.000000,0.012299
418,335,296,0.003536,0.002933,14946291.000000,180236.000000,0.012059
419,335,295,0.003567,0.002981,14953643.000000,182949.000000,0.012234
420,335,295,0.003481,0.002927,14841285.000000,181480.000000,0.012228
421,336,295,0.003586,0.002946,15107189.000000,184841.000000,0.012235
422,337,294,0.003604,0.003038,15170196.000000,184625.000000,0.012170
423,338,294,0.003561,0.002988,15204573.000000,182083.000000,0.011976
424,339,294,0.003697,0.003038,15437996.000000,186024.000000,0.012050
425,340,293,0.003603,0.003013,15428458.000000,187538.000000,0.012155
426,341,293,0.003658,0.003076,15458532.000000,189446.000000,0.012255
427,341,292,0.003697,0.003132,15458789.000000,190576.000000,0.012328
428,341,292,0.003621,0.003027,15552706.000000,184117.000000,0.011838
429,342,291,0.003697,0.003103,15740100.000000,189130.000000,0.012016
430,343,291,0.003694,0.003124,15637434.000000,189074.000000,0.012091
431,344,291,0.003555,0.003213,15795703.000000,192048.000000,0.012158
432,345,290,0.003527,0.003229,15883216.000000,191761.000000,0.012073
433,346,290,0.003537,0.003173,16044086.000000,198268.000000,0.012358
434,347,290,0.003495,0.003203,16228383.000000,198530.000000,0.012234
435,347,290,0.003624,0.003298,16359710.000000,199979.000000,0.012224
436,347,289,0.003549,0.003267,16304134.000000,199785.000000,0.012254
437,348,289,0.003657,0.003340,16473130.000000,202352.000000,0.012284
438,349,288,0.003642,0.003312,16660172.000000,205262.000000,0.012321
439,350,288,0.003602,0.003279,16757082.000000,204067.000000,0.012178
440,351,288,0.003698,0.003391,16623934.000000,204602.000000,0.012308
441,351,287,0.003606,0.003325,16578181.000000,201151.000000,0.012133
442,352,287,0.003564,0.003278,16604440.000000,202059.000000,0.012169
443,352,286,0.003717,0.003389,16791410.000000,205316.000000,0.012227
444,353,286,0.003688,0.003353,16875619.000000,204686.000000,0.012129
445,354,286,0.003610,0.003278,16780657.000000,204305.000000,0.012175
446,354,285,0.003784,0.003460,16964774.000000,204120.000000,0.012032
447,355,285,0.003683,0.003359,17064964.000000,205707.000000,0.012054
448,355,284,0.003799,0.003466,17185481.000000,207701.000000,0.012086
449,356,283,0.003796,0.003459,17382986.000000,208913.000000,0.012018
450,357,283,0.003695,0.003425,17277603.000000,207963.000000,0.012037
451,358,282,0.003850,0.003516,17487368.000000,213307.000000,0.012198
452,359,282,0.003792,0.003494,17435813.000000,211637.000000,0.012138
453,360,281,0.003783,0.003442,17586982.000000,212039.000000,0.012057
454,361,280,0.003918,0.003523,17626507.000000,214476.000000,0.012168
455,361,280,0.003750,0.003482,17569160.000000,207678.000000,0.011821
456,362,279,0.003907,0.003582,17753208.000000,213702.000000,0.012037
457,363,279,0.003886,0.003567,17850677.000000,212826.000000,0.011923
458,364,278,0.003850,0.003539,17752518.000000,212783.000000,0.011986
459,364,277,0.003922,0.003593,17846051.000000,210449.000000,0.011792
460,365,277,0.003864,0.003562,17843761.000000,213264.000000,0.011952
461,366,276,0.003961,0.003601,18053553.000000,216852.000000,0.012012
462,367,275,0.003909,0.003605,18044436.000000,217060.000000,0.012029
463,368,275,0.003890,0.003567,18166645.000000,214969.000000,0.011833
464,369,274,0.004011,0.003713,18273840.000000,219490.000000,0.012011
465,370,273,0.003988,0.003673,18355200.000000,219076.000000,0.011935
466,371,272,0.004019,0.003723,18376307.000000,222324.000000,0.012098
467,372,272,0.004016,0.003698,18447798.000000,221821.000000,0.012024
468,373,271,0.003995,0.003663,18620150.000000,218773.000000,0.011749
469,374,270,0.004142,0.003809,18890962.000000,222342.000000,0.011770
470,374,269,0.004051,0.003724,18763225.000000,221967.000000,0.011830
471,375,268,0.004137,0.003795,18905875.000000,223882.000000,0.011842
472,376,267,0.004093,0.003810,18962513.000000,222094.000000,0.011712
473,376,267,0.004045,0.003765,18958586.000000,225856.000000,0.011913
474,377,266,0.004215,0.003863,19011463.000000,226718.000000,0.011925
475,378,265,0.004081,0.003776,19035713.000000,225733.000000,0.011858
476,379,264,0.004211,0.003893,19160163.000000,224381.000000,0.011711
477,380,263,0.004185,0.003847,19281385.000000,228724.000000,0.011862
478,381,263,0.004216,0.003911,19219389.000000,235385.000000,0.012247
479,382,262,0.004204,0.003856,19376162.000000,234003.000000,0.012077
480,383,261,0.004142,0.003865,19497013.000000,228290.000000,0.011709
481,383,260,0.004269,0.003972,19539694.000000,233083.000000,0.011929
482,384,260,0.004262,0.003916,19604983.000000,233039.000000,0.011887
483,385,259,0.004394,0.004035,19838395.000000,237329.000000,0.011963
484,386,258,0.004325,0.003982,19987135.000000,234252.000000,0.011720
485,387,257,0.004242,0.003883,19884340.000000,234065.000000,0.011771
486,388,257,0.004375,0.004069,19884613.000000,237249.000000,0.011931
487,389,256,0.004244,0.003920,19976994.000000,232118.000000,0.011619
488,390,255,0.004407,0.004073,20110339.000000,238951.000000,0.011882
489,391,254,0.004683,0.004053,20187014.000000,238417.000000,0.011810
490,392,253,0.004601,0.003965,20228590.000000,240289.000000,0.011879
491,393,252,0.004668,0.004042,20443909.000000,239163.000000,0.011698
492,394,251,0.004628,0.004038,20394950.000000,243524.000000,0.011940
493,395,249,0.004700,0.004072,20574441.000000,242401.000000,0.011782
494,396,248,0.004670,0.004045,20606072.000000,244174.000000,0.011850
495,397,247,0.004734,0.004104,20772403.000000,243500.000000,0.011722
496,398,246,0.004692,0.004087,20927934.000000,246599.000000,0.011783
497,399,245,0.004840,0.004168,21052657.000000,249028.000000,0.011829
498,400,244,0.004770,0.004187,21276651.000000,244888.000000,0.011510
499,401,242,0.004912,0.004294,21517475.000000,251987.000000,0.011711
500,402,241,0.004791,0.004213,21481850.000000,248977.000000,0.011590
501,403,240,0.004916,0.004305,21604335.000000,251885.000000,0.011659
502,403,239,0.004841,0.004235,21682036.000000,249534.000000,0.011509
503,404,238,0.004974,0.004362,21842812.000000,255339.000000,0.011690
504,404,237,0.004697,0.004389,21721750.000000,256506.000000,0.011809
505,405,235,0.004931,0.004575,21977328.000000,256765.000000,0.011683
506,406,235,0.004729,0.004421,22127774.000000,256986.000000,0.011614
507,406,233,0.004887,0.004538,22227087.000000,264882.000000,0.011917
508,407,233,0.004787,0.004480,22255489.000000,261036.000000,0.011729
509,407,231,0.004965,0.004672,22268506.000000,260909.000000,0.011717
510,408,231,0.004737,0.004409,22330525.000000,260287.000000,0.011656
511,408,230,0.004833,0.004487,22310185.000000,259179.000000,0.011617
512,408,229,0.004697,0.004402,22256989.000000,254419.000000,0.011431
513,409,228,0.004795,0.004469,22392556.000000,260538.000000,0.011635
514,410,227,0.004795,0.004480,22439137.000000,261271.000000,0.011644
515,411,226,0.004821,0.004499,22530984.000000,257713.000000,0.011438
516,411,226,0.004819,0.004522,22548535.000000,262560.000000,0.011644
517,412,225,0.004884,0.004546,22694326.000000,264035.000000,0.011634
518,413,224,0.004849,0.004529,22691427.000000,262463.000000,0.011567
519,414,223,0.004906,0.004540,22852107.000000,262240.000000,0.011476
520,415,222,0.004980,0.004618,23330364.000000,267987.000000,0.011487
521,415,221,0.004948,0.004618,23109330.000000,266633.000000,0.011538
522,416,220,0.004930,0.004612,23207629.000000,263616.000000,0.011359
523,417,220,0.004989,0.004631,23289066.000000,267782.000000,0.011498
524,418,219,0.004949,0.004638,23247564.000000,267773.000000,0.011518
525,419,218,0.005128,0.004758,23510523.000000,270217.000000,0.011493
526,419,217,0.005066,0.004722,23743916.000000,267722.000000,0.011275
527,419,216,0.005048,0.004735,23700653.000000,270510.000000,0.011414
528,420,215,0.005377,0.005019,23911353.000000,275722.000000,0.011531
529,421,214,0.005091,0.004733,23900405.000000,269268.000000,0.011266
530,422,214,0.005136,0.004776,24058059.000000,273395.000000,0.011364
531,422,213,0.005142,0.004784,24162823.000000,274150.000000,0.011346
532,423,212,0.005074,0.004758,23822739.000000,269343.000000,0.011306
533,424,211,0.005152,0.004772,24082561.000000,273911.000000,0.011374
534,425,211,0.005113,0.004808,24084435.000000,275485.000000,0.011438
535,425,210,0.005119,0.004816,24033311.000000,271120.000000,0.011281
536,426,209,0.005110,0.004768,24230289.000000,275137.000000,0.011355
537,426,208,0.006250,0.005868,25044572.000000,287106.000000,0.011464
538,426,207,0.005163,0.004812,24707431.000000,275701.000000,0.011159
539,427,206,0.005346,0.004967,24887696.000000,282431.000000,0.011348
540,428,205,0.005165,0.004869,24780373.000000,279271.000000,0.011270
541,428,205,0.005387,0.005020,25078462.000000,281530.000000,0.011226
542,428,204,0.005679,0.005097,25005216.000000,279949.000000,0.011196
543,429,203,0.005583,0.004963,25162697.000000,282075.000000,0.011210
544,430,202,0.005518,0.005195,25202446.000000,285136.000000,0.011314
545,431,201,0.005346,0.005019,25264095.000000,281225.000000,0.011131
546,432,201,0.005444,0.005061,25314172.000000,286679.000000,0.011325
547,433,200,0.005672,0.005274,25446293.000000,288263.000000,0.011328
548,433,199,0.005428,0.004976,25660711.000000,296914.000000,0.011571
549,434,198,0.005351,0.005029,25753771.000000,289240.000000,0.011231
550,435,198,0.005373,0.005066,25656169.000000,290572.000000,0.011326
551,436,198,0.005320,0.005018,25673711.000000,288098.000000,0.011222
552,437,197,0.005397,0.005057,25891661.000000,294252.000000,0.011365
553,438,197,0.005437,0.005115,25972122.000000,296096.000000,0.011401
554,439,196,0.005383,0.005100,25958021.000000,290610.000000,0.011195
555,440,196,0.005418,0.005094,26067411.000000,296192.000000,0.011363
556,441,195,0.005433,0.005125,26125985.000000,296488.000000,0.011348
557,441,195,0.005447,0.005134,26213500.000000,293815.000000,0.011209
558,442,194,0.005537,0.005200,26413179.000000,302411.000000,0.011449
559,443,194,0.005487,0.005139,26307857.000000,298429.000000,0.011344
560,444,193,0.005523,0.005205,26627180.000000,297199.000000,0.011161
561,445,193,0.005618,0.005269,26824797.000000,301566.000000,0.011242
562,446,193,0.005598,0.005272,26664182.000000,299864.000000,0.011246
563,447,192,0.005570,0.005234,26766402.000000,298029.000000,0.011134
564,448,192,0.005576,0.005247,26851674.000000,301764.000000,0.011238
565,449,191,0.005647,0.005285,27129007.000000,304754.000000,0.011234
566,450,191,0.005637,0.005315,27065814.000000,301248.000000,0.011130
567,451,190,0.005714,0.005326,27369887.000000,306952.000000,0.011215
568,452,190,0.005698,0.005372,27512052.000000,307959.000000,0.011194
569,453,189,0.005753,0.005382,27593467.000000,308857.000000,0.011193
570,454,189,0.005686,0.005373,27458070.000000,309223.000000,0.011262
571,454,188,0.005703,0.005408,27506532.000000,308032.000000,0.011199
572,455,187,0.005685,0.005401,27481595.000000,304938.000000,0.011096
573,456,187,0.005765,0.005399,27758563.000000,310504.000000,0.011186
574,457,186,0.005788,0.005464,27910722.000000,312246.000000,0.011187
575,458,186,0.005880,0.005526,28228093.000000,309973.000000,0.010981
576,459,185,0.005832,0.005531,28159779.000000,312390.000000,0.011093
577,459,185,0.005848,0.005568,28137754.000000,308886.000000,0.010978
578,460,184,0.005846,0.005539,28177542.000000,312860.000000,0.011103
579,461,183,0.005938,0.005563,28427864.000000,317171.000000,0.011157
580,461,183,0.005901,0.005587,28491246.000000,314187.000000,0.011027
581,462,182,0.005959,0.005614,28733426.000000,321111.000000,0.011176
582,463,182,0.005911,0.005606,28562221.000000,319555.000000,0.011188
583,464,181,0.005955,0.005618,28633223.000000,317843.000000,0.011100
584,464,181,0.005919,0.005623,28673610.000000,318901.000000,0.011122
585,464,180,0.005977,0.005624,28832697.000000,320701.000000,0.011123
586,465,180,0.006052,0.005739,29154080.000000,321236.000000,0.011019
587,466,179,0.006018,0.005648,29064637.000000,321594.000000,0.011065
588,467,179,0.006040,0.005732,29219450.000000,324559.000000,0.011108
589,468,178,0.006080,0.005773,29282018.000000,322852.000000,0.011026
590,469,178,0.006093,0.005773,29435753.000000,327925.000000,0.011140
591,469,177,0.006107,0.005804,29546627.000000,328091.000000,0.011104
592,469,177,0.006097,0.005760,29503440.000000,328626.000000,0.011139
593,470,176,0.006209,0.005823,29910596.000000,333293.000000,0.011143
594,471,176,0.006216,0.005917,30061198.000000,331950.000000,0.011042
595,472,175,0.006264,0.005924,30304668.000000,334736.000000,0.011046
596,473,174,0.006328,0.005978,30476075.000000,338480.000000,0.011106
597,474,174,0.006325,0.005992,30566179.000000,335896.000000,0.010989
598,475,174,0.006311,0.006007,30551518.000000,337493.000000,0.011047
599,476,173,0.006391,0.006042,30729482.000000,336238.000000,0.010942
600,477,173,0.006322,0.006020,30694784.000000,340249.000000,0.011085
601,478,172,0.006377,0.006029,30888652.000000,340536.000000,0.011025
602,479,172,0.006365,0.006072,30807122.000000,337183.000000,0.010945
603,480,171,0.006396,0.006046,31030954.000000,342135.000000,0.011026
604,481,171,0.006408,0.006110,30994992.000000,344040.000000,0.011100
605,482,170,0.006432,0.006071,31177321.000000,343800.000000,0.011027
606,483,170,0.006409,0.006112,31106374.000000,345258.000000,0.011099
607,484,170,0.006498,0.006142,31324442.000000,344625.000000,0.011002
608,485,169,0.006421,0.006121,31236226.000000,346254.000000,0.011085
609,485,169,0.006466,0.006166,31253505.000000,346055.000000,0.011073
610,486,168,0.006417,0.006134,31202078.000000,342344.000000,0.010972
611,487,168,0.006535,0.006145,31473204.000000,349153.000000,0.011094
612,488,167,0.006567,0.006254,31398568.000000,345673.000000,0.011009
613,489,166,0.006514,0.006166,31542345.000000,348994.000000,0.011064
614,490,166,0.006539,0.006228,31546072.000000,349953.000000,0.011093
615,491,165,0.006529,0.006204,31631471.000000,347311.000000,0.010980
616,492,165,0.006606,0.006236,31943936.000000,354283.000000,0.011091
617,493,164,0.006584,0.006228,31984890.000000,354317.000000,0.011078
618,493,164,0.006566,0.006278,31771964.000000,349194.000000,0.010991
619,494,163,0.006641,0.006279,32021641.000000,354461.000000,0.011069
620,494,163,0.006698,0.006339,32570382.000000,355828.000000,0.010925
621,495,162,0.006854,0.006520,32916213.000000,361326.000000,0.010977
622,496,162,0.006863,0.006483,33056955.000000,364188.000000,0.011017
623,496,161,0.006767,0.006451,32997891.000000,360023.000000,0.010910
624,496,161,0.006945,0.006580,33300710.000000,367031.000000,0.011022
625,496,160,0.006921,0.006598,33307247.000000,362619.000000,0.010887
626,496,160,0.006916,0.006559,33331910.000000,364724.000000,0.010942
627,496,159,0.007057,0.006655,33598175.000000,365369.000000,0.010875
628,497,158,0.007000,0.006663,33876320.000000,370855.000000,0.010947
629,498,158,0.006973,0.006637,33723544.000000,369398.000000,0.010954
630,499,157,0.006952,0.006653,33727008.000000,369279.000000,0.010949
631,500,157,0.006950,0.006631,33830803.000000,369606.000000,0.010925
632,501,156,0.006943,0.006656,33858712.000000,369575.000000,0.010915
633,502,156,0.007000,0.006681,33977102.000000,372392.000000,0.010960
634,503,155,0.007066,0.006769,34053811.000000,374834.000000,0.011007
635,503,155,0.007115,0.006811,34095845.000000,375762.000000,0.011021
636,504,154,0.006993,0.006684,34036166.000000,376612.000000,0.011065
637,505,154,0.007152,0.006780,34263049.000000,375670.000000,0.010964
638,506,153,0.007110,0.006756,34510478.000000,378911.000000,0.010980
639,507,153,0.007117,0.006775,34519630.000000,376564.000000,0.010909
640,508,152,0.007158,0.006824,34633530.000000,379597.000000,0.010960
641,508,152,0.007266,0.006879,34941359.000000,381229.000000,0.010911
642,509,151,0.007270,0.006925,34979352.000000,378516.000000,0.010821
643,510,151,0.007501,0.007078,35331318.000000,384833.000000,0.010892
644,511,150,0.007873,0.007248,35364758.000000,382506.000000,0.010816
645,512,149,0.007898,0.007019,35692081.000000,388805.000000,0.010893
646,513,149,0.007659,0.007059,35640053.000000,384971.000000,0.010802
647,514,148,0.007748,0.007068,35959390.000000,391673.000000,0.010892
648,515,147,0.007732,0.007127,35919948.000000,385390.000000,0.010729
649,515,147,0.007740,0.007141,35953489.000000,389437.000000,0.010832
650,516,146,0.007761,0.007143,36034530.000000,389145.000000,0.010799
651,517,146,0.007774,0.007106,36349206.000000,397534.000000,0.010937
652,518,145,0.007794,0.007199,36224459.000000,392918.000000,0.010847
653,519,144,0.007862,0.007188,36498586.000000,398603.000000,0.010921
654,520,144,0.007793,0.007442,36474781.000000,400714.000000,0.010986
655,520,143,0.007614,0.007240,36573804.000000,394726.000000,0.010793
656,520,143,0.007559,0.007233,36531570.000000,399933.000000,0.010948
657,521,143,0.007680,0.007298,36761356.000000,396825.000000,0.010795
658,522,142,0.007835,0.007437,37242847.000000,403120.000000,0.010824
659,523,142,0.007713,0.007363,36823162.000000,400097.000000,0.010865
660,524,141,0.007672,0.007290,36855520.000000,404465.000000,0.010974
661,525,141,0.007714,0.007317,37100861.000000,401315.000000,0.010817
662,526,140,0.007864,0.007459,37455026.000000,408381.000000,0.010903
663,527,140,0.007840,0.007454,37564014.000000,406339.000000,0.010817
664,528,139,0.008273,0.007594,37821777.000000,413457.000000,0.010932
665,529,139,0.008102,0.007465,37886376.000000,409279.000000,0.010803
666,530,138,0.008079,0.007479,37777322.000000,410232.000000,0.010859
667,531,138,0.007881,0.007540,37805341.000000,408180.000000,0.010797
668,532,137,0.008012,0.007581,38158003.000000,416384.000000,0.010912
669,532,137,0.008271,0.007826,38546399.000000,420714.000000,0.010914
670,532,136,0.008020,0.007631,38378704.000000,416223.000000,0.010845
671,533,136,0.007974,0.007606,38500437.000000,413438.000000,0.010739
672,534,135,0.008064,0.007735,38563547.000000,418325.000000,0.010848
673,534,135,0.008085,0.007757,38521617.000000,417174.000000,0.010830
674,535,134,0.008110,0.007719,38769124.000000,418155.000000,0.010786
675,536,134,0.008097,0.007690,38938809.000000,421089.000000,0.010814
676,537,133,0.008051,0.007738,38932318.000000,418521.000000,0.010750
677,537,133,0.008120,0.007773,38952285.000000,421012.000000,0.010808
678,538,132,0.008125,0.007795,38965715.000000,418121.000000,0.010730
679,538,132,0.008219,0.007856,39136397.000000,424695.000000,0.010852
680,539,131,0.008154,0.007838,39101305.000000,419959.000000,0.010740
681,540,131,0.008168,0.007762,39399232.000000,423197.000000,0.010741
682,540,131,0.008338,0.007949,39784287.000000,423381.000000,0.010642
683,541,130,0.008281,0.007877,39708612.000000,425554.000000,0.010717
684,542,130,0.008277,0.007956,39714263.000000,423594.000000,0.010666
685,543,129,0.008357,0.007938,40068364.000000,430714.000000,0.010749
686,544,129,0.008270,0.007942,39931015.000000,426916.000000,0.010691
687,545,129,0.008339,0.007936,40324522.000000,431851.000000,0.010709
688,546,128,0.008390,0.008066,40180240.000000,428972.000000,0.010676
689,547,128,0.008479,0.008074,40483667.000000,436041.000000,0.010771
690,548,128,0.008401,0.008075,40336511.000000,431555.000000,0.010699
691,549,127,0.008552,0.008160,40695130.000000,438407.000000,0.010773
692,550,127,0.008452,0.008142,40799013.000000,434822.000000,0.010658
693,551,126,0.008611,0.008090,41169565.000000,440808.000000,0.010707
694,552,126,0.008602,0.008216,41581842.000000,451776.000000,0.010865
695,553,125,0.008636,0.008285,41618012.000000,445826.000000,0.010712
696,554,125,0.008631,0.008332,41591726.000000,441625.000000,0.010618
697,555,125,0.008853,0.008371,41769237.000000,445117.000000,0.010657
698,556,124,0.008706,0.008270,41725539.000000,444684.000000,0.010657
699,557,124,0.008715,0.008263,41831463.000000,447922.000000,0.010708
700,558,123,0.008735,0.008277,42012802.000000,449083.000000,0.010689
701,558,123,0.008738,0.008306,42003279.000000,445134.000000,0.010598
702,558,123,0.008813,0.008356,42068930.000000,454984.000000,0.010815
703,559,122,0.009123,0.008650,42215138.000000,448091.000000,0.010614
704,560,122,0.008885,0.008432,42430784.000000,452516.000000,0.010665
705,561,122,0.008849,0.008392,42455818.000000,448482.000000,0.010563
706,562,121,0.009011,0.008494,42862560.000000,454586.000000,0.010606
707,563,121,0.008919,0.008440,42869340.000000,451999.000000,0.010544
708,564,121,0.008951,0.008487,42973403.000000,455642.000000,0.010603
709,564,120,0.008916,0.008489,42977734.000000,452044.000000,0.010518
710,565,120,0.009217,0.008712,43292214.000000,464118.000000,0.010721
711,566,120,0.008981,0.008534,43422984.000000,454269.000000,0.010461
712,567,120,0.008996,0.008558,43356109.000000,457506.000000,0.010552
713,568,119,0.009086,0.008573,43641989.000000,457313.000000,0.010479
714,569,119,0.009319,0.008933,44153268.000000,462497.000000,0.010475
715,570,118,0.009128,0.008738,43989038.000000,461014.000000,0.010480
716,571,118,0.009177,0.008793,44294432.000000,462043.000000,0.010431
717,572,118,0.009424,0.008891,44687322.000000,469276.000000,0.010501
718,573,117,0.009315,0.008836,44817656.000000,466157.000000,0.010401
719,573,117,0.009259,0.008824,44639722.000000,467817.000000,0.010480
720,573,117,0.009340,0.008829,44935825.000000,467258.000000,0.010398
721,574,116,0.009455,0.008881,45285686.000000,473755.000000,0.010461
722,575,116,0.009299,0.008829,44957712.000000,468750.000000,0.010426
723,576,116,0.009386,0.008883,45198610.000000,471684.000000,0.010436
724,577,115,0.009541,0.009011,45657879.000000,477974.000000,0.010469
725,577,115,0.009465,0.008950,45736937.000000,471919.000000,0.010318
726,578,115,0.009444,0.008913,45618408.000000,474304.000000,0.010397
727,579,114,0.009456,0.008997,45581347.000000,471533.000000,0.010345
728,580,114,0.009511,0.008982,45801693.000000,475950.000000,0.010392
729,581,114,0.009530,0.009044,45958924.000000,473490.000000,0.010302
730,581,113,0.009467,0.009042,45751122.000000,473529.000000,0.010350
731,582,113,0.009554,0.009060,45992118.000000,479734.000000,0.010431
732,582,113,0.009549,0.009090,46063972.000000,476755.000000,0.010350
733,582,112,0.009558,0.009113,46118481.000000,480330.000000,0.010415
734,583,112,0.009563,0.009109,46224120.000000,478654.000000,0.010355
735,584,112,0.009666,0.009178,46496498.000000,483473.000000,0.010398
736,585,111,0.009641,0.009193,46530631.000000,481699.000000,0.010352
737,585,111,0.009775,0.009378,46924049.000000,484160.000000,0.010318
738,586,111,0.009651,0.009316,46767757.000000,485764.000000,0.010387
739,586,110,0.009762,0.009368,47134941.000000,485037.000000,0.010290
740,587,110,0.009739,0.009406,47044240.000000,489601.000000,0.010407
741,588,110,0.009749,0.009408,47092966.000000,484792.000000,0.010294
742,589,110,0.009708,0.009403,47138878.000000,486325.000000,0.010317
743,590,109,0.009760,0.009420,47288468.000000,492135.000000,0.010407
744,591,109,0.009745,0.009445,47310371.000000,492946.000000,0.010419
745,592,109,0.009824,0.009478,47454657.000000,495313.000000,0.010438
746,593,108,0.009969,0.009562,47850235.000000,496824.000000,0.010383
747,593,108,0.009926,0.009605,47729282.000000,498042.000000,0.010435
748,594,108,0.009823,0.009512,47648576.000000,494386.000000,0.010376
749,594,107,0.009890,0.009506,47939825.000000,496015.000000,0.010347
750,595,107,0.009908,0.009545,48027259.000000,500474.000000,0.010421
751,596,107,0.010101,0.009660,47981859.000000,497051.000000,0.010359
752,597,107,0.009960,0.009507,48012580.000000,497434.000000,0.010360
753,597,106,0.009948,0.009446,48050857.000000,495537.000000,0.010313
754,598,106,0.010031,0.009473,48388239.000000,499049.000000,0.010313
755,599,106,0.010102,0.009589,48618473.000000,503155.000000,0.010349
756,600,105,0.010185,0.009665,49017247.000000,502256.000000,0.010247
757,601,105,0.010230,0.009706,49298352.000000,505955.000000,0.010263
758,602,105,0.010149,0.009718,49158509.000000,502932.000000,0.010231
759,603,105,0.010248,0.009717,49525798.000000,507315.000000,0.010243
760,604,104,0.010314,0.009789,49849157.000000,512654.000000,0.010284
761,605,104,0.010347,0.009827,49991052.000000,510802.000000,0.010218
762,605,104,0.010304,0.009794,49788907.000000,508917.000000,0.010221
763,606,104,0.010426,0.009886,50214698.000000,516497.000000,0.010286
764,607,103,0.010415,0.009892,50352259.000000,513678.000000,0.010202
765,608,103,0.010559,0.010018,50573150.000000,522002.000000,0.010322
766,609,103,0.010409,0.009970,50382961.000000,512603.000000,0.010174
767,609,102,0.010406,0.009961,50370848.000000,512461.000000,0.010174
768,610,102,0.010407,0.009951,50412017.000000,514451.000000,0.010205
769,611,102,0.010435,0.009949,50562665.000000,515533.000000,0.010196
770,612,102,0.010406,0.009968,50542062.000000,514815.000000,0.010186
771,613,101,0.010508,0.009984,50858571.000000,520515.000000,0.010235
772,613,101,0.010580,0.010081,51296647.000000,516333.000000,0.010066
773,614,101,0.010547,0.010051,51119425.000000,521039.000000,0.010193
774,615,101,0.010677,0.010307,51307960.000000,523155.000000,0.010196
775,615,100,0.010582,0.010257,51285344.000000,519941.000000,0.010138
776,616,100,0.011007,0.010457,51744203.000000,527726.000000,0.010199
777,617,100,0.010740,0.010248,51820213.000000,524534.000000,0.010122
778,618,100,0.010756,0.010241,52061000.000000,524587.000000,0.010076
779,618,99,0.010798,0.010310,52334749.000000,530347.000000,0.010134
780,619,99,0.010724,0.010268,52043783.000000,524495.000000,0.010078
781,620,99,0.010763,0.010292,52249827.000000,526927.000000,0.010085
782,620,99,0.010887,0.010349,52840265.000000,531443.000000,0.010058
783,621,99,0.010896,0.010412,52851513.000000,531365.000000,0.010054
784,622,98,0.010986,0.010496,53236339.000000,533712.000000,0.010025
785,623,98,0.011016,0.010514,53425072.000000,537242.000000,0.010056
786,624,98,0.011028,0.010547,53235803.000000,533401.000000,0.010020
787,624,98,0.011005,0.010463,53562514.000000,534129.000000,0.009972
788,625,97,0.011071,0.010618,53605231.000000,539692.000000,0.010068
789,625,97,0.011058,0.010563,53746894.000000,536012.000000,0.009973
790,625,97,0.011123,0.010592,54066430.000000,535338.000000,0.009901
791,626,97,0.011172,0.010669,54307094.000000,543357.000000,0.010005
792,627,96,0.011137,0.010700,54102459.000000,538078.000000,0.009946
793,628,96,0.011248,0.010735,54403995.000000,540803.000000,0.009941
794,629,96,0.011229,0.010774,54503639.000000,543385.000000,0.009970
795,630,95,0.011332,0.010715,54902735.000000,557572.000000,0.010156
796,631,95,0.011379,0.010829,55081906.000000,545050.000000,0.009895
797,632,95,0.011302,0.010849,55034358.000000,547012.000000,0.009939
798,633,95,0.011559,0.011066,55241272.000000,544077.000000,0.009849
799,634,94,0.011506,0.010970,55570572.000000,550777.000000,0.009911
800,635,94,0.011430,0.010937,55586628.000000,550022.000000,0.009895
801,636,94,0.011620,0.010973,55973377.000000,549804.000000,0.009823
802,637,94,0.011581,0.011171,56495231.000000,553763.000000,0.009802
803,638,93,0.011733,0.011181,56316347.000000,555855.000000,0.009870
804,638,93,0.012003,0.011472,56435109.000000,551803.000000,0.009778
805,638,93,0.011556,0.011120,56262296.000000,551971.000000,0.009811
806,639,93,0.011564,0.011123,56281521.000000,551450.000000,0.009798
807,640,92,0.011661,0.011118,56633518.000000,558553.000000,0.009863
808,641,92,0.011540,0.011100,56455691.000000,553323.000000,0.009801
809,642,92,0.011784,0.011364,56868980.000000,556864.000000,0.009792
810,643,91,0.011812,0.011384,57306545.000000,563543.000000,0.009834
811,643,91,0.011858,0.011312,57009075.000000,555063.000000,0.009736
812,644,91,0.011746,0.011213,57205033.000000,556688.000000,0.009731
813,644,91,0.011790,0.011245,57392387.000000,559414.000000,0.009747
814,644,90,0.011742,0.011170,57147849.000000,557455.000000,0.009755
815,645,90,0.011936,0.011438,57262324.000000,558776.000000,0.009758
816,646,90,0.011788,0.011260,57349410.000000,558916.000000,0.009746
817,647,90,0.011846,0.011294,57591740.000000,564527.000000,0.009802
818,648,90,0.011902,0.011361,57931920.000000,561386.000000,0.009690
819,649,89,0.011956,0.011425,58134066.000000,566618.000000,0.009747
820,649,89,0.012041,0.011590,57612947.000000,561977.000000,0.009754
821,650,89,0.011892,0.011356,57937026.000000,563548.000000,0.009727
822,651,89,0.011935,0.011492,58147341.000000,565156.000000,0.009719
823,652,88,0.012027,0.011463,58555005.000000,568816.000000,0.009714
824,653,88,0.012077,0.011533,58925345.000000,574224.000000,0.009745
825,653,88,0.012108,0.011558,58749056.000000,569282.000000,0.009690
826,654,88,0.012173,0.011621,59309425.000000,573046.000000,0.009662
827,655,88,0.012349,0.011793,59734425.000000,581140.000000,0.009729
828,656,87,0.012275,0.011740,59771118.000000,575287.000000,0.009625
829,657,87,0.012308,0.011792,59906524.000000,576997.000000,0.009632
830,658,87,0.012346,0.011924,60249263.000000,579073.000000,0.009611
831,659,87,0.012390,0.011978,60559486.000000,586308.000000,0.009682
832,660,86,0.012286,0.011936,60199112.000000,579080.000000,0.009619
833,661,86,0.012401,0.011996,60548047.000000,581735.000000,0.009608
834,661,86,0.012359,0.012004,60588474.000000,580513.000000,0.009581
835,662,86,0.012661,0.012118,60988669.000000,585940.000000,0.009607
836,663,86,0.012469,0.011970,60965495.000000,583507.000000,0.009571
837,663,85,0.012486,0.012040,60963263.000000,582341.000000,0.009552
838,663,85,0.012454,0.012016,60953788.000000,581444.000000,0.009539
839,664,85,0.012589,0.012033,61378721.000000,589483.000000,0.009604
840,664,85,0.012538,0.012099,61336275.000000,584878.000000,0.009536
841,665,84,0.012658,0.012114,61735560.000000,590202.000000,0.009560
842,666,84,0.012572,0.012131,61547519.000000,588982.000000,0.009570
843,667,84,0.012749,0.012190,61979856.000000,597012.000000,0.009632
844,668,84,0.012633,0.012177,61767821.000000,592818.000000,0.009598
845,669,84,0.012740,0.012194,62126155.000000,595710.000000,0.009589
846,670,83,0.012787,0.012273,62418131.000000,598584.000000,0.009590
847,671,83,0.012893,0.012310,62810088.000000,602698.000000,0.009596
848,672,83,0.012833,0.012371,62745077.000000,602213.000000,0.009598
849,672,83,0.012831,0.012372,62702067.000000,599667.000000,0.009564
850,673,83,0.012884,0.012347,63072083.000000,603126.000000,0.009562
851,674,82,0.013034,0.012647,63212766.000000,606768.000000,0.009599
852,675,82,0.013123,0.012780,63391035.000000,611757.000000,0.009651
853,676,82,0.013052,0.012676,63463051.000000,609555.000000,0.009605
854,677,82,0.013168,0.012781,63772497.000000,613589.000000,0.009622
855,678,81,0.013108,0.012729,63878271.000000,612916.000000,0.009595
856,678,81,0.013036,0.012727,63796122.000000,612684.000000,0.009604
857,679,81,0.013220,0.012811,64196216.000000,619871.000000,0.009656
858,680,81,0.013337,0.012933,64577131.000000,626036.000000,0.009694
859,681,81,0.013546,0.013138,64367213.000000,641813.000000,0.009971
860,682,80,0.015903,0.015464,65989355.000000,649100.000000,0.009836
861,683,80,0.012984,0.012645,64606799.000000,622348.000000,0.009633
862,684,80,0.013058,0.012688,64904440.000000,631532.000000,0.009730
863,685,80,0.013111,0.012770,64980067.000000,628397.000000,0.009671
864,686,80,0.013085,0.012777,65263375.000000,629314.000000,0.009643
865,687,79,0.013203,0.012815,65540014.000000,632846.000000,0.009656
866,688,79,0.013275,0.012894,65921936.000000,635639.000000,0.009642
867,689,79,0.013245,0.012821,65850757.000000,638587.000000,0.009697
868,690,79,0.013311,0.012916,66177161.000000,636719.000000,0.009621
869,691,79,0.013267,0.012862,65937628.000000,634855.000000,0.009628
870,692,79,0.013274,0.012964,65844386.000000,635492.000000,0.009651
871,692,78,0.013366,0.012983,66169431.000000,637190.000000,0.009630
872,692,78,0.013360,0.013007,66391515.000000,640895.000000,0.009653
873,692,78,0.013403,0.013023,66513929.000000,640165.000000,0.009625
874,693,78,0.013429,0.013092,66757283.000000,641441.000000,0.009609
875,693,78,0.015436,0.014870,67811874.000000,668936.000000,0.009865
876,694,77,0.013662,0.013200,66901337.000000,644611.000000,0.009635
877,695,77,0.013753,0.013189,67283704.000000,647382.000000,0.009622
878,696,77,0.013704,0.013241,67131848.000000,648121.000000,0.009654
879,697,77,0.014034,0.013455,67568062.000000,649287.000000,0.009609
880,698,77,0.014100,0.013684,68114496.000000,653481.000000,0.009594
881,699,76,0.014091,0.013529,67915866.000000,650207.000000,0.009574
882,699,76,0.013839,0.013383,67869774.000000,648430.000000,0.009554
883,700,76,0.014555,0.013990,68296348.000000,653226.000000,0.009565
884,701,76,0.014117,0.013771,68360623.000000,660244.000000,0.009658
885,702,76,0.014193,0.013752,68771261.000000,658651.000000,0.009577
886,703,75,0.014098,0.013683,69069267.000000,657763.000000,0.009523
887,703,75,0.014340,0.013755,69122507.000000,664272.000000,0.009610
888,704,75,0.014609,0.013861,69474560.000000,659721.000000,0.009496
889,705,75,0.014140,0.013609,69217513.000000,657277.000000,0.009496
890,706,75,0.014189,0.013661,69601701.000000,660160.000000,0.009485
891,706,74,0.014132,0.013664,69358846.000000,661160.000000,0.009532
892,707,74,0.014144,0.013691,69323378.000000,658394.000000,0.009497
893,707,74,0.014333,0.013883,69324926.000000,658538.000000,0.009499
894,708,74,0.014325,0.013643,69334861.000000,660819.000000,0.009531
895,709,74,0.014284,0.013700,69796617.000000,662204.000000,0.009488
896,710,74,0.014313,0.013777,70282830.000000,667362.000000,0.009495
897,710,73,0.014255,0.013727,70019163.000000,663635.000000,0.009478
898,711,73,0.014274,0.013788,69972600.000000,668834.000000,0.009559
899,712,73,0.014311,0.013813,70120532.000000,667111.000000,0.009514
900,713,73,0.014321,0.013834,70319083.000000,665097.000000,0.009458
901,714,73,0.014330,0.013792,70391204.000000,664389.000000,0.009439
902,714,73,0.014469,0.013975,70728585.000000,669266.000000,0.009462
903,715,72,0.014457,0.013911,71084437.000000,671776.000000,0.009450
904,716,72,0.014644,0.014076,71812900.000000,678329.000000,0.009446
905,716,72,0.014733,0.014203,72337334.000000,688106.000000,0.009512
906,717,72,0.014836,0.014384,71798767.000000,680433.000000,0.009477
907,717,72,0.014667,0.014117,72163130.000000,683549.000000,0.009472
908,718,72,0.014735,0.014277,72039318.000000,683396.000000,0.009486
909,719,71,0.014734,0.014191,72330500.000000,683653.000000,0.009452
910,720,71,0.014789,0.014305,72552846.000000,686505.000000,0.009462
911,721,71,0.014807,0.014257,72761281.000000,687421.000000,0.009448
912,722,71,0.014906,0.014365,73196469.000000,694014.000000,0.009482
913,723,71,0.014932,0.014385,73374868.000000,696058.000000,0.009486
914,724,71,0.014940,0.014441,73435339.000000,700117.000000,0.009534
915,725,71,0.015073,0.014498,73894263.000000,700695.000000,0.009482
916,726,70,0.014971,0.014510,73680058.000000,700053.000000,0.009501
917,726,70,0.014953,0.014496,73640034.000000,698302.000000,0.009483
918,727,70,0.014993,0.014533,73677678.000000,698809.000000,0.009485
919,728,70,0.015256,0.014684,74080037.000000,702445.000000,0.009482
920,729,70,0.015166,0.014624,74429307.000000,703030.000000,0.009446
921,729,70,0.015128,0.014681,74525230.000000,704532.000000,0.009454
922,730,70,0.015213,0.014759,74562853.000000,707688.000000,0.009491
923,730,69,0.015208,0.014708,74725667.000000,707360.000000,0.009466
924,731,69,0.015290,0.014761,74990815.000000,710836.000000,0.009479
925,732,69,0.015221,0.014667,74895921.000000,708169.000000,0.009455
926,733,69,0.015257,0.014804,74988206.000000,711186.000000,0.009484
927,733,69,0.015210,0.014763,74932600.000000,709690.000000,0.009471
928,734,69,0.015363,0.014844,75195826.000000,712464.000000,0.009475
929,734,68,0.015369,0.014813,75556435.000000,713455.000000,0.009443
930,735,68,0.015468,0.014905,75781795.000000,716646.000000,0.009457
931,735,68,0.015250,0.014793,75143825.000000,709895.000000,0.009447
932,736,68,0.015399,0.014964,75602107.000000,714873.000000,0.009456
933,737,68,0.015303,0.014920,75634737.000000,715994.000000,0.009466
934,738,68,0.015243,0.014918,75588969.000000,714590.000000,0.009454
935,739,68,0.015428,0.015055,75829375.000000,716450.000000,0.009448
936,740,68,0.015406,0.015074,75912629.000000,716877.000000,0.009443
937,741,67,0.015422,0.015045,76042865.000000,722349.000000,0.009499
938,742,67,0.015385,0.015035,76036396.000000,716999.000000,0.009430
939,743,67,0.015602,0.015244,76205929.000000,717283.000000,0.009412
940,744,67,0.015408,0.015078,76256157.000000,717515.000000,0.009409
941,744,67,0.015476,0.015152,76266681.000000,717996.000000,0.009414
942,745,67,0.015467,0.015136,76306604.000000,717239.000000,0.009399
943,746,67,0.015557,0.015134,76572477.000000,730258.000000,0.009537
944,747,67,0.015478,0.015144,76464446.000000,720678.000000,0.009425
945,748,67,0.015636,0.015234,76742402.000000,722404.000000,0.009413
946,749,66,0.015531,0.015207,76691192.000000,719827.000000,0.009386
947,750,66,0.015808,0.015250,76990142.000000,723051.000000,0.009391
948,751,66,0.016274,0.015774,77578501.000000,727007.000000,0.009371
949,752,66,0.015761,0.015205,77505646.000000,723377.000000,0.009333
950,752,66,0.015838,0.015274,77935419.000000,728931.000000,0.009353
951,753,66,0.015863,0.015381,78086687.000000,734123.000000,0.009401
952,753,66,0.016118,0.015594,78244928.000000,735372.000000,0.009398
953,753,66,0.015908,0.015437,78213497.000000,737832.000000,0.009434
954,754,65,0.016183,0.015618,78580970.000000,737782.000000,0.009389
955,755,65,0.016003,0.015430,78800629.000000,735037.000000,0.009328
956,755,65,0.015978,0.015519,78850274.000000,736453.000000,0.009340
957,756,65,0.016069,0.015494,79247951.000000,741183.000000,0.009353
958,757,65,0.016064,0.015596,79063099.000000,741800.000000,0.009382
959,758,65,0.016180,0.015592,79525429.000000,744371.000000,0.009360
960,759,65,0.016163,0.015798,79680809.000000,741999.000000,0.009312
961,760,65,0.016112,0.015655,79750134.000000,743102.000000,0.009318
962,761,64,0.016309,0.015787,79990905.000000,743643.000000,0.009297
963,761,64,0.016227,0.015694,79985486.000000,745921.000000,0.009326
964,762,64,0.016321,0.015742,80397836.000000,746167.000000,0.009281
965,763,64,0.016986,0.016426,80743687.000000,751371.000000,0.009306
966,764,64,0.016390,0.015927,80659729.000000,754718.000000,0.009357
967,764,64,0.016330,0.015869,80573278.000000,751185.000000,0.009323
968,765,64,0.016308,0.015844,80581212.000000,753099.000000,0.009346
969,765,64,0.016328,0.015872,80572089.000000,751822.000000,0.009331
970,766,63,0.016404,0.015896,80752399.000000,752302.000000,0.009316
971,767,63,0.016406,0.015896,81020166.000000,754230.000000,0.009309
972,768,63,0.016677,0.016210,81089801.000000,757245.000000,0.009338
973,769,63,0.016457,0.015947,81242502.000000,756042.000000,0.009306
974,769,63,0.016583,0.016078,81878200.000000,760288.000000,0.009286
975,769,63,0.016624,0.016115,82099202.000000,762525.000000,0.009288
976,769,63,0.016524,0.016055,81693778.000000,761760.000000,0.009325
977,770,63,0.016633,0.016107,81937723.000000,762340.000000,0.009304
978,770,63,0.017106,0.016546,82596484.000000,767065.000000,0.009287
979,770,62,0.016757,0.016206,82708521.000000,765673.000000,0.009257
980,771,62,0.016865,0.016347,83237766.000000,763446.000000,0.009172
981,772,62,0.016796,0.016271,83019413.000000,765845.000000,0.009225
982,773,62,0.016966,0.016404,83631588.000000,769927.000000,0.009206
983,774,62,0.017043,0.016448,84039429.000000,771643.000000,0.009182
984,775,62,0.017248,0.016650,84670904.000000,776008.000000,0.009165
985,776,62,0.017112,0.016555,84287117.000000,772439.000000,0.009164
986,776,62,0.017174,0.016629,84703469.000000,772538.000000,0.009121
987,777,62,0.017306,0.016753,84505743.000000,776301.000000,0.009186
988,778,61,0.017094,0.016625,84472829.000000,772294.000000,0.009143
989,779,61,0.017059,0.016585,84391525.000000,772207.000000,0.009150
990,780,61,0.017174,0.016827,84458192.000000,773123.000000,0.009154
991,781,61,0.017140,0.016707,84753181.000000,772876.000000,0.009119
992,782,61,0.017118,0.016662,85074710.000000,774734.000000,0.009107
993,783,61,0.017212,0.016768,85289651.000000,773533.000000,0.009069
994,784,61,0.017238,0.016896,85328208.000000,774713.000000,0.009079
995,785,61,0.017363,0.016904,85717136.000000,778457.000000,0.009082
996,786,60,0.017441,0.017057,85761097.000000,780708.000000,0.009103
997,787,60,0.017301,0.016932,85785464.000000,779693.000000,0.009089
998,787,60,0.017447,0.016980,86283185.000000,782363.000000,0.009067
999,788,60,0.017434,0.017038,86520874.000000,781632.000000,0.009034
1000,789,60,0.017465,0.017093,86593969.000000,784594.000000,0.009061
1001,790,60,0.017702,0.017159,86699271.000000,785651.000000,0.009062
1002,791,60,0.017688,0.017076,87018697.000000,788404.000000,0.009060
1003,792,60,0.017783,0.017169,87656710.000000,808528.000000,0.009224
1004,793,59,0.017666,0.017167,87289751.000000,794601.000000,0.009103
