frame,nb of entities,FPS,frame length,physics length,L1-dcache-loads,L1-dcache-load-misses,L1-dcache-load-miss-ratio
0,3,301,0.002050,0.000016,500099.000000,29113.000000,0.058214
1,4,301,0.003322,0.000015,558280.000000,30395.000000,0.054444
2,5,301,0.003323,0.000018,541575.000000,30173.000000,0.055713
3,6,301,0.003327,0.000020,534015.000000,30041.000000,0.056255
4,7,302,0.003318,0.000020,540253.000000,30190.000000,0.055881
5,8,302,0.003322,0.000021,508766.000000,26750.000000,0.052578
6,9,302,0.003328,0.000021,543170.000000,30901.000000,0.056890
7,10,302,0.003318,0.000023,545964.000000,30613.000000,0.056071
8,11,302,0.003328,0.000023,540399.000000,30513.000000,0.056464
9,12,302,0.003320,0.000046,573321.000000,34561.000000,0.060282
10,13,302,0.003316,0.000026,524518.000000,27255.000000,0.051962
11,14,302,0.003322,0.000028,588645.000000,30649.000000,0.052067
12,15,302,0.003326,0.000025,564079.000000,30484.000000,0.054042
13,16,302,0.003320,0.000029,591551.000000,30827.000000,0.052112
14,17,302,0.003325,0.000030,597824.000000,30630.000000,0.051236
15,18,302,0.003327,0.000032,562779.000000,27794.000000,0.049387
16,18,302,0.003321,0.000028,580019.000000,30052.000000,0.051812
17,19,302,0.003323,0.000029,587929.000000,30407.000000,0.051719
18,20,302,0.003326,0.000029,590079.000000,31193.000000,0.052862
19,21,302,0.003321,0.000031,580594.000000,29992.000000,0.051657
20,22,302,0.003324,0.000031,563934.000000,27278.000000,0.048371
21,23,302,0.003328,0.000033,612013.000000,31702.000000,0.051800
22,24,302,0.003319,0.000036,589897.000000,30707.000000,0.052055
23,25,302,0.003324,0.000038,597070.000000,30105.000000,0.050421
24,26,302,0.003324,0.000035,605028.000000,31557.000000,0.052158
25,26,302,0.003323,0.000041,567960.000000,26795.000000,0.047178
26,27,302,0.003324,0.000038,626094.000000,31062.000000,0.049612
27,28,302,0.003326,0.000040,611629.000000,31790.000000,0.051976
28,29,302,0.003322,0.000040,631092.000000,31254.000000,0.049524
29,29,302,0.003326,0.000041,623648.000000,31055.000000,0.049796
30,30,302,0.003322,0.000057,606940.000000,30009.000000,0.049443
31,31,302,0.003323,0.000041,636727.000000,31351.000000,0.049238
32,32,302,0.003323,0.000049,650575.000000,31054.000000,0.047733
33,33,302,0.003325,0.000048,646117.000000,32114.000000,0.049703
34,33,302,0.003322,0.000052,630195.000000,30648.000000,0.048633
35,34,302,0.003322,0.000053,623726.000000,27889.000000,0.044714
36,35,302,0.003324,0.000047,675390.000000,32596.000000,0.048262
37,36,302,0.003325,0.000051,683128.000000,32230.000000,0.047180
38,37,302,0.003324,0.000051,677142.000000,31778.000000,0.046930
39,38,302,0.003327,0.000057,683061.000000,32658.000000,0.047811
40,39,302,0.003321,0.000061,655068.000000,28420.000000,0.043385
41,40,302,0.003324,0.000056,691290.000000,31196.000000,0.045127
42,41,302,0.003325,0.000055,695535.000000,32925.000000,0.047338
43,42,302,0.003324,0.000059,697850.000000,31406.000000,0.045004
44,43,302,0.003324,0.000059,700961.000000,31615.000000,0.045102
45,43,302,0.003324,0.000060,679355.000000,30440.000000,0.044807
46,44,302,0.003323,0.000064,718841.000000,32519.000000,0.045238
47,45,302,0.003323,0.000064,719266.000000,32171.000000,0.044728
48,46,302,0.003326,0.000064,734608.000000,33596.000000,0.045733
49,47,302,0.003323,0.000067,733554.000000,32684.000000,0.044556
50,48,302,0.003327,0.000067,716320.000000,28671.000000,0.040025
51,48,302,0.003322,0.000070,742295.000000,32113.000000,0.043262
52,48,302,0.003326,0.000069,722678.000000,31454.000000,0.043524
53,49,302,0.003320,0.000078,764299.000000,32348.000000,0.042324
54,50,302,0.003325,0.000080,777565.000000,33530.000000,0.043122
55,51,302,0.003324,0.000067,732450.000000,29180.000000,0.039839
56,52,302,0.003326,0.000074,773205.000000,32664.000000,0.042245
57,53,302,0.003322,0.000115,781896.000000,35162.000000,0.044970
58,54,302,0.003325,0.000077,784626.000000,32802.000000,0.041806
59,55,302,0.003322,0.000090,802436.000000,32628.000000,0.040661
60,56,300,0.003325,0.000095,777954.000000,31292.000000,0.040223
61,57,300,0.003323,0.000084,822252.000000,32662.000000,0.039723
62,58,300,0.003325,0.000083,835931.000000,32117.000000,0.038421
63,59,300,0.003331,0.000078,815895.000000,33749.000000,0.041364
64,60,300,0.003312,0.000121,854024.000000,35313.000000,0.041349
65,60,300,0.003323,0.000091,797833.000000,29075.000000,0.036442
66,61,300,0.003327,0.000111,844332.000000,35850.000000,0.042460
67,62,300,0.003324,0.000091,829436.000000,33801.000000,0.040752
68,63,300,0.003330,0.000112,828710.000000,34879.000000,0.042088
69,63,300,0.003315,0.000142,872300.000000,39050.000000,0.044767
70,64,300,0.003322,0.000107,839578.000000,29789.000000,0.035481
71,64,300,0.003321,0.000108,853537.000000,32199.000000,0.037724
72,64,300,0.003324,0.000107,843885.000000,32169.000000,0.038120
73,64,300,0.003323,0.000111,859603.000000,32387.000000,0.037677
74,64,300,0.003324,0.000087,858732.000000,31965.000000,0.037223
75,65,300,0.003324,0.000098,856365.000000,30688.000000,0.035835
76,65,300,0.003326,0.000096,857044.000000,32238.000000,0.037615
77,66,300,0.003322,0.000099,887934.000000,34208.000000,0.038525
78,67,300,0.003325,0.000098,879021.000000,33841.000000,0.038499
79,68,300,0.003326,0.000102,880501.000000,33150.000000,0.037649
80,69,300,0.003325,0.000102,845488.000000,30093.000000,0.035592
81,70,300,0.003320,0.000117,895615.000000,34064.000000,0.038034
82,71,300,0.003326,0.000106,930730.000000,33999.000000,0.036529
83,72,300,0.003323,0.000101,936705.000000,33700.000000,0.035977
84,73,300,0.003323,0.000143,932499.000000,36627.000000,0.039278
85,74,300,0.003325,0.000127,909269.000000,31405.000000,0.034539
86,74,300,0.003323,0.000129,918180.000000,34133.000000,0.037175
87,74,300,0.003322,0.000172,924166.000000,37669.000000,0.040760
88,75,300,0.003325,0.000126,946361.000000,34590.000000,0.036551
89,76,300,0.003322,0.000130,937150.000000,34061.000000,0.036345
90,77,300,0.003324,0.000130,898134.000000,30671.000000,0.034150
91,77,300,0.003326,0.000165,950310.000000,36227.000000,0.038121
92,77,300,0.003320,0.000134,942070.000000,33103.000000,0.035139
93,78,300,0.003324,0.000135,954248.000000,34137.000000,0.035774
94,79,300,0.003326,0.000135,965932.000000,33946.000000,0.035143
95,80,300,0.003322,0.000143,936860.000000,31364.000000,0.033478
96,81,300,0.003326,0.000139,992741.000000,34830.000000,0.035085
97,82,300,0.003322,0.000144,986894.000000,34153.000000,0.034607
98,83,300,0.003328,0.000143,1019865.000000,34859.000000,0.034180
99,84,300,0.003320,0.000136,1030365.000000,35688.000000,0.034636
100,84,300,0.003325,0.000133,976977.000000,31159.000000,0.031893
101,84,300,0.003327,0.000133,1003940.000000,34272.000000,0.034137
102,85,300,0.003323,0.000134,1029584.000000,35320.000000,0.034305
103,86,300,0.003325,0.000138,1019663.000000,34537.000000,0.033871
104,86,300,0.003326,0.000144,1015826.000000,33648.000000,0.033124
105,87,300,0.003327,0.000139,1019041.000000,33117.000000,0.032498
106,88,300,0.003320,0.000147,1075686.000000,36003.000000,0.033470
107,89,300,0.003325,0.000148,1102384.000000,35979.000000,0.032637
108,90,300,0.003323,0.000151,1091249.000000,36403.000000,0.033359
109,91,300,0.003326,0.000151,1088050.000000,36309.000000,0.033371
110,92,300,0.003325,0.000151,1100807.000000,32094.000000,0.029155
111,93,300,0.003323,0.000139,1128490.000000,36330.000000,0.032193
112,94,300,0.003325,0.000156,1134118.000000,35932.000000,0.031683
113,95,300,0.003326,0.000166,1150991.000000,36249.000000,0.031494
114,96,300,0.003324,0.000172,1184985.000000,36926.000000,0.031162
115,97,300,0.003326,0.000169,1135832.000000,33157.000000,0.029192
116,98,300,0.003323,0.000170,1205038.000000,37211.000000,0.030880
117,99,300,0.003325,0.000183,1193406.000000,37629.000000,0.031531
118,100,300,0.003326,0.000174,1215800.000000,37547.000000,0.030883
119,101,300,0.003324,0.000179,1210389.000000,36857.000000,0.030451
120,102,300,0.003327,0.000179,1216854.000000,34900.000000,0.028681
121,103,300,0.003325,0.000190,1295199.000000,38216.000000,0.029506
122,104,300,0.003322,0.000199,1345358.000000,38394.000000,0.028538
123,105,300,0.003388,0.000217,1302341.000000,39124.000000,0.030041
124,106,300,0.003355,0.000472,1336333.000000,40960.000000,0.030651
125,107,300,0.003345,0.000221,1275803.000000,36170.000000,0.028351
126,108,300,0.003360,0.000222,1355507.000000,41018.000000,0.030260
127,108,300,0.003358,0.000224,1345521.000000,40776.000000,0.030305
128,108,300,0.003572,0.000230,1333451.000000,40102.000000,0.030074
129,109,300,0.003343,0.000230,1356390.000000,40137.000000,0.029591
130,110,300,0.003356,0.000235,1374762.000000,37763.000000,0.027469
131,111,300,0.003355,0.000248,1430066.000000,40387.000000,0.028241
132,112,300,0.003345,0.000248,1434434.000000,41714.000000,0.029080
133,113,300,0.003327,0.000247,1493306.000000,39385.000000,0.026374
134,114,299,0.003347,0.000247,1460211.000000,40514.000000,0.027745
135,114,299,0.003343,0.000252,1391472.000000,35797.000000,0.025726
136,115,299,0.003352,0.000262,1493076.000000,41162.000000,0.027569
137,116,299,0.003354,0.000259,1462721.000000,39591.000000,0.027067
138,117,299,0.003346,0.000259,1515255.000000,41200.000000,0.027190
139,118,299,0.003349,0.000291,1565789.000000,41455.000000,0.026475
140,118,299,0.003360,0.000281,1514798.000000,36716.000000,0.024238
141,119,299,0.003345,0.000289,1567755.000000,40223.000000,0.025656
142,120,299,0.003350,0.000257,1628641.000000,42207.000000,0.025915
143,121,299,0.003353,0.000289,1598956.000000,40880.000000,0.025567
144,121,299,0.003348,0.000301,1598792.000000,41437.000000,0.025918
145,121,299,0.003345,0.000261,1545916.000000,37204.000000,0.024066
146,122,299,0.003357,0.000287,1642422.000000,41410.000000,0.025213
147,122,299,0.003351,0.000318,1649523.000000,42309.000000,0.025649
148,123,299,0.003351,0.000307,1726513.000000,42441.000000,0.024582
149,124,299,0.003357,0.000312,1702194.000000,42267.000000,0.024831
150,125,299,0.003347,0.000349,1736815.000000,40887.000000,0.023541
151,126,299,0.003351,0.000326,1798064.000000,42934.000000,0.023878
152,126,299,0.003358,0.000337,1843966.000000,43338.000000,0.023503
153,127,299,0.003325,0.000396,1902674.000000,44470.000000,0.023372
154,128,299,0.003319,0.000581,2018157.000000,64382.000000,0.031901
155,129,299,0.003323,0.000558,2025093.000000,69793.000000,0.034464
156,130,299,0.003314,0.000557,2147612.000000,78257.000000,0.036439
157,130,299,0.003324,0.000315,2009353.000000,44344.000000,0.022069
158,131,299,0.003328,0.000515,2162097.000000,72075.000000,0.033336
159,132,299,0.003315,0.000407,2163399.000000,50755.000000,0.023461
160,133,299,0.003324,0.000334,2101909.000000,42196.000000,0.020075
161,134,299,0.003327,0.000419,2193452.000000,45585.000000,0.020782
162,134,299,0.003316,0.000362,2139660.000000,45513.000000,0.021271
163,135,299,0.003323,0.000440,2175846.000000,45756.000000,0.021029
164,136,299,0.003327,0.000432,2220259.000000,45947.000000,0.020694
165,137,299,0.003322,0.000482,2280116.000000,44159.000000,0.019367
166,137,299,0.003322,0.000488,2253864.000000,46626.000000,0.020687
167,138,299,0.003330,0.000471,2320660.000000,48979.000000,0.021106
168,138,299,0.003318,0.000494,2338494.000000,47961.000000,0.020509
169,139,299,0.003323,0.000526,2333025.000000,49778.000000,0.021336
170,140,299,0.003330,0.000475,2303152.000000,43932.000000,0.019075
171,141,299,0.003318,0.000496,2330921.000000,47390.000000,0.020331
172,142,299,0.003323,0.000543,2397162.000000,50075.000000,0.020889
173,143,299,0.003327,0.000498,2398709.000000,47653.000000,0.019866
174,144,299,0.003324,0.000510,2437907.000000,48161.000000,0.019755
175,145,299,0.003322,0.000571,2429092.000000,49221.000000,0.020263
176,146,299,0.003328,0.000515,2540122.000000,49540.000000,0.019503
177,147,299,0.003319,0.000547,2584272.000000,50346.000000,0.019482
178,148,299,0.003325,0.000570,2555152.000000,53259.000000,0.020844
179,149,299,0.003326,0.000528,2554155.000000,50880.000000,0.019920
180,149,299,0.003321,0.000554,2517498.000000,45895.000000,0.018230
181,150,299,0.003326,0.000549,2621453.000000,51176.000000,0.019522
182,151,299,0.003327,0.000544,2654486.000000,51711.000000,0.019481
183,152,299,0.003321,0.000524,2711438.000000,52170.000000,0.019241
184,152,299,0.003321,0.000569,2641766.000000,50287.000000,0.019035
185,153,299,0.003324,0.000562,2637389.000000,48893.000000,0.018538
186,154,299,0.003322,0.000462,2763754.000000,52515.000000,0.019001
187,155,299,0.003329,0.000471,2749531.000000,51287.000000,0.018653
188,156,299,0.003321,0.000628,2767066.000000,54202.000000,0.019588
189,157,300,0.003319,0.000534,2815708.000000,54247.000000,0.019266
190,158,300,0.003322,0.000609,2788739.000000,48958.000000,0.017556
191,159,300,0.003326,0.000664,2924735.000000,55265.000000,0.018896
192,160,300,0.003318,0.000552,2985863.000000,55482.000000,0.018582
193,161,300,0.003324,0.000710,3031945.000000,58809.000000,0.019396
194,161,300,0.003330,0.000603,3074584.000000,55829.000000,0.018158
195,162,300,0.003318,0.000594,3033438.000000,52510.000000,0.017310
196,163,300,0.003325,0.000607,3082223.000000,54217.000000,0.017590
197,164,300,0.003331,0.000622,3092902.000000,55918.000000,0.018079
198,164,300,0.003318,0.000599,3087728.000000,55334.000000,0.017921
199,165,300,0.003325,0.000614,3095532.000000,55213.000000,0.017836
200,166,300,0.003332,0.000622,3100847.000000,52131.000000,0.016812
201,167,300,0.003318,0.000609,3176990.000000,57347.000000,0.018051
202,168,300,0.003324,0.000632,3222616.000000,55853.000000,0.017332
203,169,300,0.003324,0.000698,3234114.000000,56269.000000,0.017399
204,170,300,0.003321,0.000577,3289980.000000,57051.000000,0.017341
205,171,300,0.003325,0.000725,3229012.000000,53468.000000,0.016559
206,172,300,0.003328,0.000699,3362108.000000,58631.000000,0.017439
207,173,300,0.003322,0.000608,3433182.000000,58620.000000,0.017075
208,173,300,0.003323,0.000667,3338461.000000,56948.000000,0.017058
209,174,300,0.003330,0.000679,3423205.000000,59283.000000,0.017318
210,175,300,0.003320,0.000682,3392014.000000,55294.000000,0.016301
211,176,300,0.003322,0.000690,3428819.000000,58502.000000,0.017062
212,177,300,0.003329,0.000695,3488518.000000,58595.000000,0.016797
213,178,300,0.003323,0.000696,3545463.000000,58797.000000,0.016584
214,179,300,0.003322,0.000707,3573701.000000,59153.000000,0.016552
215,180,300,0.003386,0.000863,3567452.000000,58989.000000,0.016535
216,180,300,0.003367,0.000731,3595359.000000,62057.000000,0.017260
217,180,300,0.003377,0.000898,3636434.000000,65095.000000,0.017901
218,181,300,0.003386,0.000655,3639421.000000,62194.000000,0.017089
219,181,300,0.003360,0.000817,3612143.000000,59825.000000,0.016562
220,182,300,0.003362,0.000757,3666886.000000,59341.000000,0.016183
221,183,300,0.003342,0.000735,3760879.000000,62047.000000,0.016498
222,184,300,0.003374,0.000857,3832493.000000,61840.000000,0.016136
223,185,300,0.003364,0.000784,3853323.000000,62826.000000,0.016304
224,186,300,0.003377,0.000761,3948277.000000,62197.000000,0.015753
225,187,300,0.003370,0.000941,3990344.000000,61419.000000,0.015392
226,188,300,0.003372,0.000814,4044682.000000,64451.000000,0.015935
227,189,299,0.003388,0.000839,4142991.000000,64184.000000,0.015492
228,190,299,0.003379,0.000934,4163965.000000,64810.000000,0.015564
229,191,299,0.003380,0.000846,4157255.000000,62524.000000,0.015040
230,192,299,0.003392,0.000903,4212290.000000,67057.000000,0.015919
231,193,299,0.003380,0.000918,4232341.000000,65575.000000,0.015494
232,193,299,0.003370,0.000829,4203972.000000,63969.000000,0.015216
233,194,299,0.003390,0.000967,4308546.000000,66569.000000,0.015450
234,195,299,0.003333,0.000863,4260678.000000,62625.000000,0.014698
235,196,299,0.003378,0.000888,4316364.000000,64910.000000,0.015038
236,197,299,0.003393,0.000902,4423348.000000,66870.000000,0.015118
237,198,299,0.003384,0.000867,4374409.000000,64746.000000,0.014801
238,199,299,0.003382,0.000922,4461029.000000,67322.000000,0.015091
239,200,298,0.003381,0.000906,4392280.000000,64344.000000,0.014649
240,201,298,0.003388,0.000932,4533675.000000,67857.000000,0.014967
241,202,298,0.003379,0.000950,4516191.000000,68079.000000,0.015074
242,203,298,0.003388,0.000904,4619502.000000,69546.000000,0.015055
243,204,298,0.003395,0.001204,4579293.000000,68653.000000,0.014992
244,204,298,0.003378,0.000941,4516255.000000,64143.000000,0.014203
245,205,298,0.003387,0.001127,4583508.000000,70973.000000,0.015484
246,206,298,0.003387,0.001194,4687044.000000,70584.000000,0.015059
247,207,298,0.003382,0.000944,4666172.000000,69487.000000,0.014892
248,207,298,0.003397,0.001235,4675954.000000,71569.000000,0.015306
249,207,297,0.003394,0.001194,4632386.000000,67018.000000,0.014467
250,207,297,0.003375,0.000920,4648202.000000,68046.000000,0.014639
251,208,297,0.003397,0.001211,4680326.000000,70928.000000,0.015154
252,209,297,0.003390,0.001177,4788211.000000,71895.000000,0.015015
253,210,297,0.003387,0.000989,4827750.000000,70570.000000,0.014618
254,211,297,0.003400,0.001217,4907775.000000,70734.000000,0.014413
255,212,297,0.003393,0.001193,4885608.000000,73475.000000,0.015039
256,213,297,0.003383,0.001039,4982925.000000,72413.000000,0.014532
257,214,297,0.003389,0.001013,4986213.000000,72187.000000,0.014477
258,215,297,0.003403,0.001057,5094423.000000,73934.000000,0.014513
259,216,297,0.003335,0.001061,5166464.000000,71817.000000,0.013901
260,217,297,0.003310,0.001055,5336950.000000,77723.000000,0.014563
261,218,297,0.003395,0.001214,5227859.000000,76078.000000,0.014552
262,219,296,0.003405,0.001093,5312805.000000,79188.000000,0.014905
263,220,296,0.003377,0.001050,5315936.000000,77490.000000,0.014577
264,221,296,0.003396,0.001168,5405260.000000,76051.000000,0.014070
265,222,296,0.003392,0.001085,5423771.000000,78510.000000,0.014475
266,223,296,0.003392,0.001031,5505538.000000,77266.000000,0.014034
267,224,296,0.003361,0.001122,5421729.000000,77378.000000,0.014272
268,225,296,0.003385,0.001078,5505389.000000,77828.000000,0.014137
269,226,296,0.003391,0.001064,5511935.000000,76963.000000,0.013963
270,226,296,0.003380,0.001133,5601891.000000,78930.000000,0.014090
271,227,296,0.003398,0.001198,5694501.000000,80867.000000,0.014201
272,227,295,0.003381,0.001051,5528172.000000,78926.000000,0.014277
273,228,295,0.003385,0.001130,5629095.000000,81220.000000,0.014429
274,228,295,0.003398,0.001183,5537705.000000,74604.000000,0.013472
275,229,295,0.003381,0.001096,5609298.000000,81108.000000,0.014460
276,230,295,0.003385,0.001109,5656467.000000,79117.000000,0.013987
277,231,295,0.003394,0.001179,5750320.000000,80691.000000,0.014032
278,232,295,0.003385,0.001088,5796222.000000,83039.000000,0.014326
279,233,295,0.003397,0.001254,5847033.000000,81141.000000,0.013877
280,234,295,0.003398,0.001200,5899327.000000,80896.000000,0.013713
281,235,295,0.003388,0.001145,5897722.000000,84074.000000,0.014255
282,236,295,0.003393,0.001224,6009305.000000,81853.000000,0.013621
283,237,295,0.003399,0.001220,6133461.000000,82637.000000,0.013473
284,238,295,0.003409,0.001250,6043501.000000,82882.000000,0.013714
285,238,295,0.003392,0.001254,6058433.000000,86013.000000,0.014197
286,239,295,0.003327,0.001154,6213455.000000,86296.000000,0.013889
287,240,295,0.003326,0.001331,6413700.000000,88169.000000,0.013747
288,241,295,0.003401,0.001278,6605242.000000,101225.000000,0.015325
289,241,295,0.003400,0.001345,6426000.000000,100874.000000,0.015698
290,242,295,0.003408,0.001318,6467484.000000,89090.000000,0.013775
291,243,295,0.003393,0.001227,6411377.000000,87001.000000,0.013570
292,244,295,0.003416,0.001660,6557176.000000,89720.000000,0.013683
293,244,295,0.003408,0.001495,6567406.000000,87132.000000,0.013267
294,245,295,0.003398,0.001259,6721180.000000,90058.000000,0.013399
295,246,295,0.003324,0.001818,6786924.000000,92283.000000,0.013597
296,247,295,0.003326,0.001464,6858609.000000,90916.000000,0.013256
297,248,295,0.003325,0.001426,6887382.000000,93724.000000,0.013608
298,249,295,0.003325,0.001433,6831863.000000,89953.000000,0.013167
299,250,295,0.003322,0.001380,6999178.000000,93611.000000,0.013375
300,251,295,0.003416,0.001576,7029110.000000,95293.000000,0.013557
301,252,295,0.003421,0.001744,7385192.000000,105870.000000,0.014335
302,253,295,0.003415,0.001629,7348813.000000,100152.000000,0.013628
303,254,295,0.003409,0.001615,7376626.000000,97591.000000,0.013230
304,254,295,0.003329,0.001891,7492544.000000,105169.000000,0.014036
305,255,295,0.003327,0.001593,7541959.000000,103505.000000,0.013724
306,256,295,0.003322,0.001628,7627410.000000,103259.000000,0.013538
307,257,295,0.003325,0.001506,7782855.000000,104262.000000,0.013396
308,258,295,0.003328,0.001681,7570774.000000,97968.000000,0.012940
309,259,296,0.003322,0.001676,7791300.000000,103861.000000,0.013330
310,260,296,0.003325,0.001552,7976596.000000,107088.000000,0.013425
311,261,296,0.003327,0.001693,7968711.000000,107950.000000,0.013547
312,261,296,0.003323,0.001647,8078876.000000,107115.000000,0.013259
313,261,296,0.003326,0.001619,8212072.000000,106674.000000,0.012990
314,262,296,0.003326,0.001706,8196187.000000,108644.000000,0.013255
315,263,296,0.003324,0.001723,8406684.000000,111583.000000,0.013273
316,264,296,0.003325,0.001617,8346920.000000,112469.000000,0.013474
317,265,296,0.003326,0.001775,8494410.000000,113459.000000,0.013357
318,266,296,0.003325,0.001752,8482328.000000,109416.000000,0.012899
319,267,296,0.003326,0.001773,8571616.000000,119260.000000,0.013913
320,268,296,0.003325,0.001792,8621147.000000,113867.000000,0.013208
321,268,297,0.003325,0.001784,8652307.000000,113404.000000,0.013107
322,268,297,0.003326,0.001721,8757419.000000,115333.000000,0.013170
323,269,297,0.003326,0.001820,8652544.000000,112150.000000,0.012962
324,269,297,0.003330,0.001874,8644476.000000,114472.000000,0.013242
325,270,297,0.003326,0.001717,8807620.000000,117811.000000,0.013376
326,271,297,0.003324,0.001758,8994180.000000,118291.000000,0.013152
327,272,297,0.003327,0.001859,8912065.000000,117918.000000,0.013231
328,272,297,0.003325,0.001760,8991237.000000,117208.000000,0.013036
329,273,297,0.003325,0.001789,9168511.000000,118553.000000,0.012930
330,273,297,0.003328,0.001887,9107356.000000,117055.000000,0.012853
331,274,297,0.003325,0.001800,9219167.000000,120601.000000,0.013082
332,275,298,0.003326,0.001826,9348086.000000,120525.000000,0.012893
333,276,298,0.003330,0.001925,9237926.000000,116834.000000,0.012647
334,277,298,0.003328,0.001838,9444418.000000,122351.000000,0.012955
335,278,298,0.003328,0.001863,9511009.000000,122726.000000,0.012904
336,279,298,0.003333,0.001972,9574869.000000,123246.000000,0.012872
337,280,298,0.003330,0.001895,9697014.000000,125148.000000,0.012906
338,280,298,0.003328,0.001907,9610505.000000,120786.000000,0.012568
339,281,298,0.003333,0.001991,9691305.000000,123992.000000,0.012794
340,282,298,0.003330,0.001918,9782962.000000,126782.000000,0.012959
341,283,298,0.003331,0.001923,9848526.000000,125458.000000,0.012739
342,284,298,0.003334,0.002017,9839902.000000,124000.000000,0.012602
343,285,299,0.003332,0.001948,9961594.000000,124435.000000,0.012491
344,286,299,0.003332,0.001975,10085199.000000,127314.000000,0.012624
345,286,299,0.003337,0.002080,10081023.000000,129446.000000,0.012841
346,287,299,0.003334,0.001994,10154617.000000,129998.000000,0.012802
347,288,299,0.003337,0.002008,10378828.000000,130748.000000,0.012598
348,289,299,0.003330,0.002024,10532994.000000,128068.000000,0.012159
349,290,299,0.003337,0.002073,10372350.000000,132574.000000,0.012781
350,291,299,0.003327,0.002038,10524768.000000,131495.000000,0.012494
351,292,299,0.003336,0.002045,10526482.000000,129958.000000,0.012346
352,292,299,0.003337,0.002067,10485842.000000,129985.000000,0.012396
353,293,299,0.003327,0.002069,10542416.000000,128005.000000,0.012142
354,293,299,0.003336,0.002054,10727477.000000,131726.000000,0.012279
355,294,299,0.003340,0.002126,10744559.000000,134692.000000,0.012536
356,294,299,0.003340,0.002116,10820406.000000,131953.000000,0.012195
357,295,299,0.003339,0.002103,10868859.000000,133307.000000,0.012265
358,296,299,0.003342,0.002154,11000306.000000,132604.000000,0.012055
359,296,299,0.003343,0.002181,11159812.000000,137467.000000,0.012318
360,297,299,0.003342,0.002134,11065458.000000,134444.000000,0.012150
361,298,300,0.003347,0.002188,11257633.000000,139262.000000,0.012370
362,299,300,0.003345,0.002218,11308271.000000,141665.000000,0.012528
363,300,300,0.003342,0.002187,11204698.000000,135421.000000,0.012086
364,300,300,0.003347,0.002217,11399485.000000,141051.000000,0.012373
365,301,300,0.003349,0.002248,11555779.000000,142501.000000,0.012332
366,302,300,0.003345,0.002194,11470738.000000,141603.000000,0.012345
367,303,300,0.003348,0.002262,11534145.000000,142681.000000,0.012370
368,303,300,0.003348,0.002273,11652416.000000,138366.000000,0.011874
369,304,300,0.003347,0.002278,11683604.000000,140626.000000,0.012036
370,305,300,0.003338,0.002314,11834465.000000,142537.000000,0.012044
371,306,299,0.003350,0.002320,11782744.000000,142402.000000,0.012086
372,307,299,0.003350,0.002303,11863396.000000,144458.000000,0.012177
373,308,299,0.003351,0.002347,11844910.000000,141281.000000,0.011928
374,309,299,0.003352,0.002342,11992471.000000,144464.000000,0.012046
375,310,299,0.003351,0.002337,11991906.000000,144020.000000,0.012010
376,311,299,0.003354,0.002383,12107135.000000,145245.000000,0.011997
377,311,299,0.003353,0.002375,12070005.000000,145967.000000,0.012093
378,312,299,0.003352,0.002366,12139254.000000,143442.000000,0.011816
379,313,299,0.003359,0.002440,12412647.000000,151312.000000,0.012190
380,314,299,0.003357,0.002393,12459069.000000,148137.000000,0.011890
381,314,299,0.003357,0.002433,12608650.000000,150077.000000,0.011903
382,315,299,0.003354,0.002445,12440374.000000,149671.000000,0.012031
383,316,299,0.003355,0.002433,12506681.000000,147563.000000,0.011799
384,317,299,0.003358,0.002456,12691907.000000,154716.000000,0.012190
385,318,299,0.003361,0.002515,12723815.000000,157181.000000,0.012353
386,319,299,0.003359,0.002495,12817960.000000,158371.000000,0.012355
387,320,299,0.003362,0.002553,13094190.000000,162143.000000,0.012383
388,320,299,0.003363,0.002557,13012632.000000,154599.000000,0.011881
389,321,299,0.003361,0.002555,13053307.000000,158402.000000,0.012135
390,322,299,0.003362,0.002544,13155639.000000,159220.000000,0.012103
391,323,299,0.003365,0.002594,13156790.000000,158089.000000,0.012016
392,324,299,0.003333,0.002573,13249586.000000,159410.000000,0.012031
393,325,299,0.003361,0.002584,13186578.000000,156670.000000,0.011881
394,326,298,0.003370,0.002620,13374162.000000,163386.000000,0.012217
395,326,298,0.003363,0.002607,13301907.000000,163394.000000,0.012284
396,327,298,0.003365,0.002593,13459579.000000,165728.000000,0.012313
397,328,298,0.003371,0.002686,13716605.000000,167432.000000,0.012207
398,329,298,0.003366,0.002653,13617592.000000,163081.000000,0.011976
399,330,298,0.003366,0.002649,13581870.000000,165843.000000,0.012211
400,331,298,0.003374,0.002710,13786660.000000,172197.000000,0.012490
401,332,298,0.003369,0.002665,13874750.000000,167378.000000,0.012063
402,333,298,0.003371,0.002706,14010421.000000,170518.000000,0.012171
403,334,298,0.003374,0.002786,14073994.000000,167537.000000,0.011904
404,335,298,0.003372,0.002742,14173201.000000,170680.000000,0.012042
405,336,298,0.003377,0.002763,14124069.000000,172311.000000,0.012200
406,337,298,0.003372,0.002779,14245086.000000,173846.000000,0.012204
407,338,298,0.003375,0.002809,14433459.000000,176190.000000,0.012207
408,339,298,0.003386,0.002815,14457404.000000,173960.000000,0.012033
409,340,298,0.003380,0.002857,14438469.000000,177573.000000,0.012299
410,341,297,0.003376,0.002821,14517230.000000,176844.000000,0.012182
411,342,297,0.003382,0.002858,14738048.000000,179966.000000,0.012211
412,343,297,0.003388,0.002925,14808491.000000,182249.000000,0.012307
413,344,297,0.003400,0.003054,14809120.000000,178090.000000,0.012026
414,345,297,0.003387,0.002950,14993352.000000,186458.000000,0.012436
415,345,297,0.003381,0.002941,15060055.000000,183160.000000,0.012162
416,346,297,0.003382,0.002938,15071437.000000,181669.000000,0.012054
417,347,297,0.003386,0.002987,15082704.000000,182888.000000,0.012126
418,347,297,0.003389,0.003006,15271517.000000,187899.000000,0.012304
419,348,297,0.003380,0.002942,15157049.000000,181966.000000,0.012005
420,349,297,0.003357,0.003036,15313083.000000,187071.000000,0.012216
421,350,297,0.003357,0.003021,15331708.000000,185320.000000,0.012087
422,351,297,0.003350,0.003000,15425312.000000,182137.000000,0.011808
423,352,297,0.003409,0.003088,15545187.000000,189253.000000,0.012174
424,353,297,0.003414,0.003050,15638634.000000,191537.000000,0.012248
425,354,297,0.003415,0.003107,15738324.000000,190983.000000,0.012135
426,355,296,0.003503,0.003152,15912685.000000,195539.000000,0.012288
427,356,296,0.003488,0.003162,16021139.000000,191530.000000,0.011955
428,356,296,0.003532,0.003190,16177108.000000,195867.000000,0.012108
429,357,296,0.003526,0.003217,16156603.000000,195264.000000,0.012086
430,358,295,0.003548,0.003197,16282390.000000,196638.000000,0.012077
431,359,295,0.003573,0.003256,16351694.000000,197749.000000,0.012093
432,359,295,0.003560,0.003247,16343271.000000,193596.000000,0.011846
433,360,294,0.003578,0.003249,16477654.000000,201415.000000,0.012224
434,361,294,0.003618,0.003245,16513993.000000,199533.000000,0.012083
435,361,293,0.003640,0.003301,16544340.000000,199820.000000,0.012078
436,362,293,0.003630,0.003242,16692505.000000,200619.000000,0.012019
437,362,293,0.003639,0.003325,16652746.000000,199063.000000,0.011954
438,363,292,0.003660,0.003315,16919114.000000,203903.000000,0.012052
439,364,292,0.003623,0.003313,16864590.000000,200278.000000,0.011876
440,365,291,0.003681,0.003325,17129963.000000,205863.000000,0.012018
441,366,291,0.003758,0.003410,17462235.000000,204392.000000,0.011705
442,367,290,0.003655,0.003331,17108691.000000,203177.000000,0.011876
443,368,290,0.003676,0.003369,17164910.000000,205797.000000,0.011989
444,369,289,0.003701,0.003386,17306804.000000,209832.000000,0.012124
445,369,289,0.003676,0.003390,17284019.000000,208956.000000,0.012090
446,369,289,0.003723,0.003422,17342954.000000,208578.000000,0.012027
447,370,288,0.003755,0.003411,17585701.000000,211481.000000,0.012026
448,371,287,0.003804,0.003476,17712252.000000,214360.000000,0.012102
449,371,287,0.003813,0.003468,17798074.000000,213655.000000,0.012004
450,372,286,0.003804,0.003505,17960238.000000,211572.000000,0.011780
451,373,285,0.003858,0.003523,18162549.000000,215836.000000,0.011884
452,373,285,0.003815,0.003538,18093629.000000,212926.000000,0.011768
453,373,284,0.003873,0.003544,18276286.000000,215851.000000,0.011810
454,374,283,0.003887,0.003587,18270256.000000,216185.000000,0.011833
455,375,283,0.003940,0.003589,18559281.000000,219654.000000,0.011835
456,376,282,0.004005,0.003662,18938267.000000,222666.000000,0.011757
457,377,281,0.003999,0.003684,18655081.000000,223362.000000,0.011973
458,378,280,0.003998,0.003647,18854485.000000,222902.000000,0.011822
459,379,279,0.004078,0.003783,19196705.000000,224024.000000,0.011670
460,380,278,0.004029,0.003731,19106826.000000,226936.000000,0.011877
461,381,277,0.004100,0.003761,19341935.000000,229849.000000,0.011883
462,382,276,0.004137,0.003791,19487197.000000,231184.000000,0.011863
463,382,275,0.004239,0.003893,19748218.000000,232295.000000,0.011763
464,383,274,0.004173,0.003836,19637624.000000,233753.000000,0.011903
465,384,273,0.004218,0.003876,19798953.000000,232484.000000,0.011742
466,385,272,0.004224,0.003890,19861411.000000,235324.000000,0.011848
467,386,271,0.004241,0.003925,19903707.000000,232265.000000,0.011669
468,386,270,0.004295,0.003914,19977804.000000,235695.000000,0.011798
469,387,269,0.004286,0.003948,20214757.000000,238903.000000,0.011818
470,388,268,0.004280,0.003946,20201866.000000,237510.000000,0.011757
471,389,267,0.004247,0.003962,20114696.000000,234315.000000,0.011649
472,390,266,0.004305,0.003966,20339192.000000,237957.000000,0.011699
473,391,265,0.004305,0.003995,20323952.000000,237091.000000,0.011666
474,391,264,0.004289,0.004000,20379870.000000,234954.000000,0.011529
475,391,263,0.004296,0.003994,20316404.000000,238060.000000,0.011718
476,392,261,0.004380,0.004027,20600135.000000,240608.000000,0.011680
477,393,260,0.004348,0.004026,20552145.000000,238356.000000,0.011598
478,394,259,0.004378,0.004046,20737117.000000,238777.000000,0.011514
479,395,258,0.004452,0.004095,20713772.000000,241122.000000,0.011641
480,396,257,0.004435,0.004077,20903770.000000,243306.000000,0.011639
481,397,256,0.004464,0.004124,21114409.000000,244312.000000,0.011571
482,398,254,0.004481,0.004152,21140280.000000,243016.000000,0.011495
483,399,253,0.004437,0.004140,21035985.000000,243617.000000,0.011581
484,400,252,0.004430,0.004105,21135801.000000,245114.000000,0.011597
485,401,251,0.004444,0.004140,21152897.000000,244773.000000,0.011572
486,402,250,0.004502,0.004189,21240158.000000,244669.000000,0.011519
487,403,248,0.005033,0.004721,21606084.000000,262370.000000,0.012143
488,404,247,0.004496,0.004168,21363506.000000,247327.000000,0.011577
489,404,246,0.004486,0.004208,21342497.000000,242602.000000,0.011367
490,405,245,0.004539,0.004211,21467662.000000,247575.000000,0.011532
491,406,244,0.004556,0.004250,21524276.000000,249974.000000,0.011614
492,406,243,0.004501,0.004215,21472993.000000,246468.000000,0.011478
493,407,243,0.004516,0.004221,21463561.000000,245384.000000,0.011433
494,407,242,0.004557,0.004245,21568280.000000,246904.000000,0.011448
495,408,241,0.004528,0.004232,21606007.000000,247724.000000,0.011466
496,409,240,0.004593,0.004282,21683869.000000,249994.000000,0.011529
497,410,239,0.004608,0.004307,21884319.000000,248308.000000,0.011346
498,411,238,0.004663,0.004301,21967940.000000,253765.000000,0.011552
499,412,237,0.004637,0.004305,22069535.000000,250368.000000,0.011345
500,413,236,0.004632,0.004329,22126395.000000,250034.000000,0.011300
501,414,235,0.004731,0.004401,22328484.000000,255356.000000,0.011436
502,414,234,0.004692,0.004398,22391957.000000,254818.000000,0.011380
503,415,233,0.004753,0.004419,22527507.000000,254604.000000,0.011302
504,415,232,0.004703,0.004420,22468474.000000,252875.000000,0.011255
505,416,231,0.004765,0.004451,22631202.000000,257586.000000,0.011382
506,417,230,0.004793,0.004443,22820771.000000,259089.000000,0.011353
507,418,229,0.004814,0.004483,22874418.000000,259330.000000,0.011337
508,419,229,0.004862,0.004486,22876841.000000,261130.000000,0.011415
509,420,228,0.004862,0.004530,23108912.000000,265320.000000,0.011481
510,420,227,0.004876,0.004519,23210838.000000,263089.000000,0.011335
511,421,226,0.004992,0.004652,23588719.000000,264130.000000,0.011197
512,422,225,0.004981,0.004611,23597498.000000,267660.000000,0.011343
513,423,224,0.004976,0.004659,23783524.000000,268302.000000,0.011281
514,424,223,0.005073,0.004724,24020352.000000,267298.000000,0.011128
515,424,222,0.004987,0.004677,23999088.000000,269375.000000,0.011224
516,425,221,0.005101,0.004735,24297486.000000,272393.000000,0.011211
517,426,220,0.005060,0.004777,24251344.000000,270300.000000,0.011146
518,427,219,0.005165,0.004786,24558709.000000,275996.000000,0.011238
519,428,218,0.005164,0.004831,24758146.000000,278886.000000,0.011264
520,429,217,0.005240,0.004871,24880442.000000,281402.000000,0.011310
521,429,217,0.005218,0.004884,25051839.000000,279203.000000,0.011145
522,430,216,0.005227,0.004862,24913334.000000,283247.000000,0.011369
523,430,215,0.005307,0.004929,25254608.000000,285152.000000,0.011291
524,430,214,0.005273,0.004946,25388047.000000,281641.000000,0.011093
525,431,213,0.005284,0.004977,25165362.000000,284353.000000,0.011299
526,431,212,0.005280,0.004934,25305850.000000,284417.000000,0.011239
527,432,212,0.005298,0.004998,25268732.000000,281982.000000,0.011159
528,433,211,0.005292,0.004966,25372853.000000,284716.000000,0.011221
529,434,210,0.005343,0.005033,25422031.000000,287851.000000,0.011323
530,435,209,0.005292,0.004981,25440203.000000,284134.000000,0.011169
531,436,209,0.005338,0.005035,25531576.000000,284688.000000,0.011150
532,437,208,0.005375,0.005026,25696943.000000,289083.000000,0.011250
533,438,207,0.005429,0.005104,25871228.000000,286949.000000,0.011091
534,438,206,0.005345,0.005039,25806092.000000,289508.000000,0.011219
535,438,205,0.005415,0.005089,25880585.000000,290385.000000,0.011220
536,439,205,0.005348,0.005029,25713665.000000,285351.000000,0.011097
537,440,204,0.005485,0.005126,26018354.000000,293968.000000,0.011298
538,441,203,0.005681,0.005322,26387231.000000,296819.000000,0.011249
539,442,202,0.005506,0.005169,26391233.000000,294575.000000,0.011162
540,443,202,0.005565,0.005215,26602105.000000,299108.000000,0.011244
541,443,201,0.005535,0.005204,26602014.000000,298970.000000,0.011239
542,444,200,0.005589,0.005265,26741472.000000,297133.000000,0.011111
543,444,199,0.005564,0.005225,26789878.000000,299648.000000,0.011185
544,445,199,0.005634,0.005309,26994889.000000,302824.000000,0.011218
545,446,198,0.005777,0.005330,27306773.000000,315363.000000,0.011549
546,447,197,0.005705,0.005348,27217878.000000,304820.000000,0.011199
547,448,196,0.005717,0.005398,27260580.000000,305850.000000,0.011219
548,449,196,0.005726,0.005371,27427957.000000,302750.000000,0.011038
549,449,195,0.005763,0.005419,27553701.000000,305393.000000,0.011084
550,450,194,0.005759,0.005406,27718605.000000,307393.000000,0.011090
551,451,193,0.005779,0.005487,27773099.000000,306748.000000,0.011045
552,452,192,0.005858,0.005489,28040948.000000,313566.000000,0.011182
553,453,192,0.005824,0.005482,28080145.000000,310274.000000,0.011050
554,454,191,0.005890,0.005534,28246953.000000,307975.000000,0.010903
555,455,190,0.005839,0.005526,28166136.000000,311263.000000,0.011051
556,455,189,0.005918,0.005562,28352386.000000,314508.000000,0.011093
557,456,188,0.005859,0.005549,28257805.000000,310792.000000,0.010998
558,457,188,0.005912,0.005545,28515402.000000,313245.000000,0.010985
559,458,187,0.005912,0.005608,28467220.000000,315144.000000,0.011070
560,459,186,0.005914,0.005574,28591289.000000,311586.000000,0.010898
561,460,185,0.006031,0.005675,28912238.000000,318948.000000,0.011032
562,460,185,0.005969,0.005676,28951890.000000,317025.000000,0.010950
563,461,184,0.006080,0.005771,28973383.000000,314050.000000,0.010839
564,462,183,0.006064,0.005722,29109991.000000,318923.000000,0.010956
565,463,182,0.006015,0.005719,29052801.000000,316124.000000,0.010881
566,464,182,0.006105,0.005736,29335469.000000,321282.000000,0.010952
567,464,181,0.006051,0.005720,29203965.000000,320738.000000,0.010983
568,465,180,0.006046,0.005722,29287389.000000,315921.000000,0.010787
569,466,180,0.006119,0.005805,29385349.000000,319988.000000,0.010889
570,467,179,0.006083,0.005758,29439673.000000,320701.000000,0.010893
571,468,178,0.006147,0.005844,29489294.000000,319830.000000,0.010846
572,469,178,0.006138,0.005818,29573987.000000,325120.000000,0.010993
573,470,177,0.006130,0.005805,29735101.000000,320644.000000,0.010783
574,471,177,0.006184,0.005865,29831315.000000,322714.000000,0.010818
575,472,176,0.006158,0.005853,29884824.000000,323978.000000,0.010841
576,473,175,0.006236,0.005894,30033130.000000,321126.000000,0.010692
577,474,175,0.006315,0.005939,30329825.000000,329145.000000,0.010852
578,475,174,0.006335,0.005970,30527229.000000,330221.000000,0.010817
579,476,174,0.006371,0.006063,30444687.000000,327018.000000,0.010741
580,477,173,0.006429,0.006024,30660116.000000,333539.000000,0.010879
581,478,172,0.006339,0.006012,30523581.000000,325150.000000,0.010652
582,479,172,0.006622,0.006250,30650059.000000,331527.000000,0.010817
583,480,171,0.006397,0.006000,30683963.000000,329640.000000,0.010743
584,481,171,0.006427,0.006049,30933479.000000,329959.000000,0.010667
585,481,170,0.006445,0.006119,30872871.000000,334572.000000,0.010837
586,482,170,0.006429,0.006038,31089178.000000,332999.000000,0.010711
587,482,169,0.006467,0.006148,31039547.000000,332136.000000,0.010700
588,483,168,0.006586,0.006158,31447285.000000,338036.000000,0.010749
589,483,168,0.006818,0.006199,31718396.000000,337126.000000,0.010629
590,484,167,0.007314,0.006640,31796497.000000,341596.000000,0.010743
591,485,166,0.007289,0.006646,31835634.000000,341577.000000,0.010729
592,486,165,0.007095,0.006443,31975212.000000,340506.000000,0.010649
593,487,164,0.007178,0.006522,32291598.000000,343163.000000,0.010627
594,488,163,0.007108,0.006718,32495214.000000,344682.000000,0.010607
595,489,163,0.006895,0.006458,32782734.000000,349852.000000,0.010672
596,490,162,0.006782,0.006410,32508272.000000,342157.000000,0.010525
597,490,162,0.006757,0.006446,32525985.000000,342613.000000,0.010534
598,491,161,0.006820,0.006471,32693263.000000,349154.000000,0.010680
599,492,161,0.006761,0.006441,32741031.000000,345918.000000,0.010565
600,493,160,0.006875,0.006525,32971137.000000,347418.000000,0.010537
601,494,159,0.006855,0.006552,32932980.000000,349535.000000,0.010614
602,495,159,0.006822,0.006487,33039475.000000,350845.000000,0.010619
603,496,158,0.007001,0.006604,33386342.000000,359174.000000,0.010758
604,497,158,0.006920,0.006593,33308459.000000,355169.000000,0.010663
605,498,157,0.006993,0.006657,33563931.000000,360271.000000,0.010734
606,499,157,0.006994,0.006609,33761766.000000,356159.000000,0.010549
607,500,156,0.007188,0.006788,34227484.000000,368350.000000,0.010762
608,501,156,0.007157,0.006777,34022589.000000,363857.000000,0.010695
609,501,155,0.007086,0.006698,34267023.000000,369242.000000,0.010775
610,502,154,0.007179,0.006815,34435112.000000,371466.000000,0.010787
611,502,154,0.007228,0.006892,34657955.000000,368556.000000,0.010634
612,502,153,0.007193,0.006813,34593348.000000,374719.000000,0.010832
613,503,153,0.007171,0.006803,34694991.000000,368838.000000,0.010631
614,503,152,0.007190,0.006852,34617311.000000,371556.000000,0.010733
615,504,152,0.007130,0.006808,34338849.000000,366740.000000,0.010680
616,505,151,0.007136,0.006767,34566250.000000,373194.000000,0.010796
617,506,151,0.007258,0.006913,34949619.000000,372510.000000,0.010658
618,507,150,0.007299,0.006897,35045336.000000,371483.000000,0.010600
619,508,150,0.007362,0.006988,35440331.000000,377741.000000,0.010659
620,509,149,0.007294,0.006927,35300591.000000,371703.000000,0.010530
621,510,149,0.007378,0.007027,35514572.000000,381010.000000,0.010728
622,511,148,0.007489,0.007114,35775623.000000,379236.000000,0.010600
623,512,148,0.007376,0.007049,35683095.000000,383001.000000,0.010733
624,513,147,0.007463,0.007066,35930412.000000,381893.000000,0.010629
625,514,147,0.007472,0.007136,36020610.000000,383260.000000,0.010640
626,515,146,0.007535,0.007142,36257671.000000,387906.000000,0.010699
627,515,146,0.007452,0.007146,36068082.000000,385230.000000,0.010681
628,515,145,0.007502,0.007151,36257420.000000,388897.000000,0.010726
629,516,145,0.007576,0.007215,36430539.000000,387121.000000,0.010626
630,516,144,0.007578,0.007242,36413407.000000,389269.000000,0.010690
631,517,144,0.007533,0.007229,36382262.000000,388495.000000,0.010678
632,518,143,0.007585,0.007203,36662546.000000,390403.000000,0.010649
633,519,143,0.007570,0.007252,36545431.000000,387530.000000,0.010604
634,520,142,0.007621,0.007249,36752373.000000,391030.000000,0.010640
635,521,142,0.007676,0.007282,36900351.000000,394339.000000,0.010687
636,522,141,0.007635,0.007277,37000816.000000,391178.000000,0.010572
637,523,141,0.007713,0.007338,37196100.000000,393906.000000,0.010590
638,523,140,0.007745,0.007440,37291247.000000,391220.000000,0.010491
639,524,140,0.007730,0.007398,37316822.000000,398354.000000,0.010675
640,524,139,0.007708,0.007334,37420630.000000,394230.000000,0.010535
641,524,139,0.007777,0.007423,37428558.000000,393924.000000,0.010525
642,525,138,0.007769,0.007412,37563982.000000,392235.000000,0.010442
643,526,138,0.007868,0.007462,37926314.000000,400467.000000,0.010559
644,527,138,0.007848,0.007465,38016026.000000,399230.000000,0.010502
645,528,137,0.007854,0.007539,38049394.000000,404567.000000,0.010633
646,528,137,0.007925,0.007555,38299788.000000,400068.000000,0.010446
647,528,136,0.007869,0.007562,38201806.000000,405151.000000,0.010606
648,529,136,0.008179,0.007787,38589829.000000,409513.000000,0.010612
649,530,135,0.007931,0.007605,38515247.000000,407685.000000,0.010585
650,531,135,0.007977,0.007654,38577107.000000,404594.000000,0.010488
651,532,135,0.007975,0.007657,38690795.000000,406887.000000,0.010516
652,533,135,0.008073,0.007674,38979347.000000,406269.000000,0.010423
653,534,134,0.008128,0.007791,39415465.000000,409329.000000,0.010385
654,535,134,0.008138,0.007765,39365487.000000,411600.000000,0.010456
655,536,134,0.008205,0.007825,39811736.000000,413723.000000,0.010392
656,537,133,0.008185,0.007790,39677086.000000,413291.000000,0.010416
657,538,133,0.008190,0.007853,39714124.000000,410423.000000,0.010334
658,539,132,0.008251,0.007877,40004013.000000,414047.000000,0.010350
659,540,132,0.008234,0.007912,39965552.000000,411691.000000,0.010301
660,540,132,0.008289,0.007945,40139096.000000,419829.000000,0.010459
661,540,131,0.008342,0.007973,40408866.000000,414941.000000,0.010269
662,541,131,0.008348,0.008011,40453306.000000,416977.000000,0.010308
663,542,130,0.008402,0.008042,40609948.000000,419614.000000,0.010333
664,543,130,0.008410,0.008029,40828666.000000,420990.000000,0.010311
665,544,129,0.008429,0.008062,40943725.000000,419738.000000,0.010252
666,544,129,0.008481,0.008108,41101526.000000,423392.000000,0.010301
667,544,129,0.008360,0.008074,40917819.000000,417864.000000,0.010212
668,545,128,0.008501,0.008126,41281237.000000,424089.000000,0.010273
669,546,128,0.008450,0.008160,41145777.000000,418688.000000,0.010176
670,547,128,0.008501,0.008143,41389901.000000,420504.000000,0.010160
671,548,127,0.008500,0.008191,41315887.000000,425849.000000,0.010307
672,548,127,0.008584,0.008291,41301561.000000,426891.000000,0.010336
673,549,126,0.008554,0.008158,41510853.000000,428554.000000,0.010324
674,549,126,0.008555,0.008260,41448144.000000,423376.000000,0.010215
675,550,126,0.008552,0.008237,41488211.000000,425352.000000,0.010252
676,551,125,0.008548,0.008206,41608192.000000,422528.000000,0.010155
677,552,125,0.008615,0.008234,41810808.000000,429079.000000,0.010262
678,553,125,0.008728,0.008312,42084168.000000,426581.000000,0.010136
679,554,124,0.008750,0.008334,42425976.000000,435932.000000,0.010275
680,554,124,0.008674,0.008350,42350711.000000,431468.000000,0.010188
681,555,124,0.008730,0.008372,42413207.000000,434648.000000,0.010248
682,556,123,0.008768,0.008372,42625920.000000,432649.000000,0.010150
683,556,123,0.008807,0.008505,42751046.000000,436970.000000,0.010221
684,557,122,0.008940,0.008485,43015691.000000,447221.000000,0.010397
685,558,122,0.008881,0.008490,43147840.000000,440020.000000,0.010198
686,559,122,0.008941,0.008590,43276673.000000,443534.000000,0.010249
687,560,121,0.009000,0.008653,43418934.000000,480355.000000,0.011063
688,561,121,0.008974,0.008599,43357259.000000,479122.000000,0.011051
689,562,121,0.009042,0.008706,43687580.000000,483421.000000,0.011065
690,562,120,0.010497,0.010153,44519634.000000,515136.000000,0.011571
691,563,120,0.009043,0.008692,43797534.000000,483693.000000,0.011044
692,564,119,0.009114,0.008711,44166327.000000,484190.000000,0.010963
693,564,119,0.009144,0.008793,44367906.000000,482230.000000,0.010869
694,565,118,0.009220,0.008886,44519768.000000,487315.000000,0.010946
695,566,118,0.009311,0.008933,44630862.000000,485826.000000,0.010885
696,566,118,0.009189,0.008884,44507495.000000,485731.000000,0.010913
697,566,117,0.009287,0.008918,44786603.000000,484429.000000,0.010816
698,566,117,0.009242,0.008941,44838589.000000,490029.000000,0.010929
699,567,117,0.009259,0.008941,44840686.000000,487500.000000,0.010872
700,568,116,0.009279,0.008926,45049155.000000,487947.000000,0.010831
701,568,116,0.009272,0.008974,45004265.000000,490909.000000,0.010908
702,569,116,0.009339,0.008968,45258636.000000,492538.000000,0.010883
703,569,115,0.009312,0.008997,45298064.000000,494565.000000,0.010918
704,569,115,0.009274,0.008990,45263503.000000,491594.000000,0.010861
705,570,115,0.009404,0.009085,45367682.000000,497184.000000,0.010959
706,570,114,0.009344,0.009026,45292153.000000,491418.000000,0.010850
707,571,114,0.009287,0.008990,45311711.000000,489083.000000,0.010794
708,571,114,0.009329,0.009018,45319391.000000,493616.000000,0.010892
709,572,113,0.009298,0.009010,45293317.000000,491133.000000,0.010843
710,572,113,0.009367,0.009064,45342465.000000,493701.000000,0.010888
711,573,113,0.009324,0.009005,45407901.000000,490249.000000,0.010797
712,574,113,0.009357,0.009047,45521904.000000,495872.000000,0.010893
713,575,112,0.009340,0.009047,45463664.000000,492749.000000,0.010838
714,575,112,0.009368,0.009051,45483776.000000,495095.000000,0.010885
715,576,112,0.009413,0.009077,45656174.000000,493561.000000,0.010810
716,577,112,0.009570,0.009174,46138587.000000,496222.000000,0.010755
717,578,111,0.009636,0.009246,46370811.000000,501932.000000,0.010824
718,578,111,0.009459,0.009153,46128331.000000,497200.000000,0.010779
719,578,111,0.009485,0.009150,46291484.000000,501733.000000,0.010839
720,578,110,0.009602,0.009224,46570171.000000,503027.000000,0.010801
721,579,110,0.009617,0.009212,46846086.000000,506126.000000,0.010804
722,579,110,0.009585,0.009301,46771185.000000,501033.000000,0.010712
723,580,110,0.009648,0.009318,46974062.000000,504604.000000,0.010742
724,581,109,0.009707,0.009344,47179678.000000,508524.000000,0.010778
725,582,109,0.009718,0.009392,47152442.000000,507471.000000,0.010762
726,583,109,0.009709,0.009354,47333880.000000,510954.000000,0.010795
727,584,109,0.009784,0.009482,47356437.000000,506891.000000,0.010704
728,584,108,0.009747,0.009430,47374378.000000,508364.000000,0.010731
729,585,108,0.009790,0.009429,47565263.000000,508841.000000,0.010698
730,586,108,0.009826,0.009460,47648497.000000,508852.000000,0.010679
731,587,108,0.009795,0.009488,47694346.000000,515296.000000,0.010804
732,588,107,0.009800,0.009472,47765116.000000,512516.000000,0.010730
733,589,107,0.009889,0.009506,48124012.000000,518459.000000,0.010773
734,590,107,0.009935,0.009535,48343670.000000,519567.000000,0.010747
735,591,107,0.009935,0.009632,48340384.000000,522423.000000,0.010807
736,592,106,0.009912,0.009586,48474891.000000,523934.000000,0.010808
737,593,106,0.010010,0.009675,48633548.000000,521421.000000,0.010721
738,593,106,0.009985,0.009667,48717657.000000,525936.000000,0.010796
739,594,106,0.009986,0.009678,48671450.000000,521898.000000,0.010723
740,595,105,0.010072,0.009701,48907757.000000,524328.000000,0.010721
741,596,105,0.010052,0.009703,49003454.000000,529811.000000,0.010812
742,597,105,0.010135,0.009751,49311953.000000,526643.000000,0.010680
743,597,105,0.010212,0.009909,49754475.000000,531581.000000,0.010684
744,598,104,0.010232,0.009868,49965495.000000,531120.000000,0.010630
745,599,104,0.010298,0.009996,50080877.000000,531015.000000,0.010603
746,600,104,0.010338,0.009961,50354168.000000,536322.000000,0.010651
747,600,104,0.010301,0.009998,50221826.000000,532016.000000,0.010593
748,601,103,0.010421,0.010023,50501121.000000,538793.000000,0.010669
749,602,103,0.010361,0.010041,50472300.000000,540952.000000,0.010718
750,603,103,0.010459,0.010060,50758404.000000,540894.000000,0.010656
751,603,103,0.010461,0.010074,50603703.000000,542422.000000,0.010719
752,603,103,0.010344,0.010044,50550831.000000,541412.000000,0.010710
753,604,102,0.010355,0.010035,50569221.000000,540851.000000,0.010695
754,605,102,0.010418,0.010007,50933156.000000,544506.000000,0.010691
755,606,102,0.010434,0.010121,50762746.000000,542089.000000,0.010679
756,607,102,0.010545,0.010115,51148809.000000,546696.000000,0.010688
757,607,102,0.010534,0.010148,51387321.000000,546605.000000,0.010637
758,608,101,0.010637,0.010245,51614391.000000,545193.000000,0.010563
759,609,101,0.010721,0.010396,51585947.000000,552076.000000,0.010702
760,610,101,0.010635,0.010235,51775919.000000,548536.000000,0.010594
761,611,101,0.010587,0.010278,51633342.000000,549689.000000,0.010646
762,612,100,0.010659,0.010273,51941831.000000,551615.000000,0.010620
763,613,100,0.010719,0.010348,52226962.000000,551878.000000,0.010567
764,614,100,0.010684,0.010331,51999326.000000,549628.000000,0.010570
765,615,100,0.010678,0.010357,52047759.000000,555233.000000,0.010668
766,616,99,0.010700,0.010318,52216012.000000,553338.000000,0.010597
767,616,99,0.010706,0.010390,52327080.000000,552787.000000,0.010564
768,617,99,0.010878,0.010445,52722582.000000,560677.000000,0.010634
769,618,99,0.010836,0.010519,52891807.000000,557129.000000,0.010533
770,619,98,0.010891,0.010532,53055014.000000,561202.000000,0.010578
771,620,98,0.010921,0.010613,53093154.000000,557537.000000,0.010501
772,621,98,0.010857,0.010549,53060365.000000,559135.000000,0.010538
773,622,98,0.010964,0.010578,53301532.000000,561734.000000,0.010539
774,623,97,0.010926,0.010590,53339838.000000,560818.000000,0.010514
775,624,97,0.010988,0.010672,53471737.000000,562966.000000,0.010528
776,624,97,0.011445,0.011128,53727090.000000,566710.000000,0.010548
777,624,97,0.011021,0.010635,53703927.000000,563751.000000,0.010497
778,625,96,0.011098,0.010728,54031588.000000,566603.000000,0.010487
779,626,96,0.011215,0.010833,54427588.000000,572770.000000,0.010524
780,627,96,0.011129,0.010744,54225756.000000,567088.000000,0.010458
781,627,96,0.011119,0.010816,54300575.000000,565151.000000,0.010408
782,628,95,0.011199,0.010809,54614195.000000,571856.000000,0.010471
783,628,95,0.011145,0.010843,54483933.000000,566178.000000,0.010392
784,629,95,0.011385,0.010908,54992261.000000,581063.000000,0.010566
785,630,95,0.011219,0.010838,55069689.000000,575013.000000,0.010442
786,630,94,0.011331,0.010923,55144062.000000,571068.000000,0.010356
787,630,94,0.011317,0.010966,55414805.000000,570994.000000,0.010304
788,630,94,0.011402,0.011040,55586995.000000,571766.000000,0.010286
789,631,94,0.011300,0.010977,55274267.000000,572502.000000,0.010357
790,631,94,0.011372,0.010974,55547254.000000,571796.000000,0.010294
791,632,93,0.011367,0.011054,55614119.000000,572044.000000,0.010286
792,633,93,0.011487,0.011083,55945922.000000,576982.000000,0.010313
793,633,93,0.011531,0.011163,55984372.000000,577601.000000,0.010317
794,634,93,0.011577,0.011191,56269702.000000,581724.000000,0.010338
795,635,92,0.011458,0.011130,56013177.000000,581750.000000,0.010386
796,636,92,0.011600,0.011168,56422808.000000,582656.000000,0.010327
797,637,92,0.011448,0.011144,56304688.000000,581680.000000,0.010331
798,638,92,0.011570,0.011151,56697158.000000,585401.000000,0.010325
799,639,91,0.011546,0.011197,56824878.000000,582870.000000,0.010257
800,640,91,0.011665,0.011277,57224164.000000,587321.000000,0.010264
801,640,91,0.011772,0.011402,57320601.000000,593684.000000,0.010357
802,641,91,0.011743,0.011322,57448743.000000,587059.000000,0.010219
803,642,91,0.011821,0.011509,57502434.000000,586987.000000,0.010208
804,643,90,0.011804,0.011392,57817372.000000,589047.000000,0.010188
805,644,90,0.011915,0.011530,58270554.000000,597781.000000,0.010259
806,645,90,0.011856,0.011465,58482969.000000,598329.000000,0.010231
807,646,90,0.011825,0.011467,58567297.000000,594255.000000,0.010147
808,647,90,0.012022,0.011649,58795220.000000,596572.000000,0.010147
809,648,89,0.012086,0.011732,58957112.000000,597241.000000,0.010130
810,649,89,0.012094,0.011739,59116770.000000,599585.000000,0.010142
811,650,89,0.012083,0.011762,58797763.000000,604684.000000,0.010284
812,651,89,0.012087,0.011653,59188184.000000,601724.000000,0.010166
813,652,88,0.012153,0.011832,59357434.000000,601252.000000,0.010129
814,653,88,0.012161,0.011745,59699213.000000,604140.000000,0.010120
815,654,88,0.012235,0.011861,59899242.000000,607104.000000,0.010135
816,655,88,0.012322,0.011937,60171450.000000,611407.000000,0.010161
817,656,87,0.012294,0.011975,60103707.000000,607118.000000,0.010101
818,657,87,0.012404,0.012000,60419260.000000,606893.000000,0.010045
819,658,87,0.012371,0.011957,60742783.000000,612023.000000,0.010076
820,659,87,0.012361,0.012020,60304575.000000,608299.000000,0.010087
821,660,87,0.012359,0.011977,60495688.000000,605446.000000,0.010008
822,661,86,0.012549,0.012112,61307944.000000,612778.000000,0.009995
823,662,86,0.012600,0.012264,61676233.000000,622475.000000,0.010093
824,663,86,0.012703,0.012293,61964969.000000,619167.000000,0.009992
825,664,86,0.012662,0.012314,61829586.000000,617060.000000,0.009980
826,665,85,0.012755,0.012336,62221888.000000,619155.000000,0.009951
827,666,85,0.012682,0.012367,62079467.000000,620926.000000,0.010002
828,667,85,0.012795,0.012363,62442601.000000,626237.000000,0.010029
829,668,85,0.012979,0.012602,62458040.000000,625649.000000,0.010017
830,669,84,0.012788,0.012416,62639409.000000,624632.000000,0.009972
831,670,84,0.012811,0.012489,62447940.000000,624795.000000,0.010005
832,671,84,0.012858,0.012444,62781933.000000,631375.000000,0.010057
833,672,84,0.012818,0.012444,62852066.000000,628780.000000,0.010004
834,673,83,0.013001,0.012631,63250670.000000,632520.000000,0.010000
835,674,83,0.012951,0.012633,63244719.000000,630670.000000,0.009972
836,675,83,0.012940,0.012548,63403415.000000,633282.000000,0.009988
837,675,83,0.013009,0.012610,63692810.000000,633282.000000,0.009943
838,676,83,0.012939,0.012604,63548146.000000,631722.000000,0.009941
839,677,82,0.012912,0.012590,63552403.000000,633858.000000,0.009974
840,677,82,0.012841,0.012526,63499691.000000,632637.000000,0.009963
841,678,82,0.012952,0.012620,63588742.000000,638905.000000,0.010047
842,679,82,0.013096,0.012692,63748009.000000,636344.000000,0.009982
843,680,82,0.013094,0.012735,63924155.000000,640491.000000,0.010020
844,680,81,0.013078,0.012645,64316962.000000,644266.000000,0.010017
845,681,81,0.013138,0.012799,64226741.000000,644502.000000,0.010035
846,682,81,0.013236,0.012880,64365889.000000,646664.000000,0.010047
847,682,81,0.013050,0.012740,64302910.000000,642925.000000,0.009998
848,682,81,0.013125,0.012736,64599353.000000,643505.000000,0.009961
849,683,80,0.013263,0.012935,64662444.000000,648998.000000,0.010037
850,684,80,0.013153,0.012820,64600015.000000,649736.000000,0.010058
851,685,80,0.013087,0.012765,64514708.000000,644222.000000,0.009986
852,686,80,0.013183,0.012781,64846869.000000,649585.000000,0.010017
853,687,80,0.013299,0.012907,65235667.000000,648957.000000,0.009948
854,687,79,0.013277,0.012932,65082445.000000,648007.000000,0.009957
855,688,79,0.013303,0.012947,65307147.000000,652680.000000,0.009994
856,689,79,0.013310,0.012923,65232651.000000,648142.000000,0.009936
857,689,79,0.013377,0.013037,65208645.000000,649825.000000,0.009965
858,690,79,0.013265,0.012869,65391403.000000,649628.000000,0.009934
859,691,78,0.013346,0.012912,65742288.000000,653817.000000,0.009945
860,692,78,0.013461,0.013030,66085731.000000,661540.000000,0.010010
861,693,78,0.013413,0.013046,66116146.000000,656995.000000,0.009937
862,694,78,0.013517,0.013110,66432299.000000,659261.000000,0.009924
863,695,78,0.013434,0.013118,66309930.000000,656861.000000,0.009906
864,696,78,0.014027,0.013535,67156692.000000,680785.000000,0.010137
865,697,77,0.013745,0.013347,67043541.000000,668098.000000,0.009965
866,698,77,0.013804,0.013353,67204125.000000,665085.000000,0.009896
867,698,77,0.014038,0.013668,67309807.000000,674841.000000,0.010026
868,698,77,0.013674,0.013344,67363396.000000,664635.000000,0.009866
869,699,77,0.013778,0.013442,67393210.000000,665790.000000,0.009879
870,700,76,0.013844,0.013396,67791793.000000,665254.000000,0.009813
871,700,76,0.014036,0.013619,68237347.000000,674992.000000,0.009892
872,700,76,0.013914,0.013536,68208651.000000,667567.000000,0.009787
873,701,76,0.014002,0.013627,68598786.000000,671842.000000,0.009794
874,701,76,0.013814,0.013498,68136039.000000,669788.000000,0.009830
875,702,76,0.013978,0.013576,68489596.000000,672538.000000,0.009820
876,703,75,0.014018,0.013618,68667514.000000,673728.000000,0.009811
877,704,75,0.014044,0.013678,68959423.000000,680949.000000,0.009875
878,705,75,0.014033,0.013607,68952029.000000,676553.000000,0.009812
879,706,75,0.014140,0.013722,69385076.000000,684378.000000,0.009863
880,706,75,0.013964,0.013646,68741184.000000,679566.000000,0.009886
881,707,75,0.013947,0.013600,68879284.000000,679321.000000,0.009862
882,708,74,0.014156,0.013717,69391904.000000,682915.000000,0.009841
883,709,74,0.014054,0.013732,69370178.000000,684536.000000,0.009868
884,710,74,0.014161,0.013739,69735330.000000,689600.000000,0.009889
885,711,74,0.014128,0.013782,69758638.000000,688100.000000,0.009864
886,712,74,0.014360,0.013955,70120862.000000,692307.000000,0.009873
887,712,74,0.014262,0.013942,70367533.000000,694976.000000,0.009876
888,713,74,0.014367,0.013931,70790486.000000,698102.000000,0.009862
889,714,73,0.014452,0.014089,71227600.000000,701709.000000,0.009852
890,715,73,0.014487,0.014089,71279515.000000,702267.000000,0.009852
891,715,73,0.014505,0.014091,71558098.000000,706695.000000,0.009876
892,716,73,0.014555,0.014150,71511423.000000,707693.000000,0.009896
893,717,73,0.015141,0.014551,71867911.000000,710831.000000,0.009891
894,717,73,0.015033,0.014545,71921489.000000,706918.000000,0.009829
895,718,72,0.014670,0.014331,72009182.000000,708161.000000,0.009834
896,718,72,0.014599,0.014279,72011428.000000,708221.000000,0.009835
897,719,72,0.014640,0.014289,72178981.000000,708081.000000,0.009810
898,720,72,0.014730,0.014311,72587829.000000,714737.000000,0.009847
899,721,72,0.014740,0.014391,72738610.000000,717916.000000,0.009870
900,722,72,0.014825,0.014406,72998814.000000,716423.000000,0.009814
901,723,72,0.014897,0.014481,73263075.000000,715730.000000,0.009769
902,724,71,0.014842,0.014476,73414202.000000,719464.000000,0.009800
903,725,71,0.014899,0.014521,73541607.000000,717421.000000,0.009755
904,726,71,0.015540,0.014950,73913329.000000,727796.000000,0.009847
905,727,71,0.015416,0.014949,73887416.000000,721504.000000,0.009765
906,728,71,0.015651,0.015064,74362026.000000,726742.000000,0.009773
907,729,70,0.015623,0.015082,74881464.000000,728289.000000,0.009726
908,730,70,0.015626,0.015051,74717813.000000,727824.000000,0.009741
909,731,70,0.016087,0.015536,75080486.000000,732674.000000,0.009759
910,731,70,0.015683,0.015226,74923628.000000,728727.000000,0.009726
911,731,70,0.015708,0.015155,75194518.000000,734545.000000,0.009769
912,732,69,0.015805,0.015237,75533034.000000,736730.000000,0.009754
913,733,69,0.015739,0.015266,75375514.000000,736907.000000,0.009776
914,734,69,0.015705,0.015244,75393611.000000,734141.000000,0.009737
915,734,69,0.015739,0.015283,75336252.000000,733129.000000,0.009731
916,735,69,0.015803,0.015217,75804654.000000,735433.000000,0.009702
917,736,68,0.015942,0.015393,76337885.000000,742308.000000,0.009724
918,737,68,0.015872,0.015360,75984487.000000,740526.000000,0.009746
919,738,68,0.015893,0.015421,76061714.000000,742034.000000,0.009756
920,738,68,0.015839,0.015382,76036731.000000,740341.000000,0.009737
921,739,68,0.015850,0.015386,76011032.000000,741368.000000,0.009753
922,740,67,0.015911,0.015411,76179108.000000,744498.000000,0.009773
923,741,67,0.015883,0.015400,76229773.000000,743794.000000,0.009757
924,742,67,0.016172,0.015602,76636601.000000,747083.000000,0.009748
925,743,67,0.015979,0.015633,76489181.000000,747831.000000,0.009777
926,743,67,0.015440,0.015115,76479781.000000,743849.000000,0.009726
927,744,67,0.015576,0.015198,76746679.000000,746121.000000,0.009722
928,745,66,0.015564,0.015131,77069736.000000,751380.000000,0.009749
929,746,66,0.015712,0.015307,77839825.000000,756579.000000,0.009720
930,746,66,0.015744,0.015336,77881027.000000,754033.000000,0.009682
931,747,66,0.015810,0.015445,77727770.000000,759224.000000,0.009768
932,748,66,0.015999,0.015499,78193344.000000,770631.000000,0.009855
933,749,66,0.015916,0.015550,78213329.000000,758568.000000,0.009699
934,750,66,0.015899,0.015466,78434300.000000,758983.000000,0.009677
935,750,65,0.015977,0.015613,78615571.000000,763975.000000,0.009718
936,751,65,0.016049,0.015633,78831835.000000,767004.000000,0.009730
937,752,65,0.016075,0.015630,79130432.000000,768665.000000,0.009714
938,753,65,0.016154,0.015732,79495391.000000,775106.000000,0.009750
939,754,65,0.016000,0.015667,79317421.000000,771224.000000,0.009723
940,755,65,0.016206,0.015761,79747515.000000,775788.000000,0.009728
941,756,65,0.016147,0.015726,79846934.000000,775966.000000,0.009718
942,757,64,0.016335,0.015889,80431372.000000,780658.000000,0.009706
943,758,64,0.016259,0.015925,80219037.000000,779474.000000,0.009717
944,759,64,0.016417,0.015963,80659809.000000,782004.000000,0.009695
945,759,64,0.016237,0.015909,80411432.000000,779669.000000,0.009696
946,759,64,0.016264,0.015937,80447439.000000,779412.000000,0.009688
947,759,64,0.016269,0.015891,80583263.000000,780006.000000,0.009680
948,760,64,0.016357,0.015940,80942634.000000,784723.000000,0.009695
949,761,63,0.016379,0.015968,80940932.000000,782640.000000,0.009669
950,762,63,0.016538,0.016115,81451453.000000,788659.000000,0.009683
951,762,63,0.016774,0.016429,81125535.000000,783860.000000,0.009662
952,763,63,0.016674,0.016229,81608232.000000,790574.000000,0.009687
953,764,63,0.016555,0.016105,81765856.000000,789311.000000,0.009653
954,765,63,0.016579,0.016170,82053415.000000,789699.000000,0.009624
955,766,63,0.016521,0.016155,81898863.000000,790909.000000,0.009657
956,767,62,0.017199,0.016598,82255740.000000,794280.000000,0.009656
957,768,62,0.017194,0.016631,82472719.000000,800370.000000,0.009705
958,769,62,0.017137,0.016621,82554689.000000,799198.000000,0.009681
959,770,62,0.017373,0.016671,82763078.000000,800176.000000,0.009668
960,771,62,0.017312,0.016723,83262453.000000,803999.000000,0.009656
961,772,62,0.017334,0.016775,83376126.000000,803994.000000,0.009643
962,773,62,0.017111,0.016691,83519123.000000,804153.000000,0.009628
963,774,61,0.017222,0.016786,84193207.000000,808037.000000,0.009597
964,775,61,0.017689,0.017123,83903018.000000,809161.000000,0.009644
965,776,61,0.017416,0.016887,83890143.000000,804960.000000,0.009595
966,776,61,0.017220,0.016785,84253247.000000,805984.000000,0.009566
967,777,61,0.016922,0.016509,84446398.000000,808452.000000,0.009574
968,778,61,0.017074,0.016631,84579653.000000,807039.000000,0.009542
969,779,61,0.016920,0.016576,84592743.000000,809767.000000,0.009573
970,780,61,0.017025,0.016613,84963858.000000,813039.000000,0.009569
971,781,61,0.016993,0.016670,85014236.000000,811420.000000,0.009545
972,781,61,0.017105,0.016682,85388794.000000,812507.000000,0.009515
973,782,60,0.017069,0.016739,85273663.000000,815399.000000,0.009562
974,783,60,0.017118,0.016698,85606741.000000,818090.000000,0.009556
975,783,60,0.017088,0.016767,85453528.000000,814075.000000,0.009527
976,784,60,0.017145,0.016732,85838314.000000,818476.000000,0.009535
977,785,60,0.017254,0.016819,86132543.000000,821072.000000,0.009533
978,786,60,0.017206,0.016858,86060238.000000,820865.000000,0.009538
979,786,60,0.017269,0.016903,86104998.000000,820520.000000,0.009529
980,787,60,0.017376,0.016936,86582550.000000,824712.000000,0.009525
981,788,60,0.017278,0.016919,86336105.000000,822459.000000,0.009526
982,788,60,0.017313,0.016986,86390712.000000,823163.000000,0.009528
983,789,60,0.017413,0.016979,86824564.000000,824388.000000,0.009495
984,790,60,0.017337,0.016995,86776259.000000,825565.000000,0.009514
985,791,59,0.017575,0.017115,87152865.000000,829375.000000,0.009516
