frame,nb of entities,FPS,frame length,physics length,L1-dcache-loads,L1-dcache-load-misses,L1-dcache-load-miss-ratio
0,3,301,0.002060,0.000017,454137.000000,27588.000000,0.060748
1,4,301,0.003326,0.000016,561839.000000,31151.000000,0.055445
2,5,301,0.003321,0.000022,586263.000000,31419.000000,0.053592
3,6,301,0.003323,0.000017,559174.000000,31207.000000,0.055809
4,7,301,0.003320,0.000022,566296.000000,30881.000000,0.054532
5,8,302,0.003323,0.000020,533666.000000,27931.000000,0.052338
6,9,302,0.003325,0.000021,547810.000000,30704.000000,0.056049
7,10,302,0.003321,0.000023,569144.000000,31727.000000,0.055745
8,11,302,0.003324,0.000023,563745.000000,31629.000000,0.056105
9,12,302,0.003322,0.000025,565076.000000,30920.000000,0.054718
10,13,302,0.003325,0.000025,534220.000000,27629.000000,0.051718
11,14,302,0.003321,0.000029,592021.000000,31784.000000,0.053687
12,14,302,0.003325,0.000027,555249.000000,29978.000000,0.053990
13,15,302,0.003325,0.000030,608479.000000,31897.000000,0.052421
14,16,302,0.003326,0.000030,578040.000000,30889.000000,0.053437
15,17,302,0.003318,0.000032,551561.000000,27305.000000,0.049505
16,17,302,0.003326,0.000030,571738.000000,30620.000000,0.053556
17,18,302,0.003319,0.000094,593706.000000,31572.000000,0.053178
18,19,302,0.003325,0.000069,598780.000000,31653.000000,0.052862
19,20,302,0.003264,0.000034,604568.000000,31251.000000,0.051691
20,21,302,0.003325,0.000035,573235.000000,27517.000000,0.048003
21,22,302,0.003325,0.000035,624375.000000,31658.000000,0.050704
22,23,302,0.003324,0.000037,600378.000000,31257.000000,0.052062
23,24,302,0.003324,0.000036,658041.000000,32692.000000,0.049681
24,25,302,0.003319,0.000065,633366.000000,40838.000000,0.064478
25,26,302,0.003319,0.000053,623265.000000,29926.000000,0.048015
26,27,302,0.003324,0.000044,644684.000000,31644.000000,0.049085
27,27,302,0.003323,0.000042,630840.000000,31214.000000,0.049480
28,28,302,0.003327,0.000043,627452.000000,32059.000000,0.051094
29,29,302,0.003322,0.000047,656946.000000,32138.000000,0.048920
30,30,302,0.003322,0.000045,624695.000000,28298.000000,0.045299
31,31,302,0.003327,0.000054,662934.000000,32897.000000,0.049623
32,32,302,0.003321,0.000048,654348.000000,31004.000000,0.047382
33,32,302,0.003324,0.000046,629176.000000,30335.000000,0.048214
34,33,302,0.003325,0.000053,648420.000000,31493.000000,0.048569
35,34,302,0.003324,0.000053,622671.000000,28300.000000,0.045449
36,35,302,0.003323,0.000055,664036.000000,31369.000000,0.047240
37,36,302,0.003325,0.000050,692869.000000,32480.000000,0.046878
38,37,302,0.003326,0.000058,684465.000000,32047.000000,0.046821
39,38,302,0.003323,0.000056,715990.000000,32847.000000,0.045876
40,39,302,0.003323,0.000057,671500.000000,28807.000000,0.042899
41,40,302,0.003324,0.000131,714842.000000,33031.000000,0.046207
42,41,302,0.003323,0.000059,707564.000000,32038.000000,0.045279
43,42,302,0.003323,0.000092,724970.000000,33128.000000,0.045696
44,43,302,0.003323,0.000071,717106.000000,32743.000000,0.045660
45,43,302,0.003325,0.000061,682203.000000,28528.000000,0.041817
46,44,302,0.003325,0.000062,719158.000000,32743.000000,0.045530
47,44,302,0.003323,0.000063,704791.000000,31783.000000,0.045096
48,44,302,0.003324,0.000060,700201.000000,31486.000000,0.044967
49,45,302,0.003323,0.000061,727012.000000,32726.000000,0.045014
50,46,302,0.003324,0.000067,692775.000000,29367.000000,0.042390
51,46,302,0.003323,0.000064,714546.000000,31520.000000,0.044112
52,47,302,0.003326,0.000064,714934.000000,32470.000000,0.045417
53,48,302,0.003319,0.000068,784838.000000,33340.000000,0.042480
54,49,302,0.003325,0.000069,760239.000000,32317.000000,0.042509
55,50,302,0.003323,0.000068,712669.000000,29352.000000,0.041186
56,51,302,0.003325,0.000079,752704.000000,32318.000000,0.042936
57,51,302,0.003321,0.000070,750716.000000,31943.000000,0.042550
58,52,302,0.003325,0.000071,748924.000000,32371.000000,0.043223
59,53,302,0.003328,0.000078,739046.000000,32785.000000,0.044361
60,54,300,0.003325,0.000082,739125.000000,30103.000000,0.040728
61,55,300,0.003316,0.000093,771020.000000,35089.000000,0.045510
62,56,300,0.003349,0.000148,801754.000000,41281.000000,0.051488
63,57,300,0.003321,0.000217,900663.000000,48993.000000,0.054397
64,58,300,0.003320,0.000121,836911.000000,41433.000000,0.049507
65,59,300,0.003320,0.000074,794096.000000,30972.000000,0.039003
66,60,300,0.003321,0.000126,837370.000000,35848.000000,0.042810
67,61,300,0.003322,0.000095,828274.000000,34296.000000,0.041407
68,62,300,0.003322,0.000098,823733.000000,34023.000000,0.041303
69,63,300,0.003321,0.000097,878683.000000,35469.000000,0.040366
70,64,300,0.003329,0.000083,816166.000000,30910.000000,0.037872
71,65,300,0.003310,0.000170,902011.000000,47265.000000,0.052400
72,65,300,0.003325,0.000097,869245.000000,36195.000000,0.041640
73,66,300,0.003323,0.000106,889565.000000,35298.000000,0.039680
74,66,300,0.003322,0.000151,892337.000000,51302.000000,0.057492
75,67,300,0.003375,0.000164,817401.000000,48485.000000,0.059316
76,67,301,0.003236,0.000167,900856.000000,50656.000000,0.056231
77,67,301,0.003321,0.000167,920320.000000,52645.000000,0.057203
78,68,301,0.003325,0.000164,927307.000000,50380.000000,0.054329
79,69,300,0.003318,0.000160,943064.000000,52669.000000,0.055849
80,69,300,0.003321,0.000094,863112.000000,31403.000000,0.036383
81,70,300,0.003319,0.000231,957793.000000,50602.000000,0.052832
82,70,300,0.003317,0.000097,923793.000000,34435.000000,0.037276
83,71,300,0.003319,0.000138,946331.000000,37469.000000,0.039594
84,72,300,0.003323,0.000101,944652.000000,34291.000000,0.036300
85,73,300,0.003318,0.000126,925590.000000,31689.000000,0.034237
86,73,300,0.003323,0.000132,947200.000000,34805.000000,0.036745
87,74,300,0.003319,0.000254,1011058.000000,42740.000000,0.042273
88,75,300,0.003322,0.000157,994261.000000,40480.000000,0.040714
89,76,300,0.003319,0.000137,993022.000000,35865.000000,0.036117
90,77,300,0.003320,0.000140,965889.000000,31966.000000,0.033095
91,78,301,0.003322,0.000111,1016734.000000,35079.000000,0.034502
92,79,301,0.003321,0.000141,1022243.000000,38424.000000,0.037588
93,79,301,0.003325,0.000115,996010.000000,34775.000000,0.034914
94,80,301,0.003317,0.000143,994422.000000,34288.000000,0.034480
95,80,301,0.003323,0.000145,951747.000000,31183.000000,0.032764
96,80,301,0.003329,0.000141,985285.000000,34773.000000,0.035292
97,81,301,0.003319,0.000142,1004959.000000,34728.000000,0.034557
98,82,301,0.003323,0.000147,1026828.000000,34893.000000,0.033981
99,82,301,0.003332,0.000145,1002251.000000,35361.000000,0.035282
100,83,301,0.003316,0.000147,970482.000000,31556.000000,0.032516
101,84,301,0.003323,0.000162,1009294.000000,35965.000000,0.035634
102,85,301,0.003331,0.000147,1014154.000000,35771.000000,0.035272
103,85,301,0.003318,0.000154,991413.000000,35473.000000,0.035780
104,85,301,0.003320,0.000159,993700.000000,35240.000000,0.035463
105,86,301,0.003330,0.000147,988385.000000,32496.000000,0.032878
106,86,301,0.003320,0.000152,1021130.000000,34827.000000,0.034106
107,87,301,0.003321,0.000186,1082998.000000,37922.000000,0.035016
108,88,301,0.003334,0.000151,1108767.000000,36419.000000,0.032846
109,88,301,0.003317,0.000133,1068679.000000,36137.000000,0.033815
110,89,301,0.003318,0.000169,1089993.000000,32620.000000,0.029927
111,90,301,0.003332,0.000134,1125752.000000,36398.000000,0.032332
112,91,301,0.003326,0.000177,1139163.000000,36547.000000,0.032082
113,92,301,0.003319,0.000255,1183847.000000,43960.000000,0.037133
114,92,301,0.003324,0.000182,1138400.000000,33239.000000,0.029198
115,92,301,0.003322,0.000146,1155545.000000,36931.000000,0.031960
116,93,301,0.003321,0.000247,1189577.000000,39389.000000,0.033112
117,94,300,0.003353,0.000164,1203999.000000,37528.000000,0.031169
118,95,301,0.003289,0.000197,1208985.000000,37228.000000,0.030793
119,95,301,0.003319,0.000159,1195227.000000,34079.000000,0.028513
120,96,301,0.003330,0.000206,1212158.000000,37827.000000,0.031206
121,96,301,0.003321,0.000197,1182151.000000,35970.000000,0.030428
122,97,301,0.003324,0.000271,1231210.000000,43831.000000,0.035600
123,98,301,0.003323,0.000208,1234136.000000,39173.000000,0.031741
124,99,301,0.003318,0.000163,1194606.000000,33729.000000,0.028234
125,100,301,0.003314,0.000300,1310280.000000,43103.000000,0.032896
126,101,301,0.003332,0.000170,1281647.000000,38340.000000,0.029915
127,102,301,0.003315,0.000209,1278120.000000,37598.000000,0.029417
128,103,301,0.003322,0.000265,1283291.000000,40820.000000,0.031809
129,104,296,0.006340,0.000213,1161881.000000,34463.000000,0.029661
130,105,296,0.003321,0.000288,1421874.000000,52901.000000,0.037205
131,106,296,0.003324,0.000182,1362746.000000,38606.000000,0.028330
132,106,296,0.003324,0.000238,1368129.000000,39348.000000,0.028760
133,107,296,0.003317,0.000246,1427506.000000,39835.000000,0.027905
134,108,296,0.003324,0.000249,1414898.000000,36249.000000,0.025620
135,109,296,0.003325,0.000270,1449921.000000,41246.000000,0.028447
136,109,296,0.003322,0.000259,1453392.000000,39270.000000,0.027020
137,110,296,0.003320,0.000263,1489357.000000,40030.000000,0.026877
138,111,296,0.003325,0.000258,1522615.000000,40659.000000,0.026703
139,112,296,0.003321,0.000273,1515862.000000,37139.000000,0.024500
140,113,296,0.003324,0.000279,1523465.000000,38711.000000,0.025410
141,114,296,0.003324,0.000271,1546710.000000,40614.000000,0.026258
142,115,296,0.003324,0.000363,1658025.000000,51665.000000,0.031161
143,116,296,0.003324,0.000243,1639457.000000,40709.000000,0.024831
144,117,296,0.003321,0.000309,1658143.000000,40466.000000,0.024404
145,118,296,0.003319,0.000290,1719345.000000,42941.000000,0.024975
146,119,296,0.003326,0.000294,1717659.000000,41709.000000,0.024282
147,120,296,0.003325,0.000330,1736788.000000,43212.000000,0.024880
148,121,296,0.003321,0.000333,1746210.000000,45224.000000,0.025898
149,121,296,0.003324,0.000298,1720739.000000,37041.000000,0.021526
150,122,296,0.003326,0.000323,1759230.000000,43704.000000,0.024843
151,123,296,0.003324,0.000335,1785044.000000,45252.000000,0.025351
152,124,296,0.003323,0.000353,1804993.000000,41814.000000,0.023166
153,125,296,0.003324,0.000352,1855134.000000,44310.000000,0.023885
154,126,296,0.003326,0.000404,1846282.000000,42742.000000,0.023150
155,126,296,0.003321,0.000529,1961809.000000,67915.000000,0.034619
156,127,296,0.003324,0.000358,1946750.000000,44151.000000,0.022679
157,127,296,0.003324,0.000306,1925959.000000,44035.000000,0.022864
158,128,296,0.003311,0.000604,2004363.000000,61375.000000,0.030621
159,129,296,0.003322,0.000378,1914273.000000,41322.000000,0.021586
160,130,296,0.003326,0.000391,1999471.000000,44520.000000,0.022266
161,130,296,0.003317,0.000448,2176859.000000,59346.000000,0.027262
162,131,293,0.005273,0.000342,2041098.000000,45615.000000,0.022348
163,132,293,0.003328,0.000343,2108516.000000,41455.000000,0.019661
164,133,293,0.003321,0.000394,2163110.000000,45193.000000,0.020893
165,134,293,0.003330,0.000403,2166501.000000,46373.000000,0.021405
166,134,293,0.003309,0.000406,2210572.000000,44864.000000,0.020295
167,134,293,0.003324,0.000405,2191099.000000,43717.000000,0.019952
168,135,293,0.003329,0.000416,2165941.000000,42735.000000,0.019730
169,136,293,0.003313,0.000418,2216374.000000,45085.000000,0.020342
170,136,293,0.003324,0.000413,2257169.000000,44880.000000,0.019883
171,137,293,0.003328,0.000451,2352190.000000,48942.000000,0.020807
172,138,293,0.003314,0.000396,2422337.000000,47476.000000,0.019599
173,139,293,0.003322,0.000431,2322603.000000,43476.000000,0.018719
174,140,293,0.003327,0.000447,2398482.000000,48360.000000,0.020163
175,141,293,0.003313,0.000459,2401366.000000,46701.000000,0.019448
176,142,293,0.003324,0.000452,2398965.000000,46117.000000,0.019224
177,142,293,0.003328,0.000460,2383328.000000,46670.000000,0.019582
178,143,293,0.003310,0.000471,2362344.000000,42464.000000,0.017975
179,143,293,0.003324,0.000450,2426987.000000,46482.000000,0.019152
180,143,293,0.003328,0.000472,2482122.000000,48315.000000,0.019465
181,144,293,0.003312,0.000493,2549158.000000,47707.000000,0.018715
182,145,293,0.003325,0.000494,2620708.000000,48482.000000,0.018500
183,145,293,0.003328,0.000490,2487890.000000,44523.000000,0.017896
184,146,293,0.003310,0.000502,2530899.000000,47480.000000,0.018760
185,147,293,0.003324,0.000482,2589689.000000,48960.000000,0.018906
186,148,293,0.003328,0.000508,2603218.000000,48921.000000,0.018793
187,149,293,0.003313,0.000482,2659119.000000,49841.000000,0.018743
188,150,293,0.003729,0.000600,2640700.000000,47029.000000,0.017809
189,150,297,0.003319,0.000797,2917268.000000,83716.000000,0.028697
190,150,297,0.003322,0.000474,2759004.000000,49586.000000,0.017972
191,151,297,0.003324,0.000580,2779151.000000,51217.000000,0.018429
192,152,297,0.003323,0.000515,2871356.000000,50969.000000,0.017751
193,153,297,0.003315,0.000621,2858894.000000,48836.000000,0.017082
194,154,297,0.003325,0.000680,2972949.000000,52845.000000,0.017775
195,155,297,0.003325,0.000641,2975203.000000,51801.000000,0.017411
196,156,297,0.003319,0.000716,2975516.000000,53070.000000,0.017836
197,157,297,0.003323,0.000632,2998687.000000,52464.000000,0.017496
198,158,297,0.003326,0.000572,3003166.000000,48707.000000,0.016219
199,159,297,0.003321,0.000675,3098621.000000,52744.000000,0.017022
200,159,297,0.003323,0.000672,3164178.000000,53023.000000,0.016757
201,160,297,0.003326,0.000590,3149588.000000,52766.000000,0.016753
202,161,297,0.003321,0.000565,3182093.000000,52847.000000,0.016608
203,161,297,0.003324,0.000683,3113959.000000,49505.000000,0.015898
204,162,297,0.003324,0.000619,3178807.000000,54075.000000,0.017011
205,163,297,0.003320,0.000707,3159739.000000,53746.000000,0.017010
206,164,297,0.003323,0.000722,3237910.000000,54707.000000,0.016896
207,165,297,0.003327,0.000619,3244495.000000,54068.000000,0.016665
208,166,297,0.003318,0.000725,3278945.000000,50646.000000,0.015446
209,167,297,0.003322,0.000709,3354228.000000,54711.000000,0.016311
210,168,297,0.003331,0.000641,3290773.000000,52406.000000,0.015925
211,169,297,0.003319,0.000737,3386510.000000,54526.000000,0.016101
212,170,297,0.003320,0.000803,3468447.000000,76341.000000,0.022010
213,171,297,0.003327,0.000665,3439927.000000,51087.000000,0.014851
214,171,297,0.003315,0.000702,3504815.000000,59547.000000,0.016990
215,171,297,0.003321,0.000746,3532947.000000,55242.000000,0.015636
216,172,297,0.003329,0.000629,3521016.000000,53992.000000,0.015334
217,173,297,0.003320,0.000835,3571674.000000,59488.000000,0.016655
218,173,297,0.003322,0.000827,3599743.000000,56596.000000,0.015722
219,174,297,0.003325,0.000707,3604181.000000,56272.000000,0.015613
220,175,297,0.003318,0.000865,3665440.000000,58600.000000,0.015987
221,176,297,0.003324,0.000794,3672171.000000,57501.000000,0.015659
222,177,300,0.003326,0.000739,3681149.000000,56973.000000,0.015477
223,178,300,0.003319,0.000836,3685384.000000,53948.000000,0.014638
224,179,300,0.003324,0.000822,3803058.000000,62468.000000,0.016426
225,179,300,0.003326,0.000762,3786618.000000,62220.000000,0.016432
226,180,300,0.003318,0.000868,3798243.000000,61977.000000,0.016317
227,181,300,0.003324,0.000842,3871720.000000,63914.000000,0.016508
228,182,300,0.003325,0.000800,3870708.000000,60146.000000,0.015539
229,183,300,0.003319,0.000893,3890539.000000,63361.000000,0.016286
230,183,300,0.003325,0.000861,3929469.000000,63684.000000,0.016207
231,183,300,0.003321,0.000800,3960864.000000,63854.000000,0.016121
232,184,300,0.003322,0.000789,3993890.000000,66800.000000,0.016726
233,184,300,0.003322,0.000877,3892883.000000,60304.000000,0.015491
234,185,300,0.003328,0.000818,4000854.000000,65327.000000,0.016328
235,186,300,0.003318,0.000920,4056498.000000,64893.000000,0.015997
236,187,300,0.003323,0.000931,4111142.000000,66991.000000,0.016295
237,188,300,0.003327,0.000847,4201625.000000,66753.000000,0.015887
238,189,300,0.003318,0.000975,4175015.000000,62760.000000,0.015032
239,190,300,0.003322,0.000936,4241261.000000,66962.000000,0.015788
240,191,300,0.003329,0.000881,4306305.000000,68886.000000,0.015997
241,192,300,0.003319,0.001006,4385611.000000,67732.000000,0.015444
242,193,300,0.003322,0.000989,4500188.000000,70556.000000,0.015678
243,194,300,0.003328,0.000920,4401753.000000,65120.000000,0.014794
244,195,300,0.003319,0.001036,4529567.000000,70301.000000,0.015520
245,196,300,0.003323,0.001003,4574541.000000,70673.000000,0.015449
246,197,300,0.003327,0.000937,4602550.000000,70832.000000,0.015390
247,198,300,0.003318,0.001105,4815632.000000,72077.000000,0.014967
248,199,300,0.003322,0.001077,4715123.000000,71380.000000,0.015139
249,200,300,0.003328,0.001006,4848779.000000,73256.000000,0.015108
250,200,300,0.003319,0.001108,4809619.000000,72220.000000,0.015016
251,201,300,0.003322,0.001073,4868244.000000,73302.000000,0.015057
252,202,300,0.003328,0.001017,4907100.000000,75410.000000,0.015368
253,202,300,0.003319,0.001073,4989264.000000,72167.000000,0.014464
254,203,300,0.003322,0.001098,4970549.000000,74870.000000,0.015063
255,204,300,0.003327,0.001044,5027080.000000,76911.000000,0.015299
256,205,300,0.003319,0.000987,5031508.000000,75124.000000,0.014931
257,206,300,0.003324,0.001124,5064017.000000,76218.000000,0.015051
258,207,300,0.003323,0.001065,5037848.000000,74084.000000,0.014705
259,207,300,0.003313,0.000995,5181808.000000,77461.000000,0.014949
260,208,300,0.003328,0.001148,5235443.000000,77825.000000,0.014865
261,209,300,0.003321,0.001202,5088551.000000,81558.000000,0.016028
262,210,300,0.003322,0.000977,5215678.000000,78858.000000,0.015119
263,211,300,0.003326,0.001169,5212924.000000,74306.000000,0.014254
264,211,300,0.003323,0.001228,5277612.000000,85735.000000,0.016245
265,212,300,0.003323,0.001072,5353819.000000,80583.000000,0.015051
266,213,300,0.003325,0.001203,5352712.000000,78775.000000,0.014717
267,214,300,0.003330,0.001136,5386758.000000,79318.000000,0.014725
268,215,300,0.003315,0.001073,5407991.000000,75201.000000,0.013906
269,216,300,0.003326,0.001232,5508385.000000,79960.000000,0.014516
270,217,300,0.003324,0.001198,5512070.000000,84394.000000,0.015311
271,218,300,0.003321,0.001096,5554965.000000,79689.000000,0.014346
272,219,300,0.003326,0.001310,5684756.000000,83566.000000,0.014700
273,219,300,0.003323,0.001234,5602098.000000,81749.000000,0.014593
274,220,300,0.003321,0.001139,5759730.000000,80983.000000,0.014060
275,220,300,0.003326,0.001300,5784506.000000,80855.000000,0.013978
276,221,300,0.003323,0.001330,5845960.000000,87193.000000,0.014915
277,222,300,0.003322,0.001177,5885215.000000,81789.000000,0.013897
278,223,300,0.003329,0.001327,5878322.000000,78742.000000,0.013395
279,224,300,0.003318,0.001345,5942983.000000,87581.000000,0.014737
280,225,300,0.003322,0.001200,5972408.000000,80961.000000,0.013556
281,225,300,0.003326,0.001336,6041102.000000,82694.000000,0.013689
282,225,300,0.003322,0.001392,6017978.000000,86670.000000,0.014402
283,225,300,0.003323,0.001221,5967998.000000,77836.000000,0.013042
284,225,300,0.003326,0.001352,6021648.000000,82895.000000,0.013766
285,226,300,0.003323,0.001397,6057467.000000,87861.000000,0.014505
286,227,300,0.003322,0.001239,6143956.000000,84039.000000,0.013678
287,228,300,0.003326,0.001367,6170776.000000,84348.000000,0.013669
288,229,300,0.003321,0.001391,6463752.000000,102607.000000,0.015874
289,229,300,0.003327,0.001198,6389247.000000,83684.000000,0.013098
290,230,300,0.003326,0.001395,6317465.000000,85144.000000,0.013478
291,231,300,0.003327,0.001442,6401424.000000,89943.000000,0.014050
292,231,300,0.003358,0.002222,6835229.000000,151055.000000,0.022099
293,232,300,0.003356,0.002237,6915006.000000,149808.000000,0.021664
294,233,300,0.003322,0.001897,6788825.000000,107447.000000,0.015827
295,234,300,0.003327,0.001255,6705113.000000,88110.000000,0.013141
296,235,300,0.003325,0.001608,6733707.000000,90640.000000,0.013461
297,235,300,0.003320,0.001439,6788350.000000,92123.000000,0.013571
298,236,300,0.003323,0.001268,6650691.000000,84790.000000,0.012749
299,237,300,0.003328,0.001474,6734012.000000,89472.000000,0.013287
300,238,300,0.003324,0.001443,6781976.000000,90996.000000,0.013417
301,239,300,0.003320,0.001376,6850701.000000,89766.000000,0.013103
302,240,300,0.003329,0.001508,6866001.000000,91702.000000,0.013356
303,241,300,0.003323,0.001923,7163057.000000,103917.000000,0.014507
304,242,300,0.003324,0.001346,7159527.000000,96307.000000,0.013452
305,242,300,0.003328,0.001577,7243316.000000,97781.000000,0.013499
306,243,300,0.003319,0.001717,7036390.000000,94590.000000,0.013443
307,243,300,0.003325,0.001340,7039847.000000,94531.000000,0.013428
308,243,300,0.003327,0.001542,7065307.000000,91534.000000,0.012955
309,244,300,0.003322,0.001511,7195916.000000,94888.000000,0.013186
310,245,300,0.003326,0.001382,7347011.000000,95776.000000,0.013036
311,245,300,0.003327,0.001611,7410477.000000,97195.000000,0.013116
312,245,300,0.003321,0.001581,7477098.000000,97377.000000,0.013023
313,246,300,0.003326,0.001406,7410194.000000,95488.000000,0.012886
314,247,300,0.003328,0.001635,7553224.000000,100996.000000,0.013371
315,248,300,0.003322,0.001614,7586274.000000,99988.000000,0.013180
316,248,300,0.003326,0.001449,7638299.000000,102063.000000,0.013362
317,249,300,0.003327,0.001679,7686575.000000,103570.000000,0.013474
318,250,300,0.003322,0.001644,7718585.000000,99679.000000,0.012914
319,251,300,0.003326,0.001486,7787797.000000,102719.000000,0.013190
320,252,300,0.003328,0.001704,7786030.000000,104182.000000,0.013381
321,253,300,0.003325,0.001668,7877460.000000,105559.000000,0.013400
322,254,300,0.003320,0.001534,8037377.000000,109164.000000,0.013582
323,255,300,0.003327,0.001760,8083304.000000,107046.000000,0.013243
324,256,300,0.003321,0.001729,8073635.000000,109988.000000,0.013623
325,257,300,0.003326,0.001551,8139701.000000,110507.000000,0.013576
326,257,300,0.003326,0.001778,8274082.000000,113240.000000,0.013686
327,258,300,0.003324,0.001775,8290665.000000,113655.000000,0.013709
328,259,300,0.003329,0.001630,8332133.000000,112199.000000,0.013466
329,260,300,0.003323,0.001615,8496251.000000,115306.000000,0.013571
330,261,300,0.003329,0.001832,8622400.000000,116180.000000,0.013474
331,261,300,0.003323,0.001616,8409442.000000,113491.000000,0.013496
332,261,300,0.003336,0.001899,8412790.000000,114211.000000,0.013576
333,262,300,0.003321,0.001823,8491855.000000,113953.000000,0.013419
334,262,300,0.003325,0.001644,8540465.000000,113689.000000,0.013312
335,263,300,0.003333,0.001922,8672964.000000,118896.000000,0.013709
336,264,300,0.003324,0.001718,8766545.000000,118406.000000,0.013507
337,265,300,0.003326,0.001680,8805037.000000,118312.000000,0.013437
338,266,300,0.003324,0.001694,8750425.000000,115218.000000,0.013167
339,266,300,0.003331,0.001953,8757362.000000,119136.000000,0.013604
340,267,300,0.003326,0.001688,8822252.000000,118171.000000,0.013395
341,268,300,0.003324,0.001719,8984915.000000,120425.000000,0.013403
342,269,300,0.003334,0.001976,8958905.000000,120115.000000,0.013407
343,269,300,0.003326,0.001716,8963620.000000,117011.000000,0.013054
344,269,300,0.003324,0.001730,9018151.000000,120766.000000,0.013391
345,270,300,0.003336,0.002024,9191746.000000,124107.000000,0.013502
346,271,300,0.003327,0.001790,9266814.000000,123965.000000,0.013377
347,272,300,0.003325,0.001787,9389030.000000,124432.000000,0.013253
348,273,300,0.003338,0.002089,9482704.000000,123024.000000,0.012974
349,273,300,0.003329,0.001841,9593921.000000,127788.000000,0.013320
350,274,300,0.003324,0.001845,9554149.000000,125366.000000,0.013122
351,275,300,0.003346,0.002105,9650743.000000,127809.000000,0.013243
352,276,300,0.003329,0.001899,9888297.000000,130461.000000,0.013193
353,277,300,0.003333,0.001897,9862098.000000,126900.000000,0.012867
354,278,300,0.003338,0.002173,9949416.000000,132935.000000,0.013361
355,279,300,0.003337,0.001957,10023356.000000,133113.000000,0.013280
356,280,300,0.003331,0.001937,10139369.000000,133378.000000,0.013154
357,281,300,0.003347,0.002231,10248343.000000,135472.000000,0.013219
358,282,300,0.003334,0.001969,10139898.000000,130297.000000,0.012850
359,282,300,0.003326,0.001964,10149630.000000,134622.000000,0.013264
360,283,300,0.003346,0.002221,10168359.000000,134628.000000,0.013240
361,284,300,0.003330,0.001967,10220422.000000,135650.000000,0.013272
362,284,300,0.003340,0.001978,10274993.000000,137119.000000,0.013345
363,285,300,0.003335,0.002040,10268917.000000,131263.000000,0.012783
364,286,300,0.003326,0.002001,10366406.000000,135495.000000,0.013071
365,286,300,0.003332,0.001997,10306875.000000,134902.000000,0.013089
366,286,300,0.003348,0.002241,10413311.000000,134623.000000,0.012928
367,287,300,0.003338,0.002011,10497210.000000,136455.000000,0.012999
368,288,300,0.003333,0.002045,10517301.000000,133227.000000,0.012667
369,289,300,0.003340,0.002115,10596852.000000,137401.000000,0.012966
370,290,300,0.003339,0.002056,10633285.000000,137829.000000,0.012962
371,291,300,0.003346,0.002257,10758981.000000,139423.000000,0.012959
372,292,300,0.003342,0.002151,10722863.000000,139779.000000,0.013036
373,293,300,0.003341,0.002074,10806640.000000,135956.000000,0.012581
374,294,300,0.003351,0.002299,10830859.000000,138771.000000,0.012813
375,294,300,0.003341,0.002164,10948177.000000,140447.000000,0.012828
376,295,300,0.003344,0.002137,11109922.000000,142186.000000,0.012798
377,295,300,0.003351,0.002322,10977855.000000,140909.000000,0.012836
378,296,300,0.003341,0.002195,11011490.000000,138285.000000,0.012558
379,296,300,0.003348,0.002129,11107663.000000,141554.000000,0.012744
380,297,300,0.003349,0.002378,11279107.000000,144123.000000,0.012778
381,297,299,0.003341,0.002739,11507429.000000,159875.000000,0.013893
382,298,299,0.003345,0.002181,11362318.000000,144727.000000,0.012737
383,299,299,0.003346,0.002186,11316963.000000,140618.000000,0.012425
384,300,299,0.003347,0.002291,11410454.000000,146683.000000,0.012855
385,301,299,0.003356,0.002265,11600843.000000,148147.000000,0.012770
386,302,299,0.003349,0.002270,11762468.000000,147848.000000,0.012569
387,302,299,0.003357,0.002313,11651259.000000,150055.000000,0.012879
388,303,299,0.003365,0.002597,11785941.000000,148393.000000,0.012591
389,304,299,0.003357,0.002285,11933044.000000,152504.000000,0.012780
390,305,299,0.003354,0.002475,12048251.000000,150037.000000,0.012453
391,306,299,0.003362,0.002462,11858101.000000,145625.000000,0.012281
392,307,299,0.003355,0.002326,12047785.000000,145513.000000,0.012078
393,308,299,0.003355,0.002443,12165979.000000,144409.000000,0.011870
394,309,299,0.003356,0.002410,12431548.000000,147657.000000,0.011878
395,309,299,0.003355,0.002399,12469858.000000,146831.000000,0.011775
396,310,299,0.003361,0.002520,12579437.000000,149752.000000,0.011905
397,311,299,0.003358,0.002446,12591945.000000,150482.000000,0.011951
398,312,299,0.003358,0.002476,12788542.000000,151496.000000,0.011846
399,313,299,0.003363,0.002531,12703793.000000,154050.000000,0.012126
400,314,299,0.003359,0.002508,12706939.000000,153200.000000,0.012056
401,315,299,0.003361,0.002462,12829943.000000,154133.000000,0.012014
402,316,299,0.003363,0.002508,12999207.000000,159036.000000,0.012234
403,316,299,0.003325,0.002550,12979418.000000,153555.000000,0.011831
404,317,298,0.003390,0.002532,13111034.000000,159224.000000,0.012144
405,317,298,0.003358,0.002575,12988584.000000,160594.000000,0.012364
406,317,298,0.003367,0.002707,13051731.000000,158470.000000,0.012142
407,318,298,0.003365,0.002529,13048944.000000,155669.000000,0.011930
408,319,298,0.003360,0.002563,13139480.000000,159353.000000,0.012128
409,320,298,0.003366,0.002584,13291056.000000,160370.000000,0.012066
410,320,298,0.003367,0.002566,13205600.000000,157526.000000,0.011929
411,321,298,0.003343,0.002943,13515161.000000,169988.000000,0.012578
412,322,298,0.003378,0.002671,13469498.000000,157140.000000,0.011666
413,323,298,0.003368,0.002618,13487613.000000,161723.000000,0.011990
414,324,298,0.003382,0.002780,13601860.000000,161718.000000,0.011889
415,325,298,0.003368,0.002778,13746543.000000,165614.000000,0.012048
416,326,298,0.003368,0.002679,13694853.000000,164441.000000,0.012008
417,327,298,0.003368,0.002645,13765259.000000,162562.000000,0.011810
418,328,298,0.003369,0.002718,13765487.000000,166892.000000,0.012124
419,329,298,0.003386,0.002930,13909798.000000,171682.000000,0.012343
420,330,298,0.003370,0.002684,13944675.000000,166077.000000,0.011910
421,331,298,0.003373,0.002747,14027032.000000,168400.000000,0.012005
422,332,298,0.003371,0.002807,13937033.000000,167157.000000,0.011994
423,333,297,0.003371,0.002723,14065177.000000,169810.000000,0.012073
424,333,297,0.003375,0.002784,14193353.000000,169957.000000,0.011974
425,334,297,0.003380,0.002859,14403688.000000,173834.000000,0.012069
426,335,297,0.003374,0.002807,14399328.000000,170324.000000,0.011829
427,336,297,0.003376,0.002834,14464980.000000,167880.000000,0.011606
428,337,297,0.003379,0.002912,14518438.000000,176113.000000,0.012130
429,337,297,0.003374,0.002820,14467581.000000,170925.000000,0.011814
430,338,297,0.003378,0.002849,14629073.000000,172496.000000,0.011791
431,339,297,0.003384,0.002971,14804382.000000,179797.000000,0.012145
432,340,297,0.003376,0.002875,14729454.000000,174670.000000,0.011859
433,341,297,0.003380,0.002907,14846718.000000,178344.000000,0.012012
434,341,297,0.003384,0.002999,14885024.000000,179431.000000,0.012054
435,342,297,0.003378,0.002895,14942401.000000,177567.000000,0.011883
436,342,297,0.003381,0.002940,14996803.000000,178260.000000,0.011887
437,342,297,0.003385,0.003030,15026990.000000,178185.000000,0.011858
438,343,297,0.003384,0.002935,15165868.000000,181621.000000,0.011976
439,344,297,0.003381,0.002961,15230482.000000,180358.000000,0.011842
440,345,296,0.003517,0.003064,15190062.000000,183599.000000,0.012087
441,346,296,0.003506,0.003152,15183410.000000,183669.000000,0.012097
442,347,296,0.003382,0.002951,15130655.000000,178114.000000,0.011772
443,347,296,0.003360,0.003068,15174908.000000,181708.000000,0.011974
444,348,296,0.003394,0.002980,15268509.000000,184021.000000,0.012052
445,349,296,0.003378,0.002981,15316239.000000,182461.000000,0.011913
446,349,296,0.003411,0.003094,15467115.000000,186015.000000,0.012026
447,350,296,0.003388,0.003002,15343044.000000,182420.000000,0.011889
448,351,296,0.003330,0.003033,15610398.000000,188202.000000,0.012056
449,351,296,0.003435,0.003150,15642261.000000,189197.000000,0.012095
450,352,296,0.003367,0.003072,15619473.000000,188842.000000,0.012090
451,353,296,0.003387,0.003038,15610917.000000,188473.000000,0.012073
452,354,296,0.003459,0.003132,15783296.000000,186481.000000,0.011815
453,355,295,0.003431,0.003092,15890992.000000,191995.000000,0.012082
454,356,295,0.003426,0.003107,16023275.000000,195135.000000,0.012178
455,357,295,0.003512,0.003202,16010267.000000,195812.000000,0.012230
456,358,295,0.003449,0.003141,15925587.000000,195153.000000,0.012254
457,359,295,0.003547,0.003152,16081344.000000,193808.000000,0.012052
458,360,295,0.003455,0.003159,16206236.000000,195640.000000,0.012072
459,361,294,0.003530,0.003190,16392960.000000,197906.000000,0.012073
460,361,294,0.003594,0.003286,16490549.000000,201253.000000,0.012204
461,362,294,0.003542,0.003214,16659191.000000,196637.000000,0.011804
462,363,293,0.003638,0.003293,16892012.000000,203145.000000,0.012026
463,363,293,0.003644,0.003349,16626011.000000,199749.000000,0.012014
464,364,293,0.003563,0.003271,16600743.000000,201162.000000,0.012118
465,364,292,0.003563,0.003230,16754400.000000,199812.000000,0.011926
466,365,292,0.003696,0.003365,16980164.000000,200878.000000,0.011830
467,366,291,0.003669,0.003335,17112493.000000,202165.000000,0.011814
468,367,291,0.003642,0.003326,17104851.000000,200939.000000,0.011747
469,368,290,0.003976,0.003577,17408403.000000,209736.000000,0.012048
470,369,290,0.003727,0.003395,17475364.000000,201910.000000,0.011554
471,369,289,0.003741,0.003392,17394211.000000,205777.000000,0.011830
472,369,289,0.003670,0.003388,17299274.000000,204289.000000,0.011809
473,369,288,0.003709,0.003380,17427757.000000,205803.000000,0.011809
474,370,288,0.003723,0.003432,17429092.000000,206138.000000,0.011827
475,371,287,0.003727,0.003425,17480281.000000,204981.000000,0.011726
476,372,287,0.003786,0.003442,17715693.000000,209335.000000,0.011816
477,373,286,0.003784,0.003451,17702435.000000,208512.000000,0.011779
478,374,285,0.004011,0.003687,17739325.000000,208997.000000,0.011782
479,374,284,0.003989,0.003691,17671785.000000,204803.000000,0.011589
480,374,284,0.003778,0.003472,17689448.000000,207563.000000,0.011734
481,375,283,0.003776,0.003442,17858101.000000,210668.000000,0.011797
482,376,283,0.003868,0.003572,18020301.000000,211264.000000,0.011724
483,377,282,0.003885,0.003532,18209724.000000,212133.000000,0.011649
484,378,281,0.003966,0.003670,18481093.000000,213429.000000,0.011549
485,379,280,0.003963,0.003568,18514030.000000,213850.000000,0.011551
486,380,279,0.004154,0.003789,18795398.000000,215817.000000,0.011482
487,380,278,0.004224,0.003859,19029508.000000,220069.000000,0.011565
488,381,277,0.004019,0.003687,18786537.000000,211094.000000,0.011236
489,382,277,0.004091,0.003651,19063473.000000,217361.000000,0.011402
490,382,275,0.004232,0.003845,19306102.000000,222028.000000,0.011500
491,383,274,0.004145,0.003795,19496989.000000,221202.000000,0.011345
492,383,273,0.004326,0.004012,19674206.000000,220023.000000,0.011183
493,383,272,0.004468,0.004055,19785236.000000,223872.000000,0.011315
494,384,271,0.004343,0.004028,19778999.000000,230966.000000,0.011677
495,385,270,0.004237,0.003879,19917266.000000,225258.000000,0.011310
496,386,269,0.004172,0.003866,19787028.000000,221601.000000,0.011199
497,387,268,0.004294,0.003915,20022777.000000,228049.000000,0.011389
498,388,267,0.004252,0.003941,20054731.000000,227575.000000,0.011348
499,389,266,0.004289,0.003958,20183870.000000,224888.000000,0.011142
500,389,265,0.004289,0.003975,20206076.000000,227899.000000,0.011279
501,390,264,0.004355,0.004006,20438509.000000,230861.000000,0.011295
502,391,263,0.004348,0.004048,20509894.000000,229322.000000,0.011181
503,392,261,0.004377,0.004020,20596838.000000,226946.000000,0.011018
504,393,260,0.004398,0.004055,20757989.000000,230807.000000,0.011119
505,394,259,0.004364,0.004048,20761880.000000,229972.000000,0.011077
506,395,258,0.004449,0.004085,20846661.000000,232553.000000,0.011155
507,395,257,0.004411,0.004101,20864062.000000,230159.000000,0.011031
508,395,256,0.004456,0.004104,20977755.000000,235066.000000,0.011205
509,396,254,0.004414,0.004081,20845657.000000,232313.000000,0.011144
510,397,253,0.004466,0.004103,21035179.000000,237063.000000,0.011270
511,398,252,0.004481,0.004151,21133048.000000,234303.000000,0.011087
512,399,251,0.004486,0.004151,21165032.000000,235296.000000,0.011117
513,400,250,0.004474,0.004149,21257477.000000,235035.000000,0.011057
514,401,249,0.004528,0.004233,21306168.000000,235904.000000,0.011072
515,402,248,0.004535,0.004193,21414822.000000,235000.000000,0.010974
516,403,247,0.004555,0.004233,21600878.000000,242340.000000,0.011219
517,403,245,0.004733,0.004367,21757931.000000,244605.000000,0.011242
518,404,244,0.004615,0.004284,21876154.000000,238724.000000,0.010913
519,405,243,0.004617,0.004287,21717446.000000,240263.000000,0.011063
520,406,242,0.004705,0.004367,21786000.000000,247884.000000,0.011378
521,406,241,0.004601,0.004293,21727739.000000,240303.000000,0.011060
522,407,240,0.004627,0.004295,21862702.000000,240724.000000,0.011011
523,408,239,0.004627,0.004308,21904644.000000,243866.000000,0.011133
524,409,238,0.004650,0.004329,21960799.000000,245942.000000,0.011199
525,410,237,0.004668,0.004307,22089096.000000,241854.000000,0.010949
526,411,236,0.004723,0.004360,22370465.000000,246446.000000,0.011017
527,412,235,0.004697,0.004332,22276879.000000,245044.000000,0.011000
528,413,234,0.004725,0.004397,22398051.000000,245059.000000,0.010941
529,414,233,0.004692,0.004341,22345803.000000,240850.000000,0.010778
530,415,233,0.004732,0.004377,22487573.000000,245974.000000,0.010938
531,415,232,0.004756,0.004417,22632446.000000,246417.000000,0.010888
532,416,231,0.004760,0.004423,22596748.000000,243137.000000,0.010760
533,417,230,0.004797,0.004418,22741293.000000,248423.000000,0.010924
534,418,229,0.004819,0.004484,22986954.000000,249944.000000,0.010873
535,419,228,0.004812,0.004457,22943553.000000,249752.000000,0.010885
536,420,227,0.004865,0.004525,23141329.000000,248500.000000,0.010738
537,421,226,0.004916,0.004567,23282525.000000,253769.000000,0.010900
538,422,225,0.005034,0.004716,23323162.000000,256756.000000,0.011009
539,423,224,0.004915,0.004564,23362104.000000,252062.000000,0.010789
540,423,223,0.004960,0.004627,23560100.000000,254534.000000,0.010804
541,424,222,0.004965,0.004612,23631276.000000,255060.000000,0.010793
542,425,221,0.004975,0.004663,23717206.000000,256778.000000,0.010827
543,425,220,0.004997,0.004653,23863073.000000,254643.000000,0.010671
544,426,220,0.004972,0.004665,23813723.000000,256067.000000,0.010753
545,427,219,0.005019,0.004676,23959432.000000,258280.000000,0.010780
546,428,218,0.005050,0.004693,24141287.000000,254584.000000,0.010546
547,429,217,0.005096,0.004758,24318601.000000,259924.000000,0.010688
548,430,217,0.005098,0.004748,24335026.000000,257841.000000,0.010595
549,431,216,0.005090,0.004768,24377127.000000,254685.000000,0.010448
550,432,215,0.005115,0.004773,24500400.000000,258508.000000,0.010551
551,433,214,0.005138,0.004809,24612045.000000,260825.000000,0.010597
552,434,214,0.005230,0.004859,24871819.000000,263401.000000,0.010590
553,434,213,0.005233,0.004877,24971238.000000,262391.000000,0.010508
554,435,212,0.005296,0.004915,25263222.000000,267955.000000,0.010607
555,436,212,0.005229,0.004894,24992971.000000,263757.000000,0.010553
556,437,211,0.005396,0.004916,25373280.000000,275801.000000,0.010870
557,438,210,0.005309,0.004952,25449431.000000,266956.000000,0.010490
558,438,209,0.005435,0.005104,25343889.000000,268196.000000,0.010582
559,438,208,0.005357,0.005003,25435206.000000,268313.000000,0.010549
560,439,208,0.005289,0.004968,25393845.000000,267964.000000,0.010552
561,440,207,0.005373,0.005042,25499880.000000,270167.000000,0.010595
562,441,206,0.005318,0.005022,25599842.000000,267779.000000,0.010460
563,442,205,0.005410,0.005028,25876371.000000,274487.000000,0.010608
564,443,205,0.005419,0.005051,25990192.000000,273836.000000,0.010536
565,444,204,0.005406,0.005091,26055117.000000,271336.000000,0.010414
566,444,203,0.005398,0.005093,25981672.000000,274343.000000,0.010559
567,445,203,0.005496,0.005114,26276827.000000,276692.000000,0.010530
568,446,202,0.005465,0.005152,26410689.000000,273999.000000,0.010375
569,446,201,0.005537,0.005207,26593552.000000,280618.000000,0.010552
570,447,200,0.005527,0.005217,26647940.000000,283993.000000,0.010657
571,448,200,0.005572,0.005214,26805688.000000,280737.000000,0.010473
572,449,199,0.005678,0.005275,26982556.000000,285967.000000,0.010598
573,449,198,0.005904,0.005502,27234436.000000,285898.000000,0.010498
574,450,197,0.005648,0.005331,27127724.000000,281805.000000,0.010388
575,450,196,0.005870,0.005542,27142152.000000,285113.000000,0.010504
576,451,195,0.006061,0.005670,27550009.000000,291225.000000,0.010571
577,452,195,0.005977,0.005615,27435189.000000,283011.000000,0.010316
578,453,194,0.005767,0.005333,27565388.000000,287383.000000,0.010426
579,453,193,0.006136,0.005781,27623961.000000,287141.000000,0.010395
580,454,192,0.005791,0.005410,27743782.000000,286251.000000,0.010318
581,455,191,0.005842,0.005494,27827037.000000,292181.000000,0.010500
582,456,191,0.005874,0.005491,27961377.000000,293049.000000,0.010480
583,457,190,0.005879,0.005508,28172033.000000,293217.000000,0.010408
584,458,189,0.005928,0.005607,28207859.000000,295219.000000,0.010466
585,459,188,0.005907,0.005572,28318211.000000,292529.000000,0.010330
586,460,188,0.005915,0.005599,28329046.000000,294550.000000,0.010397
587,461,187,0.005944,0.005596,28461034.000000,298529.000000,0.010489
588,461,186,0.005876,0.005582,28361776.000000,289603.000000,0.010211
589,462,186,0.005964,0.005603,28582708.000000,294130.000000,0.010290
590,463,185,0.005934,0.005616,28594609.000000,297844.000000,0.010416
591,464,184,0.006243,0.005850,28796779.000000,299465.000000,0.010399
592,465,183,0.006414,0.006020,29098827.000000,304443.000000,0.010462
593,466,182,0.006200,0.005863,28920670.000000,305747.000000,0.010572
594,467,182,0.005973,0.005664,28808804.000000,299077.000000,0.010381
595,467,181,0.006091,0.005777,28905291.000000,304294.000000,0.010527
596,468,180,0.006048,0.005680,29054278.000000,301460.000000,0.010376
597,469,180,0.006090,0.005761,29093942.000000,304839.000000,0.010478
598,470,179,0.006166,0.005821,29295345.000000,309652.000000,0.010570
599,471,178,0.006145,0.005772,29458041.000000,303969.000000,0.010319
600,472,178,0.006265,0.005891,30032655.000000,314370.000000,0.010468
601,473,177,0.006280,0.005848,29830283.000000,313128.000000,0.010497
602,473,176,0.006250,0.005923,30112731.000000,310243.000000,0.010303
603,473,176,0.006236,0.005933,30039419.000000,314792.000000,0.010479
604,474,175,0.006224,0.005925,30016218.000000,310231.000000,0.010335
605,475,174,0.006367,0.005958,30320682.000000,316203.000000,0.010429
606,476,174,0.006284,0.005975,30193327.000000,315810.000000,0.010460
607,476,173,0.006277,0.005951,30262327.000000,313049.000000,0.010345
608,477,172,0.006396,0.006012,30590269.000000,317715.000000,0.010386
609,478,172,0.006465,0.006101,30633601.000000,320166.000000,0.010451
610,479,171,0.006362,0.006017,30558705.000000,314846.000000,0.010303
611,480,171,0.006454,0.006084,30797733.000000,318643.000000,0.010346
612,481,170,0.006414,0.006102,30846489.000000,317278.000000,0.010286
613,482,169,0.006599,0.006219,31154997.000000,324832.000000,0.010426
614,482,169,0.006467,0.006105,31134458.000000,323195.000000,0.010381
615,483,168,0.006498,0.006137,31291210.000000,320084.000000,0.010229
616,484,168,0.006506,0.006159,31353198.000000,324288.000000,0.010343
617,485,167,0.006561,0.006213,31676728.000000,325871.000000,0.010287
618,485,166,0.006548,0.006219,31544570.000000,323940.000000,0.010269
619,486,166,0.006588,0.006220,31720626.000000,325485.000000,0.010261
620,487,165,0.006620,0.006253,31901265.000000,324078.000000,0.010159
621,488,165,0.006655,0.006276,32115772.000000,331645.000000,0.010327
622,488,164,0.006673,0.006328,32170077.000000,327382.000000,0.010177
623,489,164,0.006722,0.006364,32316075.000000,330367.000000,0.010223
624,489,163,0.007421,0.006857,32691201.000000,364690.000000,0.011156
625,490,162,0.007587,0.007111,32878940.000000,339665.000000,0.010331
626,491,161,0.006884,0.006493,32661068.000000,340422.000000,0.010423
627,491,160,0.006757,0.006355,32461580.000000,330190.000000,0.010172
628,492,160,0.006859,0.006491,32692313.000000,335173.000000,0.010252
629,493,159,0.007036,0.006646,32990700.000000,344778.000000,0.010451
630,493,159,0.006826,0.006454,32805392.000000,335215.000000,0.010218
631,494,158,0.006872,0.006487,33052933.000000,341409.000000,0.010329
632,495,158,0.006932,0.006584,33198517.000000,340446.000000,0.010255
633,496,157,0.006871,0.006498,33347939.000000,342845.000000,0.010281
634,497,157,0.006891,0.006567,33307523.000000,341303.000000,0.010247
635,497,156,0.006900,0.006574,33329679.000000,345118.000000,0.010355
636,498,156,0.006949,0.006581,33495672.000000,346640.000000,0.010349
637,499,155,0.006996,0.006619,33661549.000000,344165.000000,0.010224
638,500,155,0.007364,0.007015,33769018.000000,352263.000000,0.010432
639,501,155,0.006923,0.006581,33727257.000000,344872.000000,0.010225
640,502,154,0.007025,0.006703,33946578.000000,351456.000000,0.010353
641,503,154,0.007068,0.006674,34194481.000000,354157.000000,0.010357
642,504,153,0.006985,0.006620,34230792.000000,350054.000000,0.010226
643,505,153,0.007018,0.006691,34389265.000000,356289.000000,0.010360
644,506,152,0.007004,0.006708,34283662.000000,350860.000000,0.010234
645,507,152,0.007068,0.006715,34451781.000000,356762.000000,0.010355
646,508,151,0.007078,0.006731,34568103.000000,352395.000000,0.010194
647,509,151,0.007107,0.006704,34592816.000000,357409.000000,0.010332
648,510,150,0.007138,0.006803,35003143.000000,358802.000000,0.010251
649,510,150,0.007155,0.006788,34967734.000000,357447.000000,0.010222
650,511,150,0.007176,0.006795,35114367.000000,360980.000000,0.010280
651,511,149,0.007173,0.006859,35101211.000000,356109.000000,0.010145
652,512,149,0.007403,0.007012,35447795.000000,368915.000000,0.010407
653,513,148,0.007264,0.006891,35392100.000000,363384.000000,0.010267
654,513,148,0.007278,0.006908,35682832.000000,363130.000000,0.010177
655,513,147,0.007381,0.007057,35683669.000000,366065.000000,0.010259
656,514,147,0.007327,0.006998,35716388.000000,361569.000000,0.010123
657,515,147,0.007345,0.006971,36004983.000000,365973.000000,0.010165
658,516,146,0.007401,0.007046,35996606.000000,363823.000000,0.010107
659,517,146,0.007483,0.007075,36347439.000000,369545.000000,0.010167
660,518,145,0.007465,0.007147,36341091.000000,364813.000000,0.010039
661,519,145,0.007475,0.007111,36519072.000000,370664.000000,0.010150
662,520,144,0.007493,0.007166,36502848.000000,367479.000000,0.010067
663,521,144,0.007535,0.007159,36680950.000000,374013.000000,0.010196
664,522,143,0.007549,0.007226,36821671.000000,373862.000000,0.010153
665,523,143,0.007534,0.007181,36946336.000000,368915.000000,0.009985
666,524,142,0.008121,0.007717,37568933.000000,378266.000000,0.010069
667,525,142,0.007705,0.007346,37348722.000000,372238.000000,0.009967
668,526,141,0.007697,0.007350,37403792.000000,375647.000000,0.010043
669,527,141,0.007869,0.007466,37647498.000000,373908.000000,0.009932
670,528,141,0.007748,0.007397,37951112.000000,383081.000000,0.010094
671,529,140,0.007793,0.007432,37869580.000000,379755.000000,0.010028
672,530,140,0.007892,0.007521,38350076.000000,387103.000000,0.010094
673,531,139,0.007858,0.007477,38238026.000000,382818.000000,0.010011
674,531,139,0.007834,0.007489,38416261.000000,386282.000000,0.010055
675,531,138,0.007937,0.007566,38540070.000000,382976.000000,0.009937
676,532,138,0.007920,0.007598,38446644.000000,386940.000000,0.010064
677,533,137,0.007903,0.007582,38505385.000000,385086.000000,0.010001
678,534,137,0.007910,0.007573,38596552.000000,388474.000000,0.010065
679,534,137,0.007999,0.007665,38604567.000000,387536.000000,0.010039
680,535,136,0.007983,0.007611,38747900.000000,390520.000000,0.010078
681,536,136,0.008034,0.007630,39047138.000000,395426.000000,0.010127
682,537,135,0.007964,0.007651,38867121.000000,390679.000000,0.010052
683,538,135,0.008043,0.007647,39165572.000000,394482.000000,0.010072
684,539,135,0.007975,0.007644,39146164.000000,392683.000000,0.010031
685,540,135,0.008131,0.007734,39488660.000000,397282.000000,0.010061
686,541,134,0.008113,0.007804,39486355.000000,394084.000000,0.009980
687,542,134,0.008179,0.007786,39789312.000000,398891.000000,0.010025
688,542,133,0.008099,0.007798,39787005.000000,391045.000000,0.009828
689,542,133,0.008125,0.007790,39808232.000000,397363.000000,0.009982
690,543,133,0.008183,0.007781,39907430.000000,395320.000000,0.009906
691,544,132,0.008608,0.008209,40318619.000000,405093.000000,0.010047
692,544,132,0.008228,0.007915,40094048.000000,399669.000000,0.009968
693,545,131,0.008338,0.007954,40399196.000000,404724.000000,0.010018
694,546,131,0.008297,0.007928,40700190.000000,402513.000000,0.009890
695,547,130,0.008446,0.007965,40815252.000000,406173.000000,0.009952
696,547,130,0.008343,0.008023,40712850.000000,398863.000000,0.009797
697,548,130,0.008372,0.007992,41001546.000000,405454.000000,0.009889
698,549,129,0.008341,0.008033,40910720.000000,402050.000000,0.009827
699,549,129,0.008414,0.008022,41205397.000000,405989.000000,0.009853
700,550,129,0.008435,0.008051,41345934.000000,404765.000000,0.009790
701,551,128,0.008560,0.008216,42003956.000000,413058.000000,0.009834
702,551,128,0.008639,0.008141,42314189.000000,421571.000000,0.009963
703,552,127,0.008852,0.008445,42576495.000000,417602.000000,0.009808
704,552,127,0.008609,0.008319,42483022.000000,414783.000000,0.009764
705,553,126,0.008672,0.008305,42760632.000000,422407.000000,0.009878
706,554,126,0.008671,0.008373,42787577.000000,418128.000000,0.009772
707,555,126,0.008672,0.008344,42932318.000000,417925.000000,0.009735
708,556,125,0.008712,0.008370,43110437.000000,423141.000000,0.009815
709,557,125,0.008664,0.008328,42928870.000000,420034.000000,0.009784
710,558,124,0.008753,0.008425,43252059.000000,425035.000000,0.009827
711,559,124,0.008759,0.008390,43237737.000000,422988.000000,0.009783
712,560,124,0.008795,0.008467,43570031.000000,430691.000000,0.009885
713,561,123,0.008861,0.008529,43778047.000000,426532.000000,0.009743
714,562,123,0.009135,0.008762,44100442.000000,435606.000000,0.009878
715,563,122,0.008833,0.008523,43665018.000000,423921.000000,0.009708
716,564,122,0.008940,0.008571,43985643.000000,432268.000000,0.009827
717,565,121,0.009057,0.008678,44263029.000000,431296.000000,0.009744
718,566,121,0.008965,0.008636,44232085.000000,435575.000000,0.009847
719,567,121,0.008972,0.008588,44383605.000000,430156.000000,0.009692
720,568,120,0.009058,0.008736,44467462.000000,436773.000000,0.009822
721,569,120,0.009144,0.008767,44720876.000000,434161.000000,0.009708
722,570,120,0.009109,0.008774,44746133.000000,435986.000000,0.009744
723,570,119,0.009085,0.008776,44777377.000000,438221.000000,0.009787
724,570,119,0.009070,0.008778,44733251.000000,435368.000000,0.009733
725,571,118,0.009435,0.009005,45176806.000000,445492.000000,0.009861
726,572,118,0.009257,0.008886,45388953.000000,439245.000000,0.009677
727,573,118,0.009585,0.009209,45658004.000000,446733.000000,0.009784
728,574,117,0.009336,0.008948,45615254.000000,443698.000000,0.009727
729,574,117,0.009317,0.008959,45790028.000000,448283.000000,0.009790
730,575,117,0.009231,0.008878,45613042.000000,444871.000000,0.009753
731,576,116,0.009283,0.008927,45791534.000000,447479.000000,0.009772
732,577,116,0.009234,0.008929,45742168.000000,446942.000000,0.009771
733,578,116,0.009342,0.008978,45961214.000000,446184.000000,0.009708
734,579,115,0.009279,0.008959,45922570.000000,449985.000000,0.009799
735,579,115,0.009252,0.008966,45872251.000000,446876.000000,0.009742
736,579,115,0.009710,0.009351,46134425.000000,455307.000000,0.009869
737,579,114,0.009737,0.009372,46228847.000000,449906.000000,0.009732
738,580,114,0.009518,0.009176,46077542.000000,456595.000000,0.009909
739,580,114,0.009485,0.009185,46050860.000000,449354.000000,0.009758
740,581,113,0.009430,0.009058,46123609.000000,450477.000000,0.009767
741,582,113,0.009519,0.009158,46531308.000000,455676.000000,0.009793
742,583,113,0.009586,0.009260,46767572.000000,455000.000000,0.009729
743,584,112,0.009621,0.009254,46886485.000000,458470.000000,0.009778
744,585,112,0.009543,0.009178,46728913.000000,454671.000000,0.009730
745,586,112,0.009612,0.009266,46963949.000000,459745.000000,0.009789
746,587,111,0.009777,0.009399,47284449.000000,467358.000000,0.009884
747,588,111,0.009708,0.009323,47594441.000000,462197.000000,0.009711
748,589,111,0.009728,0.009407,47666099.000000,466123.000000,0.009779
749,590,110,0.009765,0.009376,47831038.000000,462762.000000,0.009675
750,591,110,0.009781,0.009457,48025980.000000,467600.000000,0.009736
751,592,110,0.009836,0.009465,48238739.000000,466472.000000,0.009670
752,593,109,0.009878,0.009501,48582974.000000,468443.000000,0.009642
753,594,109,0.009824,0.009495,48251549.000000,467937.000000,0.009698
754,595,109,0.009812,0.009517,48297521.000000,468454.000000,0.009699
755,596,108,0.009921,0.009507,48712270.000000,476263.000000,0.009777
756,596,108,0.009964,0.009602,49049553.000000,475618.000000,0.009697
757,596,108,0.010080,0.009733,48900784.000000,475202.000000,0.009718
758,597,107,0.010043,0.009648,49155570.000000,479877.000000,0.009762
759,598,107,0.009954,0.009653,48982916.000000,475747.000000,0.009713
760,599,107,0.009951,0.009636,49016635.000000,478596.000000,0.009764
761,599,107,0.009919,0.009628,48949538.000000,475473.000000,0.009714
762,600,106,0.009943,0.009622,49059240.000000,475061.000000,0.009683
763,601,106,0.010060,0.009671,49483106.000000,484075.000000,0.009783
764,602,106,0.009999,0.009694,49313617.000000,477564.000000,0.009684
765,602,106,0.009990,0.009680,49330801.000000,480477.000000,0.009740
766,602,105,0.010050,0.009665,49631581.000000,477159.000000,0.009614
767,603,105,0.010374,0.009979,49943592.000000,483125.000000,0.009673
768,603,105,0.010203,0.009880,49746765.000000,483703.000000,0.009723
769,603,104,0.010116,0.009807,49676467.000000,478084.000000,0.009624
770,604,104,0.010159,0.009842,49759025.000000,485032.000000,0.009748
771,605,104,0.010183,0.009793,49952175.000000,482938.000000,0.009668
772,606,104,0.010245,0.009874,50166184.000000,485698.000000,0.009682
773,607,103,0.010326,0.009908,50443153.000000,492955.000000,0.009772
774,608,103,0.010362,0.009965,50749071.000000,489540.000000,0.009646
775,608,103,0.010333,0.010008,50868501.000000,490866.000000,0.009650
776,609,103,0.010534,0.010222,51013762.000000,494801.000000,0.009699
777,610,102,0.010449,0.010088,51174830.000000,490358.000000,0.009582
778,611,102,0.010492,0.010174,51191172.000000,496018.000000,0.009690
779,612,102,0.010520,0.010140,51413788.000000,492398.000000,0.009577
780,613,102,0.010573,0.010196,51907784.000000,496426.000000,0.009564
781,614,101,0.010678,0.010304,52057984.000000,502770.000000,0.009658
782,614,101,0.010521,0.010222,51779362.000000,493874.000000,0.009538
783,614,101,0.010649,0.010236,52191072.000000,498432.000000,0.009550
784,615,101,0.010622,0.010221,52699040.000000,505644.000000,0.009595
785,616,100,0.010450,0.010117,52278150.000000,499866.000000,0.009562
786,617,100,0.010782,0.010445,52446351.000000,504706.000000,0.009623
787,617,100,0.010612,0.010309,52305637.000000,499994.000000,0.009559
788,618,100,0.010710,0.010322,52640594.000000,503415.000000,0.009563
789,619,100,0.010731,0.010374,52673961.000000,505085.000000,0.009589
790,620,99,0.010793,0.010382,53060775.000000,506584.000000,0.009547
791,621,99,0.010834,0.010443,53375294.000000,506395.000000,0.009487
792,622,99,0.011155,0.010681,53442773.000000,512914.000000,0.009597
793,623,98,0.011686,0.011323,53368544.000000,506735.000000,0.009495
794,623,98,0.010790,0.010410,53606436.000000,505878.000000,0.009437
795,624,98,0.011067,0.010669,53913562.000000,514522.000000,0.009543
796,625,98,0.010905,0.010593,54041507.000000,508958.000000,0.009418
797,626,97,0.010924,0.010534,54379002.000000,511946.000000,0.009414
798,627,97,0.010904,0.010589,54258144.000000,513569.000000,0.009465
799,628,97,0.011042,0.010617,54574969.000000,514189.000000,0.009422
800,628,97,0.010922,0.010625,54380393.000000,511409.000000,0.009404
801,629,96,0.011044,0.010629,54807825.000000,517896.000000,0.009449
802,629,96,0.010971,0.010679,54764459.000000,512798.000000,0.009364
803,629,96,0.011081,0.010707,54909094.000000,524244.000000,0.009547
804,630,96,0.011211,0.010880,54900548.000000,518876.000000,0.009451
805,631,96,0.011062,0.010673,55080363.000000,513819.000000,0.009329
806,632,95,0.011048,0.010702,55136418.000000,514457.000000,0.009331
807,633,95,0.011174,0.010778,55634168.000000,522080.000000,0.009384
808,634,95,0.011101,0.010799,55303329.000000,516343.000000,0.009337
809,634,95,0.011117,0.010827,55302598.000000,515796.000000,0.009327
810,635,94,0.011191,0.010842,55533308.000000,522955.000000,0.009417
811,636,94,0.011236,0.010864,55796280.000000,523552.000000,0.009383
812,637,94,0.011253,0.010958,55878999.000000,523362.000000,0.009366
813,638,94,0.011476,0.011069,56250216.000000,528560.000000,0.009397
814,639,94,0.011309,0.010908,56382581.000000,522984.000000,0.009276
815,640,93,0.011423,0.011010,56606660.000000,523913.000000,0.009255
816,641,93,0.011497,0.011097,57121921.000000,530687.000000,0.009290
817,642,93,0.011381,0.011021,56783463.000000,525427.000000,0.009253
818,643,93,0.011362,0.011061,56785659.000000,526178.000000,0.009266
819,643,93,0.011470,0.011087,57083476.000000,529123.000000,0.009269
820,644,92,0.011473,0.011178,57307997.000000,530654.000000,0.009260
821,644,92,0.011495,0.011204,57281862.000000,528185.000000,0.009221
822,645,92,0.011723,0.011371,57579309.000000,534481.000000,0.009283
823,646,92,0.011610,0.011257,57689362.000000,531134.000000,0.009207
824,647,91,0.011556,0.011250,57523865.000000,529442.000000,0.009204
825,648,91,0.011629,0.011249,57816426.000000,531849.000000,0.009199
826,649,91,0.011742,0.011328,58308620.000000,538818.000000,0.009241
827,650,91,0.011752,0.011390,58516722.000000,536826.000000,0.009174
828,650,91,0.011851,0.011450,58838345.000000,538825.000000,0.009158
829,650,90,0.011876,0.011481,59027643.000000,544195.000000,0.009219
830,651,90,0.012035,0.011694,59193246.000000,546145.000000,0.009226
831,652,90,0.011786,0.011449,58942284.000000,538175.000000,0.009131
832,653,90,0.011843,0.011517,59107776.000000,539053.000000,0.009120
833,654,89,0.011935,0.011540,59513096.000000,547699.000000,0.009203
834,655,89,0.012027,0.011661,60054202.000000,544461.000000,0.009066
835,656,89,0.012011,0.011609,59991859.000000,544914.000000,0.009083
836,657,89,0.011983,0.011665,59795306.000000,545263.000000,0.009119
837,658,89,0.011952,0.011653,59780299.000000,542573.000000,0.009076
838,659,88,0.011956,0.011658,59758046.000000,541299.000000,0.009058
839,659,88,0.012366,0.012048,59850899.000000,545761.000000,0.009119
840,660,88,0.012129,0.011742,60000501.000000,550461.000000,0.009174
841,661,88,0.012260,0.011790,60442333.000000,549353.000000,0.009089
842,662,87,0.012368,0.011955,60872692.000000,551666.000000,0.009063
843,663,87,0.012503,0.012077,60772405.000000,558717.000000,0.009194
844,664,87,0.012277,0.011917,60878506.000000,553345.000000,0.009089
845,664,87,0.012229,0.011911,60716375.000000,553685.000000,0.009119
846,664,87,0.012253,0.011944,60706124.000000,553472.000000,0.009117
847,665,86,0.012805,0.012336,61279006.000000,566707.000000,0.009248
848,666,86,0.012320,0.012008,61129403.000000,556232.000000,0.009099
849,667,86,0.012397,0.011994,61416072.000000,556677.000000,0.009064
850,668,86,0.012423,0.012108,61499228.000000,559267.000000,0.009094
851,669,85,0.012462,0.012060,61800176.000000,563692.000000,0.009121
852,670,85,0.012548,0.012210,61799732.000000,560331.000000,0.009067
853,671,85,0.012542,0.012156,62134799.000000,563308.000000,0.009066
854,671,85,0.012515,0.012210,62232114.000000,560660.000000,0.009009
855,672,85,0.012787,0.012380,62662464.000000,570596.000000,0.009106
856,673,85,0.012687,0.012291,62778063.000000,566356.000000,0.009022
857,674,84,0.012695,0.012346,62860720.000000,568873.000000,0.009050
858,674,84,0.012616,0.012307,62682755.000000,566961.000000,0.009045
859,675,84,0.012719,0.012312,63073021.000000,574888.000000,0.009115
860,676,84,0.012806,0.012439,63505092.000000,574478.000000,0.009046
861,677,84,0.012840,0.012430,63646975.000000,574683.000000,0.009029
862,678,83,0.012978,0.012539,64128563.000000,580279.000000,0.009049
863,679,83,0.013063,0.012701,64301757.000000,580289.000000,0.009024
864,680,83,0.013121,0.012732,64562239.000000,583896.000000,0.009044
865,681,83,0.013095,0.012689,64789477.000000,581444.000000,0.008974
866,682,82,0.013114,0.012802,64883622.000000,587344.000000,0.009052
867,682,82,0.013094,0.012785,64874805.000000,585760.000000,0.009029
868,683,82,0.013122,0.012778,65029107.000000,588534.000000,0.009050
869,684,82,0.013149,0.012797,65252773.000000,591919.000000,0.009071
870,685,81,0.013303,0.012974,65165247.000000,591620.000000,0.009079
871,686,81,0.013188,0.012736,65533979.000000,589999.000000,0.009003
872,687,81,0.013349,0.012960,65947667.000000,593180.000000,0.008995
873,687,81,0.013211,0.012878,65648651.000000,592823.000000,0.009030
874,688,81,0.013225,0.012896,65609651.000000,586771.000000,0.008943
875,689,80,0.013300,0.012879,65981309.000000,590875.000000,0.008955
876,690,80,0.013223,0.012905,65807045.000000,589690.000000,0.008961
877,691,80,0.013388,0.012949,66176542.000000,591032.000000,0.008931
878,692,80,0.013639,0.013194,66564896.000000,600852.000000,0.009027
879,692,80,0.013555,0.013076,66656956.000000,595874.000000,0.008939
880,693,79,0.013551,0.013131,66827177.000000,599053.000000,0.008964
881,693,79,0.013451,0.013042,66727783.000000,596540.000000,0.008940
882,694,79,0.013484,0.013065,66997254.000000,599944.000000,0.008955
883,695,79,0.013566,0.013143,67209737.000000,600044.000000,0.008928
884,695,78,0.013682,0.013292,67353886.000000,605731.000000,0.008993
885,696,78,0.014011,0.013514,67975576.000000,621705.000000,0.009146
886,696,78,0.013668,0.013345,67712000.000000,604437.000000,0.008927
887,697,78,0.013687,0.013282,67984604.000000,605943.000000,0.008913
888,698,78,0.013688,0.013355,67928222.000000,610900.000000,0.008993
889,699,77,0.013776,0.013317,68376892.000000,614394.000000,0.008985
890,700,77,0.013822,0.013484,68501551.000000,615636.000000,0.008987
891,701,77,0.013920,0.013516,68793646.000000,617344.000000,0.008974
892,702,77,0.014201,0.013873,69009209.000000,628749.000000,0.009111
893,702,77,0.014103,0.013741,68966694.000000,616706.000000,0.008942
894,703,76,0.013783,0.013454,68876254.000000,616172.000000,0.008946
895,704,76,0.013853,0.013418,69258579.000000,619576.000000,0.008946
896,705,76,0.013934,0.013523,69619468.000000,619637.000000,0.008900
897,705,76,0.013928,0.013515,69802428.000000,620758.000000,0.008893
898,705,76,0.013968,0.013627,69988107.000000,621309.000000,0.008877
899,706,76,0.013990,0.013605,70173674.000000,624327.000000,0.008897
900,707,75,0.014492,0.014065,70318553.000000,628169.000000,0.008933
901,708,75,0.014216,0.013736,70504224.000000,626766.000000,0.008890
902,709,75,0.014229,0.013865,70509516.000000,629401.000000,0.008926
903,710,75,0.014074,0.013710,70677311.000000,625403.000000,0.008849
904,710,75,0.014181,0.013813,71093303.000000,632901.000000,0.008902
905,711,74,0.014138,0.013790,71019052.000000,632524.000000,0.008906
906,712,74,0.014137,0.013821,71070578.000000,632458.000000,0.008899
907,713,74,0.014509,0.014153,71345727.000000,636898.000000,0.008927
908,714,74,0.014303,0.013922,71569487.000000,641895.000000,0.008969
909,715,74,0.014324,0.013940,71946206.000000,643151.000000,0.008939
910,716,74,0.014365,0.013962,72045219.000000,641172.000000,0.008900
911,717,73,0.014469,0.014032,72549416.000000,646221.000000,0.008907
912,717,73,0.014506,0.014103,72918874.000000,644570.000000,0.008840
913,718,73,0.014625,0.014201,73149274.000000,647915.000000,0.008857
914,719,73,0.014853,0.014512,73147195.000000,653908.000000,0.008940
915,719,73,0.014591,0.014264,73000219.000000,651333.000000,0.008922
916,720,72,0.014679,0.014260,73362221.000000,656840.000000,0.008953
917,721,72,0.014693,0.014265,73579238.000000,651223.000000,0.008851
918,722,72,0.014699,0.014382,73435729.000000,651085.000000,0.008866
919,723,72,0.014804,0.014391,73799757.000000,653676.000000,0.008857
920,723,72,0.014836,0.014520,73675223.000000,657635.000000,0.008926
921,724,72,0.014799,0.014378,73973791.000000,658647.000000,0.008904
922,725,71,0.014869,0.014485,74135488.000000,658271.000000,0.008879
923,726,71,0.014852,0.014445,74580401.000000,653557.000000,0.008763
924,727,71,0.014873,0.014438,74656895.000000,660299.000000,0.008844
925,728,71,0.014922,0.014510,74818794.000000,666193.000000,0.008904
926,729,71,0.014962,0.014610,75289161.000000,663249.000000,0.008809
927,730,71,0.015182,0.014771,75308374.000000,662005.000000,0.008791
928,731,70,0.015097,0.014728,75454655.000000,662913.000000,0.008786
929,732,70,0.015227,0.014814,75890271.000000,668360.000000,0.008807
930,732,70,0.015288,0.014879,76349355.000000,668246.000000,0.008752
931,733,70,0.015326,0.014893,76640254.000000,672777.000000,0.008778
932,734,70,0.015275,0.014954,76780968.000000,672157.000000,0.008754
933,735,70,0.015399,0.014961,77218735.000000,673777.000000,0.008726
934,735,69,0.015519,0.015188,77300532.000000,676409.000000,0.008750
935,736,69,0.015530,0.015102,77639252.000000,676723.000000,0.008716
936,737,69,0.015643,0.015285,78050148.000000,689319.000000,0.008832
937,738,69,0.015594,0.015208,77897895.000000,683221.000000,0.008771
938,739,69,0.015536,0.015209,77885800.000000,682848.000000,0.008767
939,739,69,0.015525,0.015179,77995301.000000,684396.000000,0.008775
940,739,68,0.015721,0.015389,78177695.000000,690581.000000,0.008833
941,739,68,0.015672,0.015344,78161398.000000,693205.000000,0.008869
942,740,68,0.015522,0.015196,78101955.000000,687994.000000,0.008809
943,741,68,0.015571,0.015210,78254297.000000,691394.000000,0.008835
944,742,68,0.015556,0.015235,78313877.000000,693887.000000,0.008860
945,742,68,0.015574,0.015262,78322380.000000,695353.000000,0.008878
946,743,67,0.015755,0.015357,78376880.000000,704309.000000,0.008986
947,743,67,0.015611,0.015286,78289266.000000,695636.000000,0.008885
948,744,67,0.015615,0.015245,78562660.000000,694976.000000,0.008846
949,745,67,0.015661,0.015268,78809618.000000,696422.000000,0.008837
950,746,67,0.015811,0.015430,79400363.000000,699343.000000,0.008808
951,747,67,0.015839,0.015397,79442305.000000,701136.000000,0.008826
952,748,67,0.015880,0.015452,79719571.000000,713303.000000,0.008948
953,749,66,0.016181,0.015721,79739735.000000,705104.000000,0.008843
954,749,66,0.015925,0.015577,79524425.000000,700544.000000,0.008809
955,749,66,0.015927,0.015498,79798964.000000,701327.000000,0.008789
956,750,66,0.015989,0.015556,80251548.000000,708336.000000,0.008826
957,751,66,0.015834,0.015466,79565364.000000,700460.000000,0.008804
958,751,66,0.015845,0.015475,79831170.000000,700993.000000,0.008781
959,751,66,0.016194,0.015794,80464680.000000,710938.000000,0.008835
960,752,65,0.015933,0.015604,80062021.000000,707375.000000,0.008835
961,752,65,0.016005,0.015566,80453923.000000,710345.000000,0.008829
962,753,65,0.015979,0.015607,80498001.000000,706675.000000,0.008779
963,754,65,0.016145,0.015721,80882969.000000,711950.000000,0.008802
964,755,65,0.016032,0.015711,80718369.000000,710518.000000,0.008802
965,756,65,0.016573,0.016138,81186123.000000,720273.000000,0.008872
966,757,65,0.016208,0.015765,81437395.000000,715653.000000,0.008788
967,758,64,0.016249,0.015830,81503502.000000,717199.000000,0.008800
968,759,64,0.016168,0.015838,81392509.000000,719064.000000,0.008835
969,760,64,0.016244,0.015844,81695849.000000,721544.000000,0.008832
970,760,64,0.016124,0.015809,81608310.000000,719336.000000,0.008814
971,761,64,0.016229,0.015681,82079201.000000,724068.000000,0.008822
972,762,64,0.016371,0.016023,82090024.000000,726797.000000,0.008854
973,762,64,0.016285,0.015964,82042369.000000,723819.000000,0.008823
974,762,64,0.016281,0.015970,82067450.000000,720680.000000,0.008782
975,763,63,0.016384,0.015980,82332340.000000,725600.000000,0.008813
976,764,63,0.016450,0.016036,82629570.000000,727096.000000,0.008799
977,765,63,0.016480,0.016064,82853100.000000,728184.000000,0.008789
978,766,63,0.016678,0.016343,83083359.000000,733522.000000,0.008829
979,766,63,0.016580,0.016173,83280544.000000,732967.000000,0.008801
980,767,63,0.016564,0.016243,83428681.000000,736585.000000,0.008829
981,768,63,0.016602,0.016232,83578491.000000,737620.000000,0.008825
982,769,63,0.016596,0.016274,83613026.000000,736573.000000,0.008809
983,770,63,0.016626,0.016268,83797916.000000,741262.000000,0.008846
984,771,62,0.016832,0.016498,83963622.000000,739006.000000,0.008802
985,772,62,0.016672,0.016306,84018502.000000,737635.000000,0.008779
986,773,62,0.016722,0.016384,84071481.000000,735169.000000,0.008745
987,774,62,0.016717,0.016364,84210132.000000,738635.000000,0.008771
988,775,62,0.016718,0.016397,84294152.000000,740964.000000,0.008790
989,775,62,0.016690,0.016368,84274786.000000,738776.000000,0.008766
990,776,62,0.016995,0.016644,84474230.000000,743625.000000,0.008803
991,777,62,0.016759,0.016405,84426678.000000,742043.000000,0.008789
992,778,62,0.016798,0.016459,84522286.000000,742140.000000,0.008780
993,779,61,0.016919,0.016473,84955158.000000,748312.000000,0.008808
994,780,61,0.016855,0.016527,84760837.000000,746259.000000,0.008804
995,781,61,0.016909,0.016466,85247651.000000,749827.000000,0.008796
996,782,61,0.017284,0.016817,86032137.000000,766858.000000,0.008914
997,782,61,0.017187,0.016789,86165467.000000,764814.000000,0.008876
998,783,61,0.017118,0.016662,86100399.000000,764920.000000,0.008884
999,784,61,0.016982,0.016525,86323770.000000,767360.000000,0.008889
1000,785,61,0.017919,0.017544,86288514.000000,767651.000000,0.008896
1001,786,61,0.018143,0.017682,86763772.000000,773699.000000,0.008917
1002,787,60,0.017347,0.016908,86828626.000000,769680.000000,0.008864
1003,788,60,0.017431,0.016952,87195901.000000,771846.000000,0.008852
1004,789,60,0.017547,0.017075,87982974.000000,780572.000000,0.008872
1005,790,60,0.017458,0.016992,87579604.000000,773952.000000,0.008837
1006,791,60,0.017271,0.016921,87796730.000000,777089.000000,0.008851
1007,792,60,0.017533,0.017115,88167455.000000,784030.000000,0.008893
1008,793,60,0.017909,0.017465,88597943.000000,789479.000000,0.008911
1009,794,60,0.017603,0.017210,88463734.000000,781876.000000,0.008838
1010,794,60,0.017501,0.017172,88190245.000000,778957.000000,0.008833
1011,795,59,0.017676,0.017275,88508650.000000,784119.000000,0.008859
