frame,nb of entities,FPS,frame length,physics length,cache-references,cache-misses,cache-miss-ratio
0,3,0.002736,0.000019,0,95787.000000,43173.000000,0.450719
1,4,0.004147,0.000019,0,92769.000000,40643.000000,0.438110
2,5,0.004155,0.000019,0,90826.000000,39407.000000,0.433874
3,6,0.004159,0.000020,0,87778.000000,37626.000000,0.428650
4,7,0.004157,0.000018,0,82541.000000,35773.000000,0.433397
5,8,0.004158,0.000020,0,88423.000000,38099.000000,0.430872
6,9,0.004158,0.000019,0,90470.000000,38818.000000,0.429070
7,10,0.004150,0.000021,0,87372.000000,37050.000000,0.424049
8,11,0.004158,0.000021,0,79607.000000,34181.000000,0.429372
9,12,0.004159,0.000023,0,86660.000000,36720.000000,0.423725
10,13,0.004159,0.000023,0,86909.000000,36644.000000,0.421636
11,14,0.004158,0.000026,0,90329.000000,38287.000000,0.423862
12,15,0.004158,0.000025,0,84847.000000,36803.000000,0.433757
13,16,0.004150,0.000027,0,90252.000000,38400.000000,0.425475
14,17,0.004158,0.000027,0,88622.000000,37474.000000,0.422852
15,18,0.004159,0.000029,0,86951.000000,36561.000000,0.420478
16,19,0.004158,0.000029,0,82823.000000,35744.000000,0.431571
17,20,0.004162,0.000031,0,88629.000000,38384.000000,0.433086
18,21,0.004152,0.000037,0,93401.000000,40092.000000,0.429246
19,22,0.004155,0.000034,0,90325.000000,39109.000000,0.432981
20,23,0.004154,0.000040,0,87820.000000,38775.000000,0.441528
21,24,0.004156,0.000041,0,94930.000000,40488.000000,0.426504
22,24,0.004156,0.000040,0,93566.000000,40499.000000,0.432839
23,24,0.004155,0.000040,0,89997.000000,38715.000000,0.430181
24,25,0.004156,0.000038,0,87841.000000,39555.000000,0.450302
25,26,0.004150,0.000038,0,93548.000000,40815.000000,0.436300
26,27,0.004157,0.000039,0,92523.000000,40377.000000,0.436400
27,28,0.004157,0.000042,0,92575.000000,40387.000000,0.436262
28,29,0.004157,0.000042,0,86270.000000,38853.000000,0.450365
29,30,0.004157,0.000042,0,95313.000000,41940.000000,0.440024
30,31,0.004154,0.000042,0,95300.000000,40706.000000,0.427135
31,32,0.004152,0.000045,0,90781.000000,39177.000000,0.431555
32,33,0.004155,0.000045,0,85952.000000,37155.000000,0.432276
33,33,0.004157,0.000046,0,85833.000000,35898.000000,0.418231
34,34,0.004159,0.000046,0,88257.000000,36791.000000,0.416862
35,35,0.004159,0.000049,0,89262.000000,38088.000000,0.426699
36,36,0.004158,0.000049,0,86942.000000,37677.000000,0.433358
37,37,0.004152,0.000052,0,92919.000000,39971.000000,0.430170
38,38,0.004155,0.000052,0,93849.000000,40695.000000,0.433622
39,39,0.004156,0.000055,0,90759.000000,37701.000000,0.415397
40,40,0.004159,0.000055,0,84779.000000,36620.000000,0.431947
41,41,0.004161,0.000058,0,92107.000000,39482.000000,0.428654
42,42,0.004159,0.000077,0,98019.000000,44271.000000,0.451657
43,43,0.004151,0.000059,0,97445.000000,42046.000000,0.431484
44,44,0.004157,0.000062,0,88735.000000,39304.000000,0.442937
45,45,0.004158,0.000064,0,95808.000000,41975.000000,0.438116
46,46,0.004157,0.000064,0,93066.000000,39915.000000,0.428889
47,47,0.004158,0.000067,0,91861.000000,39747.000000,0.432686
48,48,0.004157,0.000066,0,90956.000000,40253.000000,0.442555
49,48,0.004154,0.000069,0,90785.000000,39248.000000,0.432318
50,48,0.004157,0.000069,0,89721.000000,38447.000000,0.428517
51,49,0.004158,0.000071,0,92868.000000,39782.000000,0.428371
52,50,0.004158,0.000070,0,87831.000000,38845.000000,0.442270
53,51,0.004158,0.000073,0,96763.000000,42901.000000,0.443362
54,52,0.004163,0.000073,0,101075.000000,44832.000000,0.443552
55,53,0.004152,0.000074,0,95355.000000,40964.000000,0.429595
56,53,0.004160,0.000072,0,82167.000000,35086.000000,0.427008
57,54,0.004152,0.000087,0,99700.000000,40320.000000,0.404413
58,54,0.004157,0.000073,0,90719.000000,39683.000000,0.437428
59,55,0.004158,0.000073,0,92677.000000,40331.000000,0.435178
60,56,0.004162,0.000073,232,94048.000000,42351.000000,0.450313
61,57,0.004152,0.000076,230,96099.000000,42391.000000,0.441118
62,57,0.004160,0.000076,230,91694.000000,39191.000000,0.427411
63,58,0.004152,0.000076,230,93199.000000,40269.000000,0.432075
64,59,0.004157,0.000076,230,87626.000000,37938.000000,0.432954
65,60,0.004159,0.000080,230,96326.000000,42179.000000,0.437878
66,61,0.004162,0.000100,230,100310.000000,43415.000000,0.432808
67,61,0.004149,0.000082,230,93708.000000,40304.000000,0.430102
68,61,0.004157,0.000082,230,88967.000000,38827.000000,0.436420
69,61,0.004155,0.000084,230,98322.000000,41508.000000,0.422164
70,62,0.004158,0.000084,230,94715.000000,39377.000000,0.415742
71,63,0.004157,0.000087,230,93768.000000,38869.000000,0.414523
72,63,0.004166,0.000086,230,88621.000000,37668.000000,0.425046
73,64,0.004150,0.000086,230,90055.000000,36822.000000,0.408883
74,64,0.004158,0.000086,230,88041.000000,36223.000000,0.411433
75,65,0.004158,0.000086,230,90978.000000,37801.000000,0.415496
76,66,0.004158,0.000086,230,88304.000000,37648.000000,0.426345
77,67,0.004158,0.000090,230,94747.000000,39089.000000,0.412562
78,68,0.004165,0.000099,230,98601.000000,40258.000000,0.408292
79,69,0.004150,0.000093,230,92008.000000,38085.000000,0.413931
80,70,0.004160,0.000093,230,95461.000000,42318.000000,0.443301
81,70,0.004155,0.000096,230,91164.000000,38287.000000,0.419979
82,71,0.004162,0.000097,230,92061.000000,38096.000000,0.413813
83,72,0.004155,0.000101,230,92632.000000,38376.000000,0.414284
84,73,0.004165,0.000109,230,92826.000000,40151.000000,0.432540
85,74,0.004152,0.000101,230,95064.000000,40479.000000,0.425808
86,75,0.004159,0.000101,230,93758.000000,38927.000000,0.415186
87,76,0.004159,0.000105,230,93443.000000,39710.000000,0.424965
88,77,0.004156,0.000105,230,88998.000000,37738.000000,0.424032
89,78,0.004162,0.000109,230,94281.000000,39792.000000,0.422057
90,79,0.004161,0.000118,230,104144.000000,44650.000000,0.428733
91,79,0.004153,0.000112,230,93234.000000,39518.000000,0.423858
92,80,0.004158,0.000114,230,91985.000000,40157.000000,0.436560
93,80,0.004153,0.000137,230,95240.000000,39156.000000,0.411130
94,81,0.004158,0.000120,230,95037.000000,38571.000000,0.405852
95,81,0.004160,0.000123,230,90386.000000,37534.000000,0.415263
96,82,0.004163,0.000132,230,97269.000000,41840.000000,0.430147
97,83,0.004155,0.000125,230,95054.000000,40217.000000,0.423096
98,83,0.004156,0.000123,230,94149.000000,39153.000000,0.415862
99,84,0.004156,0.000125,230,96642.000000,39784.000000,0.411664
100,85,0.004158,0.000125,230,89523.000000,37508.000000,0.418976
101,86,0.004160,0.000128,230,99261.000000,42293.000000,0.426079
102,87,0.004165,0.000136,230,104410.000000,44480.000000,0.426013
103,88,0.004148,0.000138,230,100416.000000,42879.000000,0.427014
104,89,0.004158,0.000137,230,92349.000000,38982.000000,0.422116
105,90,0.004157,0.000145,230,97406.000000,39579.000000,0.406330
106,90,0.004157,0.000145,230,93719.000000,37992.000000,0.405382
107,91,0.004158,0.000145,230,99497.000000,42291.000000,0.425048
108,92,0.004164,0.000154,230,98683.000000,40979.000000,0.415259
109,93,0.004151,0.000151,230,99307.000000,40795.000000,0.410797
110,94,0.004157,0.000156,230,100817.000000,41286.000000,0.409514
111,95,0.004157,0.000159,230,97167.000000,39877.000000,0.410397
112,95,0.004157,0.000159,230,92304.000000,38814.000000,0.420502
113,96,0.004161,0.000164,230,103891.000000,42536.000000,0.409429
114,97,0.004162,0.000181,230,109701.000000,45966.000000,0.419012
115,97,0.004148,0.000177,230,97983.000000,39184.000000,0.399906
116,97,0.004157,0.000183,230,89767.000000,35821.000000,0.399044
117,98,0.004158,0.000183,230,99498.000000,40704.000000,0.409094
118,98,0.004157,0.000181,230,95491.000000,38678.000000,0.405043
119,99,0.004158,0.000183,230,101296.000000,41824.000000,0.412889
120,100,0.004162,0.000193,230,99029.000000,39847.000000,0.402377
121,101,0.004153,0.000187,230,97215.000000,39369.000000,0.404968
122,102,0.004157,0.000188,230,99611.000000,40740.000000,0.408991
123,102,0.004158,0.000197,230,95237.000000,37623.000000,0.395046
124,102,0.004157,0.000196,230,90335.000000,36387.000000,0.402801
125,102,0.004157,0.000201,230,100840.000000,41445.000000,0.410998
126,103,0.004163,0.000211,230,108153.000000,44268.000000,0.409309
127,103,0.004151,0.000212,230,99098.000000,40001.000000,0.403651
128,104,0.004157,0.000212,230,96782.000000,39107.000000,0.404073
129,105,0.004156,0.000224,230,101225.000000,40610.000000,0.401185
130,105,0.004157,0.000224,230,100826.000000,39486.000000,0.391625
131,106,0.004158,0.000224,230,108431.000000,41654.000000,0.384152
132,107,0.004162,0.000242,230,105723.000000,41139.000000,0.389121
133,108,0.004150,0.000236,230,104021.000000,39189.000000,0.376741
134,109,0.004159,0.000241,230,103277.000000,39490.000000,0.382370
135,110,0.004156,0.000248,230,103886.000000,39082.000000,0.376201
136,110,0.004158,0.000250,230,95181.000000,35804.000000,0.376168
137,111,0.004161,0.000255,230,109897.000000,43367.000000,0.394615
138,111,0.004162,0.000302,230,106716.000000,38752.000000,0.363132
139,112,0.004149,0.000257,230,100396.000000,36752.000000,0.366070
140,113,0.004158,0.000256,230,97263.000000,36137.000000,0.371539
141,114,0.004158,0.000262,230,102964.000000,39317.000000,0.381852
142,115,0.004158,0.000264,230,109691.000000,42357.000000,0.386148
143,116,0.004158,0.000278,230,108424.000000,40644.000000,0.374862
144,117,0.004164,0.000284,230,107070.000000,41009.000000,0.383011
145,118,0.004151,0.000294,230,105208.000000,39546.000000,0.375884
146,119,0.004158,0.000286,230,103822.000000,38324.000000,0.369132
147,120,0.004161,0.000301,230,103934.000000,37824.000000,0.363923
148,121,0.004154,0.000349,230,104274.000000,39587.000000,0.379644
149,122,0.004156,0.000359,230,109710.000000,39910.000000,0.363777
150,123,0.004162,0.000331,230,114976.000000,42532.000000,0.369921
151,124,0.004151,0.000313,230,105833.000000,38193.000000,0.360880
152,124,0.004158,0.000323,230,100565.000000,37317.000000,0.371073
153,125,0.004158,0.000331,230,104689.000000,38140.000000,0.364317
154,126,0.004158,0.000331,230,106006.000000,38801.000000,0.366026
155,127,0.004158,0.000341,230,110731.000000,40642.000000,0.367034
156,128,0.004164,0.000338,230,109060.000000,40639.000000,0.372630
157,129,0.004152,0.000338,230,109641.000000,39334.000000,0.358753
158,130,0.004158,0.000344,230,107848.000000,39088.000000,0.362436
159,131,0.004158,0.000353,230,111134.000000,40069.000000,0.360547
160,132,0.004158,0.000360,230,107099.000000,38930.000000,0.363495
161,133,0.004162,0.000377,230,113837.000000,41149.000000,0.361473
162,134,0.004087,0.000367,230,128198.000000,48102.000000,0.375216
163,135,0.004156,0.000432,230,129580.000000,45080.000000,0.347893
164,136,0.004159,0.000380,230,107604.000000,39633.000000,0.368323
165,136,0.004155,0.000386,230,113735.000000,42844.000000,0.376700
166,136,0.004159,0.000390,230,114716.000000,42525.000000,0.370698
167,136,0.004157,0.000399,230,115581.000000,42355.000000,0.366453
168,136,0.004160,0.000397,230,107302.000000,39833.000000,0.371223
169,137,0.004157,0.000397,230,114437.000000,41441.000000,0.362129
170,138,0.004156,0.000395,230,113785.000000,40537.000000,0.356260
171,139,0.004158,0.000400,230,109465.000000,39559.000000,0.361385
172,140,0.004160,0.000400,230,111599.000000,41592.000000,0.372692
173,141,0.004156,0.000434,230,123437.000000,44532.000000,0.360767
174,142,0.004158,0.000432,230,121273.000000,44115.000000,0.363766
175,142,0.004158,0.000475,230,131274.000000,42583.000000,0.324383
176,143,0.004157,0.000441,230,110338.000000,39488.000000,0.357882
177,144,0.004159,0.000461,230,117399.000000,40722.000000,0.346868
178,144,0.004158,0.000489,230,116717.000000,39880.000000,0.341681
179,145,0.004158,0.000492,230,119209.000000,41648.000000,0.349370
180,146,0.004159,0.000484,230,117852.000000,42453.000000,0.360223
181,147,0.004158,0.000472,230,116675.000000,40594.000000,0.347924
182,148,0.004158,0.000485,230,115958.000000,39614.000000,0.341624
183,149,0.004160,0.000493,230,114979.000000,38690.000000,0.336496
184,150,0.004156,0.000588,230,115656.000000,40612.000000,0.351145
185,151,0.004159,0.000515,230,120717.000000,42716.000000,0.353852
186,152,0.004157,0.000532,230,123765.000000,42354.000000,0.342213
187,153,0.004160,0.000506,230,119731.000000,39709.000000,0.331652
188,154,0.004154,0.000539,230,114329.000000,39901.000000,0.349002
189,155,0.004158,0.000527,230,121297.000000,42525.000000,0.350586
190,156,0.004159,0.000543,230,123035.000000,42115.000000,0.342301
191,157,0.004158,0.000551,230,122896.000000,42409.000000,0.345080
192,158,0.004159,0.000560,230,121411.000000,41991.000000,0.345858
193,159,0.004161,0.000565,230,119784.000000,41865.000000,0.349504
194,160,0.004156,0.000644,230,116590.000000,38224.000000,0.327850
195,161,0.004158,0.000586,230,123339.000000,41924.000000,0.339909
196,162,0.004159,0.000585,230,119769.000000,40982.000000,0.342175
197,163,0.004158,0.000596,230,123847.000000,41797.000000,0.337489
198,164,0.004160,0.000593,230,124023.000000,41523.000000,0.334801
199,165,0.004159,0.000593,230,117689.000000,38767.000000,0.329402
200,165,0.004156,0.000583,230,112900.000000,38464.000000,0.340691
201,166,0.004158,0.000619,230,124476.000000,42503.000000,0.341455
202,167,0.004158,0.000617,230,126484.000000,42878.000000,0.338999
203,168,0.004159,0.000621,230,122311.000000,41022.000000,0.335391
204,169,0.004158,0.000622,230,122350.000000,41718.000000,0.340973
205,170,0.004158,0.000619,230,120174.000000,40262.000000,0.335031
206,170,0.004159,0.000622,230,120562.000000,39192.000000,0.325078
207,171,0.004158,0.000663,230,126255.000000,42409.000000,0.335900
208,172,0.004158,0.000652,230,122522.000000,40857.000000,0.333467
209,172,0.004159,0.000683,230,126036.000000,42411.000000,0.336499
210,172,0.004159,0.000732,230,136009.000000,43960.000000,0.323214
211,173,0.004160,0.000666,230,124480.000000,41285.000000,0.331660
212,174,0.004154,0.000695,230,125656.000000,41998.000000,0.334230
213,175,0.004156,0.000726,230,131041.000000,43104.000000,0.328935
214,176,0.004158,0.000697,230,129977.000000,42107.000000,0.323957
215,177,0.004159,0.000707,230,133757.000000,45221.000000,0.338083
216,178,0.004158,0.000705,230,125419.000000,40957.000000,0.326561
217,179,0.004161,0.000688,230,126305.000000,41010.000000,0.324690
218,180,0.004155,0.000685,230,130543.000000,44331.000000,0.339589
219,181,0.004157,0.000690,230,126919.000000,41667.000000,0.328296
220,182,0.004159,0.000718,230,126413.000000,42356.000000,0.335060
221,183,0.004158,0.000728,230,131226.000000,42541.000000,0.324181
222,183,0.004159,0.000725,230,129904.000000,42270.000000,0.325394
223,184,0.004160,0.000723,230,125550.000000,40640.000000,0.323696
224,184,0.004155,0.000709,230,122705.000000,40792.000000,0.332440
225,185,0.004158,0.000708,230,132704.000000,42895.000000,0.323238
226,186,0.004159,0.000743,230,134446.000000,44943.000000,0.334283
227,186,0.004157,0.000782,230,129843.000000,39805.000000,0.306563
228,187,0.004160,0.000793,230,133526.000000,42888.000000,0.321196
229,187,0.004158,0.000776,230,130683.000000,42662.000000,0.326454
230,188,0.004158,0.000796,230,138155.000000,44179.000000,0.319779
231,189,0.004159,0.000793,230,138419.000000,43607.000000,0.315036
232,190,0.004157,0.000846,230,177981.000000,56265.000000,0.316129
233,190,0.004158,0.000855,230,134322.000000,41631.000000,0.309934
234,191,0.004157,0.000906,230,155485.000000,48986.000000,0.315053
235,192,0.004160,0.000868,230,139180.000000,42844.000000,0.307832
236,193,0.004153,0.000940,230,135000.000000,42257.000000,0.313015
237,194,0.004158,0.000877,230,144381.000000,43944.000000,0.304361
238,195,0.004158,0.000921,230,144573.000000,43806.000000,0.303003
239,196,0.004158,0.001088,230,146619.000000,43952.000000,0.299770
240,197,0.004305,0.000932,230,148089.000000,48126.000000,0.324980
241,198,0.004011,0.000923,230,146651.000000,45216.000000,0.308324
242,199,0.004155,0.000920,230,146822.000000,45683.000000,0.311145
243,200,0.004157,0.000922,230,145019.000000,44502.000000,0.306870
244,201,0.004158,0.000913,230,142464.000000,44078.000000,0.309397
245,201,0.004157,0.000985,230,143089.000000,44258.000000,0.309304
246,202,0.004159,0.001016,230,163108.000000,56099.000000,0.343938
247,203,0.004157,0.000985,230,145225.000000,42097.000000,0.289874
248,203,0.004156,0.000979,230,139175.000000,41747.000000,0.299960
249,204,0.004158,0.000965,230,148061.000000,45085.000000,0.304503
250,204,0.004158,0.000958,230,144236.000000,43035.000000,0.298365
251,204,0.004158,0.001002,230,147348.000000,43508.000000,0.295274
252,205,0.004163,0.001077,230,164198.000000,56002.000000,0.341064
253,206,0.004155,0.001023,230,150988.000000,45459.000000,0.301077
254,207,0.004153,0.001116,230,162329.000000,51756.000000,0.318834
255,208,0.004159,0.001006,230,149528.000000,44342.000000,0.296546
256,208,0.004154,0.001036,230,143132.000000,41277.000000,0.288384
257,209,0.004157,0.001087,230,156069.000000,45028.000000,0.288513
258,209,0.004160,0.001129,230,169158.000000,50771.000000,0.300140
259,209,0.004152,0.001072,230,144681.000000,40394.000000,0.279194
260,210,0.004157,0.001077,230,147102.000000,41166.000000,0.279847
261,211,0.004159,0.001103,230,151242.000000,40877.000000,0.270275
262,212,0.004156,0.001071,230,154951.000000,44885.000000,0.289672
263,213,0.004158,0.001099,230,160786.000000,45441.000000,0.282618
264,214,0.004162,0.001174,230,154349.000000,40695.000000,0.263656
265,214,0.004155,0.001148,230,152735.000000,41998.000000,0.274973
266,214,0.004157,0.001168,230,160251.000000,41802.000000,0.260853
267,214,0.004157,0.001156,230,155071.000000,42395.000000,0.273391
268,215,0.004158,0.001147,230,148878.000000,39445.000000,0.264948
269,216,0.004159,0.001151,230,162962.000000,47475.000000,0.291326
270,216,0.004160,0.001194,230,162448.000000,47374.000000,0.291626
271,216,0.004156,0.001166,230,148510.000000,41200.000000,0.277422
272,217,0.004157,0.001170,230,157345.000000,45683.000000,0.290337
273,218,0.004158,0.001181,230,153051.000000,40106.000000,0.262043
274,219,0.004159,0.001170,230,167190.000000,48521.000000,0.290215
275,220,0.004157,0.001200,230,170064.000000,49374.000000,0.290326
276,221,0.004161,0.001260,230,162760.000000,45802.000000,0.281408
277,221,0.004155,0.001246,230,168005.000000,49435.000000,0.294247
278,221,0.004158,0.001235,230,162250.000000,43879.000000,0.270441
279,222,0.004159,0.001233,230,166242.000000,48105.000000,0.289367
280,222,0.004157,0.001223,230,160078.000000,44834.000000,0.280076
281,223,0.004158,0.001242,230,171997.000000,48015.000000,0.279162
282,224,0.004162,0.001377,230,186279.000000,51322.000000,0.275511
283,225,0.004154,0.001295,230,163386.000000,42908.000000,0.262617
284,226,0.004156,0.001412,230,161703.000000,42705.000000,0.264095
285,227,0.004157,0.001306,230,164973.000000,43327.000000,0.262631
286,228,0.004158,0.001295,230,170144.000000,45225.000000,0.265804
287,229,0.004159,0.001294,230,173682.000000,51407.000000,0.295983
288,229,0.004160,0.001281,230,164294.000000,46172.000000,0.281033
289,230,0.004158,0.001340,230,168203.000000,46933.000000,0.279026
290,230,0.004154,0.001333,230,170946.000000,46151.000000,0.269974
291,231,0.004159,0.001341,230,170294.000000,45797.000000,0.268929
292,231,0.004159,0.001342,230,161432.000000,42817.000000,0.265232
293,232,0.004157,0.001323,230,173032.000000,45322.000000,0.261928
294,233,0.004161,0.001320,230,178052.000000,48252.000000,0.270999
295,233,0.004153,0.001372,230,168407.000000,45929.000000,0.272726
296,234,0.004158,0.001379,230,163894.000000,43684.000000,0.266538
297,235,0.004159,0.001397,230,176377.000000,49214.000000,0.279027
298,236,0.004157,0.001366,230,180560.000000,54253.000000,0.300471
299,237,0.004158,0.001388,230,178227.000000,48254.000000,0.270745
300,238,0.004160,0.001426,230,180397.000000,47826.000000,0.265115
301,239,0.004156,0.001470,231,172273.000000,42886.000000,0.248942
302,240,0.004159,0.001496,230,185003.000000,49151.000000,0.265677
303,241,0.004157,0.001514,230,186678.000000,48785.000000,0.261332
304,242,0.004158,0.001491,230,181999.000000,50073.000000,0.275128
305,242,0.004158,0.001492,230,180340.000000,45902.000000,0.254530
306,243,0.004161,0.001514,230,190349.000000,50538.000000,0.265502
307,244,0.004154,0.001568,230,183137.000000,48446.000000,0.264534
308,244,0.004158,0.001582,230,178302.000000,45384.000000,0.254534
309,245,0.004158,0.001614,230,185060.000000,46365.000000,0.250540
310,246,0.004159,0.001546,230,182184.000000,45109.000000,0.247601
311,247,0.004157,0.001579,230,192864.000000,54717.000000,0.283708
312,248,0.004160,0.001578,230,184936.000000,47771.000000,0.258311
313,249,0.004155,0.001568,230,189343.000000,54655.000000,0.288656
314,250,0.004158,0.001642,230,189496.000000,48017.000000,0.253393
315,251,0.004159,0.001675,230,191805.000000,48037.000000,0.250447
316,251,0.004157,0.001645,230,181332.000000,48669.000000,0.268397
317,252,0.004158,0.001650,230,191578.000000,50911.000000,0.265746
318,252,0.004158,0.001699,230,199476.000000,51515.000000,0.258252
319,253,0.004158,0.001658,230,192013.000000,49489.000000,0.257738
320,254,0.004159,0.001744,230,184314.000000,44583.000000,0.241886
321,255,0.004157,0.001771,230,199071.000000,51547.000000,0.258938
322,256,0.004158,0.001733,230,199631.000000,53586.000000,0.268425
323,257,0.004158,0.001780,230,201887.000000,52424.000000,0.259670
324,258,0.004160,0.001740,230,196901.000000,55080.000000,0.279734
325,259,0.004157,0.001764,230,192338.000000,47136.000000,0.245069
326,260,0.004157,0.001820,230,200556.000000,50463.000000,0.251616
327,261,0.004158,0.001808,230,198706.000000,47966.000000,0.241392
328,262,0.004159,0.001837,230,192222.000000,45623.000000,0.237345
329,263,0.004158,0.001825,230,202630.000000,50026.000000,0.246883
330,264,0.004161,0.001862,230,219629.000000,61171.000000,0.278520
331,265,0.004154,0.001789,230,193301.000000,45208.000000,0.233874
332,266,0.004160,0.001893,230,199886.000000,47824.000000,0.239256
333,267,0.004155,0.001900,230,201442.000000,47268.000000,0.234648
334,268,0.004159,0.001895,230,201513.000000,47642.000000,0.236421
335,268,0.004159,0.001907,230,207962.000000,50704.000000,0.243814
336,269,0.004158,0.001875,230,214367.000000,60217.000000,0.280906
337,269,0.004157,0.001881,230,202940.000000,48433.000000,0.238657
338,269,0.004160,0.001926,230,208227.000000,53278.000000,0.255865
339,269,0.004153,0.001962,230,204945.000000,49086.000000,0.239508
340,269,0.004160,0.001931,230,197089.000000,45809.000000,0.232428
341,270,0.004159,0.001947,230,211536.000000,52450.000000,0.247948
342,271,0.004158,0.001911,230,215256.000000,55069.000000,0.255830
343,271,0.004159,0.001916,230,205279.000000,52145.000000,0.254020
344,272,0.004157,0.001909,230,201515.000000,44612.000000,0.221383
345,273,0.004157,0.001983,230,203324.000000,47380.000000,0.233027
346,274,0.004161,0.001989,230,216960.000000,57653.000000,0.265731
347,274,0.004158,0.001979,230,209414.000000,49595.000000,0.236828
348,275,0.004160,0.001954,230,205674.000000,49178.000000,0.239107
349,276,0.004156,0.001944,230,210100.000000,49489.000000,0.235550
350,277,0.004159,0.002009,230,211740.000000,48524.000000,0.229168
351,277,0.004157,0.002075,230,208804.000000,46557.000000,0.222970
352,278,0.004159,0.002037,230,205462.000000,45907.000000,0.223433
353,279,0.004160,0.002083,230,211667.000000,51755.000000,0.244511
354,280,0.004159,0.002106,230,226651.000000,54445.000000,0.240215
355,281,0.004155,0.002077,230,209801.000000,47989.000000,0.228736
356,282,0.004159,0.002078,230,207819.000000,48475.000000,0.233256
357,283,0.004156,0.002091,230,211777.000000,46898.000000,0.221450
358,284,0.004162,0.002136,230,216638.000000,48924.000000,0.225833
359,285,0.004156,0.002150,230,220640.000000,52638.000000,0.238570
360,286,0.004159,0.002143,230,215143.000000,49159.000000,0.228495
361,287,0.004158,0.002165,230,216882.000000,50457.000000,0.232647
362,287,0.004157,0.002144,230,218413.000000,51975.000000,0.237967
363,288,0.004157,0.002152,230,219881.000000,49186.000000,0.223694
364,289,0.004160,0.002214,230,217744.000000,49227.000000,0.226077
365,290,0.004160,0.002205,230,221473.000000,49570.000000,0.223820
366,290,0.004160,0.002180,230,214187.000000,43559.000000,0.203369
367,290,0.004156,0.002153,230,208059.000000,46671.000000,0.224316
368,290,0.004159,0.002177,230,211374.000000,46261.000000,0.218859
369,290,0.004157,0.002196,230,218585.000000,47592.000000,0.217728
370,291,0.004159,0.002211,230,219578.000000,51613.000000,0.235055
371,292,0.004161,0.002240,230,223020.000000,50573.000000,0.226764
372,293,0.004157,0.002223,230,226778.000000,58289.000000,0.257031
373,293,0.004158,0.002228,230,219068.000000,48072.000000,0.219439
374,293,0.004158,0.002235,230,217410.000000,46676.000000,0.214691
375,294,0.004157,0.002211,230,224148.000000,51024.000000,0.227635
376,295,0.004167,0.002242,230,224681.000000,55402.000000,0.246581
377,296,0.004156,0.002367,230,238471.000000,57597.000000,0.241526
378,296,0.004155,0.002353,230,243758.000000,62670.000000,0.257099
379,297,0.004158,0.002271,230,223326.000000,49207.000000,0.220337
380,298,0.004156,0.002274,230,223267.000000,51192.000000,0.229286
381,299,0.004155,0.002237,230,229618.000000,53784.000000,0.234233
382,300,0.004159,0.002245,230,227041.000000,46846.000000,0.206333
383,301,0.004159,0.002342,230,228655.000000,45174.000000,0.197564
384,302,0.004160,0.002459,230,219737.000000,43777.000000,0.199225
385,303,0.004161,0.002315,230,225567.000000,46452.000000,0.205934
386,304,0.004152,0.002436,230,239209.000000,56064.000000,0.234372
387,304,0.004160,0.002240,230,226002.000000,47540.000000,0.210352
388,304,0.004158,0.002285,230,232496.000000,54312.000000,0.233604
389,305,0.004159,0.002504,230,236240.000000,51869.000000,0.219561
390,306,0.004163,0.002484,230,230304.000000,45628.000000,0.198121
391,306,0.004154,0.002411,230,234341.000000,53227.000000,0.227135
392,306,0.004156,0.002404,230,238460.000000,56582.000000,0.237281
393,306,0.004157,0.002399,230,232762.000000,49872.000000,0.214262
394,307,0.004159,0.002368,230,245701.000000,53903.000000,0.219385
395,308,0.004159,0.002492,230,235885.000000,46970.000000,0.199122
396,309,0.004160,0.002467,230,236643.000000,53275.000000,0.225128
397,310,0.004159,0.002467,230,240085.000000,46127.000000,0.192128
398,311,0.004157,0.002482,230,240731.000000,46306.000000,0.192356
399,311,0.004160,0.002402,230,242469.000000,48003.000000,0.197976
400,312,0.004157,0.002454,230,258851.000000,61018.000000,0.235726
401,313,0.004159,0.002604,230,256270.000000,48280.000000,0.188395
402,313,0.004159,0.002635,230,262846.000000,57318.000000,0.218067
403,313,0.004164,0.002606,230,248279.000000,45662.000000,0.183914
404,314,0.004153,0.002591,230,255501.000000,53411.000000,0.209044
405,315,0.004159,0.002530,230,261747.000000,52569.000000,0.200839
406,315,0.004159,0.002539,230,260185.000000,51631.000000,0.198440
407,316,0.004159,0.002549,230,269208.000000,61314.000000,0.227757
408,317,0.004161,0.002677,230,261385.000000,57911.000000,0.221554
409,318,0.004163,0.002709,230,259156.000000,48337.000000,0.186517
410,318,0.004159,0.002648,230,267009.000000,52889.000000,0.198079
411,319,0.004159,0.002609,230,256222.000000,46140.000000,0.180078
412,320,0.004162,0.002700,230,270382.000000,54279.000000,0.200749
413,321,0.004160,0.002673,230,275375.000000,58449.000000,0.212252
414,322,0.004160,0.002801,230,277663.000000,56533.000000,0.203603
415,323,0.004174,0.002828,230,279240.000000,62538.000000,0.223958
416,323,0.004157,0.002695,230,262253.000000,51032.000000,0.194591
417,324,0.004159,0.002673,230,262376.000000,46119.000000,0.175774
418,325,0.004161,0.002672,230,269573.000000,52937.000000,0.196374
419,326,0.004163,0.002686,230,272300.000000,51052.000000,0.187484
420,327,0.004169,0.002824,230,257731.000000,47356.000000,0.183742
421,327,0.004169,0.002838,230,279864.000000,57913.000000,0.206933
422,327,0.004163,0.002759,230,270911.000000,48733.000000,0.179886
423,328,0.004167,0.002758,230,274121.000000,48259.000000,0.176050
424,329,0.004162,0.002778,230,280930.000000,64812.000000,0.230705
425,329,0.004163,0.002772,230,278863.000000,62711.000000,0.224881
426,330,0.004205,0.003284,230,301457.000000,70069.000000,0.232434
427,331,0.004167,0.002892,230,277775.000000,54354.000000,0.195676
428,332,0.004173,0.002905,230,282828.000000,50600.000000,0.178907
429,332,0.004192,0.003203,230,306454.000000,71495.000000,0.233298
430,333,0.004190,0.003302,230,308362.000000,67370.000000,0.218477
431,334,0.004171,0.002906,230,284768.000000,57588.000000,0.202228
432,335,0.004178,0.003034,230,275658.000000,45601.000000,0.165426
433,336,0.004174,0.002939,230,289208.000000,53191.000000,0.183920
434,336,0.004177,0.002988,230,286965.000000,55508.000000,0.193431
435,337,0.004178,0.003012,230,292871.000000,58955.000000,0.201300
436,338,0.004177,0.002994,230,285191.000000,52650.000000,0.184613
437,339,0.004181,0.003121,230,288080.000000,56561.000000,0.196338
438,340,0.004176,0.003001,230,284119.000000,48778.000000,0.171682
439,340,0.004177,0.003016,230,288723.000000,50507.000000,0.174932
440,341,0.004178,0.003052,230,285850.000000,50893.000000,0.178041
441,342,0.004178,0.003049,230,285029.000000,51319.000000,0.180048
442,343,0.004181,0.003064,230,292922.000000,50305.000000,0.171735
443,344,0.004181,0.003102,230,285061.000000,45980.000000,0.161299
444,345,0.004179,0.003079,230,290778.000000,53502.000000,0.183996
445,346,0.004187,0.003141,230,297820.000000,51592.000000,0.173232
446,346,0.004182,0.003129,230,299450.000000,53943.000000,0.180140
447,347,0.004184,0.003172,230,309394.000000,60576.000000,0.195789
448,348,0.004182,0.003146,230,282554.000000,45408.000000,0.160706
449,349,0.004187,0.003216,230,291791.000000,47037.000000,0.161201
450,350,0.004191,0.003250,230,309665.000000,57334.000000,0.185148
451,351,0.004190,0.003236,230,306520.000000,52297.000000,0.170615
452,351,0.004188,0.003326,230,324612.000000,69712.000000,0.214755
453,352,0.004190,0.003289,230,314673.000000,58719.000000,0.186603
454,352,0.004187,0.003255,230,300158.000000,51394.000000,0.171223
455,352,0.004188,0.003251,230,303414.000000,52057.000000,0.171571
456,353,0.004190,0.003253,230,297416.000000,46385.000000,0.155960
457,353,0.004159,0.003288,230,307445.000000,52475.000000,0.170681
458,354,0.004192,0.003296,230,308809.000000,55184.000000,0.178699
459,355,0.004192,0.003342,230,307135.000000,53230.000000,0.173311
460,355,0.004192,0.003309,230,306977.000000,52752.000000,0.171843
461,356,0.004195,0.003347,230,307278.000000,50822.000000,0.165394
462,357,0.004182,0.003391,230,326278.000000,61532.000000,0.188588
463,358,0.004196,0.003423,229,315604.000000,53934.000000,0.170891
464,359,0.004198,0.003415,229,313647.000000,53198.000000,0.169611
465,360,0.004197,0.003430,229,316973.000000,51567.000000,0.162686
466,360,0.004197,0.003441,229,323017.000000,57032.000000,0.176560
467,361,0.004175,0.003441,229,314678.000000,54536.000000,0.173307
468,361,0.004198,0.003431,229,320415.000000,62557.000000,0.195237
469,362,0.004200,0.003441,229,321813.000000,56769.000000,0.176404
470,363,0.004200,0.003452,229,324525.000000,58185.000000,0.179293
471,364,0.004200,0.003506,229,311771.000000,47874.000000,0.153555
472,364,0.004160,0.003471,229,343330.000000,65254.000000,0.190062
473,365,0.004203,0.003499,229,314358.000000,50269.000000,0.159910
474,365,0.004203,0.003529,229,327355.000000,59532.000000,0.181858
475,366,0.004202,0.003480,229,319199.000000,54321.000000,0.170179
476,367,0.004203,0.003501,229,320948.000000,54764.000000,0.170632
477,368,0.004203,0.003543,229,326451.000000,57377.000000,0.175760
478,369,0.004205,0.003550,229,322534.000000,52110.000000,0.161564
479,370,0.004206,0.003555,229,333756.000000,60312.000000,0.180707
480,371,0.004208,0.003604,229,324807.000000,49517.000000,0.152451
481,372,0.004401,0.003619,229,349978.000000,55525.000000,0.158653
482,373,0.004078,0.003631,229,344947.000000,60327.000000,0.174888
483,374,0.004213,0.003705,229,349132.000000,66200.000000,0.189613
484,375,0.004216,0.003775,229,351162.000000,65981.000000,0.187893
485,376,0.004212,0.003716,229,357216.000000,75090.000000,0.210209
486,377,0.004216,0.003739,229,353949.000000,71511.000000,0.202038
487,378,0.004214,0.003754,229,347268.000000,70033.000000,0.201668
488,379,0.004214,0.003761,229,343041.000000,68173.000000,0.198731
489,380,0.004218,0.003779,229,353947.000000,67883.000000,0.191789
490,380,0.004227,0.003806,229,355149.000000,73210.000000,0.206139
491,381,0.004212,0.003786,229,346558.000000,65352.000000,0.188574
492,381,0.004214,0.003778,228,344145.000000,65338.000000,0.189856
493,382,0.004218,0.003793,228,356682.000000,69680.000000,0.195356
494,383,0.004218,0.003808,228,350624.000000,63784.000000,0.181916
495,384,0.004224,0.003836,228,353288.000000,65147.000000,0.184402
496,385,0.004175,0.003846,228,346802.000000,57609.000000,0.166115
497,386,0.004239,0.003907,228,357233.000000,62049.000000,0.173693
498,387,0.004238,0.003883,228,356834.000000,66864.000000,0.187381
499,388,0.004265,0.003950,228,357751.000000,63884.000000,0.178571
500,388,0.004269,0.003936,228,358330.000000,60279.000000,0.168222
501,389,0.004322,0.003996,228,377741.000000,76189.000000,0.201696
502,390,0.004314,0.003946,228,360982.000000,65905.000000,0.182571
503,391,0.004298,0.004003,228,360721.000000,71140.000000,0.197216
504,392,0.004298,0.003987,228,373057.000000,71101.000000,0.190590
505,393,0.004355,0.004016,228,374606.000000,74083.000000,0.197762
506,394,0.004428,0.004055,227,355698.000000,59547.000000,0.167409
507,395,0.004363,0.004040,227,360083.000000,59103.000000,0.164137
508,396,0.004432,0.004072,227,369651.000000,67046.000000,0.181376
509,397,0.004431,0.004102,227,370936.000000,65223.000000,0.175834
510,398,0.004439,0.004086,227,379371.000000,77775.000000,0.205010
511,399,0.004467,0.004150,226,372205.000000,71316.000000,0.191604
512,400,0.004484,0.004136,226,369323.000000,68174.000000,0.184592
513,401,0.004476,0.004164,226,369942.000000,68869.000000,0.186162
514,402,0.004491,0.004152,226,367402.000000,66029.000000,0.179719
515,403,0.004492,0.004197,225,362472.000000,67084.000000,0.185074
516,404,0.004483,0.004147,225,371110.000000,68255.000000,0.183921
517,405,0.004544,0.004184,225,384792.000000,75486.000000,0.196174
518,405,0.004510,0.004203,225,372138.000000,70502.000000,0.189451
519,406,0.004528,0.004218,224,378328.000000,70277.000000,0.185757
520,407,0.004637,0.004257,224,391415.000000,73154.000000,0.186896
521,408,0.004627,0.004255,224,381021.000000,67620.000000,0.177471
522,409,0.004588,0.004233,223,372240.000000,65753.000000,0.176641
523,409,0.004602,0.004295,223,372964.000000,62933.000000,0.168737
524,409,0.004583,0.004277,223,374697.000000,71321.000000,0.190343
525,410,0.004593,0.004281,222,388328.000000,74944.000000,0.192991
526,411,0.004655,0.004282,222,380260.000000,69323.000000,0.182304
527,412,0.004700,0.004329,222,380335.000000,69013.000000,0.181453
528,413,0.004724,0.004342,221,377070.000000,64434.000000,0.170881
529,414,0.004700,0.004399,221,383039.000000,66763.000000,0.174298
530,415,0.004734,0.004380,220,386615.000000,67113.000000,0.173591
531,416,0.005262,0.004888,220,383284.000000,58708.000000,0.153171
532,417,0.004799,0.004436,219,386748.000000,63757.000000,0.164854
533,418,0.004724,0.004432,219,378196.000000,63299.000000,0.167371
534,419,0.004796,0.004441,218,377634.000000,60690.000000,0.160711
535,419,0.004803,0.004471,218,380224.000000,56755.000000,0.149267
536,420,0.004785,0.004437,217,378731.000000,60059.000000,0.158580
537,421,0.004839,0.004487,217,382908.000000,60047.000000,0.156818
538,422,0.004843,0.004476,216,385113.000000,61906.000000,0.160748
539,423,0.004834,0.004544,216,376752.000000,53167.000000,0.141119
540,423,0.004887,0.004536,215,384066.000000,58968.000000,0.153536
541,423,0.004991,0.004650,215,389946.000000,57758.000000,0.148118
542,424,0.004979,0.004618,214,397406.000000,64667.000000,0.162723
543,425,0.005004,0.004710,214,398220.000000,62829.000000,0.157775
544,425,0.004986,0.004674,213,381505.000000,47507.000000,0.124525
545,426,0.005015,0.004704,212,393058.000000,55706.000000,0.141725
546,426,0.004937,0.004661,212,380865.000000,61396.000000,0.161201
547,427,0.005078,0.004772,211,413012.000000,74593.000000,0.180607
548,428,0.005106,0.004753,211,405921.000000,67514.000000,0.166323
549,429,0.005068,0.004774,210,391924.000000,58367.000000,0.148924
550,430,0.005066,0.004740,209,394941.000000,56255.000000,0.142439
551,431,0.005099,0.004786,209,386964.000000,51636.000000,0.133439
552,432,0.005082,0.004751,208,393081.000000,58555.000000,0.148964
553,433,0.005170,0.004819,207,408999.000000,65161.000000,0.159318
554,434,0.005158,0.004832,207,382550.000000,46535.000000,0.121644
555,435,0.005132,0.004829,206,391690.000000,57358.000000,0.146437
556,436,0.005164,0.004835,205,398546.000000,55679.000000,0.139705
557,437,0.005200,0.004893,205,394036.000000,46636.000000,0.118355
558,438,0.005194,0.004872,204,395469.000000,51756.000000,0.130872
559,439,0.005254,0.004915,203,396653.000000,50185.000000,0.126521
560,440,0.005266,0.004940,203,405143.000000,59503.000000,0.146869
561,441,0.005369,0.005004,202,418810.000000,62156.000000,0.148411
562,442,0.005455,0.005097,201,440877.000000,76795.000000,0.174187
563,443,0.005404,0.005028,201,408166.000000,59270.000000,0.145211
564,444,0.005415,0.005067,200,412276.000000,59682.000000,0.144762
565,445,0.005404,0.005113,199,427247.000000,77668.000000,0.181787
566,446,0.005452,0.005097,198,406331.000000,54066.000000,0.133059
567,446,0.005941,0.005580,198,432830.000000,68637.000000,0.158577
568,447,0.005427,0.005087,197,407147.000000,54431.000000,0.133689
569,448,0.005454,0.005135,196,418508.000000,58611.000000,0.140048
570,448,0.005916,0.005600,195,438140.000000,74222.000000,0.169402
571,449,0.005494,0.005190,194,428575.000000,67736.000000,0.158049
572,450,0.005512,0.005141,194,423732.000000,60152.000000,0.141958
573,451,0.005538,0.005190,193,414304.000000,53833.000000,0.129936
574,452,0.005565,0.005204,192,411459.000000,52047.000000,0.126494
575,452,0.005605,0.005253,192,410944.000000,51536.000000,0.125409
576,453,0.005627,0.005273,191,422657.000000,53500.000000,0.126580
577,453,0.005570,0.005234,190,409184.000000,52806.000000,0.129052
578,453,0.005616,0.005288,190,417808.000000,62910.000000,0.150572
579,454,0.005722,0.005411,189,433605.000000,59562.000000,0.137365
580,455,0.005727,0.005354,188,436758.000000,66567.000000,0.152412
581,456,0.005630,0.005325,188,418216.000000,56493.000000,0.135081
582,457,0.005687,0.005326,187,434141.000000,61014.000000,0.140540
583,458,0.005669,0.005371,187,426510.000000,62229.000000,0.145903
584,459,0.005766,0.005389,186,425089.000000,55974.000000,0.131676
585,460,0.005849,0.005540,185,433451.000000,61920.000000,0.142854
586,461,0.005835,0.005510,185,438119.000000,71710.000000,0.163677
587,462,0.005793,0.005490,184,425968.000000,52332.000000,0.122854
588,463,0.005898,0.005524,183,446996.000000,73056.000000,0.163438
589,464,0.005958,0.005596,183,443765.000000,62890.000000,0.141719
590,464,0.005894,0.005534,182,431865.000000,59641.000000,0.138101
591,465,0.005882,0.005564,181,431734.000000,53358.000000,0.123590
592,466,0.005911,0.005544,181,429318.000000,55057.000000,0.128243
593,467,0.005955,0.005592,180,439977.000000,58794.000000,0.133630
594,468,0.006038,0.005651,180,455435.000000,71249.000000,0.156442
595,469,0.006088,0.005728,179,441380.000000,58863.000000,0.133361
596,470,0.006091,0.005714,178,459112.000000,66794.000000,0.145485
597,471,0.006181,0.005820,178,459610.000000,73350.000000,0.159592
598,472,0.006151,0.005781,177,446164.000000,58128.000000,0.130284
599,473,0.006233,0.005854,176,464517.000000,63588.000000,0.136891
600,474,0.006252,0.005906,175,458231.000000,60320.000000,0.131637
601,475,0.006366,0.005945,175,461599.000000,58009.000000,0.125670
602,476,0.006464,0.006107,174,479858.000000,68741.000000,0.143253
603,477,0.006362,0.006036,173,448086.000000,55080.000000,0.122923
604,478,0.006446,0.006077,173,461249.000000,54328.000000,0.117785
605,478,0.006477,0.006173,172,487390.000000,73233.000000,0.150255
606,479,0.006408,0.006098,171,459493.000000,51684.000000,0.112480
607,480,0.006520,0.006138,170,471235.000000,52699.000000,0.111832
608,481,0.006519,0.006153,170,466542.000000,61167.000000,0.131107
609,481,0.006539,0.006166,169,461401.000000,55481.000000,0.120245
610,482,0.006547,0.006174,168,471665.000000,68116.000000,0.144416
611,483,0.006612,0.006238,168,483282.000000,60836.000000,0.125881
612,483,0.006545,0.006234,167,471609.000000,64323.000000,0.136391
613,484,0.006782,0.006448,166,505271.000000,78097.000000,0.154565
614,484,0.006607,0.006236,166,472961.000000,60860.000000,0.128679
615,484,0.006659,0.006294,165,470242.000000,55484.000000,0.117990
616,484,0.006532,0.006225,164,478016.000000,66389.000000,0.138884
617,485,0.006786,0.006395,164,513491.000000,84853.000000,0.165247
618,486,0.006800,0.006415,163,509441.000000,83455.000000,0.163817
619,487,0.006723,0.006397,162,494037.000000,75597.000000,0.153019
620,487,0.006830,0.006474,162,507147.000000,88310.000000,0.174131
621,487,0.006757,0.006449,161,506738.000000,77240.000000,0.152426
622,488,0.006831,0.006461,160,504733.000000,82556.000000,0.163564
623,489,0.006786,0.006474,160,505986.000000,81274.000000,0.160625
624,490,0.006896,0.006480,159,509515.000000,77263.000000,0.151640
625,491,0.006903,0.006524,158,514181.000000,84570.000000,0.164475
626,492,0.006874,0.006470,158,503664.000000,79995.000000,0.158826
627,493,0.006950,0.006570,157,506516.000000,81436.000000,0.160777
628,493,0.006990,0.006601,157,513043.000000,78141.000000,0.152309
629,494,0.006997,0.006621,156,523063.000000,84460.000000,0.161472
630,495,0.006969,0.006633,156,526325.000000,88678.000000,0.168485
631,496,0.007042,0.006726,155,508072.000000,70231.000000,0.138230
632,496,0.006982,0.006693,154,501839.000000,71220.000000,0.141918
633,496,0.007088,0.006714,154,513382.000000,81097.000000,0.157966
634,497,0.007092,0.006712,153,506312.000000,66471.000000,0.131285
635,498,0.007158,0.006783,153,510655.000000,78777.000000,0.154267
636,498,0.007049,0.006738,152,494200.000000,58399.000000,0.118169
637,498,0.007039,0.006730,152,490294.000000,56949.000000,0.116153
638,498,0.007799,0.007133,151,513564.000000,69513.000000,0.135354
639,499,0.007245,0.006629,150,512935.000000,68245.000000,0.133048
640,500,0.007169,0.006770,150,529108.000000,73684.000000,0.139261
641,501,0.007155,0.006783,149,509592.000000,61287.000000,0.120267
642,502,0.007153,0.006787,148,498147.000000,55426.000000,0.111264
643,502,0.007173,0.006813,148,500708.000000,61748.000000,0.123321
644,503,0.007229,0.006824,147,509844.000000,64753.000000,0.127006
645,503,0.007222,0.006840,147,513622.000000,67831.000000,0.132064
646,504,0.007297,0.006907,146,521418.000000,65974.000000,0.126528
647,505,0.007294,0.006906,146,511600.000000,60206.000000,0.117682
648,506,0.007312,0.006892,145,526828.000000,68364.000000,0.129765
649,507,0.007294,0.006942,145,524710.000000,70003.000000,0.133413
650,508,0.007347,0.006924,144,526852.000000,67845.000000,0.128774
651,508,0.007286,0.006917,144,513783.000000,59388.000000,0.115590
652,509,0.008158,0.006876,143,522226.000000,62711.000000,0.120084
653,510,0.007548,0.006899,143,542143.000000,76431.000000,0.140979
654,511,0.007418,0.007004,142,540354.000000,75510.000000,0.139742
655,512,0.007436,0.007043,142,526294.000000,66485.000000,0.126327
656,512,0.007660,0.006976,141,529646.000000,62173.000000,0.117386
657,512,0.007650,0.007040,141,518262.000000,58041.000000,0.111992
658,513,0.007682,0.007046,140,527914.000000,60824.000000,0.115216
659,514,0.007714,0.007086,140,533631.000000,66144.000000,0.123951
660,515,0.007893,0.007322,139,566787.000000,78221.000000,0.138008
661,516,0.007817,0.007173,139,535196.000000,66717.000000,0.124659
662,517,0.007631,0.007199,138,554104.000000,81729.000000,0.147498
663,518,0.007719,0.007132,138,541511.000000,63621.000000,0.117488
664,519,0.007882,0.007199,137,534551.000000,60044.000000,0.112326
665,519,0.007803,0.007236,137,535488.000000,60741.000000,0.113431
666,520,0.007673,0.007179,136,543548.000000,67395.000000,0.123991
667,521,0.007820,0.007374,136,554742.000000,67633.000000,0.121918
668,521,0.008052,0.007284,136,532479.000000,66727.000000,0.125314
669,522,0.008006,0.007294,135,548466.000000,70640.000000,0.128796
670,523,0.007656,0.007278,135,542972.000000,66049.000000,0.121643
671,524,0.008008,0.007383,134,558962.000000,75778.000000,0.135569
672,524,0.007993,0.007385,134,545240.000000,66608.000000,0.122163
673,525,0.007729,0.007363,134,546644.000000,63531.000000,0.116220
674,526,0.007747,0.007286,133,550709.000000,65591.000000,0.119103
675,527,0.007924,0.007337,133,532789.000000,56143.000000,0.105376
676,528,0.007960,0.007347,133,545605.000000,59922.000000,0.109827
677,529,0.008053,0.007400,132,556157.000000,71216.000000,0.128050
678,530,0.007986,0.007539,132,571477.000000,77673.000000,0.135916
679,530,0.007941,0.007513,131,546754.000000,62024.000000,0.113440
680,531,0.008049,0.007656,131,550178.000000,56375.000000,0.102467
681,532,0.008012,0.007657,131,546904.000000,57990.000000,0.106033
682,533,0.008053,0.007643,130,555600.000000,63809.000000,0.114847
683,534,0.008035,0.007683,130,549228.000000,59285.000000,0.107942
684,535,0.008075,0.007670,130,554445.000000,61336.000000,0.110626
685,536,0.008032,0.007690,129,547126.000000,55677.000000,0.101763
686,537,0.008130,0.007733,129,562100.000000,64125.000000,0.114081
687,538,0.008142,0.007795,129,540219.000000,56757.000000,0.105063
688,539,0.008190,0.007789,128,559435.000000,60717.000000,0.108533
689,540,0.008114,0.007783,128,549619.000000,59842.000000,0.108879
690,541,0.008201,0.007789,128,567353.000000,69161.000000,0.121901
691,542,0.008276,0.007890,127,561565.000000,58136.000000,0.103525
692,543,0.008417,0.007976,127,584262.000000,79285.000000,0.135701
693,543,0.008333,0.007997,127,568895.000000,78087.000000,0.137261
694,544,0.008375,0.007980,126,557137.000000,60471.000000,0.108539
695,545,0.008371,0.008019,126,564269.000000,66419.000000,0.117708
696,546,0.008448,0.008065,126,564860.000000,59532.000000,0.105392
697,547,0.008429,0.008142,125,565738.000000,56954.000000,0.100672
698,548,0.008515,0.008148,125,601477.000000,84457.000000,0.140416
699,549,0.008539,0.008180,125,604346.000000,88974.000000,0.147224
700,549,0.008580,0.008183,124,582119.000000,76637.000000,0.131652
701,549,0.008576,0.008233,124,573035.000000,54981.000000,0.095947
702,549,0.008692,0.008314,124,605557.000000,89698.000000,0.148125
703,550,0.008578,0.008268,123,597244.000000,82675.000000,0.138428
704,551,0.008663,0.008330,123,609789.000000,89635.000000,0.146993
705,551,0.008635,0.008337,122,584506.000000,76296.000000,0.130531
706,552,0.008739,0.008352,122,612154.000000,94122.000000,0.153755
707,553,0.008768,0.008464,122,606271.000000,81167.000000,0.133879
708,554,0.008741,0.008430,121,610506.000000,84582.000000,0.138544
709,555,0.008726,0.008444,121,599298.000000,79875.000000,0.133281
710,555,0.008779,0.008422,121,606253.000000,81743.000000,0.134833
711,556,0.008823,0.008495,120,593353.000000,77712.000000,0.130971
712,557,0.008797,0.008468,120,612658.000000,81973.000000,0.133799
713,557,0.008841,0.008491,120,621740.000000,88399.000000,0.142180
714,557,0.008870,0.008579,120,624462.000000,97378.000000,0.155939
715,558,0.008858,0.008558,119,625525.000000,92513.000000,0.147897
716,559,0.008886,0.008524,119,611264.000000,91356.000000,0.149454
717,560,0.008977,0.008595,119,632251.000000,92992.000000,0.147081
718,560,0.009032,0.008676,118,630945.000000,98805.000000,0.156598
719,561,0.008955,0.008656,118,612702.000000,80810.000000,0.131891
720,562,0.008957,0.008645,118,607776.000000,76234.000000,0.125431
721,562,0.009046,0.008668,117,634203.000000,99589.000000,0.157030
722,563,0.009102,0.008765,117,619255.000000,93708.000000,0.151324
723,564,0.009150,0.008798,117,596756.000000,67495.000000,0.113103
724,565,0.009125,0.008779,116,613004.000000,88720.000000,0.144730
725,566,0.009135,0.008827,116,625128.000000,83620.000000,0.133765
726,567,0.009215,0.008869,116,648565.000000,110296.000000,0.170062
727,568,0.009169,0.008887,115,638527.000000,100293.000000,0.157069
728,569,0.009214,0.008854,115,614696.000000,80867.000000,0.131556
729,570,0.009183,0.008903,115,619905.000000,83386.000000,0.134514
730,571,0.009247,0.008877,115,636373.000000,92617.000000,0.145539
731,572,0.009302,0.008924,114,607735.000000,63618.000000,0.104680
732,572,0.009424,0.009035,114,645804.000000,103441.000000,0.160174
733,573,0.009229,0.008907,114,602361.000000,61931.000000,0.102814
734,574,0.009230,0.008900,113,589912.000000,55466.000000,0.094024
735,575,0.009263,0.008887,113,593701.000000,60915.000000,0.102602
736,575,0.009301,0.008928,113,599491.000000,57390.000000,0.095731
737,576,0.009339,0.008988,113,607551.000000,58674.000000,0.096575
738,577,0.009342,0.008981,112,604184.000000,60797.000000,0.100627
739,578,0.009369,0.009059,112,663232.000000,109428.000000,0.164992
740,579,0.009425,0.009046,112,641340.000000,92820.000000,0.144728
741,580,0.009499,0.009151,111,642808.000000,83862.000000,0.130462
742,581,0.009435,0.009127,111,602244.000000,54072.000000,0.089784
743,581,0.009441,0.009124,111,592913.000000,45738.000000,0.077141
744,582,0.009460,0.009165,110,623506.000000,63554.000000,0.101930
745,583,0.009468,0.009171,110,609630.000000,57025.000000,0.093540
746,584,0.009518,0.009178,110,610214.000000,55051.000000,0.090216
747,585,0.009573,0.009190,110,617102.000000,58096.000000,0.094143
748,585,0.009593,0.009297,109,611207.000000,48458.000000,0.079282
749,586,0.009598,0.009235,109,612686.000000,52345.000000,0.085435
750,587,0.009663,0.009314,109,599475.000000,49899.000000,0.083238
751,588,0.009672,0.009311,108,632235.000000,67312.000000,0.106467
752,589,0.009644,0.009334,108,609859.000000,50706.000000,0.083144
753,590,0.009644,0.009323,108,618104.000000,57025.000000,0.092258
754,590,0.009680,0.009392,108,632436.000000,74345.000000,0.117553
755,591,0.009695,0.009322,107,618818.000000,52905.000000,0.085494
756,591,0.009691,0.009336,107,605755.000000,46130.000000,0.076153
757,592,0.009721,0.009408,107,624690.000000,64433.000000,0.103144
758,593,0.009784,0.009380,107,639357.000000,69741.000000,0.109080
759,594,0.009907,0.009519,106,645187.000000,70158.000000,0.108741
760,595,0.009740,0.009351,106,616217.000000,52024.000000,0.084425
761,596,0.009877,0.009533,106,656487.000000,83725.000000,0.127535
762,597,0.009803,0.009422,106,633759.000000,64473.000000,0.101731
763,598,0.009806,0.009480,106,653237.000000,82727.000000,0.126642
764,599,0.009880,0.009509,105,651381.000000,83529.000000,0.128234
765,600,0.010012,0.009630,105,674919.000000,107979.000000,0.159988
766,600,0.010045,0.009682,105,641239.000000,78263.000000,0.122050
767,601,0.010036,0.009654,105,691862.000000,104160.000000,0.150550
768,602,0.010071,0.009678,104,646115.000000,68319.000000,0.105738
769,603,0.009968,0.009661,104,619109.000000,52587.000000,0.084940
770,604,0.010015,0.009621,104,626256.000000,53072.000000,0.084745
771,604,0.010078,0.009710,104,661394.000000,92176.000000,0.139366
772,605,0.010115,0.009717,103,658230.000000,87146.000000,0.132394
773,606,0.010172,0.009796,103,651405.000000,72991.000000,0.112052
774,607,0.010282,0.009808,103,671250.000000,93153.000000,0.138775
775,608,0.009975,0.009675,103,654180.000000,74652.000000,0.114115
776,609,0.010184,0.009795,102,673134.000000,95263.000000,0.141522
777,609,0.010039,0.009760,102,671025.000000,93746.000000,0.139706
778,610,0.010299,0.009903,102,694167.000000,98927.000000,0.142512
779,611,0.010139,0.009813,102,671706.000000,85752.000000,0.127663
780,612,0.010272,0.009897,102,690249.000000,114527.000000,0.165921
781,613,0.010303,0.009987,101,695790.000000,109789.000000,0.157790
782,614,0.010475,0.010088,101,692647.000000,100039.000000,0.144430
783,615,0.010422,0.010122,101,686763.000000,104377.000000,0.151984
784,616,0.010405,0.010070,101,683467.000000,90818.000000,0.132878
785,617,0.010334,0.010045,101,674373.000000,87886.000000,0.130323
786,618,0.010474,0.010133,100,710974.000000,105527.000000,0.148426
787,618,0.010426,0.010147,100,679147.000000,85143.000000,0.125368
788,619,0.010613,0.010266,100,714252.000000,102271.000000,0.143186
789,619,0.010560,0.010267,100,694833.000000,107286.000000,0.154405
790,619,0.010642,0.010247,99,707350.000000,100556.000000,0.142159
791,620,0.010760,0.010389,99,684514.000000,83114.000000,0.121420
792,620,0.010695,0.010368,99,678232.000000,85303.000000,0.125773
793,621,0.010623,0.010328,99,683952.000000,90047.000000,0.131657
794,622,0.010718,0.010332,99,724339.000000,109395.000000,0.151027
795,623,0.010800,0.010426,98,718085.000000,111212.000000,0.154873
796,624,0.010803,0.010430,98,701437.000000,88245.000000,0.125806
797,625,0.010901,0.010500,98,730564.000000,102237.000000,0.139943
798,626,0.010879,0.010514,98,713966.000000,96373.000000,0.134983
799,627,0.010872,0.010495,97,704971.000000,84922.000000,0.120462
800,627,0.010869,0.010580,97,711901.000000,105148.000000,0.147700
801,628,0.010853,0.010549,97,701665.000000,82745.000000,0.117927
802,629,0.010901,0.010507,97,700220.000000,81136.000000,0.115872
803,630,0.010920,0.010570,96,698765.000000,91608.000000,0.131100
804,630,0.010962,0.010571,96,728897.000000,111623.000000,0.153140
805,631,0.011050,0.010687,96,680758.000000,54935.000000,0.080697
806,631,0.011047,0.010708,96,690458.000000,66662.000000,0.096548
807,632,0.011049,0.010719,95,684316.000000,64460.000000,0.094196
808,633,0.011158,0.010743,95,704176.000000,75310.000000,0.106948
809,634,0.011163,0.010753,95,676922.000000,61349.000000,0.090629
810,635,0.011095,0.010701,95,699616.000000,71220.000000,0.101799
811,636,0.011119,0.010719,95,696197.000000,64558.000000,0.092730
812,637,0.011012,0.010609,94,715587.000000,85132.000000,0.118968
813,638,0.011091,0.010691,94,709249.000000,80808.000000,0.113935
814,639,0.011084,0.010666,94,698577.000000,66164.000000,0.094713
815,640,0.011218,0.010832,94,707724.000000,70823.000000,0.100071
816,641,0.011173,0.010833,93,691949.000000,60923.000000,0.088046
817,642,0.011206,0.010831,93,701900.000000,75838.000000,0.108047
818,643,0.011231,0.010845,93,695921.000000,60967.000000,0.087606
819,644,0.011492,0.011125,93,718914.000000,75109.000000,0.104476
820,645,0.011461,0.011086,93,719820.000000,74488.000000,0.103481
821,645,0.011485,0.011147,92,695238.000000,57822.000000,0.083169
822,645,0.011375,0.011056,92,719412.000000,81019.000000,0.112618
823,646,0.011385,0.011047,92,697368.000000,54774.000000,0.078544
824,646,0.011501,0.011197,92,729348.000000,78027.000000,0.106982
825,646,0.011360,0.011062,91,690337.000000,53271.000000,0.077167
826,647,0.011511,0.011155,91,694210.000000,49818.000000,0.071762
827,647,0.011631,0.011300,91,711834.000000,74415.000000,0.104540
828,648,0.011668,0.011320,91,720983.000000,76378.000000,0.105936
829,648,0.011713,0.011372,91,697312.000000,50564.000000,0.072513
830,649,0.011684,0.011320,90,701485.000000,54892.000000,0.078251
831,650,0.011807,0.011419,90,722993.000000,73943.000000,0.102273
832,651,0.011776,0.011397,90,707834.000000,60413.000000,0.085349
833,652,0.011797,0.011480,90,715808.000000,70596.000000,0.098624
834,653,0.011807,0.011389,89,711738.000000,65072.000000,0.091427
835,654,0.011963,0.011592,89,739204.000000,79617.000000,0.107706
836,655,0.011975,0.011602,89,733013.000000,75030.000000,0.102358
837,656,0.011843,0.011528,89,727368.000000,63092.000000,0.086740
838,656,0.011760,0.011461,88,717590.000000,62626.000000,0.087273
839,657,0.011877,0.011574,88,709029.000000,52121.000000,0.073510
840,658,0.011996,0.011613,88,716277.000000,65342.000000,0.091224
841,659,0.012030,0.011695,88,730659.000000,66025.000000,0.090364
842,660,0.012089,0.011718,88,714313.000000,47596.000000,0.066632
843,661,0.012063,0.011761,87,720926.000000,55562.000000,0.077070
844,662,0.012119,0.011701,87,733016.000000,59732.000000,0.081488
845,663,0.012147,0.011800,87,735060.000000,69127.000000,0.094043
846,664,0.012243,0.011863,87,755021.000000,82470.000000,0.109229
847,665,0.012104,0.011805,87,717682.000000,53263.000000,0.074215
848,665,0.012179,0.011829,86,718856.000000,50835.000000,0.070717
849,666,0.012293,0.011954,86,748794.000000,75499.000000,0.100827
850,667,0.012347,0.011934,86,726606.000000,55538.000000,0.076435
851,668,0.012339,0.012026,86,716070.000000,54426.000000,0.076007
852,669,0.012476,0.012057,85,737565.000000,60907.000000,0.082578
853,670,0.012412,0.012109,85,719527.000000,46671.000000,0.064863
854,671,0.012495,0.012103,85,747839.000000,67754.000000,0.090600
855,671,0.012271,0.011961,85,734665.000000,58864.000000,0.080124
856,672,0.012329,0.011930,85,731818.000000,63622.000000,0.086937
857,672,0.012535,0.012068,84,760663.000000,72685.000000,0.095555
858,673,0.012556,0.012146,84,747448.000000,67204.000000,0.089911
859,674,0.012578,0.012250,84,745712.000000,58860.000000,0.078931
860,675,0.012616,0.012243,84,758356.000000,69799.000000,0.092040
861,676,0.012861,0.012477,84,781863.000000,86618.000000,0.110784
862,677,0.012704,0.012352,83,748082.000000,62885.000000,0.084062
863,678,0.012803,0.012414,83,746304.000000,52543.000000,0.070404
864,679,0.012829,0.012421,83,755823.000000,64442.000000,0.085261
865,679,0.012971,0.012558,83,777233.000000,71968.000000,0.092595
866,680,0.012896,0.012501,83,786707.000000,83411.000000,0.106025
867,681,0.012817,0.012516,82,779493.000000,76529.000000,0.098178
868,682,0.012998,0.012584,82,793880.000000,77735.000000,0.097918
869,682,0.012941,0.012556,82,766941.000000,70431.000000,0.091834
870,683,0.012905,0.012542,82,759827.000000,63945.000000,0.084157
871,684,0.012858,0.012548,82,792473.000000,83933.000000,0.105913
872,684,0.012986,0.012656,81,775228.000000,69756.000000,0.089981
873,685,0.012992,0.012675,81,786812.000000,74022.000000,0.094078
874,686,0.013048,0.012645,81,778868.000000,68310.000000,0.087704
875,687,0.013206,0.012827,81,783630.000000,79028.000000,0.100849
876,688,0.013088,0.012715,80,809851.000000,96720.000000,0.119429
877,689,0.013175,0.012781,80,780848.000000,58383.000000,0.074769
878,690,0.013240,0.012892,80,800622.000000,82781.000000,0.103396
879,690,0.013248,0.012948,80,809930.000000,90666.000000,0.111943
880,691,0.013391,0.012980,80,806681.000000,84959.000000,0.105319
881,692,0.013389,0.013049,79,805997.000000,81245.000000,0.100801
882,692,0.013260,0.012939,79,800097.000000,76610.000000,0.095751
883,693,0.013387,0.012970,79,774533.000000,58350.000000,0.075336
884,694,0.013423,0.013013,79,806204.000000,79407.000000,0.098495
885,695,0.013446,0.013133,79,804848.000000,74747.000000,0.092871
886,695,0.013382,0.013083,78,792049.000000,68736.000000,0.086783
887,695,0.013433,0.013030,78,812141.000000,76952.000000,0.094752
888,696,0.013525,0.013170,78,822002.000000,85058.000000,0.103477
889,697,0.013506,0.013119,78,781748.000000,60504.000000,0.077396
890,698,0.013658,0.013270,78,850618.000000,109085.000000,0.128242
891,699,0.013581,0.013221,77,800218.000000,66832.000000,0.083517
892,700,0.013739,0.013329,77,799805.000000,61351.000000,0.076707
893,701,0.013612,0.013301,77,811302.000000,78111.000000,0.096279
894,702,0.013503,0.013198,77,796032.000000,64904.000000,0.081534
895,703,0.013597,0.013249,77,819995.000000,78593.000000,0.095846
896,704,0.013730,0.013362,77,820793.000000,79519.000000,0.096881
897,704,0.013739,0.013370,76,797152.000000,59575.000000,0.074735
898,705,0.014025,0.013642,76,848297.000000,83673.000000,0.098636
899,706,0.013858,0.013534,76,846728.000000,93212.000000,0.110085
900,706,0.013865,0.013553,76,815343.000000,74239.000000,0.091052
901,707,0.013874,0.013565,76,881578.000000,131638.000000,0.149321
902,707,0.013854,0.013551,75,857583.000000,111911.000000,0.130496
903,708,0.013967,0.013609,75,873295.000000,116026.000000,0.132860
904,709,0.014047,0.013674,75,856760.000000,99428.000000,0.116051
905,710,0.014146,0.013721,75,847364.000000,87756.000000,0.103564
906,711,0.014225,0.013832,75,852193.000000,104359.000000,0.122459
907,712,0.014166,0.013755,75,834410.000000,75052.000000,0.089946
908,713,0.014201,0.013819,74,880756.000000,114167.000000,0.129624
909,714,0.014291,0.013920,74,849301.000000,84696.000000,0.099724
910,715,0.014319,0.013966,74,865675.000000,94407.000000,0.109056
911,716,0.014298,0.013927,74,841601.000000,79352.000000,0.094287
912,717,0.014423,0.014009,74,843794.000000,75877.000000,0.089924
913,718,0.014594,0.014169,73,856175.000000,82119.000000,0.095914
914,718,0.014316,0.013923,73,821786.000000,67979.000000,0.082721
915,719,0.014285,0.013858,73,821215.000000,63050.000000,0.076776
916,720,0.014360,0.013974,73,892292.000000,113513.000000,0.127215
917,721,0.014528,0.014142,73,874311.000000,95538.000000,0.109272
918,722,0.014419,0.014066,73,873441.000000,93313.000000,0.106834
919,723,0.014672,0.014349,72,885763.000000,108300.000000,0.122267
920,723,0.014759,0.014440,72,911364.000000,130428.000000,0.143113
921,723,0.014547,0.014169,72,846102.000000,82358.000000,0.097338
922,724,0.014585,0.014200,72,857052.000000,78322.000000,0.091385
923,724,0.014499,0.014075,72,861275.000000,85671.000000,0.099470
924,724,0.014557,0.014229,72,860650.000000,88500.000000,0.102829
925,724,0.014681,0.014299,71,855074.000000,82220.000000,0.096155
926,725,0.014772,0.014375,71,843876.000000,74958.000000,0.088826
927,726,0.014735,0.014363,71,842852.000000,68120.000000,0.080821
928,726,0.014612,0.014302,71,853961.000000,82038.000000,0.096068
929,727,0.014749,0.014362,71,853579.000000,76538.000000,0.089667
930,727,0.014870,0.014381,71,945148.000000,135107.000000,0.142948
931,728,0.014819,0.014433,70,862635.000000,78945.000000,0.091516
932,728,0.014780,0.014395,70,868813.000000,94072.000000,0.108276
933,729,0.014776,0.014454,70,879028.000000,93250.000000,0.106083
934,730,0.015017,0.014590,70,857239.000000,77708.000000,0.090649
935,731,0.014864,0.014555,70,888620.000000,103200.000000,0.116135
936,732,0.014948,0.014529,70,902874.000000,111911.000000,0.123950
937,733,0.015109,0.014712,70,891993.000000,91217.000000,0.102262
938,733,0.014983,0.014666,69,879508.000000,87359.000000,0.099327
939,733,0.015136,0.014719,69,905526.000000,120557.000000,0.133135
940,734,0.015251,0.014833,69,884419.000000,81036.000000,0.091626
941,735,0.015249,0.014931,69,891931.000000,106907.000000,0.119860
942,736,0.015256,0.014840,69,878812.000000,88255.000000,0.100425
943,737,0.015414,0.014996,69,903117.000000,105231.000000,0.116520
944,737,0.015311,0.014975,68,902375.000000,92858.000000,0.102904
945,738,0.015173,0.014819,68,898400.000000,88127.000000,0.098093
946,739,0.015177,0.014824,68,881119.000000,84154.000000,0.095508
947,740,0.015318,0.014878,68,888157.000000,91982.000000,0.103565
948,741,0.015368,0.014973,68,902028.000000,88805.000000,0.098450
949,742,0.015485,0.015173,68,888286.000000,87585.000000,0.098600
950,743,0.015435,0.015096,68,881606.000000,75829.000000,0.086012
951,743,0.015371,0.014986,67,915827.000000,97295.000000,0.106237
952,743,0.015491,0.015188,67,891206.000000,71448.000000,0.080170
953,744,0.015542,0.015208,67,898524.000000,95667.000000,0.106471
954,745,0.015462,0.015038,67,919078.000000,96256.000000,0.104731
955,746,0.015564,0.015220,67,894771.000000,80674.000000,0.090162
956,747,0.015711,0.015308,67,933724.000000,101803.000000,0.109029
957,748,0.015771,0.015434,67,921687.000000,84747.000000,0.091948
958,749,0.015696,0.015302,66,901785.000000,80100.000000,0.088824
959,750,0.015904,0.015570,66,938962.000000,102964.000000,0.109657
960,750,0.015807,0.015497,66,933547.000000,100597.000000,0.107758
961,751,0.015557,0.015250,66,909196.000000,79720.000000,0.087682
962,752,0.015727,0.015330,66,911673.000000,77478.000000,0.084984
963,753,0.015808,0.015492,66,938129.000000,97802.000000,0.104252
964,754,0.015927,0.015515,66,930023.000000,93417.000000,0.100446
965,755,0.015931,0.015612,65,922456.000000,84881.000000,0.092016
966,756,0.016149,0.015709,65,957905.000000,115397.000000,0.120468
967,757,0.016016,0.015700,65,937876.000000,100668.000000,0.107336
968,758,0.016061,0.015611,65,958596.000000,108854.000000,0.113556
969,759,0.016109,0.015786,65,925566.000000,86881.000000,0.093868
970,760,0.016212,0.015789,65,944966.000000,96504.000000,0.102124
971,761,0.016099,0.015773,65,935249.000000,89053.000000,0.095218
972,762,0.016323,0.015894,65,942833.000000,91840.000000,0.097409
973,762,0.016279,0.015968,64,961024.000000,113579.000000,0.118185
974,763,0.016224,0.015783,64,940453.000000,84223.000000,0.089556
975,764,0.016430,0.015998,64,942134.000000,79784.000000,0.084684
976,765,0.016315,0.015886,64,909976.000000,68953.000000,0.075775
977,766,0.016301,0.015982,64,944358.000000,88727.000000,0.093955
978,766,0.016400,0.015951,64,937826.000000,80379.000000,0.085708
979,767,0.016470,0.016084,64,949513.000000,84864.000000,0.089376
980,768,0.016464,0.016042,64,941648.000000,75305.000000,0.079971
981,769,0.016359,0.016030,63,972071.000000,106565.000000,0.109627
982,769,0.016535,0.016225,63,949098.000000,96236.000000,0.101397
983,770,0.016670,0.016351,63,987918.000000,116370.000000,0.117793
984,771,0.016691,0.016333,63,948415.000000,81345.000000,0.085769
985,772,0.016694,0.016373,63,956180.000000,86860.000000,0.090841
986,773,0.016752,0.016395,63,972279.000000,105608.000000,0.108619
987,774,0.016757,0.016437,63,948783.000000,78266.000000,0.082491
988,775,0.016889,0.016534,62,977411.000000,92663.000000,0.094805
989,776,0.016874,0.016452,62,963362.000000,88367.000000,0.091728
990,777,0.016912,0.016534,62,973280.000000,91967.000000,0.094492
991,778,0.016862,0.016509,62,942330.000000,65246.000000,0.069239
992,779,0.017000,0.016590,62,979812.000000,100859.000000,0.102937
993,780,0.017111,0.016703,62,1017716.000000,103827.000000,0.102020
994,780,0.017159,0.016830,62,992465.000000,102314.000000,0.103091
995,781,0.017032,0.016633,61,988965.000000,106200.000000,0.107385
996,782,0.017207,0.016753,61,993610.000000,97292.000000,0.097918
997,783,0.017053,0.016730,61,966616.000000,84165.000000,0.087072
998,784,0.017140,0.016724,61,957307.000000,82570.000000,0.086252
999,785,0.017257,0.016805,61,979160.000000,96631.000000,0.098688
1000,786,0.017268,0.016860,61,994839.000000,99688.000000,0.100205
1001,786,0.017235,0.016766,61,964490.000000,69889.000000,0.072462
1002,787,0.017522,0.017060,61,1001959.000000,111497.000000,0.111279
1003,787,0.017481,0.017165,60,966896.000000,71792.000000,0.074250
1004,788,0.017573,0.017116,60,999924.000000,95426.000000,0.095433
1005,789,0.017528,0.017169,60,994115.000000,97202.000000,0.097777
1006,790,0.017591,0.017148,60,1017781.000000,107411.000000,0.105534
1007,791,0.017520,0.017189,60,982986.000000,89344.000000,0.090890
1008,792,0.017656,0.017255,60,1017038.000000,109523.000000,0.107688
1009,793,0.017616,0.017263,60,990210.000000,87093.000000,0.087954
