frame,nb of entities,FPS,frame length,physics length,L1-dcache-loads,L1-dcache-load-misses,L1-dcache-load-miss-ratio
0,3,302,0.001785,0.000018,437026.000000,27777.000000,0.063559
1,4,302,0.003323,0.000019,570444.000000,31113.000000,0.054542
2,5,302,0.003327,0.000019,532442.000000,30100.000000,0.056532
3,6,302,0.003318,0.000022,568576.000000,31206.000000,0.054884
4,7,302,0.003324,0.000021,570107.000000,30236.000000,0.053036
5,8,302,0.003324,0.000019,564626.000000,27960.000000,0.049520
6,9,302,0.003326,0.000031,582792.000000,32395.000000,0.055586
7,10,302,0.003321,0.000023,584312.000000,31690.000000,0.054235
8,11,302,0.003320,0.000026,581489.000000,31006.000000,0.053322
9,12,302,0.003326,0.000023,569518.000000,30920.000000,0.054292
10,13,302,0.003326,0.000027,540460.000000,27196.000000,0.050320
11,14,302,0.003326,0.000026,594549.000000,31359.000000,0.052744
12,15,302,0.003317,0.000030,585021.000000,30330.000000,0.051844
13,16,302,0.003326,0.000027,608806.000000,31448.000000,0.051655
14,17,302,0.003325,0.000028,589564.000000,30476.000000,0.051692
15,18,302,0.003322,0.000029,553205.000000,27600.000000,0.049891
16,18,302,0.003324,0.000030,582644.000000,30563.000000,0.052456
17,19,302,0.003326,0.000031,596883.000000,30746.000000,0.051511
18,20,302,0.003322,0.000033,600739.000000,30969.000000,0.051552
19,21,302,0.003326,0.000033,617940.000000,31735.000000,0.051356
20,22,302,0.003325,0.000037,591586.000000,27918.000000,0.047192
21,23,302,0.003319,0.000039,634929.000000,31794.000000,0.050075
22,24,302,0.003321,0.000041,629087.000000,30895.000000,0.049111
23,25,302,0.003329,0.000038,601025.000000,30960.000000,0.051512
24,26,302,0.003318,0.000046,635997.000000,30909.000000,0.048599
25,26,302,0.003317,0.000169,524172.000000,28692.000000,0.054738
26,26,302,0.003555,0.000037,536041.000000,31379.000000,0.058538
27,26,302,0.003137,0.000040,521761.000000,31356.000000,0.060096
28,27,302,0.003344,0.000045,540677.000000,31988.000000,0.059163
29,28,302,0.003338,0.000040,541165.000000,32243.000000,0.059581
30,29,302,0.003633,0.000042,507504.000000,28704.000000,0.056559
31,30,302,0.003345,0.000044,531981.000000,31545.000000,0.059297
32,31,302,0.003340,0.000047,537501.000000,31143.000000,0.057940
33,32,302,0.003310,0.000047,550931.000000,32047.000000,0.058169
34,33,302,0.003335,0.000046,545371.000000,31480.000000,0.057722
35,34,301,0.003542,0.000048,541745.000000,29594.000000,0.054627
36,35,301,0.003339,0.000054,549753.000000,31965.000000,0.058144
37,36,301,0.003584,0.000047,599590.000000,34287.000000,0.057184
38,37,301,0.003345,0.000056,564192.000000,31660.000000,0.056116
39,38,301,0.003600,0.000058,615109.000000,34224.000000,0.055639
40,39,301,0.003075,0.000059,613260.000000,30072.000000,0.049036
41,40,301,0.003323,0.000061,724900.000000,32434.000000,0.044743
42,41,301,0.003333,0.000051,746894.000000,32433.000000,0.043424
43,41,301,0.003315,0.000056,673649.000000,31158.000000,0.046253
44,42,301,0.003321,0.000066,711934.000000,31926.000000,0.044844
45,42,301,0.003329,0.000062,677717.000000,28947.000000,0.042713
46,43,301,0.003314,0.000058,704573.000000,31973.000000,0.045379
47,44,301,0.003330,0.000057,705587.000000,32342.000000,0.045837
48,44,301,0.003325,0.000065,707838.000000,31441.000000,0.044418
49,44,301,0.003319,0.000053,708323.000000,31741.000000,0.044811
50,45,301,0.003329,0.000071,671211.000000,28859.000000,0.042995
51,46,301,0.003349,0.000066,732147.000000,32142.000000,0.043901
52,47,301,0.003291,0.000065,746281.000000,32284.000000,0.043260
53,48,301,0.003324,0.000063,775250.000000,33286.000000,0.042936
54,49,301,0.003330,0.000059,738106.000000,32098.000000,0.043487
55,50,301,0.003315,0.000073,716948.000000,28767.000000,0.040124
56,51,301,0.003328,0.000068,736775.000000,31883.000000,0.043274
57,52,301,0.003326,0.000075,758363.000000,32520.000000,0.042882
58,53,301,0.003324,0.000071,759129.000000,32685.000000,0.043056
59,53,301,0.003328,0.000077,729733.000000,31597.000000,0.043299
60,53,299,0.003318,0.000078,729318.000000,29158.000000,0.039980
61,53,299,0.003323,0.000073,780364.000000,31720.000000,0.040648
62,54,299,0.003329,0.000067,770583.000000,32066.000000,0.041613
63,55,299,0.003318,0.000082,790663.000000,32831.000000,0.041523
64,56,299,0.003323,0.000078,785785.000000,31991.000000,0.040712
65,57,299,0.003328,0.000077,753939.000000,29137.000000,0.038646
66,58,299,0.003323,0.000089,778895.000000,32968.000000,0.042327
67,59,299,0.003319,0.000090,810885.000000,33172.000000,0.040908
68,60,299,0.003326,0.000093,796226.000000,32849.000000,0.041256
69,61,299,0.003320,0.000093,832043.000000,34387.000000,0.041328
70,62,299,0.003323,0.000097,785271.000000,29297.000000,0.037308
71,63,299,0.003329,0.000078,831836.000000,33524.000000,0.040301
72,64,299,0.003319,0.000103,847663.000000,33631.000000,0.039675
73,64,299,0.003323,0.000101,827023.000000,32331.000000,0.039093
74,65,299,0.003322,0.000102,856347.000000,32352.000000,0.037779
75,66,299,0.003324,0.000082,828922.000000,30293.000000,0.036545
76,67,299,0.003322,0.000095,859755.000000,33023.000000,0.038410
77,68,299,0.003330,0.000095,866969.000000,33419.000000,0.038547
78,68,299,0.003319,0.000108,858727.000000,33351.000000,0.038838
79,68,299,0.003322,0.000098,855743.000000,32519.000000,0.038001
80,68,299,0.003331,0.000097,807024.000000,28618.000000,0.035461
81,69,299,0.003320,0.000109,878826.000000,33963.000000,0.038646
82,70,299,0.003326,0.000103,893531.000000,33951.000000,0.037996
83,71,299,0.003322,0.000116,913547.000000,34507.000000,0.037773
84,71,299,0.003323,0.000095,890441.000000,33856.000000,0.038022
85,72,299,0.003321,0.000119,879646.000000,31225.000000,0.035497
86,73,299,0.003327,0.000124,939611.000000,34873.000000,0.037114
87,73,299,0.003326,0.000099,899282.000000,34597.000000,0.038472
88,73,299,0.003318,0.000125,919558.000000,35174.000000,0.038251
89,74,299,0.003326,0.000124,954210.000000,35810.000000,0.037528
90,75,300,0.003323,0.000104,905089.000000,31925.000000,0.035273
91,76,300,0.003321,0.000129,941447.000000,35060.000000,0.037241
92,77,300,0.003329,0.000132,939784.000000,34952.000000,0.037192
93,78,300,0.003320,0.000133,965812.000000,35773.000000,0.037039
94,79,300,0.003322,0.000137,951244.000000,35166.000000,0.036968
95,80,300,0.003329,0.000136,942968.000000,32548.000000,0.034517
96,80,300,0.003343,0.000140,971132.000000,36103.000000,0.037176
97,81,300,0.003321,0.000142,1013164.000000,36087.000000,0.035618
98,81,300,0.003327,0.000146,1003933.000000,35740.000000,0.035600
99,81,301,0.003317,0.000149,1018272.000000,35959.000000,0.035314
100,82,300,0.003328,0.000140,1003265.000000,32325.000000,0.032220
101,82,300,0.003326,0.000139,1022762.000000,35363.000000,0.034576
102,83,300,0.003318,0.000155,1034351.000000,36316.000000,0.035110
103,84,300,0.003326,0.000140,1080407.000000,36451.000000,0.033738
104,85,300,0.003328,0.000153,1079852.000000,35974.000000,0.033314
105,85,300,0.003317,0.000168,1032923.000000,33378.000000,0.032314
106,85,300,0.003323,0.000167,1060375.000000,35645.000000,0.033615
107,85,300,0.003330,0.000168,1059406.000000,35882.000000,0.033870
108,86,300,0.003322,0.000169,1042415.000000,36936.000000,0.035433
109,87,300,0.003318,0.000172,1135938.000000,37707.000000,0.033195
110,88,300,0.003329,0.000174,1062996.000000,33218.000000,0.031249
111,89,300,0.003320,0.000174,1129229.000000,37445.000000,0.033160
112,90,300,0.003321,0.000179,1111575.000000,35969.000000,0.032359
113,90,300,0.003328,0.000177,1101152.000000,35402.000000,0.032150
114,91,300,0.003323,0.000179,1142164.000000,37005.000000,0.032399
115,92,300,0.003321,0.000184,1130425.000000,33949.000000,0.030032
116,93,300,0.003329,0.000189,1179005.000000,36859.000000,0.031263
117,94,300,0.003322,0.000201,1188947.000000,38214.000000,0.032141
118,95,300,0.003322,0.000200,1187731.000000,37281.000000,0.031388
119,96,300,0.003328,0.000199,1224398.000000,38144.000000,0.031153
120,97,300,0.003319,0.000213,1178971.000000,35027.000000,0.029710
121,98,300,0.003325,0.000205,1246423.000000,37814.000000,0.030338
122,98,300,0.003328,0.000209,1219808.000000,37138.000000,0.030446
123,99,300,0.003319,0.000219,1270829.000000,39470.000000,0.031058
124,99,300,0.003325,0.000216,1241127.000000,37444.000000,0.030169
125,100,300,0.003327,0.000217,1241265.000000,35078.000000,0.028260
126,101,300,0.003319,0.000231,1284464.000000,39998.000000,0.031140
127,102,300,0.003325,0.000222,1318225.000000,39087.000000,0.029651
128,103,300,0.003326,0.000234,1342964.000000,39210.000000,0.029197
129,104,300,0.003319,0.000222,1364702.000000,40163.000000,0.029430
130,105,300,0.003327,0.000216,1338386.000000,35320.000000,0.026390
131,106,300,0.003325,0.000227,1456994.000000,40248.000000,0.027624
132,106,300,0.003417,0.000218,1435869.000000,40857.000000,0.028455
133,107,300,0.003344,0.000241,1426059.000000,41449.000000,0.029065
134,107,300,0.003356,0.000259,1383800.000000,40337.000000,0.029149
135,108,300,0.003346,0.000252,1402916.000000,39341.000000,0.028042
136,109,300,0.003346,0.000249,1418706.000000,41681.000000,0.029380
137,110,300,0.003356,0.000249,1457360.000000,41797.000000,0.028680
138,111,300,0.003345,0.000252,1439936.000000,39136.000000,0.027179
139,111,300,0.003346,0.000252,1439613.000000,38719.000000,0.026895
140,111,300,0.003360,0.000255,1415791.000000,35218.000000,0.024875
141,112,300,0.003340,0.000258,1505146.000000,39059.000000,0.025950
142,113,300,0.003347,0.000264,1494055.000000,39437.000000,0.026396
143,114,300,0.003348,0.000271,1542007.000000,41646.000000,0.027008
144,114,300,0.003345,0.000273,1517278.000000,39162.000000,0.025811
145,114,300,0.003346,0.000274,1483117.000000,36434.000000,0.024566
146,115,300,0.003329,0.000282,1587929.000000,41232.000000,0.025966
147,116,300,0.003348,0.000288,1644384.000000,41267.000000,0.025096
148,116,300,0.003349,0.000305,1650323.000000,40634.000000,0.024622
149,117,300,0.003359,0.000314,1709164.000000,43063.000000,0.025195
150,118,300,0.003349,0.000321,1687626.000000,38627.000000,0.022888
151,119,300,0.003351,0.000320,1779094.000000,42175.000000,0.023706
152,120,299,0.003360,0.000327,1761484.000000,41577.000000,0.023603
153,121,299,0.003352,0.000433,1880517.000000,56130.000000,0.029848
154,121,299,0.003353,0.000317,1886774.000000,45231.000000,0.023973
155,122,299,0.003364,0.000341,1874227.000000,45670.000000,0.024367
156,123,299,0.003342,0.000372,1859556.000000,43247.000000,0.023257
157,124,299,0.003349,0.000421,1921836.000000,47149.000000,0.024533
158,125,299,0.003361,0.000320,1945349.000000,43932.000000,0.022583
159,126,299,0.003311,0.000663,2144650.000000,58617.000000,0.027332
160,126,299,0.003321,0.000737,2145421.000000,64438.000000,0.030035
161,127,299,0.003369,0.000596,2198288.000000,76011.000000,0.034577
162,127,299,0.003354,0.000400,2112451.000000,45713.000000,0.021640
163,127,299,0.003324,0.000453,2178621.000000,44929.000000,0.020623
164,127,299,0.003323,0.000453,2196319.000000,44962.000000,0.020472
165,127,299,0.003321,0.000419,2223370.000000,42945.000000,0.019315
166,128,299,0.003324,0.000479,2291654.000000,46236.000000,0.020176
167,128,299,0.003327,0.000476,2268863.000000,44677.000000,0.019691
168,129,299,0.003325,0.000440,2294909.000000,47620.000000,0.020750
169,130,299,0.003356,0.000492,2316227.000000,46764.000000,0.020190
170,131,299,0.003366,0.000497,2275844.000000,43327.000000,0.019038
171,132,299,0.003361,0.000507,2375461.000000,48042.000000,0.020224
172,133,299,0.003349,0.000516,2401685.000000,47385.000000,0.019730
173,134,299,0.003361,0.000492,2359394.000000,46939.000000,0.019895
174,135,299,0.003342,0.000521,2354813.000000,47607.000000,0.020217
175,135,299,0.003352,0.000510,2297921.000000,42377.000000,0.018441
176,136,299,0.003363,0.000495,2357439.000000,46496.000000,0.019723
177,136,299,0.003318,0.000424,2495527.000000,47447.000000,0.019013
178,137,299,0.003323,0.000427,2575097.000000,49721.000000,0.019308
179,138,299,0.003327,0.000503,2531804.000000,48792.000000,0.019272
180,139,299,0.003320,0.000550,2494523.000000,44935.000000,0.018013
181,139,299,0.003324,0.000538,2509144.000000,46564.000000,0.018558
182,140,299,0.003329,0.000516,2526755.000000,48431.000000,0.019167
183,141,299,0.003321,0.000602,2587471.000000,52574.000000,0.020319
184,141,299,0.003326,0.000547,2562503.000000,47812.000000,0.018658
185,141,299,0.003327,0.000450,2551676.000000,45631.000000,0.017883
186,142,299,0.003319,0.000559,2579643.000000,49070.000000,0.019022
187,143,299,0.003322,0.000547,2620235.000000,48355.000000,0.018454
188,144,299,0.003328,0.000540,2607681.000000,50020.000000,0.019182
189,145,299,0.003319,0.000566,2661974.000000,49503.000000,0.018596
190,146,299,0.003324,0.000650,2631851.000000,50324.000000,0.019121
191,147,299,0.003327,0.000547,2702511.000000,49794.000000,0.018425
192,148,299,0.003317,0.000590,2703284.000000,50530.000000,0.018692
193,149,299,0.003326,0.000584,2755054.000000,49110.000000,0.017825
194,150,299,0.003325,0.000578,2751349.000000,50271.000000,0.018271
195,151,299,0.003319,0.000603,2758229.000000,47154.000000,0.017096
196,152,299,0.003324,0.000604,2774495.000000,49653.000000,0.017896
197,153,299,0.003325,0.000585,2817699.000000,51254.000000,0.018190
198,154,299,0.003322,0.000621,2816300.000000,50022.000000,0.017762
199,155,299,0.003324,0.000613,2846658.000000,49905.000000,0.017531
200,156,299,0.003327,0.000571,2874395.000000,48321.000000,0.016811
201,157,299,0.003321,0.000578,2934161.000000,51156.000000,0.017435
202,158,299,0.003325,0.000579,2982542.000000,50825.000000,0.017041
203,158,299,0.003329,0.000601,3036624.000000,53198.000000,0.017519
204,159,299,0.003319,0.000605,3021793.000000,52100.000000,0.017241
205,159,299,0.003325,0.000596,2963705.000000,46791.000000,0.015788
206,160,299,0.003328,0.000601,3019926.000000,52902.000000,0.017518
207,160,299,0.003321,0.000564,3014167.000000,51094.000000,0.016951
208,161,299,0.003327,0.000596,3051704.000000,51320.000000,0.016817
209,162,299,0.003325,0.000615,3115897.000000,52955.000000,0.016995
210,163,300,0.003318,0.000589,3084218.000000,49260.000000,0.015972
211,163,300,0.003324,0.000614,3095897.000000,50419.000000,0.016286
212,164,300,0.003328,0.000621,3107116.000000,51945.000000,0.016718
213,165,300,0.003323,0.000590,3185121.000000,53302.000000,0.016735
214,165,300,0.003326,0.000621,3159356.000000,51270.000000,0.016228
215,166,300,0.003337,0.000641,3171528.000000,50467.000000,0.015913
216,167,300,0.003307,0.000621,3220629.000000,53771.000000,0.016696
217,168,300,0.003324,0.000639,3240168.000000,53553.000000,0.016528
218,169,300,0.003323,0.000786,3247983.000000,57492.000000,0.017701
219,170,300,0.003324,0.000616,3298204.000000,55011.000000,0.016679
220,170,300,0.003324,0.000723,3252794.000000,55026.000000,0.016917
221,171,300,0.003325,0.000696,3341932.000000,56711.000000,0.016970
222,172,300,0.003322,0.000660,3377288.000000,55775.000000,0.016515
223,173,300,0.003325,0.000673,3372125.000000,54613.000000,0.016195
224,174,300,0.003321,0.000683,3422060.000000,56598.000000,0.016539
225,175,300,0.003324,0.000654,3459752.000000,53061.000000,0.015337
226,176,300,0.003322,0.000710,3593453.000000,55878.000000,0.015550
227,176,300,0.003325,0.000708,3530351.000000,56440.000000,0.015987
228,177,300,0.003325,0.000690,3594148.000000,56696.000000,0.015775
229,178,300,0.003322,0.000720,3644159.000000,56979.000000,0.015636
230,179,300,0.003326,0.000747,3609635.000000,53638.000000,0.014860
231,180,300,0.003326,0.000708,3743909.000000,58436.000000,0.015608
232,181,300,0.003322,0.000772,3728610.000000,57898.000000,0.015528
233,182,300,0.003325,0.000785,3799946.000000,60371.000000,0.015887
234,183,300,0.003326,0.000739,3771965.000000,58084.000000,0.015399
235,184,300,0.003324,0.000780,3785943.000000,55730.000000,0.014720
236,184,300,0.003324,0.000792,3917108.000000,59933.000000,0.015300
237,184,300,0.003325,0.000775,4024905.000000,60221.000000,0.014962
238,185,300,0.003323,0.000797,3949563.000000,60135.000000,0.015226
239,186,300,0.003327,0.000826,3998438.000000,61429.000000,0.015363
240,187,300,0.003324,0.000788,3963275.000000,57771.000000,0.014577
241,188,300,0.003323,0.000827,4030184.000000,61662.000000,0.015300
242,189,300,0.003325,0.000846,4130728.000000,63694.000000,0.015420
243,190,300,0.003327,0.000946,4173878.000000,62971.000000,0.015087
244,190,300,0.003325,0.000856,4138893.000000,61292.000000,0.014809
245,191,300,0.003324,0.000945,4170362.000000,62099.000000,0.014891
246,191,300,0.003323,0.000837,4212996.000000,63183.000000,0.014997
247,192,300,0.003323,0.000879,4318931.000000,65355.000000,0.015132
248,193,300,0.003326,0.000940,4376782.000000,68838.000000,0.015728
249,194,300,0.003326,0.000874,4367122.000000,66182.000000,0.015155
250,195,300,0.003323,0.001011,4373324.000000,67810.000000,0.015505
251,196,300,0.003328,0.000924,4457598.000000,67747.000000,0.015198
252,197,300,0.003321,0.000929,4556348.000000,67415.000000,0.014796
253,198,300,0.003325,0.000946,4541277.000000,66980.000000,0.014749
254,199,300,0.003322,0.000958,4615611.000000,69681.000000,0.015097
255,199,300,0.003324,0.000913,4626067.000000,64332.000000,0.013906
256,200,300,0.003325,0.000985,4727478.000000,69214.000000,0.014641
257,201,300,0.003326,0.001001,4833363.000000,72124.000000,0.014922
258,202,300,0.003325,0.001064,4837835.000000,73849.000000,0.015265
259,203,300,0.003323,0.001021,4946574.000000,71533.000000,0.014461
260,203,300,0.003322,0.001235,5046178.000000,80902.000000,0.016032
261,204,300,0.003325,0.000977,5009094.000000,71599.000000,0.014294
262,205,300,0.003323,0.001064,5090308.000000,72935.000000,0.014328
263,206,300,0.003326,0.001303,5291568.000000,87093.000000,0.016459
264,206,300,0.003324,0.001065,5264628.000000,78355.000000,0.014883
265,207,300,0.003321,0.001029,5296425.000000,72415.000000,0.013672
266,208,300,0.003327,0.001313,5497672.000000,88649.000000,0.016125
267,208,300,0.003394,0.001263,5335554.000000,78032.000000,0.014625
268,208,300,0.003394,0.001107,5370879.000000,75141.000000,0.013990
269,208,300,0.003383,0.001144,5334981.000000,74557.000000,0.013975
270,208,300,0.003386,0.001129,5360039.000000,76740.000000,0.014317
271,209,300,0.003391,0.001133,5350278.000000,74474.000000,0.013920
272,209,300,0.003387,0.001130,5444776.000000,78364.000000,0.014393
273,210,300,0.003396,0.001188,5476957.000000,77021.000000,0.014063
274,210,300,0.003390,0.001136,5475225.000000,74327.000000,0.013575
275,210,299,0.003386,0.001112,5482951.000000,77850.000000,0.014199
276,210,299,0.003397,0.001204,5448647.000000,76432.000000,0.014028
277,211,299,0.003390,0.001123,5577758.000000,77865.000000,0.013960
278,212,299,0.003388,0.001099,5578926.000000,78820.000000,0.014128
279,213,299,0.003327,0.001216,5720681.000000,77370.000000,0.013525
280,214,299,0.003322,0.001163,5916743.000000,81958.000000,0.013852
281,215,299,0.003321,0.001307,5808528.000000,80114.000000,0.013792
282,216,299,0.003321,0.001202,5788286.000000,79258.000000,0.013693
283,217,299,0.003330,0.001165,5891227.000000,80503.000000,0.013665
284,218,299,0.003317,0.001140,5926890.000000,77499.000000,0.013076
285,219,299,0.003327,0.001225,6004768.000000,82344.000000,0.013713
286,220,299,0.003326,0.001199,6071385.000000,83024.000000,0.013675
287,221,299,0.003323,0.001188,6211179.000000,83764.000000,0.013486
288,222,299,0.003328,0.001284,6182971.000000,83959.000000,0.013579
289,222,299,0.003324,0.001273,6351985.000000,98217.000000,0.015462
290,223,299,0.003324,0.001178,6297437.000000,84786.000000,0.013464
291,223,299,0.003327,0.001303,6322852.000000,84538.000000,0.013370
292,224,299,0.003326,0.001276,6377428.000000,85336.000000,0.013381
293,224,299,0.003323,0.001236,6296521.000000,83625.000000,0.013281
294,225,299,0.003328,0.001324,6267826.000000,80998.000000,0.012923
295,225,299,0.003326,0.001274,6284491.000000,83276.000000,0.013251
296,226,299,0.003323,0.001244,6310057.000000,83002.000000,0.013154
297,227,299,0.003329,0.001322,6388246.000000,85482.000000,0.013381
298,228,299,0.003323,0.001346,6351492.000000,84546.000000,0.013311
299,229,299,0.003323,0.001258,6397582.000000,81777.000000,0.012782
300,230,299,0.003411,0.001379,6499606.000000,88587.000000,0.013630
301,231,299,0.003400,0.001309,6583020.000000,87933.000000,0.013358
302,232,299,0.003457,0.001489,6713433.000000,90610.000000,0.013497
303,232,299,0.003390,0.001335,6507708.000000,87158.000000,0.013393
304,232,298,0.003399,0.001246,6562652.000000,83515.000000,0.012726
305,233,298,0.003376,0.001469,6667572.000000,90920.000000,0.013636
306,234,298,0.003394,0.001271,6635361.000000,87872.000000,0.013243
307,235,298,0.003416,0.001388,6725513.000000,89770.000000,0.013348
308,236,298,0.003399,0.001438,6702928.000000,90065.000000,0.013437
309,237,298,0.003401,0.001285,6777584.000000,87126.000000,0.012855
310,238,298,0.003353,0.001315,6840410.000000,90898.000000,0.013288
311,239,298,0.003397,0.001310,6931635.000000,91426.000000,0.013190
312,239,298,0.003400,0.001321,6872109.000000,89227.000000,0.012984
313,239,298,0.003406,0.001409,6874319.000000,89610.000000,0.013035
314,240,297,0.003399,0.001327,7003088.000000,89293.000000,0.012751
315,241,297,0.003408,0.001455,7066685.000000,93201.000000,0.013189
316,242,297,0.003403,0.001362,7166093.000000,94068.000000,0.013127
317,243,297,0.003406,0.001481,7182374.000000,94873.000000,0.013209
318,243,297,0.003401,0.001383,7278166.000000,94233.000000,0.012947
319,244,297,0.003403,0.001397,7347166.000000,92941.000000,0.012650
320,245,297,0.003412,0.001538,7502536.000000,98101.000000,0.013076
321,245,297,0.003404,0.001437,7447332.000000,96173.000000,0.012914
322,246,296,0.003408,0.001558,7589413.000000,100007.000000,0.013177
323,246,296,0.003408,0.001447,7518675.000000,98092.000000,0.013046
324,247,296,0.003405,0.001472,7565960.000000,96517.000000,0.012757
325,248,296,0.003411,0.001606,7688797.000000,103270.000000,0.013431
326,249,296,0.003412,0.001550,7740932.000000,101933.000000,0.013168
327,250,296,0.003370,0.001638,7852571.000000,102066.000000,0.012998
328,251,296,0.003410,0.001563,8011113.000000,104253.000000,0.013014
329,252,296,0.003416,0.001576,7878452.000000,100342.000000,0.012736
330,253,296,0.003411,0.001649,7994894.000000,104480.000000,0.013068
331,254,296,0.003412,0.001596,8115740.000000,104908.000000,0.012926
332,255,296,0.003419,0.001730,8144801.000000,105161.000000,0.012911
333,256,296,0.003412,0.001597,8235154.000000,104579.000000,0.012699
334,257,296,0.003413,0.001755,8256678.000000,102223.000000,0.012381
335,258,296,0.003414,0.001652,8310743.000000,105536.000000,0.012699
336,259,296,0.003416,0.001615,8414603.000000,106070.000000,0.012605
337,260,296,0.003421,0.001780,8523029.000000,107548.000000,0.012619
338,260,296,0.003415,0.001696,8437920.000000,103314.000000,0.012244
339,260,296,0.003337,0.001998,8558991.000000,109144.000000,0.012752
340,261,296,0.003323,0.001676,8591032.000000,107892.000000,0.012559
341,262,296,0.003325,0.001652,8651946.000000,107756.000000,0.012455
342,263,296,0.003327,0.001801,8761960.000000,109064.000000,0.012447
343,264,296,0.003325,0.001842,8811349.000000,107645.000000,0.012217
344,265,296,0.003325,0.001712,8915675.000000,111509.000000,0.012507
345,266,295,0.003441,0.002106,8958409.000000,113604.000000,0.012681
346,267,295,0.003423,0.001793,9132807.000000,114968.000000,0.012588
347,268,295,0.003417,0.001821,9267074.000000,114768.000000,0.012384
348,269,295,0.003414,0.001780,9162879.000000,110582.000000,0.012068
349,270,295,0.003457,0.001800,9337733.000000,116291.000000,0.012454
350,271,295,0.003423,0.001909,9330374.000000,114727.000000,0.012296
351,272,295,0.003428,0.001823,9522377.000000,116416.000000,0.012226
352,273,294,0.003433,0.002055,9431968.000000,117486.000000,0.012456
353,274,294,0.003423,0.001826,9487703.000000,113562.000000,0.011969
354,275,294,0.003411,0.001843,9495551.000000,117323.000000,0.012356
355,276,294,0.003424,0.001856,9575080.000000,118974.000000,0.012425
356,277,294,0.003423,0.001858,9562445.000000,117894.000000,0.012329
357,278,294,0.003433,0.001975,9634282.000000,118736.000000,0.012324
358,279,294,0.003426,0.001876,9600796.000000,114268.000000,0.011902
359,279,293,0.003429,0.001985,9621173.000000,116792.000000,0.012139
360,280,293,0.003427,0.001877,9645913.000000,119255.000000,0.012363
361,280,293,0.003429,0.001892,9647661.000000,120359.000000,0.012475
362,281,293,0.003425,0.001876,9636418.000000,118826.000000,0.012331
363,282,293,0.003429,0.001909,9689584.000000,119336.000000,0.012316
364,283,293,0.003440,0.002145,9725498.000000,122530.000000,0.012599
365,283,293,0.003427,0.001881,9849792.000000,120440.000000,0.012228
366,284,293,0.003436,0.002060,9863731.000000,123412.000000,0.012512
367,284,293,0.003431,0.001969,9909390.000000,121959.000000,0.012307
368,285,293,0.003426,0.001944,9868910.000000,121548.000000,0.012316
369,286,293,0.003431,0.001950,9980267.000000,124145.000000,0.012439
370,287,293,0.003435,0.001988,9963122.000000,121846.000000,0.012230
371,288,293,0.003429,0.001931,10036705.000000,122403.000000,0.012196
372,289,293,0.003433,0.002002,10166736.000000,122966.000000,0.012095
373,289,293,0.003433,0.002028,10188349.000000,119032.000000,0.011683
374,290,293,0.003431,0.001985,10111405.000000,121897.000000,0.012055
375,291,293,0.003434,0.002004,10219969.000000,124386.000000,0.012171
376,292,293,0.003434,0.002045,10269283.000000,123065.000000,0.011984
377,293,293,0.003431,0.002010,10221599.000000,119508.000000,0.011692
378,294,293,0.003434,0.002026,10354345.000000,124476.000000,0.012022
379,294,292,0.003429,0.002059,10433720.000000,125914.000000,0.012068
380,295,292,0.003429,0.002013,10435938.000000,126817.000000,0.012152
381,296,292,0.003462,0.002007,10458408.000000,125507.000000,0.012001
382,297,292,0.003429,0.002035,10452660.000000,124541.000000,0.011915
383,298,292,0.003441,0.002056,10629512.000000,128078.000000,0.012049
384,299,292,0.003432,0.002051,10573371.000000,126514.000000,0.011965
385,300,292,0.003436,0.002055,10717565.000000,128392.000000,0.011980
386,301,292,0.003364,0.002084,10658524.000000,128900.000000,0.012094
387,302,292,0.003337,0.002089,10759171.000000,125945.000000,0.011706
388,303,292,0.003345,0.002093,10885208.000000,129271.000000,0.011876
389,304,293,0.003349,0.002181,10899460.000000,131182.000000,0.012036
390,305,293,0.003347,0.002238,10956740.000000,131302.000000,0.011984
391,305,293,0.003344,0.002271,11059375.000000,132243.000000,0.011958
392,305,293,0.003370,0.002424,10935115.000000,128729.000000,0.011772
393,306,293,0.003349,0.002370,11205689.000000,136437.000000,0.012176
394,307,293,0.003346,0.002213,11417757.000000,137979.000000,0.012085
395,308,293,0.003357,0.002207,11525176.000000,138353.000000,0.012004
396,308,293,0.003340,0.002283,11543246.000000,138320.000000,0.011983
397,309,293,0.003327,0.002253,11593900.000000,135903.000000,0.011722
398,310,293,0.003353,0.002269,11624261.000000,138724.000000,0.011934
399,311,293,0.003345,0.002278,11724740.000000,141791.000000,0.012093
400,312,293,0.003350,0.002328,11872453.000000,143410.000000,0.012079
401,313,293,0.003362,0.002279,11752572.000000,139849.000000,0.011899
402,313,293,0.003339,0.002295,11740816.000000,140292.000000,0.011949
403,314,293,0.003349,0.002298,11852122.000000,146016.000000,0.012320
404,315,293,0.003357,0.002310,11863428.000000,147405.000000,0.012425
405,316,293,0.003347,0.002340,11939599.000000,151997.000000,0.012730
406,317,293,0.003352,0.002334,12058600.000000,150431.000000,0.012475
407,318,294,0.003357,0.002341,12114070.000000,146387.000000,0.012084
408,318,294,0.003357,0.002410,12332095.000000,155639.000000,0.012621
409,319,294,0.003349,0.002387,12461596.000000,154934.000000,0.012433
410,319,294,0.003370,0.002436,12614930.000000,153516.000000,0.012169
411,320,294,0.003351,0.002477,12746173.000000,156730.000000,0.012296
412,320,294,0.003358,0.002493,12848648.000000,152141.000000,0.011841
413,321,294,0.003375,0.002534,12966335.000000,164591.000000,0.012694
414,321,294,0.003364,0.002648,13210859.000000,162167.000000,0.012275
415,322,294,0.003365,0.002582,13346738.000000,161827.000000,0.012125
416,323,294,0.003384,0.002989,13435744.000000,167666.000000,0.012479
417,324,294,0.003361,0.002616,13476129.000000,160527.000000,0.011912
418,325,294,0.003451,0.002780,13683921.000000,167681.000000,0.012254
419,326,295,0.003328,0.002700,13790167.000000,170480.000000,0.012362
420,327,295,0.003459,0.002712,13606886.000000,166180.000000,0.012213
421,328,294,0.003476,0.002674,13821108.000000,167027.000000,0.012085
422,329,294,0.003483,0.002755,13928170.000000,167902.000000,0.012055
423,330,294,0.003449,0.002833,14145559.000000,175689.000000,0.012420
424,331,294,0.003332,0.002758,14036550.000000,170773.000000,0.012166
425,332,294,0.003442,0.002809,14277745.000000,174882.000000,0.012249
426,333,294,0.003661,0.003040,14505139.000000,175634.000000,0.012108
427,334,294,0.003424,0.002826,14342389.000000,169689.000000,0.011831
428,335,294,0.003420,0.002833,14328099.000000,173326.000000,0.012097
429,336,294,0.003474,0.002849,14521364.000000,175823.000000,0.012108
430,337,294,0.003486,0.002878,14727262.000000,180114.000000,0.012230
431,337,294,0.003445,0.002891,14551116.000000,175359.000000,0.012051
432,338,294,0.003464,0.002850,14586719.000000,177225.000000,0.012150
433,339,294,0.003493,0.002871,14785201.000000,181097.000000,0.012249
434,339,294,0.003613,0.002924,14974644.000000,181312.000000,0.012108
435,340,293,0.003534,0.002908,15074808.000000,182534.000000,0.012109
436,341,293,0.003616,0.002977,15347121.000000,182131.000000,0.011867
437,342,293,0.003688,0.003045,15228350.000000,187884.000000,0.012338
438,343,293,0.003598,0.002988,15404583.000000,184518.000000,0.011978
439,343,292,0.003619,0.003016,15279772.000000,185033.000000,0.012110
440,344,292,0.003665,0.003041,15442808.000000,185447.000000,0.012009
441,345,292,0.003568,0.003001,15353899.000000,182740.000000,0.011902
442,346,291,0.003715,0.003083,15653598.000000,188182.000000,0.012022
443,347,291,0.003677,0.003090,15590852.000000,188118.000000,0.012066
444,348,291,0.003612,0.003052,15605694.000000,186986.000000,0.011982
445,349,290,0.003740,0.003164,15682341.000000,185641.000000,0.011838
446,350,290,0.003645,0.003079,15712456.000000,185873.000000,0.011830
447,350,290,0.003665,0.003082,15710030.000000,186638.000000,0.011880
448,351,289,0.003764,0.003159,15858648.000000,188550.000000,0.011889
449,352,288,0.003711,0.003119,16007699.000000,188622.000000,0.011783
450,353,288,0.003755,0.003169,16110309.000000,188159.000000,0.011679
451,353,287,0.003781,0.003216,16107231.000000,191034.000000,0.011860
452,353,286,0.003951,0.003389,16106927.000000,190229.000000,0.011810
453,354,286,0.003758,0.003453,16147303.000000,194518.000000,0.012046
454,355,285,0.003709,0.003354,16139725.000000,197302.000000,0.012225
455,356,285,0.003607,0.003216,16302333.000000,191010.000000,0.011717
456,357,284,0.003888,0.003522,16512738.000000,192636.000000,0.011666
457,358,284,0.003547,0.003194,16519258.000000,195099.000000,0.011810
458,359,284,0.003540,0.003247,16603016.000000,195000.000000,0.011745
459,359,284,0.003514,0.003241,16539423.000000,190568.000000,0.011522
460,360,283,0.003554,0.003247,16667418.000000,195253.000000,0.011715
461,361,283,0.003612,0.003279,16937551.000000,197620.000000,0.011668
462,362,283,0.003598,0.003294,16865638.000000,196986.000000,0.011680
463,363,282,0.003610,0.003300,16982273.000000,193946.000000,0.011420
464,364,282,0.003629,0.003319,16972001.000000,197978.000000,0.011665
465,365,281,0.003656,0.003321,17150726.000000,198256.000000,0.011560
466,366,281,0.003633,0.003344,17084657.000000,198029.000000,0.011591
467,367,281,0.003662,0.003345,17213605.000000,198009.000000,0.011503
468,368,280,0.003669,0.003386,17255067.000000,194883.000000,0.011294
469,369,280,0.003698,0.003386,17397911.000000,199740.000000,0.011481
470,370,279,0.003714,0.003429,17490281.000000,203050.000000,0.011609
471,371,279,0.003724,0.003423,17571610.000000,203224.000000,0.011565
472,371,278,0.003756,0.003442,17707443.000000,200937.000000,0.011348
473,372,278,0.003812,0.003504,18003455.000000,207000.000000,0.011498
474,373,277,0.003831,0.003512,18047849.000000,207615.000000,0.011504
475,374,277,0.003853,0.003523,18184712.000000,209014.000000,0.011494
476,375,276,0.003886,0.003567,18356462.000000,212477.000000,0.011575
477,376,275,0.003876,0.003586,18372293.000000,210154.000000,0.011439
478,376,275,0.003922,0.003604,18561058.000000,214691.000000,0.011567
479,377,274,0.003877,0.003579,18373745.000000,212720.000000,0.011577
480,377,273,0.003893,0.003596,18470143.000000,213764.000000,0.011573
481,378,273,0.003997,0.003668,18678171.000000,216946.000000,0.011615
482,379,272,0.003987,0.003664,18738530.000000,218886.000000,0.011681
483,380,271,0.004760,0.004103,18929131.000000,222054.000000,0.011731
484,381,269,0.004417,0.003776,19165937.000000,232121.000000,0.012111
485,381,268,0.004408,0.003788,19111600.000000,222862.000000,0.011661
486,382,267,0.004333,0.003745,19076693.000000,227997.000000,0.011952
487,383,266,0.004478,0.003852,19246615.000000,231288.000000,0.012017
488,384,265,0.004391,0.003764,19357498.000000,231958.000000,0.011983
489,385,264,0.004518,0.003837,19434795.000000,229051.000000,0.011786
490,385,263,0.004435,0.003826,19621990.000000,234336.000000,0.011943
491,386,261,0.004504,0.003861,19673197.000000,231740.000000,0.011779
492,387,260,0.004477,0.003909,19579356.000000,228887.000000,0.011690
493,388,259,0.004513,0.003877,19786839.000000,234730.000000,0.011863
494,389,258,0.004629,0.003994,20130874.000000,237895.000000,0.011817
495,390,257,0.004564,0.003924,20228494.000000,242408.000000,0.011983
496,391,256,0.004635,0.004030,20145737.000000,237582.000000,0.011793
497,392,255,0.004597,0.003957,20349991.000000,240408.000000,0.011814
498,393,253,0.004715,0.004110,20482347.000000,242055.000000,0.011818
499,394,252,0.004615,0.003979,20440403.000000,241238.000000,0.011802
500,395,251,0.004668,0.004091,20375618.000000,239617.000000,0.011760
501,395,250,0.004602,0.004022,20364348.000000,240349.000000,0.011802
502,396,249,0.004728,0.004030,20611358.000000,244933.000000,0.011883
503,397,248,0.004732,0.004107,20666409.000000,246800.000000,0.011942
504,398,247,0.004793,0.004166,20867235.000000,246337.000000,0.011805
505,398,246,0.004580,0.004088,20812991.000000,245926.000000,0.011816
506,399,245,0.004451,0.004125,20688311.000000,243643.000000,0.011777
507,400,244,0.004472,0.004139,20820350.000000,241327.000000,0.011591
508,401,244,0.004504,0.004168,20927493.000000,247871.000000,0.011844
509,401,243,0.004520,0.004196,21032434.000000,250704.000000,0.011920
510,402,242,0.004492,0.004156,21171552.000000,245808.000000,0.011610
511,403,241,0.004650,0.004285,21265333.000000,252011.000000,0.011851
512,404,241,0.004557,0.004205,21459764.000000,250923.000000,0.011693
513,405,240,0.004645,0.004320,21485199.000000,254607.000000,0.011850
514,406,239,0.004540,0.004252,21461873.000000,249716.000000,0.011635
515,407,238,0.004627,0.004300,21577420.000000,253139.000000,0.011732
516,408,237,0.004643,0.004266,21711082.000000,255318.000000,0.011760
517,409,236,0.004697,0.004359,21824005.000000,255987.000000,0.011730
518,409,235,0.004615,0.004329,21678122.000000,249759.000000,0.011521
519,410,234,0.004717,0.004364,21923045.000000,258561.000000,0.011794
520,411,233,0.004748,0.004415,22197764.000000,259541.000000,0.011692
521,412,232,0.004729,0.004383,22079413.000000,255850.000000,0.011588
522,413,231,0.004773,0.004427,22355835.000000,258013.000000,0.011541
523,414,230,0.004794,0.004356,22297300.000000,260243.000000,0.011672
524,415,229,0.004798,0.004488,22439600.000000,260980.000000,0.011630
525,416,228,0.004818,0.004476,22567321.000000,258951.000000,0.011475
526,417,227,0.004949,0.004513,22780672.000000,263794.000000,0.011580
527,417,226,0.004825,0.004459,22846385.000000,264551.000000,0.011580
528,418,225,0.004843,0.004542,22515817.000000,258353.000000,0.011474
529,419,224,0.004795,0.004437,22702475.000000,263418.000000,0.011603
530,420,223,0.004950,0.004638,22708366.000000,264491.000000,0.011647
531,421,222,0.004834,0.004473,22859507.000000,265861.000000,0.011630
532,422,221,0.004982,0.004622,23001606.000000,265666.000000,0.011550
533,423,220,0.004923,0.004563,23331764.000000,269506.000000,0.011551
534,423,219,0.005018,0.004654,23238614.000000,269889.000000,0.011614
535,424,218,0.004893,0.004588,23266739.000000,266739.000000,0.011464
536,425,217,0.005083,0.004711,23497205.000000,270989.000000,0.011533
537,426,216,0.004993,0.004633,23663041.000000,271062.000000,0.011455
538,427,215,0.005134,0.004787,23774353.000000,270889.000000,0.011394
539,428,215,0.005033,0.004678,23912637.000000,275279.000000,0.011512
540,429,214,0.005162,0.004842,24034396.000000,275481.000000,0.011462
541,430,213,0.005090,0.004746,24206320.000000,275003.000000,0.011361
542,430,212,0.005281,0.004947,24416231.000000,276942.000000,0.011343
543,431,211,0.005182,0.004776,24328272.000000,279869.000000,0.011504
544,432,211,0.005216,0.004887,24515261.000000,280657.000000,0.011448
545,433,210,0.005299,0.004950,24481495.000000,282092.000000,0.011523
546,434,210,0.005246,0.004911,24694712.000000,287623.000000,0.011647
547,435,209,0.005281,0.004952,24782429.000000,290072.000000,0.011705
548,436,208,0.005329,0.004959,25023032.000000,291411.000000,0.011646
549,437,208,0.005401,0.005041,25229605.000000,295294.000000,0.011704
550,438,207,0.005369,0.004993,25275213.000000,295398.000000,0.011687
551,438,206,0.005542,0.005054,25544218.000000,305270.000000,0.011951
552,439,206,0.005364,0.005012,25618779.000000,294613.000000,0.011500
553,440,205,0.005513,0.005164,25600056.000000,296554.000000,0.011584
554,441,204,0.005365,0.005016,25599045.000000,293968.000000,0.011484
555,442,204,0.005561,0.005187,25916767.000000,301157.000000,0.011620
556,443,203,0.005905,0.005128,26175039.000000,304141.000000,0.011620
557,444,202,0.005786,0.005147,26215877.000000,300895.000000,0.011478
558,445,201,0.005853,0.005184,26544840.000000,307022.000000,0.011566
559,446,200,0.005908,0.005254,26772564.000000,308898.000000,0.011538
560,446,199,0.005875,0.005571,26379322.000000,305085.000000,0.011565
561,447,199,0.005563,0.005179,26669285.000000,306540.000000,0.011494
562,448,198,0.005772,0.005400,26999815.000000,314816.000000,0.011660
563,449,197,0.005772,0.005398,27048723.000000,310642.000000,0.011485
564,450,197,0.005725,0.005402,27196701.000000,314914.000000,0.011579
565,451,196,0.005905,0.005431,27425686.000000,317756.000000,0.011586
566,451,195,0.005761,0.005420,27223076.000000,310234.000000,0.011396
567,451,194,0.005749,0.005382,27383593.000000,315503.000000,0.011522
568,452,194,0.005735,0.005380,27404854.000000,316434.000000,0.011547
569,453,193,0.005778,0.005389,27620007.000000,313370.000000,0.011346
570,454,192,0.005830,0.005441,27690753.000000,318019.000000,0.011485
571,454,191,0.005745,0.005409,27692086.000000,315654.000000,0.011399
572,455,191,0.005839,0.005492,27814194.000000,319502.000000,0.011487
573,456,190,0.005848,0.005461,27998136.000000,321328.000000,0.011477
574,456,189,0.005894,0.005511,28122971.000000,318601.000000,0.011329
575,456,188,0.005962,0.005571,28408954.000000,325864.000000,0.011470
576,457,187,0.005848,0.005467,28072950.000000,321223.000000,0.011442
577,458,187,0.005921,0.005538,28236741.000000,319760.000000,0.011324
578,459,186,0.005894,0.005528,28169173.000000,324011.000000,0.011502
579,460,185,0.006235,0.005846,28407126.000000,325866.000000,0.011471
580,461,184,0.006279,0.005957,28382699.000000,321804.000000,0.011338
581,462,183,0.006236,0.005846,28592621.000000,327853.000000,0.011466
582,463,183,0.005955,0.005610,28685156.000000,329003.000000,0.011469
583,464,182,0.005948,0.005612,28720578.000000,326146.000000,0.011356
584,465,181,0.006034,0.005677,28843250.000000,329686.000000,0.011430
585,466,181,0.006041,0.005685,28799283.000000,327629.000000,0.011376
586,466,180,0.005992,0.005660,28817823.000000,328115.000000,0.011386
587,467,179,0.006122,0.005718,29102268.000000,331863.000000,0.011403
588,467,179,0.006053,0.005730,29170015.000000,328023.000000,0.011245
589,468,178,0.006132,0.005772,29330006.000000,332538.000000,0.011338
590,469,177,0.006143,0.005802,29387992.000000,334116.000000,0.011369
591,470,177,0.006153,0.005757,29593694.000000,332832.000000,0.011247
592,471,176,0.006304,0.005890,29997631.000000,339721.000000,0.011325
593,472,175,0.006360,0.005933,29958645.000000,342034.000000,0.011417
594,473,175,0.006269,0.005875,30118472.000000,338619.000000,0.011243
595,473,174,0.006330,0.005920,30095470.000000,341202.000000,0.011337
596,474,173,0.006338,0.005964,30316586.000000,340104.000000,0.011218
597,475,173,0.006385,0.005990,30508688.000000,344839.000000,0.011303
598,475,172,0.006431,0.006090,30498319.000000,344089.000000,0.011282
599,475,171,0.006309,0.005977,30378605.000000,338852.000000,0.011154
600,476,171,0.006348,0.006029,30471174.000000,343635.000000,0.011277
601,477,170,0.006436,0.006053,30633182.000000,343024.000000,0.011198
602,478,170,0.006372,0.005988,30722220.000000,346992.000000,0.011294
603,478,169,0.006438,0.006110,30733747.000000,347934.000000,0.011321
604,479,168,0.006406,0.006074,30691379.000000,345938.000000,0.011272
605,480,168,0.006415,0.006022,30923462.000000,349374.000000,0.011298
606,481,167,0.006547,0.006159,31213536.000000,353589.000000,0.011328
607,481,167,0.006405,0.006075,30802431.000000,350736.000000,0.011387
608,482,166,0.006472,0.006082,31043845.000000,351759.000000,0.011331
609,483,166,0.006538,0.006134,31260338.000000,351587.000000,0.011247
610,484,165,0.006506,0.006121,31304305.000000,354095.000000,0.011311
611,484,165,0.006570,0.006202,31409955.000000,351864.000000,0.011202
612,484,164,0.007554,0.006909,31520473.000000,354671.000000,0.011252
613,484,163,0.006822,0.006176,31623362.000000,355502.000000,0.011242
614,485,162,0.006953,0.006295,31946560.000000,354992.000000,0.011112
615,486,162,0.007017,0.006380,32287751.000000,362218.000000,0.011218
616,486,161,0.006936,0.006302,32101947.000000,358580.000000,0.011170
617,486,161,0.006998,0.006357,32269626.000000,359573.000000,0.011143
618,487,160,0.006986,0.006334,32155372.000000,360370.000000,0.011207
619,488,160,0.007017,0.006325,32288437.000000,359526.000000,0.011135
620,489,159,0.006992,0.006336,32460827.000000,362482.000000,0.011167
621,489,159,0.006999,0.006419,32327545.000000,360060.000000,0.011138
622,490,158,0.007043,0.006440,32383951.000000,363096.000000,0.011212
623,490,158,0.006965,0.006363,32366055.000000,360869.000000,0.011150
624,491,157,0.006973,0.006396,32347170.000000,358445.000000,0.011081
625,492,157,0.007084,0.006439,32528839.000000,363950.000000,0.011189
626,493,156,0.007290,0.006660,32656880.000000,363186.000000,0.011121
627,493,156,0.007086,0.006448,32810565.000000,363719.000000,0.011085
628,494,155,0.007173,0.006531,32999174.000000,362939.000000,0.010998
629,495,154,0.007129,0.006492,32796790.000000,366572.000000,0.011177
630,495,154,0.007008,0.006411,32755046.000000,365351.000000,0.011154
631,496,153,0.007147,0.006503,32969030.000000,363934.000000,0.011039
632,496,153,0.007215,0.006600,33282494.000000,371053.000000,0.011149
633,497,152,0.007163,0.006537,33321326.000000,368831.000000,0.011069
634,498,152,0.007230,0.006558,33459416.000000,374138.000000,0.011182
635,498,151,0.007345,0.006687,33852113.000000,373207.000000,0.011025
636,499,151,0.007379,0.006713,34041335.000000,380039.000000,0.011164
637,500,150,0.007239,0.006624,33707101.000000,377247.000000,0.011192
638,501,150,0.007367,0.006703,34023587.000000,374269.000000,0.011000
639,501,149,0.007334,0.006723,33922716.000000,377768.000000,0.011136
640,502,149,0.007393,0.006757,34078130.000000,376296.000000,0.011042
641,502,148,0.007405,0.006703,34394077.000000,379272.000000,0.011027
642,503,148,0.007356,0.006769,34164194.000000,374254.000000,0.010955
643,504,147,0.007448,0.006789,34426220.000000,381607.000000,0.011085
644,505,147,0.007450,0.006860,34474717.000000,378364.000000,0.010975
645,506,146,0.007434,0.006789,34701047.000000,381761.000000,0.011001
646,507,146,0.007504,0.006867,34907392.000000,382848.000000,0.010968
647,508,145,0.007599,0.006939,35156818.000000,381533.000000,0.010852
648,509,145,0.007654,0.007006,35421062.000000,388463.000000,0.010967
649,510,144,0.007591,0.006940,35373045.000000,386791.000000,0.010935
650,511,144,0.007584,0.006970,35453681.000000,389179.000000,0.010977
651,512,143,0.007684,0.007020,35607941.000000,384700.000000,0.010804
652,512,143,0.007757,0.007092,35883413.000000,393152.000000,0.010956
653,512,142,0.007719,0.007130,35816653.000000,387735.000000,0.010826
654,513,142,0.007700,0.007067,35935699.000000,390980.000000,0.010880
655,513,141,0.007770,0.007129,36071853.000000,391621.000000,0.010857
656,514,141,0.007537,0.007209,35831096.000000,392795.000000,0.010962
657,515,140,0.007534,0.007145,36069544.000000,390616.000000,0.010830
658,516,140,0.007807,0.007070,36103397.000000,394756.000000,0.010934
659,517,139,0.008012,0.007139,36359025.000000,396313.000000,0.010900
660,517,139,0.007787,0.007194,36223060.000000,390332.000000,0.010776
661,518,138,0.007869,0.007180,36545774.000000,398637.000000,0.010908
662,519,138,0.007805,0.007207,36664229.000000,397976.000000,0.010855
663,519,138,0.007889,0.007224,36929628.000000,400523.000000,0.010846
664,520,137,0.007930,0.007337,36977290.000000,401868.000000,0.010868
665,520,137,0.007928,0.007309,37060630.000000,404938.000000,0.010926
666,520,136,0.007977,0.007382,37101023.000000,401267.000000,0.010816
667,521,136,0.007939,0.007291,37285416.000000,406059.000000,0.010891
668,522,135,0.007943,0.007350,37238840.000000,401699.000000,0.010787
669,523,135,0.008019,0.007377,37439552.000000,406496.000000,0.010857
670,524,134,0.008072,0.007406,37687843.000000,404729.000000,0.010739
671,525,134,0.008153,0.007468,38023446.000000,412439.000000,0.010847
672,526,134,0.008045,0.007452,37834156.000000,408435.000000,0.010795
673,527,133,0.008113,0.007451,38103922.000000,411144.000000,0.010790
674,527,133,0.008175,0.007511,38254289.000000,409391.000000,0.010702
675,528,133,0.008180,0.007549,38291325.000000,412929.000000,0.010784
676,529,132,0.008196,0.007602,38307613.000000,411697.000000,0.010747
677,530,132,0.008246,0.007535,38598772.000000,416951.000000,0.010802
678,530,131,0.008234,0.007589,38717651.000000,411121.000000,0.010618
679,531,131,0.008270,0.007636,38898211.000000,415443.000000,0.010680
680,532,131,0.008282,0.007688,38761182.000000,413353.000000,0.010664
681,533,130,0.008331,0.007669,38977366.000000,417828.000000,0.010720
682,534,130,0.008314,0.007703,39004756.000000,413389.000000,0.010598
683,535,130,0.008487,0.007687,39301618.000000,419952.000000,0.010685
684,535,129,0.008085,0.007690,39187964.000000,414303.000000,0.010572
685,535,129,0.008161,0.007783,39452090.000000,418932.000000,0.010619
686,536,129,0.008223,0.007899,39556785.000000,418756.000000,0.010586
687,537,128,0.008309,0.007916,39810983.000000,422291.000000,0.010607
688,538,128,0.008651,0.008039,39706823.000000,419454.000000,0.010564
689,538,128,0.008506,0.007804,39924942.000000,423402.000000,0.010605
690,539,127,0.008562,0.007904,40222536.000000,426641.000000,0.010607
691,540,127,0.008638,0.007942,40493892.000000,428487.000000,0.010582
692,541,126,0.008609,0.007970,40484358.000000,426048.000000,0.010524
693,542,126,0.008497,0.007971,40658426.000000,432245.000000,0.010631
694,543,126,0.008671,0.008005,40637579.000000,439222.000000,0.010808
695,543,125,0.008672,0.007998,40718889.000000,431962.000000,0.010608
696,544,125,0.008638,0.007990,40617699.000000,427050.000000,0.010514
697,544,125,0.008680,0.007990,40948526.000000,432954.000000,0.010573
698,545,124,0.008772,0.008095,41374873.000000,431534.000000,0.010430
699,546,124,0.008750,0.008018,40985131.000000,433365.000000,0.010574
700,547,123,0.008853,0.008161,41580156.000000,433519.000000,0.010426
701,548,123,0.008904,0.008215,41832696.000000,439059.000000,0.010496
702,549,123,0.009137,0.008449,41913150.000000,441450.000000,0.010532
703,550,122,0.008772,0.008217,41981934.000000,439323.000000,0.010465
704,551,122,0.008969,0.008410,42763085.000000,441286.000000,0.010319
705,552,122,0.008839,0.008246,42272998.000000,442355.000000,0.010464
706,552,121,0.008805,0.008327,42548005.000000,441616.000000,0.010379
707,552,121,0.008810,0.008372,42573721.000000,439921.000000,0.010333
708,553,121,0.008870,0.008402,42651832.000000,446605.000000,0.010471
709,554,120,0.008868,0.008403,42665349.000000,442664.000000,0.010375
710,555,120,0.009064,0.008631,42715761.000000,448611.000000,0.010502
711,556,120,0.008942,0.008505,42702916.000000,449504.000000,0.010526
712,556,119,0.008906,0.008463,42705935.000000,448365.000000,0.010499
713,556,119,0.008950,0.008519,42704654.000000,444808.000000,0.010416
714,557,119,0.008970,0.008451,42988977.000000,449489.000000,0.010456
715,558,119,0.008936,0.008443,43061262.000000,450927.000000,0.010472
716,559,118,0.009032,0.008538,43217168.000000,450557.000000,0.010425
717,560,118,0.008957,0.008500,43091967.000000,443808.000000,0.010299
718,561,118,0.009033,0.008541,43382135.000000,450988.000000,0.010396
719,562,117,0.009064,0.008596,43505922.000000,447867.000000,0.010294
720,563,117,0.009101,0.008630,43775557.000000,454601.000000,0.010385
721,563,117,0.009087,0.008626,43782223.000000,450582.000000,0.010291
722,564,116,0.009118,0.008652,43810148.000000,450843.000000,0.010291
723,565,116,0.009214,0.008694,44142465.000000,456784.000000,0.010348
724,566,116,0.009314,0.008806,44465958.000000,457014.000000,0.010278
725,567,116,0.009236,0.008710,44308114.000000,458456.000000,0.010347
726,568,115,0.009164,0.008716,44394899.000000,456461.000000,0.010282
727,569,115,0.009312,0.008789,44751531.000000,461924.000000,0.010322
728,570,115,0.009278,0.008841,44805820.000000,459201.000000,0.010249
729,571,114,0.009342,0.008836,45065941.000000,459863.000000,0.010204
730,572,114,0.009333,0.008893,44957840.000000,458252.000000,0.010193
731,573,114,0.009409,0.008889,45272630.000000,459319.000000,0.010146
732,574,114,0.009369,0.008923,45161752.000000,460966.000000,0.010207
733,575,113,0.009449,0.008923,45448947.000000,459995.000000,0.010121
734,576,113,0.009431,0.008985,45332723.000000,465268.000000,0.010263
735,577,113,0.009527,0.008985,45682504.000000,465338.000000,0.010186
736,577,112,0.009590,0.009038,46140184.000000,470483.000000,0.010197
737,577,112,0.009449,0.009012,45600031.000000,463275.000000,0.010160
738,578,112,0.009495,0.009045,45717368.000000,464911.000000,0.010169
739,578,112,0.009583,0.009060,46099860.000000,468529.000000,0.010163
740,579,111,0.009629,0.009104,46288145.000000,469222.000000,0.010137
741,579,111,0.009659,0.009123,46479613.000000,472985.000000,0.010176
742,580,111,0.009628,0.009193,46292662.000000,469792.000000,0.010148
743,581,111,0.009665,0.009175,46509833.000000,474224.000000,0.010196
744,582,110,0.009638,0.009206,46455513.000000,471597.000000,0.010152
745,583,110,0.009754,0.009260,46655911.000000,474896.000000,0.010179
746,584,110,0.009688,0.009199,46699868.000000,477865.000000,0.010233
747,585,109,0.009650,0.009173,46768191.000000,474101.000000,0.010137
748,586,109,0.009702,0.009260,46834802.000000,477796.000000,0.010202
749,587,109,0.009738,0.009258,46970774.000000,475659.000000,0.010127
750,588,109,0.009751,0.009325,47123013.000000,478050.000000,0.010145
751,589,108,0.009822,0.009349,47275980.000000,484318.000000,0.010244
752,590,108,0.009795,0.009358,47296818.000000,481734.000000,0.010185
753,591,108,0.009846,0.009324,47521054.000000,481813.000000,0.010139
754,592,108,0.009817,0.009374,47480078.000000,477994.000000,0.010067
755,592,107,0.009894,0.009394,47681939.000000,485078.000000,0.010173
756,592,107,0.009865,0.009390,47799630.000000,480784.000000,0.010058
757,593,107,0.009900,0.009439,47878044.000000,481318.000000,0.010053
758,594,107,0.009984,0.009464,48208474.000000,488836.000000,0.010140
759,594,106,0.009989,0.009492,48312117.000000,484083.000000,0.010020
760,595,106,0.009926,0.009467,48008344.000000,486265.000000,0.010129
761,596,106,0.010007,0.009493,48255638.000000,484239.000000,0.010035
762,597,106,0.010053,0.009618,48530111.000000,487749.000000,0.010050
763,598,106,0.010093,0.009578,48768556.000000,493032.000000,0.010110
764,599,105,0.010058,0.009585,48650304.000000,489036.000000,0.010052
765,600,105,0.010154,0.009617,48958328.000000,495547.000000,0.010122
766,601,105,0.010234,0.009715,49087019.000000,492560.000000,0.010034
767,602,105,0.010179,0.009683,49193022.000000,497032.000000,0.010104
768,603,104,0.010277,0.009722,49576207.000000,502671.000000,0.010139
769,603,104,0.010153,0.009718,49310606.000000,494625.000000,0.010031
770,604,104,0.010237,0.009937,49351494.000000,499105.000000,0.010113
771,605,104,0.010235,0.009826,49743847.000000,504703.000000,0.010146
772,606,103,0.010166,0.009862,49546182.000000,498461.000000,0.010061
773,607,103,0.010436,0.009715,49897275.000000,504397.000000,0.010109
774,608,103,0.010285,0.009852,50024005.000000,502520.000000,0.010046
775,609,103,0.010465,0.009938,50366436.000000,505519.000000,0.010037
776,610,102,0.010550,0.010101,50442342.000000,505811.000000,0.010028
777,610,102,0.010418,0.009930,50570874.000000,504021.000000,0.009967
778,611,102,0.010507,0.010000,50989550.000000,511221.000000,0.010026
779,612,102,0.010432,0.009950,50560009.000000,506040.000000,0.010009
780,613,101,0.010465,0.009983,50661238.000000,506179.000000,0.009991
781,614,101,0.010584,0.010047,51099467.000000,514356.000000,0.010066
782,615,101,0.010611,0.010084,51418065.000000,511772.000000,0.009953
783,616,101,0.010590,0.010112,51402941.000000,512096.000000,0.009962
784,617,100,0.010655,0.010151,51680082.000000,516861.000000,0.010001
785,618,100,0.010734,0.010382,51817877.000000,517727.000000,0.009991
786,619,100,0.010722,0.010408,51646569.000000,515006.000000,0.009972
787,620,100,0.010768,0.010409,51796128.000000,518404.000000,0.010009
788,620,99,0.010818,0.010329,51988922.000000,518525.000000,0.009974
789,620,99,0.010739,0.010242,52154952.000000,516621.000000,0.009906
790,621,99,0.010794,0.010260,52142548.000000,521059.000000,0.009993
791,621,99,0.010737,0.010238,52155971.000000,517636.000000,0.009925
792,622,99,0.010783,0.010285,52378444.000000,522738.000000,0.009980
793,623,98,0.010813,0.010359,52574975.000000,518874.000000,0.009869
794,624,98,0.010895,0.010452,52688126.000000,520385.000000,0.009877
795,624,98,0.010832,0.010382,52690004.000000,523545.000000,0.009936
796,625,98,0.010843,0.010399,52675453.000000,520651.000000,0.009884
797,626,97,0.010994,0.010393,53157281.000000,534097.000000,0.010047
798,627,97,0.010993,0.010465,53356325.000000,529745.000000,0.009928
799,628,97,0.010953,0.010436,53101397.000000,522993.000000,0.009849
800,629,97,0.011072,0.010627,53030215.000000,523324.000000,0.009868
801,630,97,0.011067,0.010519,53443081.000000,529697.000000,0.009911
802,631,96,0.010968,0.010532,53385635.000000,524650.000000,0.009828
803,632,96,0.011105,0.010572,53760606.000000,527346.000000,0.009809
804,632,96,0.011111,0.010629,54085130.000000,530106.000000,0.009801
805,633,96,0.011216,0.010691,54437680.000000,530403.000000,0.009743
806,633,95,0.011257,0.010717,54639026.000000,530371.000000,0.009707
807,633,95,0.011280,0.010793,54827113.000000,535207.000000,0.009762
808,633,95,0.011364,0.010810,55224229.000000,536081.000000,0.009707
809,634,95,0.011440,0.010946,55367644.000000,539793.000000,0.009749
810,634,94,0.011234,0.010787,55211977.000000,537957.000000,0.009743
811,634,94,0.011261,0.010953,55204115.000000,535624.000000,0.009703
812,635,94,0.011570,0.011058,55462705.000000,536993.000000,0.009682
813,636,94,0.011665,0.010916,55782200.000000,543827.000000,0.009749
814,637,93,0.011511,0.010988,56035094.000000,542923.000000,0.009689
815,637,93,0.011518,0.010994,56236408.000000,544643.000000,0.009685
816,638,93,0.011476,0.011039,55752201.000000,542687.000000,0.009734
817,638,93,0.011442,0.010991,55751438.000000,544135.000000,0.009760
818,638,92,0.011492,0.010979,56010041.000000,542962.000000,0.009694
819,639,92,0.011585,0.011035,56329232.000000,545773.000000,0.009689
820,639,92,0.011503,0.011054,56123550.000000,546863.000000,0.009744
821,640,92,0.011663,0.011098,56527736.000000,546937.000000,0.009676
822,640,92,0.011766,0.011207,57247475.000000,552968.000000,0.009659
823,641,91,0.012643,0.012142,57538392.000000,561374.000000,0.009757
824,642,91,0.011756,0.011215,57193548.000000,552299.000000,0.009657
825,643,91,0.011844,0.011293,57580932.000000,555625.000000,0.009649
826,644,90,0.011951,0.011404,58148029.000000,559397.000000,0.009620
827,645,90,0.011990,0.011471,58383296.000000,564719.000000,0.009673
828,645,90,0.012045,0.011532,58813098.000000,562531.000000,0.009565
829,645,90,0.012068,0.011625,58745666.000000,562608.000000,0.009577
830,646,89,0.012052,0.011591,58764153.000000,565286.000000,0.009620
831,647,89,0.012084,0.011588,58908456.000000,564711.000000,0.009586
832,648,89,0.012078,0.011633,58903626.000000,564585.000000,0.009585
833,649,89,0.012087,0.011616,59022458.000000,564405.000000,0.009563
834,650,89,0.012117,0.011655,59160251.000000,568471.000000,0.009609
835,651,88,0.012095,0.011648,59099655.000000,564959.000000,0.009559
836,652,88,0.012132,0.011643,59259165.000000,565229.000000,0.009538
837,652,88,0.012208,0.011741,59401508.000000,566075.000000,0.009530
838,653,88,0.012448,0.011983,59385422.000000,567647.000000,0.009559
839,654,87,0.012156,0.011671,59454687.000000,566696.000000,0.009532
840,655,87,0.012207,0.011757,59703988.000000,565251.000000,0.009468
841,656,87,0.012295,0.011774,59939980.000000,572712.000000,0.009555
842,657,87,0.012311,0.011804,60111414.000000,569605.000000,0.009476
843,657,87,0.012336,0.011824,60281730.000000,571949.000000,0.009488
844,658,86,0.012230,0.011787,59843646.000000,567235.000000,0.009479
845,659,86,0.012474,0.011865,60355725.000000,576995.000000,0.009560
846,660,86,0.012364,0.011903,60433185.000000,572549.000000,0.009474
847,661,86,0.012424,0.011899,60711438.000000,576447.000000,0.009495
848,662,85,0.012467,0.011950,60871747.000000,575693.000000,0.009457
849,663,85,0.012574,0.012017,61383999.000000,583986.000000,0.009514
850,664,85,0.012574,0.012107,61389172.000000,581684.000000,0.009475
851,665,85,0.012632,0.012077,61793316.000000,583928.000000,0.009450
852,666,85,0.012640,0.012166,61894422.000000,584829.000000,0.009449
853,667,84,0.012804,0.012219,62210223.000000,590548.000000,0.009493
854,668,84,0.012756,0.012303,62353852.000000,587557.000000,0.009423
855,668,84,0.012716,0.012275,62316350.000000,585543.000000,0.009396
856,669,84,0.012811,0.012268,62685232.000000,589336.000000,0.009402
857,669,83,0.012872,0.012352,62997579.000000,592415.000000,0.009404
858,670,83,0.012798,0.012359,62725274.000000,587933.000000,0.009373
859,670,83,0.012918,0.012569,62883496.000000,592811.000000,0.009427
860,671,83,0.012947,0.012512,63370482.000000,594142.000000,0.009376
861,671,83,0.012949,0.012549,63431008.000000,594264.000000,0.009369
862,672,82,0.012953,0.012540,63473626.000000,598934.000000,0.009436
863,673,82,0.012898,0.012516,63364324.000000,595658.000000,0.009401
864,674,82,0.013184,0.012716,63372386.000000,596229.000000,0.009408
865,675,82,0.012970,0.012452,63563613.000000,595661.000000,0.009371
866,675,81,0.013085,0.012567,63956405.000000,603124.000000,0.009430
867,675,81,0.012995,0.012552,63689301.000000,598579.000000,0.009398
868,675,81,0.013057,0.012534,63995649.000000,599007.000000,0.009360
869,675,81,0.013142,0.012648,64297793.000000,602039.000000,0.009363
870,675,81,0.013178,0.012686,64481259.000000,603988.000000,0.009367
871,676,81,0.013223,0.012694,64607993.000000,608621.000000,0.009420
872,677,80,0.013244,0.012703,64821685.000000,607775.000000,0.009376
873,678,80,0.013515,0.012982,65016224.000000,611407.000000,0.009404
874,679,80,0.013270,0.012806,64945159.000000,616828.000000,0.009498
875,679,80,0.013237,0.012781,64881043.000000,615386.000000,0.009485
876,680,80,0.013405,0.012862,65258279.000000,623601.000000,0.009556
877,681,79,0.013373,0.012844,65389543.000000,618546.000000,0.009459
878,682,79,0.013485,0.013155,65136124.000000,616869.000000,0.009470
879,683,79,0.013501,0.012950,65689617.000000,630651.000000,0.009600
880,683,79,0.013490,0.013083,66248854.000000,625348.000000,0.009439
881,684,79,0.013533,0.013109,66260880.000000,627616.000000,0.009472
882,685,78,0.013864,0.013319,66688557.000000,630522.000000,0.009455
883,686,78,0.014206,0.013255,66755562.000000,633176.000000,0.009485
884,687,78,0.013636,0.013299,66781337.000000,631497.000000,0.009456
885,687,78,0.013551,0.013230,66716722.000000,630512.000000,0.009451
886,688,78,0.013663,0.013232,67128417.000000,634469.000000,0.009452
887,689,77,0.013706,0.013269,67331617.000000,638584.000000,0.009484
888,689,77,0.014023,0.013476,67868349.000000,640424.000000,0.009436
889,690,77,0.013963,0.013239,67625096.000000,641095.000000,0.009480
890,691,77,0.013861,0.013337,67969392.000000,642172.000000,0.009448
891,691,77,0.013912,0.013364,68082464.000000,644131.000000,0.009461
892,692,76,0.013942,0.013391,68269889.000000,648018.000000,0.009492
893,692,76,0.013896,0.013428,68137514.000000,648908.000000,0.009524
894,692,76,0.013838,0.013383,68072839.000000,643467.000000,0.009453
895,693,76,0.013898,0.013440,68113507.000000,645533.000000,0.009477
896,694,76,0.013868,0.013408,68096130.000000,644792.000000,0.009469
897,694,76,0.013885,0.013408,68089572.000000,645267.000000,0.009477
898,695,75,0.013984,0.013567,68462608.000000,649543.000000,0.009488
899,695,75,0.013983,0.013562,68714599.000000,650313.000000,0.009464
900,696,75,0.014118,0.013621,68327576.000000,646641.000000,0.009464
901,697,75,0.014007,0.013425,68794842.000000,646812.000000,0.009402
902,697,75,0.013993,0.013497,68819161.000000,646951.000000,0.009401
903,698,75,0.014051,0.013471,68954810.000000,649756.000000,0.009423
904,699,74,0.014146,0.013581,69316301.000000,653785.000000,0.009432
905,700,74,0.014214,0.013645,69543341.000000,657554.000000,0.009455
906,701,74,0.014357,0.013870,69665782.000000,656545.000000,0.009424
907,702,74,0.014348,0.013782,69757379.000000,658441.000000,0.009439
908,702,74,0.014251,0.013772,70115076.000000,655901.000000,0.009355
909,702,74,0.014219,0.013736,69881708.000000,657061.000000,0.009402
910,703,73,0.014259,0.013805,69967187.000000,657914.000000,0.009403
911,704,73,0.014349,0.013826,70198127.000000,661936.000000,0.009430
912,705,73,0.014570,0.014095,70256243.000000,664088.000000,0.009452
913,706,73,0.014375,0.013855,70382912.000000,660456.000000,0.009384
914,707,73,0.014367,0.013864,70539533.000000,661307.000000,0.009375
915,708,73,0.014394,0.013882,70776757.000000,662002.000000,0.009353
916,708,73,0.014430,0.013976,70772343.000000,662381.000000,0.009359
917,709,72,0.014434,0.013936,70923461.000000,663692.000000,0.009358
918,710,72,0.014475,0.013966,71200151.000000,662593.000000,0.009306
919,711,72,0.014658,0.014165,71574269.000000,665645.000000,0.009300
920,712,72,0.014682,0.014134,71963563.000000,670050.000000,0.009311
921,713,72,0.014812,0.014323,72426451.000000,669692.000000,0.009247
922,714,72,0.014809,0.014248,72821928.000000,670150.000000,0.009203
923,714,71,0.015051,0.014325,73035567.000000,673633.000000,0.009223
924,715,71,0.014722,0.014368,72441003.000000,667019.000000,0.009208
925,716,71,0.014504,0.014119,72636012.000000,666109.000000,0.009171
926,717,71,0.014592,0.014237,72746343.000000,667899.000000,0.009181
927,718,71,0.014662,0.014219,73217771.000000,671522.000000,0.009172
928,719,71,0.015028,0.014574,73823675.000000,677507.000000,0.009177
929,720,71,0.015007,0.014556,73617344.000000,674554.000000,0.009163
930,721,70,0.014949,0.014618,73645674.000000,674175.000000,0.009154
931,722,70,0.015036,0.014620,73935338.000000,676666.000000,0.009152
932,722,70,0.014969,0.014643,73785316.000000,675039.000000,0.009149
933,722,70,0.015419,0.015005,74084874.000000,678694.000000,0.009161
934,723,70,0.014824,0.014439,74120120.000000,680885.000000,0.009186
935,723,70,0.014845,0.014468,74304293.000000,680027.000000,0.009152
936,724,70,0.014748,0.014432,73858010.000000,677512.000000,0.009173
937,725,69,0.014976,0.014526,74348768.000000,683891.000000,0.009198
938,725,69,0.015017,0.014570,74745309.000000,686226.000000,0.009181
939,726,69,0.015202,0.014739,75088986.000000,689056.000000,0.009177
940,727,69,0.015140,0.014750,75277478.000000,692010.000000,0.009193
941,728,69,0.015099,0.014673,75157459.000000,689561.000000,0.009175
942,729,69,0.015105,0.014780,75004424.000000,686079.000000,0.009147
943,730,69,0.015179,0.014750,75408628.000000,690033.000000,0.009151
944,731,69,0.015184,0.014859,75455140.000000,690807.000000,0.009155
945,732,68,0.015567,0.015139,75839718.000000,696051.000000,0.009178
946,732,68,0.015346,0.014954,76088362.000000,695567.000000,0.009142
947,733,68,0.015291,0.014901,76082194.000000,696457.000000,0.009154
948,734,68,0.015467,0.014996,76293199.000000,710287.000000,0.009310
949,735,68,0.015452,0.015058,76331491.000000,700087.000000,0.009172
950,736,68,0.015365,0.015023,76282972.000000,701473.000000,0.009196
951,737,68,0.015302,0.014900,76482874.000000,698700.000000,0.009135
952,738,68,0.015442,0.014977,76901907.000000,702684.000000,0.009137
953,739,68,0.015453,0.015079,77059709.000000,702881.000000,0.009121
954,740,67,0.015493,0.015162,77150966.000000,702563.000000,0.009106
955,740,67,0.015470,0.015153,77070439.000000,699881.000000,0.009081
956,741,67,0.015643,0.015161,77617852.000000,706207.000000,0.009099
957,742,67,0.015678,0.015308,77942807.000000,710330.000000,0.009113
958,742,67,0.016162,0.015720,78588324.000000,718052.000000,0.009137
959,743,67,0.015826,0.015448,78386189.000000,714367.000000,0.009113
960,744,67,0.015743,0.015404,78403016.000000,716091.000000,0.009133
961,745,66,0.015793,0.015444,78550646.000000,717610.000000,0.009136
962,746,66,0.015773,0.015450,78620509.000000,718388.000000,0.009137
963,746,66,0.015804,0.015456,78716524.000000,717150.000000,0.009111
964,747,66,0.015815,0.015488,78822157.000000,716825.000000,0.009094
965,747,66,0.016024,0.015585,79249216.000000,719210.000000,0.009075
966,747,66,0.015892,0.015565,79258294.000000,721661.000000,0.009105
967,748,66,0.016026,0.015592,79630509.000000,727200.000000,0.009132
968,749,66,0.015856,0.015525,79490768.000000,722658.000000,0.009091
969,750,65,0.015960,0.015561,79768996.000000,726522.000000,0.009108
970,751,65,0.015974,0.015589,79952035.000000,728623.000000,0.009113
971,752,65,0.016090,0.015669,80294962.000000,733465.000000,0.009135
972,753,65,0.016066,0.015742,80347912.000000,731693.000000,0.009107
973,754,65,0.016215,0.015778,80741144.000000,735073.000000,0.009104
974,755,65,0.016205,0.015770,80975574.000000,735117.000000,0.009078
975,755,65,0.016237,0.015840,81299102.000000,738065.000000,0.009078
976,756,65,0.016252,0.015929,81459717.000000,743704.000000,0.009130
977,757,64,0.016386,0.015944,81908523.000000,748280.000000,0.009136
978,757,64,0.016447,0.016032,81981587.000000,749559.000000,0.009143
979,758,64,0.016458,0.016002,82327967.000000,749761.000000,0.009107
980,759,64,0.016371,0.016051,82095732.000000,750130.000000,0.009137
981,760,64,0.016521,0.016061,82635468.000000,753738.000000,0.009121
982,761,64,0.016531,0.016210,82981567.000000,755431.000000,0.009104
983,761,64,0.016822,0.016436,83071262.000000,769893.000000,0.009268
984,762,64,0.017789,0.017415,83178553.000000,762230.000000,0.009164
985,763,63,0.016804,0.016355,83435810.000000,762455.000000,0.009138
986,764,63,0.016695,0.016354,83240989.000000,758490.000000,0.009112
987,764,63,0.016727,0.016396,83240352.000000,758738.000000,0.009115
988,765,63,0.016749,0.016413,83256156.000000,759603.000000,0.009124
989,765,63,0.016791,0.016448,83247352.000000,757459.000000,0.009099
990,766,63,0.017110,0.016509,83737112.000000,764169.000000,0.009126
991,767,63,0.017118,0.016419,83719038.000000,761646.000000,0.009098
992,768,62,0.016951,0.016481,83973662.000000,764790.000000,0.009107
993,768,62,0.017810,0.017254,84382904.000000,768230.000000,0.009104
994,769,62,0.017030,0.016557,83979850.000000,766216.000000,0.009124
995,770,62,0.017105,0.016590,84175170.000000,767710.000000,0.009120
996,770,62,0.017215,0.016737,84160013.000000,768640.000000,0.009133
997,771,62,0.017110,0.016536,84574161.000000,769814.000000,0.009102
998,772,62,0.017256,0.016677,85050627.000000,773879.000000,0.009099
999,773,61,0.017250,0.016757,85078386.000000,774932.000000,0.009108
1000,774,61,0.017309,0.016970,85071375.000000,775817.000000,0.009120
1001,775,61,0.017141,0.016764,85227309.000000,776328.000000,0.009109
1002,776,61,0.017219,0.016878,85533868.000000,778269.000000,0.009099
1003,777,61,0.017218,0.016804,85790136.000000,779210.000000,0.009083
1004,778,61,0.017327,0.016934,85985074.000000,782116.000000,0.009096
1005,779,61,0.017531,0.017008,86183375.000000,781949.000000,0.009073
1006,779,60,0.017410,0.016892,86181223.000000,783409.000000,0.009090
1007,780,60,0.017484,0.017012,86243325.000000,785617.000000,0.009109
1008,781,60,0.017385,0.016919,86205231.000000,783422.000000,0.009088
1009,781,60,0.017477,0.016921,86345002.000000,796324.000000,0.009223
1010,781,60,0.017391,0.016937,86180944.000000,783980.000000,0.009097
1011,782,60,0.017664,0.017106,86563391.000000,789383.000000,0.009119
1012,783,60,0.017468,0.016998,86666393.000000,787304.000000,0.009084
1013,783,60,0.017536,0.017071,86683282.000000,787219.000000,0.009082
1014,784,59,0.017490,0.017015,86669217.000000,788437.000000,0.009097
