frame,nb of entities,FPS,frame length,physics length,L1-dcache-loads,L1-dcache-load-misses,L1-dcache-load-miss-ratio
0,3,301,0.002073,0.000016,440127.000000,27056.000000,0.061473
1,4,301,0.003322,0.000014,580959.000000,30648.000000,0.052754
2,5,301,0.003322,0.000013,640622.000000,32374.000000,0.050535
3,6,301,0.003325,0.000018,557388.000000,31598.000000,0.056689
4,7,301,0.003322,0.000019,572870.000000,30369.000000,0.053012
5,8,301,0.003321,0.000017,530686.000000,27097.000000,0.051060
6,9,301,0.003327,0.000019,573358.000000,31270.000000,0.054538
7,10,302,0.003323,0.000020,575540.000000,31213.000000,0.054233
8,11,302,0.003320,0.000023,559243.000000,30984.000000,0.055403
9,12,302,0.003324,0.000024,570217.000000,31131.000000,0.054595
10,12,302,0.003325,0.000021,509149.000000,26736.000000,0.052511
11,13,302,0.003320,0.000023,574348.000000,30699.000000,0.053450
12,14,302,0.003329,0.000022,567713.000000,31612.000000,0.055683
13,15,302,0.003323,0.000026,604451.000000,31612.000000,0.052299
14,16,302,0.003318,0.000027,578311.000000,30786.000000,0.053234
15,17,302,0.003322,0.000026,557617.000000,27903.000000,0.050040
16,17,302,0.003328,0.000025,561938.000000,30474.000000,0.054230
17,18,302,0.003320,0.000028,564511.000000,30449.000000,0.053939
18,19,302,0.003322,0.000025,586711.000000,31204.000000,0.053185
19,20,302,0.003328,0.000027,573874.000000,30602.000000,0.053325
20,21,302,0.003320,0.000030,550747.000000,27483.000000,0.049901
21,21,302,0.003328,0.000028,580110.000000,31106.000000,0.053621
22,21,302,0.003322,0.000032,583409.000000,30441.000000,0.052178
23,22,302,0.003319,0.000032,596712.000000,31256.000000,0.052380
24,23,302,0.003325,0.000032,606385.000000,31647.000000,0.052190
25,24,302,0.003325,0.000032,562033.000000,27892.000000,0.049627
26,25,302,0.003320,0.000034,610030.000000,31025.000000,0.050858
27,26,302,0.003328,0.000033,587879.000000,30898.000000,0.052558
28,27,302,0.003325,0.000037,595985.000000,31176.000000,0.052310
29,28,302,0.003320,0.000039,608707.000000,31431.000000,0.051636
30,29,302,0.003323,0.000039,599515.000000,28201.000000,0.047040
31,30,302,0.003330,0.000033,608834.000000,31082.000000,0.051052
32,31,302,0.003319,0.000041,622353.000000,31153.000000,0.050057
33,32,302,0.003326,0.000039,614734.000000,31424.000000,0.051118
34,32,302,0.003327,0.000043,597798.000000,30512.000000,0.051041
35,33,302,0.003317,0.000044,590209.000000,27836.000000,0.047163
36,34,302,0.003325,0.000041,659124.000000,31832.000000,0.048294
37,35,302,0.003330,0.000037,639437.000000,31770.000000,0.049684
38,36,302,0.003320,0.000047,639303.000000,31363.000000,0.049058
39,37,302,0.003321,0.000050,679493.000000,32314.000000,0.047556
40,38,302,0.003329,0.000047,633803.000000,28182.000000,0.044465
41,39,302,0.003317,0.000054,671376.000000,31303.000000,0.046625
42,39,302,0.003330,0.000047,646948.000000,32010.000000,0.049478
43,40,302,0.003317,0.000056,711438.000000,33728.000000,0.047408
44,41,302,0.003321,0.000044,674426.000000,31802.000000,0.047154
45,41,302,0.003323,0.000053,640753.000000,28695.000000,0.044783
46,42,302,0.003329,0.000048,671506.000000,32370.000000,0.048205
47,43,302,0.003318,0.000056,668787.000000,32232.000000,0.048195
48,43,302,0.003326,0.000060,669916.000000,32846.000000,0.049030
49,44,302,0.003323,0.000057,676941.000000,32321.000000,0.047746
50,45,302,0.003320,0.000056,657224.000000,29185.000000,0.044406
51,46,302,0.003325,0.000060,693386.000000,32113.000000,0.046313
52,46,302,0.003327,0.000053,681901.000000,32061.000000,0.047017
53,47,302,0.003320,0.000059,699686.000000,32389.000000,0.046291
54,47,302,0.003321,0.000056,697658.000000,32887.000000,0.047139
55,48,302,0.003326,0.000060,654292.000000,28648.000000,0.043785
56,49,302,0.003319,0.000061,705300.000000,32352.000000,0.045870
57,50,302,0.003324,0.000057,704911.000000,32541.000000,0.046163
58,51,302,0.003328,0.000057,697286.000000,32283.000000,0.046298
59,52,302,0.003326,0.000067,706465.000000,32458.000000,0.045944
60,53,300,0.003314,0.000113,719996.000000,33079.000000,0.045943
61,54,300,0.003336,0.000093,765088.000000,38125.000000,0.049831
62,55,300,0.003308,0.000072,778767.000000,33632.000000,0.043186
63,56,300,0.003327,0.000103,791539.000000,43370.000000,0.054792
64,57,300,0.003318,0.000108,784006.000000,44360.000000,0.056581
65,58,300,0.003323,0.000061,715199.000000,29642.000000,0.041446
66,59,300,0.003320,0.000075,766940.000000,34024.000000,0.044363
67,60,300,0.003329,0.000062,750918.000000,33365.000000,0.044432
68,61,300,0.003319,0.000077,757431.000000,33358.000000,0.044041
69,62,300,0.003320,0.000081,780076.000000,34401.000000,0.044100
70,63,300,0.003330,0.000080,736182.000000,29569.000000,0.040165
71,64,300,0.003319,0.000083,790099.000000,32876.000000,0.041610
72,65,300,0.003324,0.000068,751072.000000,34227.000000,0.045571
73,66,300,0.003319,0.000182,861941.000000,42329.000000,0.049109
74,67,300,0.003325,0.000073,812467.000000,34056.000000,0.041917
75,68,300,0.003319,0.000093,776533.000000,30718.000000,0.039558
76,69,300,0.003324,0.000094,825851.000000,33915.000000,0.041067
77,69,300,0.003317,0.000150,846523.000000,43474.000000,0.051356
78,70,300,0.003319,0.000080,877750.000000,34898.000000,0.039758
79,71,300,0.003328,0.000100,841609.000000,33995.000000,0.040393
80,72,300,0.003320,0.000099,806602.000000,30723.000000,0.038089
81,73,300,0.003322,0.000104,874665.000000,34440.000000,0.039375
82,73,300,0.003332,0.000102,851966.000000,33503.000000,0.039324
83,74,300,0.003312,0.000095,884286.000000,36363.000000,0.041121
84,75,300,0.003325,0.000138,879267.000000,35674.000000,0.040572
85,76,300,0.003327,0.000108,843677.000000,31138.000000,0.036907
86,77,300,0.003318,0.000107,862320.000000,34399.000000,0.039891
87,77,300,0.003325,0.000115,887779.000000,35716.000000,0.040231
88,78,300,0.003323,0.000090,905929.000000,35051.000000,0.038691
89,79,300,0.003318,0.000125,893267.000000,34678.000000,0.038822
90,80,300,0.003325,0.000115,865722.000000,30671.000000,0.035428
91,81,300,0.003326,0.000119,902133.000000,33697.000000,0.037353
92,82,300,0.003320,0.000118,913398.000000,33780.000000,0.036983
93,82,300,0.003323,0.000121,919052.000000,34354.000000,0.037380
94,83,300,0.003326,0.000122,919728.000000,33590.000000,0.036522
95,83,300,0.003318,0.000129,916323.000000,31006.000000,0.033837
96,84,300,0.003322,0.000132,976397.000000,35255.000000,0.036107
97,84,300,0.003327,0.000135,961060.000000,33916.000000,0.035290
98,85,300,0.003317,0.000136,1003337.000000,35397.000000,0.035279
99,86,300,0.003324,0.000130,1016599.000000,34765.000000,0.034197
100,87,300,0.003330,0.000130,985388.000000,31517.000000,0.031984
101,87,300,0.003323,0.000147,1036742.000000,34926.000000,0.033688
102,88,300,0.003321,0.000224,1122821.000000,57094.000000,0.050849
103,89,300,0.003322,0.000231,1155135.000000,56077.000000,0.048546
104,90,300,0.003323,0.000131,1112149.000000,36242.000000,0.032587
105,91,300,0.003322,0.000239,1136846.000000,55267.000000,0.048614
106,92,300,0.003324,0.000256,1192306.000000,60559.000000,0.050791
107,93,300,0.003315,0.000212,1189416.000000,39823.000000,0.033481
108,94,300,0.003325,0.000147,1206574.000000,37496.000000,0.031076
109,95,300,0.003328,0.000155,1214630.000000,36992.000000,0.030455
110,96,300,0.003320,0.000154,1202679.000000,33839.000000,0.028136
111,97,300,0.003320,0.000181,1251373.000000,37490.000000,0.029959
112,98,300,0.003327,0.000180,1235749.000000,36515.000000,0.029549
113,99,300,0.003322,0.000185,1246015.000000,36842.000000,0.029568
114,100,300,0.003324,0.000183,1282423.000000,37142.000000,0.028962
115,101,300,0.003328,0.000193,1240293.000000,33788.000000,0.027242
116,102,300,0.003321,0.000194,1302527.000000,37470.000000,0.028767
117,102,300,0.003325,0.000195,1328705.000000,37306.000000,0.028077
118,103,300,0.003328,0.000203,1374841.000000,37839.000000,0.027522
119,104,300,0.003320,0.000218,1416729.000000,38596.000000,0.027243
120,104,300,0.003323,0.000223,1371069.000000,34761.000000,0.025353
121,105,300,0.003327,0.000223,1427010.000000,37405.000000,0.026212
122,106,300,0.003321,0.000224,1429584.000000,38590.000000,0.026994
123,107,300,0.003328,0.000256,1414769.000000,38973.000000,0.027547
124,107,300,0.003316,0.000297,1479142.000000,47099.000000,0.031842
125,108,300,0.003317,0.000232,1421799.000000,35500.000000,0.024968
126,109,300,0.003324,0.000230,1476569.000000,39834.000000,0.026977
127,110,300,0.003328,0.000235,1455943.000000,39189.000000,0.026917
128,111,300,0.003322,0.000234,1520282.000000,40224.000000,0.026458
129,112,300,0.003321,0.000248,1531639.000000,40541.000000,0.026469
130,113,300,0.003328,0.000246,1503030.000000,36875.000000,0.024534
131,114,300,0.003320,0.000258,1564531.000000,42568.000000,0.027208
132,115,300,0.003324,0.000259,1585219.000000,42854.000000,0.027033
133,116,300,0.003332,0.000376,1624635.000000,56133.000000,0.034551
134,117,300,0.003317,0.000302,1642981.000000,43909.000000,0.026725
135,118,300,0.003321,0.000308,1609343.000000,40411.000000,0.025110
136,119,300,0.003328,0.000303,1678595.000000,43721.000000,0.026046
137,120,300,0.003320,0.000299,1678044.000000,44481.000000,0.026508
138,121,300,0.003319,0.000319,1734766.000000,44710.000000,0.025773
139,122,300,0.003330,0.000301,1727665.000000,44377.000000,0.025686
140,123,300,0.003319,0.000314,1724725.000000,42122.000000,0.024422
141,124,300,0.003321,0.000309,1774568.000000,45285.000000,0.025519
142,125,300,0.003330,0.000307,1789355.000000,45583.000000,0.025475
143,126,300,0.003318,0.000326,1796163.000000,45895.000000,0.025552
144,126,300,0.003322,0.000313,1816278.000000,45152.000000,0.024860
145,126,300,0.003330,0.000318,1757656.000000,41506.000000,0.023614
146,126,300,0.003318,0.000332,1805678.000000,45866.000000,0.025401
147,127,300,0.003323,0.000320,1866118.000000,45719.000000,0.024500
148,128,300,0.003330,0.000325,1852372.000000,45759.000000,0.024703
149,128,300,0.003318,0.000346,1860536.000000,45961.000000,0.024703
150,128,300,0.003323,0.000332,1834080.000000,42338.000000,0.023084
151,129,300,0.003330,0.000332,1915043.000000,45939.000000,0.023988
152,129,300,0.003318,0.000383,1895196.000000,46628.000000,0.024603
153,130,300,0.003325,0.000305,1975995.000000,47771.000000,0.024176
154,131,300,0.003325,0.000385,1971693.000000,46863.000000,0.023768
155,132,300,0.003323,0.000376,1927956.000000,43882.000000,0.022761
156,133,300,0.003321,0.000397,1989046.000000,47649.000000,0.023956
157,134,300,0.003324,0.000389,2084708.000000,55244.000000,0.026500
158,135,300,0.003315,0.000395,2087410.000000,52874.000000,0.025330
159,135,300,0.003321,0.000476,2078993.000000,51566.000000,0.024803
160,136,300,0.003331,0.000384,2070124.000000,48331.000000,0.023347
161,137,300,0.003317,0.000630,2235346.000000,82661.000000,0.036979
162,137,300,0.003319,0.000635,2225685.000000,82510.000000,0.037072
163,138,300,0.003325,0.000642,2178637.000000,60378.000000,0.027714
164,139,300,0.003317,0.000445,2142384.000000,48588.000000,0.022679
165,140,300,0.003326,0.000389,2092385.000000,44781.000000,0.021402
166,141,300,0.003324,0.000433,2164100.000000,48681.000000,0.022495
167,141,300,0.003320,0.000438,2207698.000000,48619.000000,0.022022
168,142,300,0.003323,0.000410,2255106.000000,49488.000000,0.021945
169,142,300,0.003327,0.000417,2263092.000000,48866.000000,0.021593
170,143,300,0.003318,0.000460,2323170.000000,46213.000000,0.019892
171,143,300,0.003326,0.000444,2411339.000000,49534.000000,0.020542
172,143,300,0.003326,0.000454,2440062.000000,49360.000000,0.020229
173,144,300,0.003322,0.000477,2371704.000000,49778.000000,0.020988
174,145,300,0.003319,0.000450,2438527.000000,50925.000000,0.020884
175,146,300,0.003328,0.000456,2448462.000000,47098.000000,0.019236
176,147,300,0.003319,0.000468,2544829.000000,52094.000000,0.020471
177,148,300,0.003324,0.000487,2612872.000000,52568.000000,0.020119
178,148,300,0.003326,0.000495,2636942.000000,52277.000000,0.019825
179,149,300,0.003325,0.000513,2625368.000000,53127.000000,0.020236
180,150,300,0.003323,0.000503,2637190.000000,49057.000000,0.018602
181,151,300,0.003324,0.000504,2694088.000000,52508.000000,0.019490
182,151,300,0.003323,0.000458,2654814.000000,51883.000000,0.019543
183,151,300,0.003323,0.000508,2725205.000000,52619.000000,0.019308
184,151,300,0.003326,0.000533,2778770.000000,52803.000000,0.019002
185,152,300,0.003323,0.000481,2786708.000000,50355.000000,0.018070
186,153,300,0.003321,0.000542,2831241.000000,54051.000000,0.019091
187,154,300,0.003335,0.000561,2900553.000000,55117.000000,0.019002
188,155,300,0.003314,0.001026,3166704.000000,95005.000000,0.030001
189,156,300,0.003317,0.000635,3017855.000000,65448.000000,0.021687
190,157,300,0.003334,0.000649,2934202.000000,52190.000000,0.017787
191,158,300,0.003308,0.000586,2993016.000000,56720.000000,0.018951
192,158,300,0.003323,0.000695,3034313.000000,57485.000000,0.018945
193,159,300,0.003326,0.000886,3150103.000000,72730.000000,0.023088
194,160,300,0.003323,0.000547,3109659.000000,56649.000000,0.018217
195,160,300,0.003323,0.000671,3006773.000000,50656.000000,0.016847
196,160,300,0.003327,0.000672,3044182.000000,55311.000000,0.018169
197,161,300,0.003319,0.000607,3053788.000000,54853.000000,0.017962
198,161,300,0.003322,0.000666,3033014.000000,53758.000000,0.017724
199,162,300,0.003327,0.000677,3089638.000000,55746.000000,0.018043
200,163,300,0.003319,0.000622,3097631.000000,53146.000000,0.017157
201,164,300,0.003324,0.000683,3153547.000000,56419.000000,0.017891
202,165,300,0.003326,0.000707,3228049.000000,56066.000000,0.017368
203,166,300,0.003322,0.000691,3223301.000000,64876.000000,0.020127
204,167,300,0.003321,0.000720,3290470.000000,56636.000000,0.017212
205,168,300,0.003326,0.000728,3279838.000000,54252.000000,0.016541
206,169,300,0.003320,0.000667,3323980.000000,58204.000000,0.017510
207,169,300,0.003324,0.000729,3342186.000000,57981.000000,0.017348
208,170,300,0.003326,0.000757,3426869.000000,59563.000000,0.017381
209,171,300,0.003320,0.000699,3459776.000000,59360.000000,0.017157
210,172,300,0.003324,0.000777,3481533.000000,54899.000000,0.015769
211,173,300,0.003325,0.000787,3583442.000000,59873.000000,0.016708
212,174,300,0.003324,0.000661,3705339.000000,63452.000000,0.017124
213,174,300,0.003324,0.000978,3875181.000000,66914.000000,0.017267
214,175,300,0.003325,0.000955,3879083.000000,76102.000000,0.019619
215,175,300,0.003316,0.001250,4039227.000000,107058.000000,0.026505
216,175,300,0.003320,0.000936,4007561.000000,78278.000000,0.019533
217,175,300,0.003321,0.001143,4098960.000000,79564.000000,0.019411
218,176,300,0.003319,0.000814,4011915.000000,62890.000000,0.015676
219,177,300,0.003323,0.000914,3953004.000000,63722.000000,0.016120
220,178,300,0.003327,0.000924,3973604.000000,60496.000000,0.015224
221,179,300,0.003321,0.000826,4056117.000000,62269.000000,0.015352
222,180,300,0.003323,0.000973,4078631.000000,64123.000000,0.015722
223,181,300,0.003328,0.001067,4193030.000000,75132.000000,0.017918
224,182,300,0.003322,0.000863,4183924.000000,64611.000000,0.015443
225,183,300,0.003319,0.000984,4287339.000000,64079.000000,0.014946
226,184,300,0.003328,0.001025,4339966.000000,66234.000000,0.015261
227,185,300,0.003318,0.000890,4278241.000000,65115.000000,0.015220
228,186,300,0.003321,0.000993,4309373.000000,66671.000000,0.015471
229,187,300,0.003326,0.000975,4395548.000000,66181.000000,0.015056
230,188,300,0.003320,0.000919,4361165.000000,61616.000000,0.014128
231,188,300,0.003324,0.000862,4503364.000000,66169.000000,0.014693
232,188,300,0.003326,0.001014,4527334.000000,66650.000000,0.014722
233,189,300,0.003319,0.000961,4592049.000000,67225.000000,0.014639
234,190,300,0.003324,0.000880,4549444.000000,66701.000000,0.014661
235,191,300,0.003326,0.001014,4584269.000000,64728.000000,0.014120
236,192,300,0.003318,0.000979,4649145.000000,68501.000000,0.014734
237,192,300,0.003323,0.000905,4653683.000000,66776.000000,0.014349
238,192,300,0.003327,0.001050,4638844.000000,67361.000000,0.014521
239,193,300,0.003321,0.000983,4643513.000000,67454.000000,0.014527
240,194,300,0.003326,0.000914,4652892.000000,64597.000000,0.013883
241,195,300,0.003324,0.001064,4702644.000000,67833.000000,0.014424
242,196,300,0.003321,0.000996,4787321.000000,69243.000000,0.014464
243,197,300,0.003324,0.000966,4887616.000000,68843.000000,0.014085
244,198,300,0.003327,0.001099,4870483.000000,69817.000000,0.014335
245,198,300,0.003323,0.001034,4790239.000000,64470.000000,0.013459
246,199,300,0.003322,0.000965,4928498.000000,70661.000000,0.014337
247,200,300,0.003327,0.001114,4901644.000000,70878.000000,0.014460
248,200,300,0.003322,0.001047,4961881.000000,71450.000000,0.014400
249,201,300,0.003324,0.000999,5003798.000000,70584.000000,0.014106
250,202,300,0.003327,0.001139,5054596.000000,68068.000000,0.013467
251,203,300,0.003322,0.001090,5188600.000000,72151.000000,0.013906
252,204,300,0.003324,0.001021,5168619.000000,73140.000000,0.014151
253,205,300,0.003326,0.001536,5400330.000000,86254.000000,0.015972
254,205,300,0.003322,0.001131,5283200.000000,75118.000000,0.014218
255,206,300,0.003323,0.001064,5297123.000000,71959.000000,0.013585
256,207,300,0.003326,0.001218,5469532.000000,75461.000000,0.013797
257,208,300,0.003319,0.001177,5580218.000000,76723.000000,0.013749
258,209,300,0.003323,0.001120,5635638.000000,78609.000000,0.013949
259,210,300,0.003325,0.001264,5666816.000000,78200.000000,0.013800
260,211,300,0.003319,0.001217,5733476.000000,74782.000000,0.013043
261,212,300,0.003324,0.001162,5767551.000000,78504.000000,0.013611
262,213,300,0.003323,0.001311,5849627.000000,81012.000000,0.013849
263,214,300,0.003322,0.001290,5849803.000000,82281.000000,0.014066
264,215,300,0.003313,0.001185,5903265.000000,80206.000000,0.013587
265,216,300,0.003330,0.001315,5950621.000000,78799.000000,0.013242
266,216,300,0.003319,0.001282,5968837.000000,81961.000000,0.013731
267,217,300,0.003325,0.001221,6006852.000000,82357.000000,0.013711
268,218,300,0.003325,0.001353,6073788.000000,83174.000000,0.013694
269,219,300,0.003314,0.001325,6153400.000000,84873.000000,0.013793
270,219,300,0.003326,0.001158,6085760.000000,77161.000000,0.012679
271,219,300,0.003328,0.001385,6189694.000000,83077.000000,0.013422
272,220,300,0.003318,0.001347,6289573.000000,86319.000000,0.013724
273,221,300,0.003323,0.001292,6304023.000000,84643.000000,0.013427
274,222,300,0.003327,0.001271,6383933.000000,88633.000000,0.013884
275,223,300,0.003321,0.001417,6339473.000000,82231.000000,0.012971
276,224,300,0.003317,0.001318,6418083.000000,86590.000000,0.013492
277,225,300,0.003328,0.001222,6440937.000000,87223.000000,0.013542
278,226,300,0.003323,0.001324,6512002.000000,94518.000000,0.014514
279,226,300,0.003314,0.001370,6491916.000000,87137.000000,0.013422
280,227,300,0.003330,0.001238,6521588.000000,83393.000000,0.012787
281,227,300,0.003318,0.001434,6589046.000000,87651.000000,0.013303
282,228,300,0.003316,0.001368,6686323.000000,86768.000000,0.012977
283,229,300,0.003325,0.001707,6941350.000000,100841.000000,0.014528
284,230,300,0.003323,0.001461,6831843.000000,90460.000000,0.013241
285,231,300,0.003315,0.001413,6815146.000000,86585.000000,0.012705
286,231,300,0.003330,0.001506,6825818.000000,88439.000000,0.012957
287,232,300,0.003320,0.001487,6841732.000000,89801.000000,0.013125
288,233,300,0.003320,0.001307,6958347.000000,92402.000000,0.013279
289,234,300,0.003321,0.001602,7249961.000000,112555.000000,0.015525
290,235,300,0.003321,0.001543,7344908.000000,111040.000000,0.015118
291,236,300,0.003325,0.001370,7162595.000000,92377.000000,0.012897
292,237,300,0.003329,0.001404,7284045.000000,100601.000000,0.013811
293,238,300,0.003321,0.001655,7397197.000000,97031.000000,0.013117
294,239,300,0.003324,0.001388,7334588.000000,93876.000000,0.012799
295,240,300,0.003329,0.001402,7411016.000000,91311.000000,0.012321
296,241,300,0.003323,0.001622,7484750.000000,98218.000000,0.013122
297,242,300,0.003316,0.001546,7474301.000000,93947.000000,0.012569
298,243,300,0.003327,0.001428,7555075.000000,94982.000000,0.012572
299,243,300,0.003324,0.001651,7523174.000000,96691.000000,0.012852
300,243,300,0.003316,0.001569,7483484.000000,90674.000000,0.012117
301,244,300,0.003326,0.001441,7545018.000000,96147.000000,0.012743
302,245,300,0.003324,0.001664,7599173.000000,99044.000000,0.013034
303,246,300,0.003316,0.001584,7602481.000000,96756.000000,0.012727
304,246,300,0.003328,0.001450,7598420.000000,95501.000000,0.012569
305,247,300,0.003323,0.001674,7584177.000000,96905.000000,0.012777
306,248,300,0.003315,0.001590,7708752.000000,96876.000000,0.012567
307,248,300,0.003325,0.001497,7795784.000000,97414.000000,0.012496
308,249,300,0.003327,0.001715,7858244.000000,100856.000000,0.012834
309,250,300,0.003315,0.001664,7926890.000000,97597.000000,0.012312
310,251,300,0.003325,0.001523,7961607.000000,96886.000000,0.012169
311,251,300,0.003327,0.001760,7986469.000000,103434.000000,0.012951
312,252,300,0.003316,0.001675,8067306.000000,102131.000000,0.012660
313,253,300,0.003328,0.001875,8344502.000000,117273.000000,0.014054
314,254,300,0.003324,0.001781,8196006.000000,105732.000000,0.012900
315,255,300,0.003322,0.001581,8250774.000000,100953.000000,0.012236
316,255,300,0.003319,0.001572,8209451.000000,103747.000000,0.012638
317,256,300,0.003339,0.001973,8299405.000000,106749.000000,0.012862
318,256,300,0.003320,0.001591,8278522.000000,103586.000000,0.012513
319,256,300,0.003325,0.001587,8379482.000000,104379.000000,0.012456
320,257,300,0.003330,0.001825,8417815.000000,102464.000000,0.012172
321,257,300,0.003320,0.001598,8373097.000000,102364.000000,0.012225
322,258,300,0.003325,0.001593,8402145.000000,105420.000000,0.012547
323,259,300,0.003331,0.001847,8503237.000000,107977.000000,0.012698
324,260,300,0.003322,0.001611,8527077.000000,105639.000000,0.012389
325,261,300,0.003324,0.001667,8641982.000000,105753.000000,0.012237
326,262,300,0.003333,0.001879,8733934.000000,110075.000000,0.012603
327,263,300,0.003325,0.001668,8692887.000000,107237.000000,0.012336
328,264,300,0.003326,0.001702,8804916.000000,112459.000000,0.012772
329,265,300,0.003332,0.001909,8758595.000000,109903.000000,0.012548
330,266,300,0.003325,0.001685,8823779.000000,105747.000000,0.011984
331,267,300,0.003326,0.001730,8849729.000000,111892.000000,0.012644
332,268,300,0.003326,0.001917,8923991.000000,110135.000000,0.012341
333,269,300,0.003326,0.001714,8904088.000000,109365.000000,0.012283
334,270,300,0.003325,0.001749,9018581.000000,112376.000000,0.012460
335,270,300,0.003326,0.001964,9000645.000000,109072.000000,0.012118
336,271,300,0.003326,0.001740,9124624.000000,109611.000000,0.012013
337,272,300,0.003326,0.001792,9133376.000000,113803.000000,0.012460
338,273,300,0.003325,0.001977,9264365.000000,115298.000000,0.012445
339,274,300,0.003326,0.001811,9465117.000000,114961.000000,0.012146
340,274,300,0.003326,0.001843,9420488.000000,114274.000000,0.012130
341,275,300,0.003365,0.002024,9344522.000000,115548.000000,0.012365
342,275,300,0.003325,0.001799,9361524.000000,114400.000000,0.012220
343,276,300,0.003339,0.002058,9675383.000000,128114.000000,0.013241
344,277,300,0.003337,0.002070,9614063.000000,117932.000000,0.012267
345,277,300,0.003325,0.001834,9484283.000000,112700.000000,0.011883
346,277,300,0.003328,0.001878,9604841.000000,120453.000000,0.012541
347,278,300,0.003338,0.002082,9731236.000000,118601.000000,0.012188
348,279,300,0.003327,0.001865,9692787.000000,117075.000000,0.012079
349,280,300,0.003330,0.001910,9734133.000000,120845.000000,0.012415
350,280,300,0.003337,0.002093,9704643.000000,114889.000000,0.011839
351,281,300,0.003328,0.001889,9811879.000000,117650.000000,0.011991
352,281,300,0.003329,0.001907,9713644.000000,118320.000000,0.012181
353,282,300,0.003338,0.002094,9720912.000000,119047.000000,0.012246
354,283,300,0.003328,0.001872,9759283.000000,118521.000000,0.012144
355,284,300,0.003329,0.001919,9772232.000000,117622.000000,0.012036
356,285,300,0.003340,0.002107,9926879.000000,121614.000000,0.012251
357,285,300,0.003329,0.001920,9962077.000000,120107.000000,0.012056
358,286,300,0.003333,0.001966,10085989.000000,124723.000000,0.012366
359,287,300,0.003341,0.002171,10094492.000000,126309.000000,0.012513
360,288,300,0.003330,0.001947,10086785.000000,120671.000000,0.011963
361,288,300,0.003334,0.001995,10245294.000000,127490.000000,0.012444
362,289,300,0.003345,0.002219,10398830.000000,129758.000000,0.012478
363,290,300,0.003332,0.001986,10244640.000000,125415.000000,0.012242
364,290,300,0.003334,0.002003,10329310.000000,127236.000000,0.012318
365,291,300,0.003344,0.002215,10362209.000000,125800.000000,0.012140
366,292,300,0.003336,0.002010,10528895.000000,130072.000000,0.012354
367,293,300,0.003339,0.002075,10696423.000000,135686.000000,0.012685
368,294,300,0.003350,0.002300,10779612.000000,136411.000000,0.012655
369,295,300,0.003338,0.002096,10886973.000000,136244.000000,0.012514
370,296,300,0.003341,0.002122,10900414.000000,134619.000000,0.012350
371,296,300,0.003345,0.002341,10939854.000000,138402.000000,0.012651
372,297,300,0.003340,0.002120,11057715.000000,138088.000000,0.012488
373,298,300,0.003326,0.002327,11234236.000000,146279.000000,0.013021
374,299,300,0.003344,0.002165,11275787.000000,140706.000000,0.012479
375,299,300,0.003342,0.002195,11346106.000000,137240.000000,0.012096
376,300,300,0.003346,0.002215,11411315.000000,143533.000000,0.012578
377,301,300,0.003346,0.002219,11498736.000000,143290.000000,0.012461
378,302,300,0.003349,0.002246,11757616.000000,146476.000000,0.012458
379,302,299,0.003350,0.002319,11944797.000000,149742.000000,0.012536
380,302,299,0.003349,0.002326,11879893.000000,146078.000000,0.012296
381,303,299,0.003348,0.002301,11921866.000000,149979.000000,0.012580
382,304,299,0.003352,0.002335,12056091.000000,151431.000000,0.012561
383,305,299,0.003351,0.002339,12141994.000000,152600.000000,0.012568
384,306,299,0.003351,0.002355,12246027.000000,153697.000000,0.012551
385,307,299,0.003354,0.002368,12199995.000000,149226.000000,0.012232
386,308,299,0.003352,0.002366,12265184.000000,154249.000000,0.012576
387,309,299,0.003344,0.002373,12255025.000000,154635.000000,0.012618
388,309,299,0.003355,0.002395,12375913.000000,155457.000000,0.012561
389,310,299,0.003354,0.002406,12425130.000000,152886.000000,0.012305
390,311,299,0.003355,0.002418,12507173.000000,156529.000000,0.012515
391,312,299,0.003358,0.002449,12641513.000000,158207.000000,0.012515
392,312,299,0.003356,0.002435,12513581.000000,156315.000000,0.012492
393,313,299,0.003355,0.002435,12567689.000000,157203.000000,0.012509
394,314,299,0.003359,0.002468,12700921.000000,154846.000000,0.012192
395,315,299,0.003358,0.002484,12806797.000000,158801.000000,0.012400
396,316,299,0.003359,0.002463,12808418.000000,159960.000000,0.012489
397,317,299,0.003360,0.002517,12889849.000000,159380.000000,0.012365
398,318,299,0.003343,0.002514,13018636.000000,159507.000000,0.012252
399,319,299,0.003359,0.002528,13007706.000000,155304.000000,0.011939
400,320,299,0.003364,0.002557,13231042.000000,160959.000000,0.012165
401,320,299,0.003363,0.002574,13332277.000000,161235.000000,0.012094
402,321,299,0.003364,0.002580,13418238.000000,162733.000000,0.012128
403,322,298,0.003383,0.002959,13530642.000000,167284.000000,0.012363
404,323,298,0.003366,0.002625,13523276.000000,161382.000000,0.011934
405,324,298,0.003365,0.002614,13500686.000000,161818.000000,0.011986
406,325,298,0.003372,0.002644,13650880.000000,166047.000000,0.012164
407,326,298,0.003368,0.002646,13710695.000000,165532.000000,0.012073
408,327,298,0.003366,0.002650,13709477.000000,165101.000000,0.012043
409,328,298,0.003368,0.002684,13646349.000000,161485.000000,0.011834
410,329,298,0.003369,0.002669,13827805.000000,167548.000000,0.012117
411,329,298,0.003370,0.002703,14025950.000000,168006.000000,0.011978
412,330,298,0.003373,0.002744,14165614.000000,169493.000000,0.011965
413,331,298,0.003371,0.002758,14207198.000000,169165.000000,0.011907
414,332,298,0.003352,0.002759,14284953.000000,168320.000000,0.011783
415,332,298,0.003374,0.002787,14307347.000000,170559.000000,0.011921
416,332,298,0.003371,0.002772,14285943.000000,170639.000000,0.011945
417,333,298,0.003373,0.002773,14366460.000000,171136.000000,0.011912
418,334,298,0.003377,0.002820,14513357.000000,175324.000000,0.012080
419,335,298,0.003371,0.002791,14360739.000000,166935.000000,0.011624
420,336,298,0.003392,0.002794,14492516.000000,173387.000000,0.011964
421,337,295,0.005351,0.004976,15637990.000000,233683.000000,0.014943
422,338,295,0.003382,0.002869,14705264.000000,175241.000000,0.011917
423,339,294,0.003381,0.002915,14914970.000000,173975.000000,0.011664
424,340,294,0.003379,0.002884,14962623.000000,176661.000000,0.011807
425,340,294,0.003377,0.003046,15104200.000000,180279.000000,0.011936
426,341,294,0.003385,0.002930,15073316.000000,178021.000000,0.011810
427,342,294,0.003376,0.002962,15158857.000000,181837.000000,0.011995
428,343,294,0.003383,0.002940,15271472.000000,178659.000000,0.011699
429,344,294,0.003385,0.003006,15356604.000000,182216.000000,0.011866
430,345,294,0.003385,0.003014,15402535.000000,183607.000000,0.011921
431,346,294,0.003385,0.003010,15541908.000000,184632.000000,0.011880
432,346,294,0.003665,0.003320,15751465.000000,189233.000000,0.012014
433,347,293,0.003397,0.003043,15634577.000000,182037.000000,0.011643
434,348,293,0.003381,0.003057,15691327.000000,186531.000000,0.011888
435,349,293,0.003484,0.003121,15847995.000000,189419.000000,0.011952
436,350,293,0.003386,0.003080,15869971.000000,189184.000000,0.011921
437,351,293,0.003394,0.003098,15907973.000000,188563.000000,0.011853
438,351,293,0.003464,0.003179,15870232.000000,186371.000000,0.011743
439,352,293,0.003443,0.003102,16087355.000000,190135.000000,0.011819
440,353,293,0.003470,0.003113,16203687.000000,191444.000000,0.011815
441,354,292,0.003622,0.003279,16577513.000000,197624.000000,0.011921
442,355,292,0.003515,0.003180,16453343.000000,194401.000000,0.011815
443,355,292,0.003537,0.003253,16353298.000000,192155.000000,0.011750
444,356,291,0.003571,0.003220,16561587.000000,197362.000000,0.011917
445,357,291,0.003516,0.003205,16578876.000000,197637.000000,0.011921
446,358,291,0.003654,0.003318,16728786.000000,199501.000000,0.011926
447,358,290,0.003551,0.003260,16578482.000000,197625.000000,0.011921
448,359,290,0.003584,0.003267,16711769.000000,195750.000000,0.011713
449,360,290,0.003649,0.003337,16807708.000000,201875.000000,0.012011
450,361,289,0.003640,0.003309,16932141.000000,203156.000000,0.011998
451,362,289,0.003633,0.003298,17054782.000000,203970.000000,0.011960
452,363,288,0.003732,0.003399,17109215.000000,201795.000000,0.011795
453,363,288,0.003650,0.003332,17192794.000000,203273.000000,0.011823
454,364,287,0.003823,0.003446,17416464.000000,206480.000000,0.011855
455,365,287,0.003797,0.003450,17695698.000000,207793.000000,0.011743
456,366,286,0.003765,0.003407,17537661.000000,206230.000000,0.011759
457,367,286,0.003793,0.003502,17574550.000000,204754.000000,0.011651
458,368,285,0.003799,0.003467,17711861.000000,208787.000000,0.011788
459,369,284,0.003926,0.003529,17772618.000000,221609.000000,0.012469
460,370,284,0.003822,0.003484,17841103.000000,213155.000000,0.011947
461,371,283,0.003774,0.003489,17808164.000000,210862.000000,0.011841
462,371,282,0.003814,0.003492,17892882.000000,214922.000000,0.012012
463,372,282,0.003811,0.003509,17926140.000000,213249.000000,0.011896
464,372,281,0.003830,0.003499,18042872.000000,215408.000000,0.011939
465,373,280,0.003898,0.003567,18259212.000000,213376.000000,0.011686
466,374,280,0.003884,0.003559,18344108.000000,216840.000000,0.011821
467,375,279,0.003942,0.003578,18461129.000000,219002.000000,0.011863
468,376,278,0.003942,0.003608,18598023.000000,219365.000000,0.011795
469,377,278,0.003951,0.003632,18745185.000000,220126.000000,0.011743
470,378,277,0.003987,0.003691,18721877.000000,216745.000000,0.011577
471,378,276,0.004013,0.003677,18920619.000000,221717.000000,0.011718
472,378,275,0.004038,0.003694,19026685.000000,222889.000000,0.011715
473,379,274,0.003963,0.003668,18753691.000000,221515.000000,0.011812
474,380,274,0.003974,0.003650,18881304.000000,217324.000000,0.011510
475,381,273,0.004023,0.003701,18876324.000000,219862.000000,0.011648
476,381,272,0.003974,0.003671,18852517.000000,221740.000000,0.011762
477,381,271,0.003988,0.003691,18846742.000000,222527.000000,0.011807
478,382,270,0.004023,0.003690,19010811.000000,219618.000000,0.011552
479,382,270,0.004023,0.003707,19044974.000000,223438.000000,0.011732
480,382,269,0.004084,0.003753,19187768.000000,222993.000000,0.011622
481,383,270,0.004037,0.003701,19122533.000000,223631.000000,0.011695
482,384,270,0.004110,0.003773,19329607.000000,223156.000000,0.011545
483,385,269,0.004100,0.003773,19410918.000000,226620.000000,0.011675
484,386,268,0.004112,0.003775,19547865.000000,226522.000000,0.011588
485,387,266,0.004541,0.004226,19631876.000000,233681.000000,0.011903
486,388,266,0.004139,0.003808,19632833.000000,227071.000000,0.011566
487,389,265,0.004187,0.003880,19631621.000000,230112.000000,0.011721
488,390,264,0.004188,0.003840,19776692.000000,230906.000000,0.011676
489,391,263,0.004227,0.003896,19948407.000000,232846.000000,0.011672
490,391,262,0.004186,0.003881,19882439.000000,226002.000000,0.011367
491,391,261,0.004159,0.003842,19803834.000000,228903.000000,0.011559
492,392,260,0.004243,0.003894,20003121.000000,232242.000000,0.011610
493,393,259,0.004187,0.003879,19935063.000000,230419.000000,0.011558
494,394,258,0.004261,0.003913,20119542.000000,229799.000000,0.011422
495,395,257,0.004250,0.003948,20166862.000000,237100.000000,0.011757
496,396,256,0.004293,0.003922,20278982.000000,234926.000000,0.011585
497,397,255,0.004328,0.004008,20545297.000000,239249.000000,0.011645
498,398,255,0.004276,0.003967,20447615.000000,233153.000000,0.011402
499,399,253,0.004422,0.004054,20812641.000000,242189.000000,0.011637
500,400,253,0.004362,0.004046,20790150.000000,239094.000000,0.011500
501,401,252,0.004387,0.004087,20827856.000000,241043.000000,0.011573
502,402,251,0.004414,0.004071,21004771.000000,240022.000000,0.011427
503,403,250,0.004458,0.004143,21233564.000000,247151.000000,0.011640
504,404,249,0.004466,0.004123,21314355.000000,244484.000000,0.011470
505,405,248,0.004392,0.004118,21101016.000000,240406.000000,0.011393
506,406,247,0.004537,0.004152,21377903.000000,246209.000000,0.011517
507,407,246,0.004532,0.004168,21548943.000000,245967.000000,0.011414
508,408,245,0.004810,0.004435,21798553.000000,251168.000000,0.011522
509,409,244,0.004557,0.004261,21795966.000000,247219.000000,0.011342
510,410,243,0.004623,0.004296,21902947.000000,252349.000000,0.011521
511,411,242,0.004655,0.004283,22153339.000000,253861.000000,0.011459
512,412,241,0.004663,0.004339,22119642.000000,251926.000000,0.011389
513,413,240,0.004669,0.004307,22272285.000000,251103.000000,0.011274
514,414,239,0.004761,0.004418,22658065.000000,256751.000000,0.011332
515,415,238,0.004987,0.004619,22776520.000000,256262.000000,0.011251
516,416,237,0.004818,0.004457,22946951.000000,255420.000000,0.011131
517,417,236,0.004873,0.004528,23207062.000000,263842.000000,0.011369
518,417,235,0.004802,0.004497,22972413.000000,258327.000000,0.011245
519,417,234,0.004820,0.004487,23079131.000000,259685.000000,0.011252
520,418,233,0.004878,0.004532,23266921.000000,261316.000000,0.011231
521,419,232,0.004909,0.004568,23486719.000000,266188.000000,0.011334
522,419,231,0.004975,0.004672,23582120.000000,270108.000000,0.011454
523,420,230,0.004966,0.004632,23711659.000000,267815.000000,0.011295
524,421,229,0.005005,0.004645,23880649.000000,273059.000000,0.011434
525,422,228,0.005048,0.004688,24123971.000000,275397.000000,0.011416
526,423,227,0.005072,0.004736,24180734.000000,272685.000000,0.011277
527,424,226,0.005094,0.004733,24388444.000000,274284.000000,0.011246
528,425,225,0.005471,0.005101,24600255.000000,283651.000000,0.011530
529,426,224,0.005151,0.004777,24641158.000000,276808.000000,0.011234
530,427,223,0.005118,0.004787,24648295.000000,274072.000000,0.011119
531,428,222,0.005111,0.004810,24642946.000000,276954.000000,0.011239
532,428,221,0.005179,0.004812,24831493.000000,278586.000000,0.011219
533,428,220,0.005122,0.004827,24704616.000000,272344.000000,0.011024
534,429,219,0.005187,0.004822,24897514.000000,277191.000000,0.011133
535,430,218,0.005204,0.004886,25003969.000000,279166.000000,0.011165
536,431,217,0.005200,0.004871,25081952.000000,279364.000000,0.011138
537,432,216,0.005216,0.004898,25128912.000000,281414.000000,0.011199
538,432,215,0.005221,0.004904,25114774.000000,281240.000000,0.011198
539,433,214,0.005212,0.004913,25102301.000000,280326.000000,0.011167
540,434,213,0.005261,0.004898,25308809.000000,283168.000000,0.011189
541,435,212,0.005306,0.004994,25500532.000000,285449.000000,0.011194
542,436,212,0.005302,0.004979,25553595.000000,283370.000000,0.011089
543,437,211,0.005319,0.005007,25617817.000000,287145.000000,0.011209
544,438,210,0.005449,0.005125,25691683.000000,288761.000000,0.011239
545,439,209,0.005317,0.005004,25603874.000000,285910.000000,0.011167
546,440,208,0.005342,0.005016,25691312.000000,288586.000000,0.011233
547,441,207,0.005753,0.005427,25869811.000000,296864.000000,0.011475
548,442,206,0.005441,0.005064,26002555.000000,288258.000000,0.011086
549,442,205,0.005449,0.005103,26124141.000000,289781.000000,0.011092
550,443,204,0.005475,0.005089,26251798.000000,292682.000000,0.011149
551,444,204,0.005505,0.005189,26286693.000000,292470.000000,0.011126
552,444,203,0.005591,0.005130,26510686.000000,300366.000000,0.011330
553,445,202,0.005540,0.005209,26500294.000000,292267.000000,0.011029
554,446,201,0.005582,0.005156,26612529.000000,294055.000000,0.011049
555,447,200,0.005517,0.005179,26641556.000000,290730.000000,0.010913
556,448,199,0.005562,0.005220,26751226.000000,293987.000000,0.010990
557,449,198,0.005533,0.005225,26647149.000000,294936.000000,0.011068
558,450,197,0.005600,0.005237,26830492.000000,292371.000000,0.010897
559,451,197,0.005642,0.005283,27192253.000000,300112.000000,0.011037
560,452,196,0.005702,0.005369,27290665.000000,303222.000000,0.011111
561,453,195,0.005689,0.005333,27423835.000000,297595.000000,0.010852
562,454,194,0.005740,0.005378,27594706.000000,305177.000000,0.011059
563,455,193,0.005731,0.005406,27622570.000000,303084.000000,0.010972
564,456,192,0.005722,0.005402,27718329.000000,306156.000000,0.011045
565,456,192,0.005910,0.005575,27754733.000000,308200.000000,0.011104
566,457,191,0.005772,0.005422,27796789.000000,302299.000000,0.010875
567,458,190,0.005825,0.005496,27971154.000000,308643.000000,0.011034
568,458,189,0.005891,0.005459,28189526.000000,309655.000000,0.010985
569,459,189,0.005813,0.005502,28148598.000000,305564.000000,0.010855
570,460,188,0.005906,0.005559,28353972.000000,310126.000000,0.010938
571,461,187,0.005850,0.005540,28313184.000000,309793.000000,0.010942
572,462,186,0.005946,0.005604,28440737.000000,308070.000000,0.010832
573,463,186,0.005869,0.005559,28434279.000000,312267.000000,0.010982
574,464,185,0.006000,0.005627,28698804.000000,313469.000000,0.010923
575,465,184,0.006005,0.005673,28851273.000000,311994.000000,0.010814
576,466,184,0.005944,0.005609,28810754.000000,315172.000000,0.010939
577,467,183,0.006075,0.005694,29005306.000000,317902.000000,0.010960
578,467,182,0.006030,0.005691,29235292.000000,312815.000000,0.010700
579,468,182,0.006122,0.005782,29399920.000000,319695.000000,0.010874
580,469,181,0.006086,0.005758,29308439.000000,314454.000000,0.010729
581,470,180,0.006060,0.005751,29369616.000000,317768.000000,0.010820
582,470,180,0.006405,0.006073,29516131.000000,320356.000000,0.010854
583,471,179,0.006106,0.005798,29364594.000000,318057.000000,0.010831
584,471,178,0.006063,0.005746,29355555.000000,318536.000000,0.010851
585,472,178,0.006211,0.005830,29559596.000000,317716.000000,0.010748
586,473,177,0.006107,0.005765,29619505.000000,315993.000000,0.010668
587,474,177,0.006161,0.005838,29538771.000000,318483.000000,0.010782
588,475,176,0.006203,0.005821,29745652.000000,318101.000000,0.010694
589,476,176,0.006187,0.005806,29990938.000000,321581.000000,0.010723
590,476,175,0.006174,0.005862,29647574.000000,320643.000000,0.010815
591,477,175,0.006159,0.005786,29872536.000000,318571.000000,0.010664
592,477,174,0.006303,0.005927,30282178.000000,326772.000000,0.010791
593,478,173,0.006341,0.005977,30491788.000000,327186.000000,0.010730
594,479,173,0.006283,0.005905,30352622.000000,323041.000000,0.010643
595,479,172,0.006368,0.006008,30603447.000000,325646.000000,0.010641
596,480,172,0.006395,0.006023,30772456.000000,328496.000000,0.010675
597,481,171,0.006351,0.006035,30715219.000000,329642.000000,0.010732
598,481,171,0.006620,0.006276,30889041.000000,335866.000000,0.010873
599,482,170,0.006441,0.006124,30828224.000000,327156.000000,0.010612
600,483,169,0.006484,0.006104,31058794.000000,333040.000000,0.010723
601,483,169,0.006501,0.006184,31001673.000000,332905.000000,0.010738
602,484,168,0.006508,0.006153,31158296.000000,332788.000000,0.010681
603,485,168,0.006449,0.006134,31137591.000000,333807.000000,0.010720
604,485,167,0.006574,0.006208,31346705.000000,333773.000000,0.010648
605,486,167,0.006533,0.006125,31503741.000000,336988.000000,0.010697
606,487,166,0.006493,0.006087,31405224.000000,336390.000000,0.010711
607,488,166,0.006487,0.006180,31506712.000000,331855.000000,0.010533
608,489,165,0.006484,0.006137,31668609.000000,335801.000000,0.010604
609,490,165,0.006525,0.006222,31642131.000000,332278.000000,0.010501
610,490,164,0.006580,0.006193,31871075.000000,337718.000000,0.010596
611,490,164,0.006555,0.006246,31927313.000000,337661.000000,0.010576
612,491,163,0.006597,0.006261,32052081.000000,337466.000000,0.010529
613,491,163,0.006880,0.006475,32374224.000000,346126.000000,0.010691
614,492,162,0.006669,0.006325,32459502.000000,339473.000000,0.010458
615,493,162,0.006793,0.006446,32511748.000000,345918.000000,0.010640
616,493,161,0.006827,0.006444,32688551.000000,346751.000000,0.010608
617,494,161,0.006730,0.006374,32772963.000000,340981.000000,0.010404
618,495,160,0.006850,0.006477,32627794.000000,345654.000000,0.010594
619,496,159,0.007166,0.006780,32980053.000000,344892.000000,0.010458
620,497,159,0.007593,0.007210,33297731.000000,351496.000000,0.010556
621,498,158,0.006917,0.006537,33203824.000000,347575.000000,0.010468
622,499,158,0.006983,0.006572,33171276.000000,345540.000000,0.010417
623,500,157,0.007022,0.006602,33468177.000000,349746.000000,0.010450
624,501,156,0.007130,0.006783,33532177.000000,350853.000000,0.010463
625,502,156,0.007048,0.006680,33590653.000000,356306.000000,0.010607
626,503,155,0.007037,0.006630,33593471.000000,351659.000000,0.010468
627,504,155,0.007020,0.006620,33671743.000000,354153.000000,0.010518
628,505,154,0.007295,0.006880,34000744.000000,358808.000000,0.010553
629,506,154,0.006915,0.006596,33621761.000000,346525.000000,0.010307
630,506,154,0.006948,0.006587,33752227.000000,354123.000000,0.010492
631,506,153,0.006883,0.006581,33708093.000000,349432.000000,0.010366
632,506,153,0.006983,0.006623,33910696.000000,352691.000000,0.010401
633,507,152,0.007046,0.006690,34191948.000000,354619.000000,0.010371
634,508,152,0.007031,0.006636,34286054.000000,361630.000000,0.010547
635,509,151,0.007057,0.006730,34204645.000000,359771.000000,0.010518
636,509,151,0.007024,0.006706,34248651.000000,354369.000000,0.010347
637,510,151,0.007037,0.006712,34341553.000000,364063.000000,0.010601
638,511,150,0.007090,0.006725,34506182.000000,359501.000000,0.010418
639,512,150,0.007136,0.006745,34504779.000000,362939.000000,0.010519
640,513,148,0.010901,0.010316,36945530.000000,433794.000000,0.011741
641,514,147,0.009937,0.009467,36745560.000000,390702.000000,0.010633
642,515,146,0.007499,0.007083,35200864.000000,365017.000000,0.010370
643,516,146,0.007478,0.007097,35318724.000000,371185.000000,0.010510
644,516,145,0.007344,0.006968,35204786.000000,364169.000000,0.010344
645,517,145,0.007302,0.006935,35255752.000000,366537.000000,0.010397
646,517,145,0.007250,0.006899,35264458.000000,362742.000000,0.010286
647,518,144,0.007303,0.006923,35372460.000000,366222.000000,0.010353
648,518,144,0.007263,0.006935,35352014.000000,366787.000000,0.010375
649,519,143,0.007247,0.006934,35330001.000000,361717.000000,0.010238
650,520,143,0.007289,0.006919,35540664.000000,367399.000000,0.010337
651,521,143,0.007275,0.006965,35636451.000000,365737.000000,0.010263
652,522,142,0.007381,0.006997,35839137.000000,373074.000000,0.010410
653,523,142,0.007350,0.007015,35885690.000000,368924.000000,0.010281
654,523,142,0.007425,0.007041,36189152.000000,373239.000000,0.010314
655,524,141,0.007920,0.007599,36319122.000000,375286.000000,0.010333
656,525,141,0.007471,0.007106,36414178.000000,373839.000000,0.010266
657,526,140,0.007495,0.007130,36575103.000000,375366.000000,0.010263
658,527,140,0.007495,0.007163,36612241.000000,373956.000000,0.010214
659,527,140,0.007492,0.007161,36767970.000000,377847.000000,0.010277
660,527,139,0.007532,0.007219,36876953.000000,376001.000000,0.010196
661,528,139,0.007553,0.007184,36883271.000000,379727.000000,0.010295
662,529,139,0.007577,0.007249,37047462.000000,378327.000000,0.010212
663,530,138,0.007598,0.007275,37134942.000000,381165.000000,0.010264
664,531,138,0.007611,0.007280,37188197.000000,379481.000000,0.010204
665,532,138,0.007621,0.007299,37284742.000000,383986.000000,0.010299
666,533,137,0.007620,0.007288,37323119.000000,379701.000000,0.010173
667,534,137,0.007662,0.007281,37674145.000000,386371.000000,0.010256
668,535,136,0.008225,0.007799,38016360.000000,391128.000000,0.010288
669,536,136,0.008008,0.007650,38172830.000000,389485.000000,0.010203
670,536,135,0.007978,0.007650,37898488.000000,389766.000000,0.010284
671,537,135,0.007906,0.007593,37829020.000000,387370.000000,0.010240
672,538,135,0.007899,0.007425,38071468.000000,390488.000000,0.010257
673,539,134,0.007997,0.007606,38462478.000000,388041.000000,0.010089
674,540,134,0.008072,0.007653,38463991.000000,394651.000000,0.010260
675,540,133,0.008075,0.007753,38448005.000000,391343.000000,0.010178
676,540,133,0.008088,0.007697,38682632.000000,395672.000000,0.010229
677,541,133,0.008019,0.007531,38756295.000000,395049.000000,0.010193
678,542,132,0.007957,0.007591,38659116.000000,395726.000000,0.010236
679,543,132,0.008075,0.007764,38750578.000000,394210.000000,0.010173
680,543,132,0.008308,0.007934,39022374.000000,400500.000000,0.010263
681,544,132,0.008268,0.007846,39235660.000000,398491.000000,0.010156
682,545,131,0.008227,0.007841,39463349.000000,409130.000000,0.010367
683,546,131,0.008012,0.007652,39137412.000000,394836.000000,0.010088
684,547,131,0.008249,0.007871,39443626.000000,401302.000000,0.010174
685,548,130,0.008273,0.007873,39679644.000000,401678.000000,0.010123
686,549,130,0.008181,0.007761,40004707.000000,403905.000000,0.010096
687,550,130,0.008171,0.007803,40213742.000000,400221.000000,0.009952
688,550,129,0.008170,0.007825,40287048.000000,404688.000000,0.010045
689,551,129,0.008157,0.007792,40230081.000000,401331.000000,0.009976
690,552,129,0.008192,0.007833,40389086.000000,403332.000000,0.009986
691,553,128,0.008311,0.007949,40899546.000000,405376.000000,0.009912
692,554,128,0.008622,0.008254,41137381.000000,415267.000000,0.010095
693,555,127,0.008355,0.008045,40827017.000000,406779.000000,0.009963
694,556,127,0.008421,0.007989,41114794.000000,412917.000000,0.010043
695,557,127,0.008526,0.008068,41593619.000000,422675.000000,0.010162
696,558,126,0.008443,0.008105,41417010.000000,412316.000000,0.009955
697,559,126,0.008451,0.008129,41515019.000000,409023.000000,0.009852
698,560,126,0.008463,0.008127,41557149.000000,414166.000000,0.009966
699,561,125,0.008521,0.008174,41914664.000000,414532.000000,0.009890
700,562,126,0.008545,0.008188,42119521.000000,417363.000000,0.009909
701,563,126,0.008556,0.008188,42147389.000000,414486.000000,0.009834
702,564,126,0.008626,0.008234,42550317.000000,418747.000000,0.009841
703,565,126,0.008679,0.008356,42676173.000000,416751.000000,0.009765
704,566,125,0.009031,0.008630,42969692.000000,426454.000000,0.009925
705,567,125,0.008670,0.008363,42681318.000000,417289.000000,0.009777
706,568,124,0.008756,0.008343,43055765.000000,425976.000000,0.009894
707,569,124,0.008791,0.008449,43305541.000000,412083.000000,0.009516
708,569,124,0.008821,0.008459,43552951.000000,415635.000000,0.009543
709,570,123,0.008815,0.008470,43580369.000000,412234.000000,0.009459
710,570,123,0.008863,0.008484,43759454.000000,416428.000000,0.009516
711,571,122,0.008768,0.008470,43301818.000000,409164.000000,0.009449
712,572,122,0.008850,0.008479,43597230.000000,411337.000000,0.009435
713,573,122,0.008842,0.008533,43672153.000000,415729.000000,0.009519
714,574,121,0.008919,0.008553,43923034.000000,415906.000000,0.009469
715,575,121,0.009311,0.008902,44421488.000000,432938.000000,0.009746
716,576,121,0.009036,0.008691,44458541.000000,418690.000000,0.009418
717,577,120,0.009452,0.009042,44642428.000000,426734.000000,0.009559
718,578,120,0.009069,0.008716,44690887.000000,422852.000000,0.009462
719,579,119,0.009071,0.008744,44745930.000000,430515.000000,0.009621
720,580,119,0.009133,0.008786,44970454.000000,429829.000000,0.009558
721,581,119,0.009133,0.008823,45199495.000000,431528.000000,0.009547
722,582,118,0.009146,0.008804,45282415.000000,429720.000000,0.009490
723,583,118,0.009181,0.008867,45378660.000000,428466.000000,0.009442
724,584,117,0.009249,0.008905,45630893.000000,436156.000000,0.009558
725,585,117,0.009276,0.008910,45868101.000000,434846.000000,0.009480
726,586,117,0.009502,0.009139,46097598.000000,441835.000000,0.009585
727,587,116,0.009308,0.008992,46026300.000000,435954.000000,0.009472
728,588,116,0.009407,0.009043,46284081.000000,440128.000000,0.009509
729,589,116,0.009450,0.009120,46208059.000000,440868.000000,0.009541
730,589,115,0.009488,0.009165,46304240.000000,444149.000000,0.009592
731,590,115,0.009482,0.009143,46290030.000000,438224.000000,0.009467
732,591,115,0.009544,0.009138,46572712.000000,442263.000000,0.009496
733,592,114,0.009619,0.009263,47115330.000000,451699.000000,0.009587
734,592,114,0.009528,0.009221,46738300.000000,443349.000000,0.009486
735,593,114,0.009607,0.009228,47030828.000000,449193.000000,0.009551
736,593,113,0.009507,0.009188,46894492.000000,442783.000000,0.009442
737,594,113,0.009924,0.009531,47121270.000000,448284.000000,0.009513
738,595,112,0.009696,0.009267,47398043.000000,446109.000000,0.009412
739,596,112,0.009762,0.009429,47655381.000000,450201.000000,0.009447
740,597,112,0.009808,0.009403,47890105.000000,455741.000000,0.009516
741,598,111,0.009769,0.009468,47849597.000000,454009.000000,0.009488
742,598,111,0.009793,0.009474,47884746.000000,456963.000000,0.009543
743,599,111,0.009766,0.009471,47841502.000000,455108.000000,0.009513
744,600,110,0.009898,0.009490,48239820.000000,457029.000000,0.009474
745,601,110,0.009936,0.009557,48684810.000000,464510.000000,0.009541
746,601,110,0.009849,0.009490,48400154.000000,456743.000000,0.009437
747,602,109,0.010048,0.009708,48720534.000000,466307.000000,0.009571
748,603,109,0.009887,0.009511,48589101.000000,456856.000000,0.009402
749,604,109,0.009888,0.009587,48513476.000000,457945.000000,0.009440
750,605,108,0.009952,0.009575,48786598.000000,464255.000000,0.009516
751,606,108,0.009914,0.009554,48897653.000000,462118.000000,0.009451
752,607,108,0.010028,0.009673,49384106.000000,469494.000000,0.009507
753,607,107,0.009979,0.009687,49145118.000000,463529.000000,0.009432
754,608,107,0.010072,0.009694,49490175.000000,465819.000000,0.009412
755,609,107,0.010095,0.009716,49847713.000000,472695.000000,0.009483
756,610,107,0.010140,0.009753,50184150.000000,474661.000000,0.009458
757,611,106,0.010601,0.010172,50836750.000000,487217.000000,0.009584
758,612,106,0.010256,0.009889,50251434.000000,477481.000000,0.009502
759,613,105,0.010316,0.009955,50538490.000000,480317.000000,0.009504
760,613,105,0.010259,0.009881,50756613.000000,481945.000000,0.009495
761,614,105,0.010176,0.009834,50280291.000000,473685.000000,0.009421
762,615,105,0.010199,0.009823,50554577.000000,480018.000000,0.009495
763,616,104,0.010240,0.009843,50706778.000000,478907.000000,0.009445
764,617,104,0.010305,0.009931,51170147.000000,484012.000000,0.009459
765,618,104,0.010383,0.009983,51241606.000000,485265.000000,0.009470
766,618,103,0.010341,0.009972,51334898.000000,484392.000000,0.009436
767,619,103,0.010723,0.010289,51633679.000000,487349.000000,0.009439
768,620,103,0.010521,0.010157,51751859.000000,489088.000000,0.009451
769,620,102,0.010471,0.010127,51722809.000000,485216.000000,0.009381
770,620,102,0.010552,0.010189,51954884.000000,490010.000000,0.009431
771,621,102,0.010557,0.010209,52110128.000000,487803.000000,0.009361
772,621,102,0.010528,0.010200,52062530.000000,485884.000000,0.009333
773,622,101,0.010653,0.010290,52335166.000000,493925.000000,0.009438
774,623,101,0.010709,0.010327,52556737.000000,493031.000000,0.009381
775,624,101,0.010760,0.010426,52783779.000000,494157.000000,0.009362
776,625,100,0.011063,0.010624,53174796.000000,503395.000000,0.009467
777,626,100,0.010809,0.010464,53179711.000000,496637.000000,0.009339
778,626,100,0.010881,0.010500,53296538.000000,497163.000000,0.009328
779,627,100,0.010881,0.010458,53577380.000000,502095.000000,0.009371
780,628,99,0.010933,0.010530,53687701.000000,499922.000000,0.009312
781,629,99,0.010892,0.010584,53555108.000000,501910.000000,0.009372
782,630,99,0.010999,0.010589,53915704.000000,506148.000000,0.009388
783,631,98,0.010933,0.010621,53771496.000000,502902.000000,0.009353
784,632,98,0.010996,0.010601,54074733.000000,506835.000000,0.009373
785,632,98,0.011231,0.010821,54501510.000000,513157.000000,0.009415
786,633,97,0.011095,0.010690,54240671.000000,508482.000000,0.009375
787,634,97,0.011187,0.010875,54214757.000000,507903.000000,0.009368
788,634,97,0.011063,0.010688,54351993.000000,511518.000000,0.009411
789,634,97,0.011107,0.010781,54744122.000000,506083.000000,0.009245
790,635,96,0.011169,0.010791,54746763.000000,511348.000000,0.009340
791,635,96,0.011097,0.010782,54658894.000000,511386.000000,0.009356
792,636,96,0.011134,0.010812,54645667.000000,508697.000000,0.009309
793,636,96,0.011170,0.010761,55006895.000000,507537.000000,0.009227
794,636,95,0.011480,0.011075,55450607.000000,519148.000000,0.009362
795,636,95,0.011253,0.010912,55301176.000000,513412.000000,0.009284
796,636,95,0.011307,0.010899,55340733.000000,526038.000000,0.009505
797,637,95,0.011267,0.010871,55510865.000000,520653.000000,0.009379
798,637,94,0.011275,0.010971,55392080.000000,515464.000000,0.009306
799,637,94,0.011321,0.010934,55592556.000000,517586.000000,0.009310
800,638,94,0.011415,0.010994,55870523.000000,524620.000000,0.009390
801,639,94,0.011704,0.011262,56279610.000000,519644.000000,0.009233
802,640,93,0.011390,0.010999,56418675.000000,519987.000000,0.009217
803,641,93,0.011589,0.011192,56597833.000000,528810.000000,0.009343
804,642,93,0.011498,0.011162,56592053.000000,523977.000000,0.009259
805,643,93,0.011636,0.011232,56844152.000000,529267.000000,0.009311
806,643,92,0.011534,0.011209,56694927.000000,527812.000000,0.009310
807,644,92,0.011565,0.011227,56781764.000000,527879.000000,0.009297
808,645,92,0.011667,0.011295,57041289.000000,528431.000000,0.009264
809,646,92,0.011692,0.011278,57427661.000000,531578.000000,0.009256
810,647,91,0.011735,0.011299,57653764.000000,534566.000000,0.009272
811,648,91,0.011852,0.011442,57963489.000000,533341.000000,0.009201
812,649,91,0.011864,0.011489,57717585.000000,533436.000000,0.009242
813,650,91,0.011825,0.011411,58099588.000000,539592.000000,0.009287
814,651,90,0.011875,0.011523,58274008.000000,537390.000000,0.009222
815,652,90,0.011829,0.011512,58334021.000000,537984.000000,0.009222
816,652,90,0.011841,0.011459,58511246.000000,541058.000000,0.009247
817,653,90,0.011846,0.011524,58546597.000000,541835.000000,0.009255
818,653,90,0.011868,0.011529,58617533.000000,541072.000000,0.009231
819,654,89,0.011868,0.011527,58811246.000000,541198.000000,0.009202
820,655,89,0.012303,0.011866,59014740.000000,549439.000000,0.009310
821,655,89,0.012057,0.011640,59673302.000000,544349.000000,0.009122
822,656,89,0.011956,0.011537,59480102.000000,539449.000000,0.009069
823,657,88,0.012016,0.011598,59667715.000000,542781.000000,0.009097
824,658,88,0.012085,0.011651,60088805.000000,550742.000000,0.009165
825,659,88,0.012177,0.011752,60435744.000000,550276.000000,0.009105
826,660,88,0.012067,0.011647,60021811.000000,546998.000000,0.009113
827,661,87,0.012148,0.011746,60341288.000000,552315.000000,0.009153
828,661,87,0.012474,0.012143,59935526.000000,550370.000000,0.009183
829,662,87,0.012270,0.011892,59874261.000000,546108.000000,0.009121
830,662,87,0.012057,0.011690,60012150.000000,545063.000000,0.009083
831,663,87,0.012077,0.011685,60292772.000000,550932.000000,0.009138
832,664,86,0.012053,0.011677,60279882.000000,544734.000000,0.009037
833,665,86,0.012166,0.011751,60641634.000000,548799.000000,0.009050
834,666,86,0.012127,0.011753,60660460.000000,548302.000000,0.009039
835,666,86,0.012156,0.011745,60767200.000000,552850.000000,0.009098
836,666,86,0.012646,0.012215,61076507.000000,561843.000000,0.009199
837,667,85,0.012298,0.011888,61340394.000000,555360.000000,0.009054
838,668,85,0.012414,0.011998,61954297.000000,564407.000000,0.009110
839,669,85,0.012316,0.011927,61658807.000000,556910.000000,0.009032
840,669,85,0.012331,0.011988,61732418.000000,557267.000000,0.009027
841,670,85,0.012395,0.012009,62024579.000000,559595.000000,0.009022
842,671,85,0.012479,0.012095,62402234.000000,564806.000000,0.009051
843,672,84,0.012459,0.012098,62320766.000000,562843.000000,0.009031
844,673,84,0.012627,0.012088,62437847.000000,565281.000000,0.009053
845,673,84,0.012782,0.012389,62942308.000000,567427.000000,0.009015
846,673,84,0.012700,0.012296,63381585.000000,572955.000000,0.009040
847,673,84,0.012781,0.012388,63190320.000000,569793.000000,0.009017
848,674,83,0.012869,0.012451,63812233.000000,573510.000000,0.008987
849,675,83,0.012841,0.012449,63914398.000000,572272.000000,0.008954
850,675,83,0.012845,0.012466,64122244.000000,574205.000000,0.008955
851,676,83,0.012846,0.012443,63967514.000000,577603.000000,0.009030
852,677,83,0.013014,0.012632,64328695.000000,580606.000000,0.009026
853,678,82,0.012968,0.012533,64662942.000000,581633.000000,0.008995
854,679,82,0.013007,0.012609,64766520.000000,581714.000000,0.008982
855,680,82,0.013034,0.012695,64898485.000000,584187.000000,0.009002
856,681,82,0.013063,0.012690,65025763.000000,583956.000000,0.008980
857,682,82,0.013019,0.012705,65252622.000000,581121.000000,0.008906
858,683,81,0.013071,0.012731,65357743.000000,582010.000000,0.008905
859,684,81,0.013097,0.012776,65454870.000000,583409.000000,0.008913
860,684,81,0.013192,0.012856,65548934.000000,587746.000000,0.008967
861,684,81,0.013036,0.012724,65423027.000000,584735.000000,0.008938
862,685,81,0.013107,0.012766,65554542.000000,585738.000000,0.008935
863,686,81,0.013094,0.012786,65680821.000000,586553.000000,0.008930
864,686,80,0.013192,0.012869,65699828.000000,589453.000000,0.008972
865,687,80,0.013295,0.012864,66086464.000000,589470.000000,0.008920
866,687,80,0.013287,0.012962,66072654.000000,589580.000000,0.008923
867,688,80,0.013252,0.012928,66093151.000000,590213.000000,0.008930
868,689,80,0.013526,0.013092,66558959.000000,594622.000000,0.008934
869,690,79,0.013390,0.013023,66675521.000000,594036.000000,0.008909
870,691,79,0.013389,0.012980,66633369.000000,594216.000000,0.008918
871,692,79,0.013369,0.013012,66696469.000000,594439.000000,0.008913
872,693,79,0.013451,0.013046,67022021.000000,596868.000000,0.008906
873,694,79,0.013597,0.013179,67455410.000000,600504.000000,0.008902
874,694,79,0.013478,0.013164,67279703.000000,595351.000000,0.008849
875,695,78,0.013620,0.013269,67447555.000000,601410.000000,0.008917
876,696,78,0.013592,0.013155,67652926.000000,601045.000000,0.008884
877,697,78,0.013791,0.013335,67922635.000000,615662.000000,0.009064
878,698,78,0.013751,0.013316,68124041.000000,606489.000000,0.008903
879,699,78,0.013677,0.013334,68128029.000000,603772.000000,0.008862
880,700,77,0.013770,0.013357,68413678.000000,611528.000000,0.008939
881,701,77,0.013729,0.013353,68533027.000000,608471.000000,0.008879
882,702,77,0.014168,0.013765,68834326.000000,614823.000000,0.008932
883,703,77,0.014397,0.014034,68855116.000000,614927.000000,0.008931
884,704,77,0.013856,0.013464,68947064.000000,613638.000000,0.008900
885,705,76,0.013909,0.013496,69254487.000000,613359.000000,0.008857
886,705,76,0.013904,0.013481,69459423.000000,621081.000000,0.008942
887,705,76,0.013794,0.013458,68996808.000000,609527.000000,0.008834
888,706,76,0.013870,0.013503,69300464.000000,614692.000000,0.008870
889,707,76,0.014064,0.013710,69561474.000000,619490.000000,0.008906
890,707,76,0.013921,0.013596,69528781.000000,613363.000000,0.008822
891,707,75,0.013975,0.013657,69511517.000000,611768.000000,0.008801
892,708,75,0.014057,0.013593,70028741.000000,619729.000000,0.008850
893,709,75,0.014163,0.013754,70715080.000000,621842.000000,0.008794
894,710,75,0.014073,0.013715,70494998.000000,618089.000000,0.008768
895,711,75,0.014165,0.013833,70548141.000000,621846.000000,0.008814
896,712,75,0.014217,0.013801,70879986.000000,624507.000000,0.008811
897,713,74,0.014538,0.014203,71061350.000000,631951.000000,0.008893
898,714,74,0.014183,0.013810,71140522.000000,630231.000000,0.008859
899,715,74,0.014257,0.013871,71602633.000000,637112.000000,0.008898
900,716,74,0.014238,0.013906,71643708.000000,637714.000000,0.008901
901,717,74,0.014336,0.014027,71750912.000000,637687.000000,0.008888
902,718,73,0.014392,0.013952,72223617.000000,639705.000000,0.008857
903,719,73,0.014392,0.014047,72172785.000000,644028.000000,0.008923
904,720,73,0.014782,0.014169,72635998.000000,651970.000000,0.008976
905,721,73,0.014427,0.014105,72595461.000000,643972.000000,0.008871
906,721,73,0.014514,0.014129,72843808.000000,644790.000000,0.008852
907,721,73,0.014484,0.014162,72786838.000000,647963.000000,0.008902
908,722,72,0.014592,0.014173,73188560.000000,650084.000000,0.008882
909,723,72,0.014645,0.014254,73562567.000000,651276.000000,0.008853
910,723,72,0.014884,0.014501,73745221.000000,655704.000000,0.008891
911,724,72,0.014688,0.014321,73826255.000000,651665.000000,0.008827
912,725,72,0.014739,0.014331,73973841.000000,651614.000000,0.008809
913,726,72,0.014772,0.014336,74267402.000000,652323.000000,0.008783
914,726,72,0.014855,0.014437,74661582.000000,657267.000000,0.008803
915,727,71,0.014768,0.014410,74245629.000000,656968.000000,0.008849
916,728,71,0.014830,0.014440,74568278.000000,656271.000000,0.008801
917,729,71,0.015053,0.014717,74406656.000000,659526.000000,0.008864
918,730,71,0.015740,0.015305,74793631.000000,663833.000000,0.008876
919,731,71,0.015284,0.014877,75202994.000000,664337.000000,0.008834
920,732,70,0.014948,0.014504,75144279.000000,661553.000000,0.008804
921,733,70,0.015062,0.014636,75757222.000000,671236.000000,0.008860
922,734,70,0.015000,0.014622,75147902.000000,664204.000000,0.008839
923,735,70,0.015100,0.014673,75774252.000000,671182.000000,0.008858
924,736,70,0.015286,0.014919,75989181.000000,673078.000000,0.008858
925,737,70,0.015188,0.014763,76151388.000000,674053.000000,0.008851
926,738,70,0.015201,0.014823,76420646.000000,677473.000000,0.008865
927,738,69,0.015313,0.014905,76950882.000000,675400.000000,0.008777
928,738,69,0.015500,0.015148,77124059.000000,680447.000000,0.008823
929,739,69,0.015358,0.015038,76843178.000000,678186.000000,0.008826
930,739,69,0.015740,0.015327,77273861.000000,682273.000000,0.008829
931,740,69,0.015588,0.015196,77459710.000000,680917.000000,0.008791
932,741,69,0.015340,0.014973,77241279.000000,682815.000000,0.008840
933,741,68,0.015325,0.015003,77245556.000000,677069.000000,0.008765
934,741,68,0.015455,0.015052,77588770.000000,682830.000000,0.008801
935,741,68,0.015457,0.015109,77817150.000000,687398.000000,0.008834
936,741,68,0.015436,0.015072,77661469.000000,685184.000000,0.008823
937,742,68,0.015875,0.015529,77838205.000000,690445.000000,0.008870
938,743,68,0.015589,0.015221,77907076.000000,691755.000000,0.008879
939,744,67,0.015561,0.015228,77953061.000000,696985.000000,0.008941
940,744,67,0.015541,0.015204,78012562.000000,699614.000000,0.008968
941,744,67,0.015648,0.015246,78242148.000000,696571.000000,0.008903
942,745,67,0.015574,0.015240,78148709.000000,695665.000000,0.008902
943,746,67,0.016038,0.015602,78632069.000000,701046.000000,0.008916
944,746,67,0.015722,0.015314,78712388.000000,696757.000000,0.008852
945,747,67,0.015801,0.015372,78583825.000000,706091.000000,0.008985
946,748,67,0.015773,0.015322,78886827.000000,700467.000000,0.008879
947,749,66,0.015705,0.015369,78628619.000000,695629.000000,0.008847
948,749,66,0.015702,0.015355,78718784.000000,695693.000000,0.008838
949,750,66,0.015936,0.015601,78948803.000000,704518.000000,0.008924
950,751,66,0.015925,0.015470,79263330.000000,701121.000000,0.008845
951,752,66,0.015931,0.015551,79450079.000000,702387.000000,0.008841
952,753,66,0.015992,0.015560,79655361.000000,708152.000000,0.008890
953,754,66,0.016199,0.015763,79968597.000000,707947.000000,0.008853
954,754,65,0.015875,0.015540,79700654.000000,704721.000000,0.008842
955,755,65,0.015921,0.015590,79725803.000000,703087.000000,0.008819
956,756,65,0.016194,0.015753,80219847.000000,709544.000000,0.008845
957,757,65,0.016085,0.015621,80382853.000000,711380.000000,0.008850
958,758,65,0.015983,0.015559,80041191.000000,706226.000000,0.008823
959,759,65,0.015927,0.015598,79915588.000000,704232.000000,0.008812
960,760,65,0.016106,0.015620,80445144.000000,710078.000000,0.008827
961,761,65,0.016055,0.015679,80579128.000000,710366.000000,0.008816
962,762,64,0.016410,0.015993,80748601.000000,715169.000000,0.008857
963,763,64,0.016102,0.015767,80654649.000000,716739.000000,0.008887
964,763,64,0.016147,0.015702,80994129.000000,719142.000000,0.008879
965,764,64,0.016180,0.015739,81276882.000000,719120.000000,0.008848
966,765,64,0.016107,0.015662,81003892.000000,717331.000000,0.008856
967,766,64,0.016211,0.015754,81493892.000000,722363.000000,0.008864
968,766,64,0.016416,0.016053,81693669.000000,723280.000000,0.008854
969,766,64,0.016410,0.015958,81922297.000000,725957.000000,0.008862
970,767,63,0.016342,0.015965,81894330.000000,723905.000000,0.008840
971,768,63,0.016372,0.015937,82384048.000000,725999.000000,0.008812
972,769,63,0.016379,0.015957,82465253.000000,729817.000000,0.008850
973,770,63,0.016315,0.015994,82110618.000000,726307.000000,0.008845
974,771,63,0.016594,0.016211,82421495.000000,728615.000000,0.008840
975,772,63,0.016385,0.016056,82346061.000000,729980.000000,0.008865
976,773,63,0.016478,0.016069,82691780.000000,729544.000000,0.008822
977,773,63,0.016442,0.016128,82756585.000000,728745.000000,0.008806
978,774,63,0.016618,0.016260,82934153.000000,729887.000000,0.008801
979,775,63,0.016593,0.016156,83467697.000000,730385.000000,0.008751
980,775,62,0.016664,0.016335,83280362.000000,732012.000000,0.008790
981,776,62,0.016668,0.016229,83638626.000000,733243.000000,0.008767
982,777,62,0.016677,0.016274,83701640.000000,735906.000000,0.008792
983,777,62,0.016663,0.016302,84005786.000000,735169.000000,0.008751
984,778,62,0.016832,0.016368,84375475.000000,736394.000000,0.008728
985,779,62,0.016830,0.016375,84574472.000000,741724.000000,0.008770
986,780,62,0.017043,0.016672,84649773.000000,745309.000000,0.008805
987,781,62,0.016937,0.016538,84602209.000000,745409.000000,0.008811
988,782,62,0.016995,0.016531,85013739.000000,749454.000000,0.008816
989,783,61,0.016983,0.016502,85312596.000000,743207.000000,0.008712
990,784,61,0.017001,0.016614,85415425.000000,750629.000000,0.008788
991,784,61,0.016935,0.016590,85245778.000000,747063.000000,0.008764
992,784,61,0.017206,0.016757,85721156.000000,749843.000000,0.008747
993,785,61,0.017003,0.016650,85514357.000000,746514.000000,0.008730
994,786,61,0.017166,0.016714,85875504.000000,750587.000000,0.008740
995,787,61,0.017019,0.016676,85761279.000000,749189.000000,0.008736
996,787,61,0.017155,0.016713,86102079.000000,755557.000000,0.008775
997,788,61,0.017141,0.016734,86227323.000000,758043.000000,0.008791
998,789,61,0.017428,0.016943,86582785.000000,761341.000000,0.008793
999,790,60,0.017206,0.016852,86421012.000000,755509.000000,0.008742
1000,791,60,0.017286,0.016861,86732168.000000,762482.000000,0.008791
1001,792,60,0.017248,0.016892,86649980.000000,757408.000000,0.008741
1002,793,60,0.017380,0.016940,86991729.000000,760206.000000,0.008739
1003,793,60,0.017448,0.017068,87525641.000000,762177.000000,0.008708
1004,794,60,0.018272,0.017786,87528302.000000,771317.000000,0.008812
1005,795,60,0.017667,0.017159,87951795.000000,780091.000000,0.008870
1006,795,60,0.017459,0.017070,87789051.000000,765506.000000,0.008720
1007,796,60,0.017375,0.017001,87495981.000000,763775.000000,0.008729
1008,797,60,0.017384,0.017006,87732982.000000,763943.000000,0.008708
1009,798,59,0.017819,0.017389,88041890.000000,773828.000000,0.008789
