frame,nb of entities,FPS,frame length,physics length,L1-dcache-loads,L1-dcache-load-misses,L1-dcache-load-miss-ratio
0,3,302,0.001908,0.000028,488911.000000,33802.000000,0.069137
1,4,302,0.003316,0.000034,582165.000000,34680.000000,0.059571
2,5,302,0.003329,0.000034,569330.000000,34197.000000,0.060065
3,6,302,0.003310,0.000034,591440.000000,34275.000000,0.057952
4,7,302,0.003326,0.000028,572251.000000,34110.000000,0.059607
5,8,302,0.003319,0.000039,569988.000000,31231.000000,0.054792
6,9,302,0.003317,0.000031,585132.000000,34847.000000,0.059554
7,10,302,0.003321,0.000038,602910.000000,35695.000000,0.059205
8,11,302,0.003327,0.000036,594213.000000,35210.000000,0.059255
9,12,302,0.003309,0.000041,598504.000000,34799.000000,0.058143
10,13,302,0.003321,0.000037,567002.000000,31150.000000,0.054938
11,14,302,0.003328,0.000038,604095.000000,34864.000000,0.057713
12,15,302,0.003313,0.000042,607825.000000,34627.000000,0.056969
13,16,302,0.003325,0.000073,692886.000000,40048.000000,0.057799
14,17,302,0.003338,0.000052,642376.000000,37765.000000,0.058790
15,18,302,0.003312,0.000068,587279.000000,34441.000000,0.058645
16,19,302,0.003319,0.000057,636153.000000,37048.000000,0.058238
17,20,302,0.003326,0.000054,652884.000000,37423.000000,0.057320
18,21,302,0.003316,0.000050,652532.000000,37673.000000,0.057734
19,22,302,0.003322,0.000063,666639.000000,37806.000000,0.056711
20,23,302,0.003325,0.000063,615101.000000,34309.000000,0.055778
21,24,302,0.003286,0.000073,687347.000000,39091.000000,0.056872
22,24,302,0.003320,0.000062,646858.000000,37356.000000,0.057750
23,25,302,0.003326,0.000068,677696.000000,37529.000000,0.055377
24,26,302,0.003318,0.000068,662549.000000,37768.000000,0.057004
25,26,302,0.003320,0.000066,649724.000000,34447.000000,0.053018
26,27,302,0.003341,0.000057,706109.000000,39064.000000,0.055323
27,28,302,0.003305,0.000128,685403.000000,45184.000000,0.065923
28,29,302,0.003322,0.000073,687152.000000,38722.000000,0.056351
29,30,302,0.003324,0.000068,724571.000000,38712.000000,0.053427
30,31,302,0.003319,0.000077,684070.000000,34829.000000,0.050914
31,32,302,0.003326,0.000069,706604.000000,38435.000000,0.054394
32,33,302,0.003342,0.000072,620019.000000,39938.000000,0.064414
33,34,302,0.003382,0.000078,646518.000000,39603.000000,0.061256
34,34,302,0.003346,0.000077,626654.000000,39011.000000,0.062253
35,35,302,0.003326,0.000074,680203.000000,35133.000000,0.051651
36,36,302,0.003339,0.000069,705965.000000,39945.000000,0.056582
37,37,302,0.003324,0.000077,747788.000000,39100.000000,0.052288
38,38,302,0.003326,0.000075,735565.000000,38436.000000,0.052254
39,39,302,0.003318,0.000079,664421.000000,38951.000000,0.058624
40,40,302,0.003323,0.000078,691486.000000,34872.000000,0.050431
41,41,302,0.003324,0.000089,738426.000000,38936.000000,0.052728
42,42,302,0.003322,0.000095,768293.000000,38863.000000,0.050584
43,43,302,0.003322,0.000087,769300.000000,38761.000000,0.050385
44,44,302,0.003326,0.000085,792998.000000,39289.000000,0.049545
45,45,302,0.003323,0.000089,742071.000000,35746.000000,0.048171
46,46,302,0.003322,0.000097,804236.000000,39905.000000,0.049619
47,47,302,0.003328,0.000081,811138.000000,38978.000000,0.048053
48,48,302,0.003321,0.000101,789181.000000,39683.000000,0.050284
49,49,302,0.003322,0.000103,798144.000000,39444.000000,0.049420
50,50,302,0.003331,0.000093,763881.000000,35876.000000,0.046965
51,51,302,0.003317,0.000112,818516.000000,39728.000000,0.048537
52,52,302,0.003321,0.000109,833583.000000,39611.000000,0.047519
53,53,302,0.003328,0.000100,837355.000000,40534.000000,0.048407
54,54,302,0.003321,0.000104,823535.000000,39491.000000,0.047953
55,55,302,0.003319,0.000124,797173.000000,36318.000000,0.045558
56,55,302,0.003330,0.000098,827762.000000,39869.000000,0.048165
57,56,302,0.003319,0.000114,826145.000000,39505.000000,0.047818
58,57,303,0.003322,0.000103,846960.000000,39777.000000,0.046964
59,58,303,0.003328,0.000106,837119.000000,39933.000000,0.047703
60,59,300,0.003322,0.000115,840601.000000,36714.000000,0.043676
61,60,300,0.003325,0.000100,896885.000000,41251.000000,0.045994
62,61,300,0.003330,0.000104,911097.000000,41155.000000,0.045171
63,62,300,0.003320,0.000120,902766.000000,44361.000000,0.049139
64,63,300,0.003318,0.000129,927749.000000,42893.000000,0.046233
65,64,300,0.003323,0.000156,919069.000000,41002.000000,0.044613
66,64,300,0.003321,0.000100,874713.000000,40310.000000,0.046084
67,65,300,0.003321,0.000133,884884.000000,40806.000000,0.046115
68,65,300,0.003324,0.000132,889785.000000,40385.000000,0.045387
69,66,300,0.003320,0.000129,891986.000000,41600.000000,0.046638
70,66,300,0.003322,0.000122,822445.000000,36096.000000,0.043889
71,67,300,0.003326,0.000136,906343.000000,40223.000000,0.044379
72,67,300,0.003321,0.000101,884722.000000,40398.000000,0.045662
73,68,300,0.003324,0.000147,882264.000000,41471.000000,0.047005
74,69,300,0.003322,0.000137,876649.000000,41690.000000,0.047556
75,70,300,0.003324,0.000134,874594.000000,37818.000000,0.043241
76,71,300,0.003320,0.000110,935409.000000,41498.000000,0.044363
77,72,300,0.003330,0.000112,975907.000000,42151.000000,0.043192
78,73,300,0.003320,0.000114,950152.000000,41238.000000,0.043401
79,74,300,0.003325,0.000144,921828.000000,41147.000000,0.044636
80,75,300,0.003325,0.000175,951001.000000,41694.000000,0.043842
81,76,300,0.003315,0.000207,1005331.000000,56770.000000,0.056469
82,77,300,0.003325,0.000135,983681.000000,44635.000000,0.045375
83,78,300,0.003317,0.000208,1060744.000000,51866.000000,0.048896
84,78,300,0.003324,0.000117,971714.000000,41784.000000,0.043000
85,79,300,0.003321,0.000177,945241.000000,41917.000000,0.044345
86,80,300,0.003349,0.000160,965922.000000,43956.000000,0.045507
87,80,300,0.003295,0.000150,952367.000000,42079.000000,0.044184
88,81,300,0.003375,0.000156,967295.000000,43253.000000,0.044715
89,82,300,0.003250,0.000132,1053992.000000,43864.000000,0.041617
90,82,300,0.003323,0.000199,1004966.000000,48219.000000,0.047981
91,82,300,0.003322,0.000126,1021902.000000,42359.000000,0.041451
92,83,300,0.003327,0.000139,1074319.000000,43680.000000,0.040658
93,84,300,0.003323,0.000137,1050465.000000,43748.000000,0.041646
94,85,300,0.003320,0.000139,1085844.000000,44201.000000,0.040707
95,86,300,0.003326,0.000149,1063679.000000,39747.000000,0.037367
96,87,300,0.003324,0.000140,1044339.000000,43078.000000,0.041249
97,87,300,0.003320,0.000168,1044818.000000,42345.000000,0.040529
98,88,300,0.003325,0.000148,1118334.000000,43811.000000,0.039175
99,89,300,0.003327,0.000144,1041238.000000,43209.000000,0.041498
100,90,300,0.003318,0.000184,1085472.000000,40771.000000,0.037561
101,91,300,0.003328,0.000157,1114607.000000,44823.000000,0.040214
102,92,300,0.003322,0.000184,1080037.000000,44047.000000,0.040783
103,92,300,0.003315,0.000148,1112806.000000,43374.000000,0.038977
104,93,300,0.003327,0.000161,1187931.000000,45551.000000,0.038345
105,94,300,0.003323,0.000157,1064336.000000,41114.000000,0.038629
106,95,300,0.003324,0.000159,1146156.000000,45296.000000,0.039520
107,96,300,0.003322,0.000212,1182193.000000,46717.000000,0.039517
108,97,300,0.003370,0.000175,1141961.000000,48788.000000,0.042723
109,98,300,0.003361,0.000214,1109522.000000,46302.000000,0.041731
110,99,300,0.003321,0.000219,1179480.000000,42657.000000,0.036166
111,100,300,0.003324,0.000185,1225357.000000,46939.000000,0.038306
112,100,300,0.003320,0.000222,1253432.000000,45611.000000,0.036389
113,100,300,0.003325,0.000193,1246492.000000,47131.000000,0.037811
114,101,300,0.003317,0.000227,1248068.000000,45970.000000,0.036833
115,102,300,0.003323,0.000231,1224502.000000,42337.000000,0.034575
116,103,300,0.003330,0.000195,1298605.000000,47727.000000,0.036753
117,104,300,0.003318,0.000237,1262055.000000,46458.000000,0.036811
118,105,300,0.003326,0.000235,1284248.000000,45886.000000,0.035730
119,106,300,0.003324,0.000252,1314635.000000,48685.000000,0.037033
120,107,300,0.003319,0.000252,1302410.000000,43511.000000,0.033408
121,108,300,0.003321,0.000254,1323941.000000,47716.000000,0.036041
122,109,300,0.003325,0.000259,1381093.000000,47303.000000,0.034250
123,110,300,0.003321,0.000215,1393870.000000,46881.000000,0.033634
124,111,300,0.003324,0.000216,1430780.000000,47746.000000,0.033371
125,112,300,0.003325,0.000240,1430928.000000,47052.000000,0.032882
126,113,300,0.003323,0.000232,1480724.000000,49090.000000,0.033153
127,114,300,0.003323,0.000245,1490176.000000,50051.000000,0.033587
128,115,300,0.003323,0.000309,1549576.000000,50372.000000,0.032507
129,116,300,0.003324,0.000321,1597208.000000,59621.000000,0.037328
130,117,300,0.003320,0.000394,1634227.000000,62566.000000,0.038285
131,117,300,0.003326,0.000258,1568423.000000,49410.000000,0.031503
132,117,300,0.003319,0.000405,1632335.000000,70604.000000,0.043253
133,118,300,0.003322,0.000417,1686320.000000,72934.000000,0.043250
134,119,300,0.003325,0.000437,1724213.000000,75209.000000,0.043619
135,120,300,0.003318,0.000443,1690289.000000,68493.000000,0.040521
136,121,300,0.003321,0.000444,1775514.000000,74888.000000,0.042178
137,122,300,0.003323,0.000465,1797796.000000,73656.000000,0.040970
138,123,300,0.003320,0.000285,1758477.000000,53342.000000,0.030334
139,124,300,0.003327,0.000331,1703265.000000,53236.000000,0.031255
140,125,300,0.003325,0.000362,1716905.000000,51342.000000,0.029904
141,125,300,0.003317,0.000365,1766447.000000,53578.000000,0.030331
142,125,300,0.003322,0.000379,1775724.000000,54462.000000,0.030670
143,126,300,0.003327,0.000315,1801006.000000,55057.000000,0.030570
144,127,300,0.003323,0.000305,1826398.000000,54984.000000,0.030105
145,127,300,0.003322,0.000358,1773750.000000,54433.000000,0.030688
146,128,300,0.003325,0.000396,1877408.000000,55522.000000,0.029574
147,129,300,0.003322,0.000325,1882196.000000,56996.000000,0.030282
148,130,300,0.003362,0.000346,1832003.000000,57288.000000,0.031271
149,131,300,0.003362,0.000425,1895530.000000,58370.000000,0.030793
150,132,300,0.003322,0.000425,1898025.000000,53187.000000,0.028022
151,133,300,0.003343,0.000396,1928070.000000,58201.000000,0.030186
152,134,300,0.003366,0.000391,1930341.000000,58226.000000,0.030164
153,135,300,0.003356,0.000432,1914261.000000,57616.000000,0.030098
154,135,300,0.003353,0.000439,1905664.000000,57585.000000,0.030218
155,136,300,0.003363,0.000442,1910546.000000,54506.000000,0.028529
156,136,300,0.003353,0.000419,1986674.000000,58590.000000,0.029492
157,137,300,0.003359,0.000479,2059979.000000,60303.000000,0.029274
158,138,300,0.003353,0.000379,2091905.000000,61460.000000,0.029380
159,139,300,0.003320,0.000487,2204449.000000,73065.000000,0.033144
160,139,300,0.003312,0.000544,2151995.000000,57405.000000,0.026675
161,140,300,0.003325,0.000494,2237589.000000,61083.000000,0.027299
162,140,300,0.003321,0.000459,2276599.000000,61913.000000,0.027195
163,140,300,0.003326,0.000441,2217055.000000,59771.000000,0.026960
164,141,300,0.003324,0.000512,2272752.000000,61399.000000,0.027015
165,142,300,0.003318,0.000484,2250959.000000,58291.000000,0.025896
166,143,300,0.003326,0.000515,2277417.000000,63042.000000,0.027681
167,144,300,0.003324,0.000516,2320479.000000,61624.000000,0.026557
168,145,300,0.003322,0.000428,2352213.000000,63746.000000,0.027100
169,146,300,0.003321,0.000563,2395066.000000,64209.000000,0.026809
170,146,300,0.003329,0.000482,2331884.000000,59879.000000,0.025678
171,147,300,0.003321,0.000525,2459523.000000,65106.000000,0.026471
172,148,300,0.003324,0.000521,2496458.000000,65454.000000,0.026219
173,149,300,0.003330,0.000529,2567426.000000,66196.000000,0.025783
174,150,300,0.003319,0.000549,2588444.000000,67960.000000,0.026255
175,151,300,0.003323,0.000610,2519310.000000,62569.000000,0.024836
176,152,300,0.003329,0.000544,2611418.000000,67320.000000,0.025779
177,153,300,0.003321,0.000583,2652384.000000,69538.000000,0.026217
178,153,300,0.003323,0.000579,2647466.000000,67007.000000,0.025310
179,154,300,0.003330,0.000561,2689691.000000,67984.000000,0.025276
180,154,300,0.003319,0.000590,2682834.000000,65519.000000,0.024422
181,155,300,0.003325,0.000590,2737948.000000,69127.000000,0.025248
182,155,300,0.003328,0.000582,2780332.000000,70137.000000,0.025226
183,156,300,0.003323,0.000614,2798114.000000,70423.000000,0.025168
184,157,300,0.003322,0.000621,2838177.000000,70635.000000,0.024887
185,158,300,0.003327,0.000685,2798081.000000,67744.000000,0.024211
186,158,300,0.003321,0.000620,2874310.000000,71875.000000,0.025006
187,159,298,0.004824,0.000820,2968768.000000,87182.000000,0.029366
188,160,298,0.003318,0.000840,3157913.000000,103034.000000,0.032627
189,160,298,0.003320,0.000713,3041178.000000,82012.000000,0.026967
190,161,298,0.003323,0.000693,3100198.000000,83672.000000,0.026989
191,162,298,0.003325,0.000622,3018122.000000,75701.000000,0.025082
192,163,298,0.003322,0.000733,3060708.000000,74992.000000,0.024502
193,164,298,0.003324,0.000782,3081335.000000,76619.000000,0.024866
194,165,298,0.003322,0.000668,3039900.000000,71780.000000,0.023613
195,166,298,0.003321,0.000747,3063936.000000,75087.000000,0.024507
196,167,298,0.003325,0.000726,3102161.000000,75460.000000,0.024325
197,168,298,0.003320,0.000945,3161706.000000,87789.000000,0.027766
198,169,298,0.003325,0.000600,3172084.000000,75933.000000,0.023938
199,169,298,0.003322,0.000753,3196485.000000,73983.000000,0.023145
200,170,298,0.003324,0.000632,3302136.000000,78773.000000,0.023855
201,171,298,0.003322,0.000814,3408094.000000,79385.000000,0.023293
202,172,298,0.003323,0.000788,3326509.000000,80024.000000,0.024056
203,173,298,0.003321,0.000743,3395070.000000,80926.000000,0.023836
204,174,298,0.003327,0.000831,3392162.000000,76914.000000,0.022674
205,174,298,0.003317,0.000714,3555007.000000,83474.000000,0.023481
206,175,298,0.003323,0.000776,3535475.000000,83239.000000,0.023544
207,176,298,0.003324,0.000891,3605830.000000,82778.000000,0.022957
208,176,298,0.003321,0.000853,3592747.000000,82876.000000,0.023068
209,177,298,0.003331,0.000814,3569373.000000,80927.000000,0.022673
210,178,298,0.003311,0.001267,3935741.000000,119113.000000,0.030264
211,179,298,0.003326,0.000754,3702844.000000,85863.000000,0.023188
212,179,298,0.003321,0.000818,3753118.000000,86642.000000,0.023085
213,180,298,0.003322,0.000947,3783108.000000,87320.000000,0.023082
214,181,298,0.003324,0.000942,3768183.000000,88193.000000,0.023405
215,182,298,0.003324,0.000770,3877758.000000,89126.000000,0.022984
216,183,298,0.003320,0.000970,3931975.000000,89527.000000,0.022769
217,184,298,0.003318,0.000940,3993137.000000,99348.000000,0.024880
218,185,298,0.003325,0.000822,3988302.000000,92298.000000,0.023142
219,186,298,0.003321,0.001023,3917275.000000,89421.000000,0.022827
220,187,298,0.003323,0.000958,4035963.000000,94593.000000,0.023438
221,187,298,0.003320,0.000913,4126171.000000,93989.000000,0.022779
222,188,298,0.003322,0.001059,4170774.000000,95391.000000,0.022871
223,189,298,0.003323,0.001003,4174746.000000,95082.000000,0.022776
224,190,298,0.003331,0.000956,4158574.000000,91024.000000,0.021888
225,191,298,0.003312,0.001556,4617174.000000,132323.000000,0.028659
226,192,298,0.003321,0.001027,4347149.000000,96288.000000,0.022150
227,193,298,0.003325,0.001009,4377456.000000,107335.000000,0.024520
228,194,298,0.003320,0.001100,4405362.000000,97923.000000,0.022228
229,195,298,0.003323,0.001080,4446080.000000,96855.000000,0.021784
230,196,298,0.003323,0.001043,4545982.000000,101213.000000,0.022264
231,196,298,0.003321,0.000944,4476886.000000,99026.000000,0.022119
232,197,298,0.003323,0.001084,4531930.000000,100166.000000,0.022102
233,198,298,0.003319,0.001041,4649057.000000,102274.000000,0.021999
234,198,298,0.003324,0.001141,4528432.000000,97275.000000,0.021481
235,198,298,0.003324,0.001098,4565733.000000,99041.000000,0.021692
236,199,298,0.003317,0.001040,4630787.000000,101682.000000,0.021958
237,200,298,0.003323,0.000977,4676538.000000,104620.000000,0.022371
238,201,298,0.003328,0.001133,4710802.000000,102393.000000,0.021736
239,202,298,0.003318,0.001061,4624751.000000,101544.000000,0.021957
240,202,298,0.003323,0.000996,4710653.000000,103989.000000,0.022075
241,202,298,0.003329,0.001138,4741484.000000,104268.000000,0.021991
242,202,298,0.003319,0.001084,4856108.000000,106528.000000,0.021937
243,203,298,0.003319,0.001039,4890656.000000,106977.000000,0.021874
244,204,298,0.003331,0.001184,4810313.000000,102868.000000,0.021385
245,205,298,0.003316,0.001113,4934854.000000,107521.000000,0.021788
246,206,298,0.003322,0.001004,5005687.000000,109109.000000,0.021797
247,206,300,0.003327,0.001206,5034223.000000,108199.000000,0.021493
248,206,300,0.003324,0.001146,5084969.000000,110888.000000,0.021807
249,207,300,0.003320,0.001082,4933089.000000,104430.000000,0.021169
250,207,300,0.003413,0.001318,4930990.000000,109582.000000,0.022223
251,208,300,0.003383,0.001131,5046061.000000,110028.000000,0.021805
252,208,300,0.003391,0.001022,5067831.000000,110262.000000,0.021757
253,209,300,0.003405,0.001193,5027782.000000,108410.000000,0.021562
254,210,300,0.003378,0.001116,5104744.000000,108146.000000,0.021185
255,211,300,0.003403,0.001308,5183857.000000,111584.000000,0.021525
256,211,300,0.003389,0.001187,5169778.000000,112555.000000,0.021772
257,212,300,0.003330,0.001491,5336011.000000,116278.000000,0.021791
258,213,300,0.003315,0.001276,5357643.000000,113880.000000,0.021256
259,213,300,0.003326,0.001206,5326069.000000,111318.000000,0.020901
260,214,300,0.003321,0.001144,5370383.000000,113289.000000,0.021095
261,214,300,0.003323,0.001283,5407797.000000,114158.000000,0.021110
262,215,300,0.003327,0.001245,5512090.000000,116713.000000,0.021174
263,216,300,0.003320,0.001186,5490266.000000,115427.000000,0.021024
264,216,300,0.003325,0.001330,5532865.000000,113310.000000,0.020479
265,216,300,0.003332,0.001302,5698255.000000,121330.000000,0.021292
266,217,300,0.003313,0.001753,5993578.000000,143259.000000,0.023902
267,217,300,0.003326,0.001390,5700709.000000,118913.000000,0.020859
268,218,300,0.003324,0.001316,5789601.000000,120310.000000,0.020780
269,219,300,0.003322,0.001208,5787333.000000,119351.000000,0.020623
270,219,300,0.003332,0.001418,5800537.000000,121832.000000,0.021004
271,220,300,0.003317,0.001513,6023374.000000,133344.000000,0.022138
272,220,300,0.003323,0.001208,5867223.000000,122714.000000,0.020915
273,221,300,0.003327,0.001433,5874494.000000,122304.000000,0.020819
274,222,300,0.003325,0.001487,6009619.000000,125946.000000,0.020957
275,223,300,0.003328,0.001248,6070526.000000,125126.000000,0.020612
276,224,300,0.003333,0.002103,6510697.000000,158859.000000,0.024400
277,225,300,0.003330,0.001268,6150515.000000,126354.000000,0.020544
278,225,300,0.003320,0.001337,6256758.000000,126926.000000,0.020286
279,226,300,0.003326,0.001534,6235068.000000,126370.000000,0.020268
280,227,300,0.003326,0.001448,6348899.000000,127793.000000,0.020128
281,228,300,0.003326,0.001325,6423238.000000,130448.000000,0.020309
282,229,300,0.003346,0.002370,6892658.000000,163277.000000,0.023689
283,229,300,0.003330,0.001313,6463376.000000,130246.000000,0.020151
284,230,300,0.003319,0.001409,6475710.000000,128829.000000,0.019894
285,231,300,0.003333,0.001578,6486049.000000,134225.000000,0.020694
286,232,300,0.003319,0.001817,6773967.000000,148638.000000,0.021943
287,233,300,0.003325,0.001448,6615274.000000,136617.000000,0.020652
288,233,299,0.003417,0.001751,6674217.000000,138797.000000,0.020796
289,234,299,0.003410,0.001376,6860744.000000,149842.000000,0.021840
290,235,299,0.003412,0.001585,6684216.000000,136127.000000,0.020365
291,235,299,0.003401,0.001435,6635155.000000,133877.000000,0.020177
292,236,299,0.003403,0.001384,6722721.000000,135316.000000,0.020128
293,237,299,0.003405,0.001593,6699139.000000,136760.000000,0.020415
294,238,299,0.003403,0.001439,6741931.000000,133228.000000,0.019761
295,239,299,0.003414,0.001630,6897584.000000,138246.000000,0.020043
296,240,298,0.003444,0.001410,6840386.000000,135416.000000,0.019797
297,241,298,0.003364,0.001437,6870699.000000,138521.000000,0.020161
298,242,298,0.003411,0.001625,6919477.000000,139713.000000,0.020191
299,242,298,0.003403,0.001444,6876594.000000,133873.000000,0.019468
300,243,298,0.003420,0.001657,7076024.000000,140075.000000,0.019796
301,244,298,0.003407,0.001491,7126826.000000,143101.000000,0.020079
302,245,298,0.003413,0.001493,7233530.000000,139620.000000,0.019302
303,246,298,0.003414,0.001709,7304420.000000,144160.000000,0.019736
304,247,297,0.003411,0.001559,7377128.000000,143386.000000,0.019437
305,248,297,0.003400,0.001765,7436488.000000,146447.000000,0.019693
306,249,297,0.003411,0.001557,7564173.000000,146998.000000,0.019433
307,250,297,0.003424,0.001835,7689992.000000,150491.000000,0.019570
308,250,297,0.003412,0.001578,7626698.000000,145659.000000,0.019099
309,251,297,0.003411,0.001578,7454298.000000,143977.000000,0.019315
310,251,297,0.003420,0.001794,7508090.000000,148379.000000,0.019763
311,252,297,0.003413,0.001576,7564474.000000,148467.000000,0.019627
312,253,297,0.003413,0.001794,7646362.000000,149603.000000,0.019565
313,254,297,0.003413,0.001625,7635933.000000,149757.000000,0.019612
314,254,297,0.003420,0.001609,7691316.000000,147860.000000,0.019224
315,254,297,0.003420,0.001789,7828353.000000,150752.000000,0.019257
316,254,297,0.003342,0.001702,7781299.000000,157620.000000,0.020256
317,255,297,0.003318,0.001863,7896369.000000,152611.000000,0.019327
318,256,297,0.003325,0.001644,7882252.000000,148212.000000,0.018803
319,257,297,0.003327,0.001660,7993627.000000,152269.000000,0.019049
320,257,297,0.003323,0.001870,8027908.000000,155349.000000,0.019351
321,258,297,0.003348,0.002072,8263024.000000,175699.000000,0.021263
322,259,297,0.003323,0.001711,8118950.000000,157925.000000,0.019451
323,260,297,0.003325,0.001909,8086701.000000,154328.000000,0.019084
324,261,297,0.003323,0.001712,8208151.000000,159770.000000,0.019465
325,262,297,0.003327,0.001759,8399416.000000,158945.000000,0.018923
326,263,297,0.003359,0.002230,8568429.000000,165316.000000,0.019294
327,264,297,0.003332,0.001988,8755117.000000,167337.000000,0.019113
328,265,297,0.003325,0.001836,8631561.000000,163270.000000,0.018915
329,266,296,0.003337,0.002061,8789785.000000,167138.000000,0.019015
330,267,296,0.003327,0.001847,8770618.000000,168586.000000,0.019222
331,268,296,0.003342,0.001868,8875248.000000,171263.000000,0.019297
332,269,296,0.003326,0.001934,9060314.000000,176400.000000,0.019470
333,270,296,0.003330,0.001944,9123092.000000,171654.000000,0.018815
334,271,296,0.003344,0.001955,9137911.000000,175377.000000,0.019192
335,272,296,0.003340,0.002160,9063416.000000,173118.000000,0.019101
336,273,296,0.003332,0.001918,9137950.000000,175071.000000,0.019159
337,273,296,0.003331,0.001952,9268579.000000,177524.000000,0.019153
338,274,296,0.003344,0.002172,9304095.000000,172994.000000,0.018593
339,275,296,0.003335,0.002012,9492941.000000,177687.000000,0.018718
340,275,296,0.003335,0.001986,9404088.000000,177114.000000,0.018834
341,275,296,0.003347,0.002229,9553929.000000,179802.000000,0.018820
342,276,296,0.003335,0.002003,9527976.000000,176953.000000,0.018572
343,277,296,0.003335,0.002022,9464539.000000,174920.000000,0.018482
344,278,296,0.003348,0.002238,9644738.000000,178899.000000,0.018549
345,279,296,0.003336,0.002038,9601315.000000,180665.000000,0.018817
346,279,296,0.003349,0.002193,9799721.000000,188769.000000,0.019263
347,280,296,0.003332,0.002093,9789064.000000,182377.000000,0.018631
348,281,296,0.003338,0.002078,9833713.000000,180886.000000,0.018394
349,282,296,0.003329,0.002112,9860996.000000,185346.000000,0.018796
350,282,297,0.003341,0.002097,9896903.000000,185750.000000,0.018768
351,283,297,0.003341,0.002107,10020534.000000,188538.000000,0.018815
352,284,297,0.003342,0.002132,10060998.000000,189562.000000,0.018841
353,285,297,0.003340,0.002145,10012154.000000,185273.000000,0.018505
354,285,297,0.003341,0.002132,10098494.000000,188437.000000,0.018660
355,286,297,0.003344,0.002184,10221819.000000,191102.000000,0.018695
356,286,297,0.003342,0.002137,10138250.000000,189389.000000,0.018681
357,287,297,0.003344,0.002164,10245466.000000,192120.000000,0.018752
358,288,297,0.003344,0.002193,10241915.000000,187242.000000,0.018282
359,289,297,0.003347,0.002222,10475204.000000,194216.000000,0.018541
360,290,297,0.003347,0.002230,10555664.000000,196628.000000,0.018628
361,291,298,0.003349,0.002287,10710473.000000,194883.000000,0.018196
362,292,298,0.003347,0.002260,10669403.000000,196763.000000,0.018442
363,293,298,0.003346,0.002263,10602784.000000,192270.000000,0.018134
364,294,298,0.003350,0.002278,10752733.000000,199945.000000,0.018595
365,295,298,0.003348,0.002303,10741307.000000,199548.000000,0.018578
366,296,298,0.003354,0.002294,10854702.000000,195463.000000,0.018007
367,297,298,0.003352,0.002330,11010997.000000,202205.000000,0.018364
368,298,298,0.003352,0.002360,11127235.000000,199900.000000,0.017965
369,299,298,0.003353,0.002392,11168346.000000,203873.000000,0.018255
370,300,298,0.003354,0.002398,11276617.000000,205844.000000,0.018254
371,301,299,0.003354,0.002406,11206693.000000,204756.000000,0.018271
372,302,299,0.003355,0.002387,11343051.000000,205257.000000,0.018095
373,303,299,0.003357,0.002451,11516572.000000,206092.000000,0.017895
374,304,299,0.003357,0.002451,11540265.000000,209736.000000,0.018174
375,304,299,0.003358,0.002452,11608873.000000,213223.000000,0.018367
376,305,299,0.003377,0.002785,11773799.000000,220644.000000,0.018740
377,306,299,0.003341,0.002610,11713046.000000,217614.000000,0.018579
378,307,299,0.003359,0.002499,11794681.000000,214902.000000,0.018220
379,308,298,0.003530,0.002923,12060245.000000,222257.000000,0.018429
380,309,298,0.003463,0.002557,11948786.000000,218998.000000,0.018328
381,310,298,0.003460,0.002550,12083821.000000,220175.000000,0.018221
382,311,298,0.003505,0.002594,11987928.000000,221033.000000,0.018438
383,312,298,0.003418,0.002543,12036538.000000,218734.000000,0.018173
384,313,297,0.003455,0.002578,12183125.000000,222256.000000,0.018243
385,314,297,0.003461,0.002597,12356894.000000,226000.000000,0.018289
386,315,297,0.003462,0.002614,12345242.000000,227709.000000,0.018445
387,315,297,0.003465,0.002622,12307468.000000,223639.000000,0.018171
388,315,297,0.003442,0.002685,12408505.000000,221634.000000,0.017861
389,316,297,0.003464,0.002634,12471970.000000,226691.000000,0.018176
390,316,296,0.003456,0.002655,12463479.000000,228219.000000,0.018311
391,317,296,0.003456,0.002693,12579657.000000,228837.000000,0.018191
392,318,296,0.003475,0.002701,12721707.000000,229232.000000,0.018019
393,319,296,0.003466,0.002694,12614323.000000,228006.000000,0.018075
394,319,296,0.003485,0.002752,12658543.000000,231230.000000,0.018267
395,319,295,0.003466,0.002669,12612205.000000,229880.000000,0.018227
396,320,295,0.003470,0.002701,12794836.000000,232444.000000,0.018167
397,320,295,0.003495,0.002765,12695021.000000,229601.000000,0.018086
398,321,295,0.003491,0.002717,12931226.000000,233897.000000,0.018088
399,321,295,0.003352,0.002754,13052988.000000,231316.000000,0.017721
400,321,294,0.003491,0.002762,12799296.000000,233031.000000,0.018207
401,322,294,0.003332,0.002730,12941500.000000,233564.000000,0.018048
402,322,294,0.003352,0.002784,12922599.000000,233031.000000,0.018033
403,323,294,0.003365,0.002794,12954760.000000,235689.000000,0.018193
404,324,294,0.003359,0.002773,13025936.000000,234948.000000,0.018037
405,325,294,0.003466,0.002896,13080463.000000,240047.000000,0.018352
406,325,294,0.003366,0.002808,12991544.000000,237848.000000,0.018308
407,326,294,0.003351,0.002797,12976828.000000,234314.000000,0.018056
408,327,294,0.003377,0.002775,13135611.000000,238051.000000,0.018123
409,328,294,0.003417,0.002853,13109928.000000,235829.000000,0.017989
410,329,294,0.003353,0.002783,13105990.000000,237453.000000,0.018118
411,329,294,0.003362,0.002801,13140713.000000,236795.000000,0.018020
412,330,294,0.003472,0.002865,13306590.000000,235167.000000,0.017673
413,331,294,0.003465,0.002859,13574883.000000,241444.000000,0.017786
414,332,293,0.003482,0.002836,13380305.000000,237954.000000,0.017784
415,333,293,0.003436,0.002846,13440620.000000,241509.000000,0.017969
416,334,293,0.003444,0.002874,13618531.000000,245064.000000,0.017995
417,335,292,0.004348,0.003979,14408660.000000,263657.000000,0.018299
418,336,292,0.003384,0.002924,13873519.000000,247177.000000,0.017816
419,337,292,0.003384,0.002961,13957463.000000,247236.000000,0.017714
420,338,291,0.003382,0.002922,13880438.000000,247241.000000,0.017812
421,339,291,0.003788,0.003170,14039149.000000,252167.000000,0.017962
422,340,290,0.003621,0.003006,14005464.000000,248853.000000,0.017768
423,341,290,0.003661,0.003052,14219949.000000,257638.000000,0.018118
424,342,290,0.003634,0.003022,14243717.000000,256340.000000,0.017997
425,343,289,0.003629,0.003031,14162912.000000,255661.000000,0.018051
426,344,289,0.003687,0.003095,14277162.000000,250073.000000,0.017516
427,345,288,0.003660,0.003031,14425565.000000,258268.000000,0.017903
428,346,288,0.003799,0.003175,14691733.000000,261559.000000,0.017803
429,347,287,0.003714,0.003112,14695264.000000,263065.000000,0.017901
430,348,287,0.003743,0.003121,14777378.000000,265432.000000,0.017962
431,349,286,0.003845,0.003291,14948107.000000,265465.000000,0.017759
432,350,285,0.003808,0.003183,15119409.000000,267738.000000,0.017708
433,351,285,0.003840,0.003490,15557945.000000,275867.000000,0.017732
434,352,284,0.003590,0.003242,15280259.000000,269531.000000,0.017639
435,353,284,0.003621,0.003294,15441189.000000,269574.000000,0.017458
436,354,284,0.003681,0.003353,15644223.000000,274622.000000,0.017554
437,355,283,0.003728,0.003386,15944998.000000,278433.000000,0.017462
438,355,283,0.003724,0.003390,16007483.000000,277265.000000,0.017321
439,356,282,0.003660,0.003386,15729947.000000,272588.000000,0.017329
440,357,281,0.004302,0.003951,16340082.000000,290739.000000,0.017793
441,358,281,0.003832,0.003470,16193768.000000,279888.000000,0.017284
442,359,281,0.003775,0.003432,16074653.000000,279734.000000,0.017402
443,360,280,0.003803,0.003504,16109075.000000,281734.000000,0.017489
444,361,279,0.004598,0.004236,16588349.000000,291698.000000,0.017585
445,361,278,0.003839,0.003489,16489827.000000,284059.000000,0.017226
446,362,277,0.003937,0.003577,16532001.000000,288442.000000,0.017447
447,363,277,0.003838,0.003525,16511553.000000,280542.000000,0.016991
448,364,276,0.004103,0.003777,16805246.000000,290775.000000,0.017303
449,365,275,0.004073,0.003729,16689826.000000,286986.000000,0.017195
450,365,275,0.003886,0.003575,16626842.000000,286302.000000,0.017219
451,365,274,0.003928,0.003593,16628175.000000,279567.000000,0.016813
452,366,273,0.004121,0.003689,16842077.000000,290769.000000,0.017264
453,367,272,0.004701,0.004355,17246235.000000,299755.000000,0.017381
454,368,271,0.003909,0.003577,16858470.000000,284525.000000,0.016877
455,369,271,0.003952,0.003613,17030917.000000,288162.000000,0.016920
456,370,270,0.004204,0.003843,17219525.000000,290652.000000,0.016879
457,371,269,0.004198,0.003871,17428775.000000,298020.000000,0.017099
458,372,268,0.004609,0.003986,17508883.000000,300288.000000,0.017151
459,373,266,0.004322,0.003740,17309999.000000,297284.000000,0.017174
460,374,265,0.004335,0.003720,17457382.000000,295383.000000,0.016920
461,375,264,0.004371,0.003803,17593769.000000,301654.000000,0.017146
462,375,263,0.004333,0.003746,17620468.000000,301050.000000,0.017085
463,375,262,0.004397,0.003809,17709478.000000,300587.000000,0.016973
464,376,261,0.004350,0.003748,17647463.000000,297898.000000,0.016881
465,377,260,0.004477,0.003809,17976465.000000,307153.000000,0.017086
466,378,258,0.004417,0.003837,18034835.000000,304877.000000,0.016905
467,378,257,0.004399,0.003840,17917180.000000,302582.000000,0.016888
468,379,256,0.004474,0.003897,18007369.000000,307698.000000,0.017087
469,380,255,0.004469,0.003849,18152729.000000,302034.000000,0.016638
470,381,254,0.004531,0.003916,18292119.000000,306918.000000,0.016779
471,382,252,0.004525,0.003904,18409793.000000,306683.000000,0.016659
472,383,251,0.004566,0.003943,18428300.000000,311333.000000,0.016894
473,384,250,0.004497,0.003931,18376720.000000,305171.000000,0.016606
474,385,249,0.004667,0.004029,18645259.000000,308160.000000,0.016528
475,386,248,0.004556,0.003985,18634670.000000,309826.000000,0.016626
476,387,247,0.004679,0.004031,18741746.000000,310255.000000,0.016554
477,388,246,0.004576,0.004014,18706972.000000,315672.000000,0.016875
478,389,245,0.004608,0.004001,18817424.000000,314223.000000,0.016699
479,390,244,0.004688,0.004087,18908389.000000,321504.000000,0.017003
480,391,242,0.005263,0.004679,19061782.000000,324139.000000,0.017005
481,392,241,0.004697,0.004113,18942369.000000,318081.000000,0.016792
482,393,240,0.004646,0.004048,18964402.000000,316901.000000,0.016710
483,394,239,0.004792,0.004202,19327618.000000,326287.000000,0.016882
484,395,238,0.004681,0.004094,19160664.000000,323863.000000,0.016902
485,396,237,0.004713,0.004147,19170358.000000,320247.000000,0.016705
486,396,236,0.004709,0.004105,19202946.000000,324948.000000,0.016922
487,397,235,0.004805,0.004170,19425705.000000,325193.000000,0.016740
488,398,234,0.004785,0.004160,19495300.000000,328120.000000,0.016831
489,398,233,0.004787,0.004214,19531360.000000,324568.000000,0.016618
490,399,232,0.004820,0.004190,19601667.000000,331182.000000,0.016896
491,400,231,0.004836,0.004259,19720974.000000,329059.000000,0.016686
492,400,230,0.004786,0.004220,19669934.000000,325699.000000,0.016558
493,401,229,0.004850,0.004265,19726259.000000,330177.000000,0.016738
494,401,228,0.004846,0.004270,19757492.000000,330801.000000,0.016743
495,402,227,0.004913,0.004291,19926828.000000,333065.000000,0.016714
496,402,226,0.004843,0.004230,19945078.000000,328454.000000,0.016468
497,403,225,0.004922,0.004298,19887034.000000,332127.000000,0.016701
498,403,224,0.004848,0.004257,20019711.000000,334960.000000,0.016732
499,404,223,0.004937,0.004331,20052480.000000,332601.000000,0.016587
500,405,223,0.004979,0.004327,20455587.000000,339777.000000,0.016610
501,405,221,0.005161,0.004802,20685187.000000,348533.000000,0.016849
502,405,221,0.004733,0.004407,20309286.000000,338145.000000,0.016650
503,406,220,0.004938,0.004636,20484820.000000,338952.000000,0.016546
504,407,219,0.005336,0.004954,20911425.000000,352884.000000,0.016875
505,407,218,0.005519,0.005135,20947442.000000,349887.000000,0.016703
506,408,217,0.004844,0.004452,20859032.000000,334238.000000,0.016024
507,409,215,0.006086,0.005676,21605742.000000,363111.000000,0.016806
508,410,215,0.004814,0.004475,21046639.000000,341472.000000,0.016225
509,411,214,0.005012,0.004645,21396746.000000,352070.000000,0.016454
510,412,212,0.005973,0.005217,21650191.000000,365678.000000,0.016890
511,413,211,0.005354,0.004710,21659012.000000,359584.000000,0.016602
512,414,211,0.005259,0.004653,21652957.000000,354658.000000,0.016379
513,414,210,0.005369,0.004923,21952986.000000,359132.000000,0.016359
514,415,209,0.005246,0.004851,22057835.000000,358140.000000,0.016236
515,416,208,0.005053,0.004750,21840453.000000,356418.000000,0.016319
516,417,207,0.005440,0.005054,22042232.000000,366149.000000,0.016611
517,418,206,0.006127,0.005440,22398120.000000,370233.000000,0.016530
518,418,205,0.005473,0.004881,22267971.000000,361666.000000,0.016242
519,419,205,0.005382,0.004805,22170760.000000,362222.000000,0.016338
520,420,204,0.005752,0.005319,22677636.000000,373447.000000,0.016468
521,420,203,0.005187,0.004859,22512479.000000,364685.000000,0.016199
522,421,202,0.005217,0.004885,22666538.000000,368436.000000,0.016255
523,422,202,0.005326,0.004928,22901285.000000,371398.000000,0.016217
524,422,201,0.005257,0.004894,22935459.000000,369052.000000,0.016091
525,423,201,0.005260,0.004942,22731293.000000,372299.000000,0.016378
526,423,200,0.005211,0.004900,22665079.000000,373215.000000,0.016467
527,424,200,0.005254,0.004939,22726692.000000,370673.000000,0.016310
528,425,199,0.005256,0.004909,22876378.000000,371359.000000,0.016233
529,426,199,0.005304,0.004995,22879274.000000,372235.000000,0.016270
530,427,198,0.005276,0.004921,23026987.000000,374652.000000,0.016270
531,428,197,0.005455,0.005099,23429724.000000,377038.000000,0.016092
532,429,197,0.005425,0.005052,23546461.000000,382922.000000,0.016262
533,430,196,0.005547,0.005196,23811457.000000,385723.000000,0.016199
534,431,196,0.005511,0.005151,23869330.000000,383636.000000,0.016072
535,432,195,0.005562,0.005207,24312128.000000,392070.000000,0.016127
536,432,194,0.005578,0.005261,24239879.000000,389770.000000,0.016080
537,433,194,0.005527,0.005215,24237628.000000,386053.000000,0.015928
538,434,193,0.005769,0.005423,24553494.000000,394605.000000,0.016071
539,435,193,0.005561,0.005221,24298555.000000,389550.000000,0.016032
540,436,192,0.005792,0.005345,24597438.000000,402888.000000,0.016379
541,437,192,0.005652,0.005314,24594403.000000,396967.000000,0.016141
542,438,191,0.005714,0.005332,24789566.000000,398670.000000,0.016082
543,439,190,0.005711,0.005416,24824563.000000,397845.000000,0.016026
544,440,190,0.005740,0.005379,25020435.000000,400906.000000,0.016023
545,441,189,0.005825,0.005447,25215556.000000,402615.000000,0.015967
546,442,188,0.005793,0.005446,25328169.000000,401248.000000,0.015842
547,443,188,0.005860,0.005523,25254216.000000,404003.000000,0.015997
548,444,187,0.005899,0.005533,25476076.000000,404495.000000,0.015877
549,445,187,0.005895,0.005510,25838615.000000,412865.000000,0.015979
550,446,186,0.005987,0.005594,25807377.000000,412757.000000,0.015994
551,447,185,0.005844,0.005539,25612995.000000,408496.000000,0.015949
552,448,185,0.005994,0.005620,26007296.000000,417495.000000,0.016053
553,448,184,0.005981,0.005658,25942232.000000,407870.000000,0.015722
554,448,183,0.005935,0.005630,25845892.000000,409669.000000,0.015850
555,449,183,0.006094,0.005770,26039421.000000,416362.000000,0.015990
556,450,182,0.005999,0.005642,26074973.000000,414182.000000,0.015884
557,451,181,0.006042,0.005700,26188473.000000,412320.000000,0.015744
558,452,181,0.006057,0.005699,26348171.000000,422540.000000,0.016037
559,453,180,0.006102,0.005739,26539813.000000,423655.000000,0.015963
560,454,179,0.006071,0.005737,26366029.000000,418628.000000,0.015878
561,454,179,0.005989,0.005646,26288428.000000,421439.000000,0.016031
562,455,178,0.006168,0.005852,26502746.000000,421204.000000,0.015893
563,455,178,0.006103,0.005775,26551805.000000,425874.000000,0.016039
564,455,177,0.006146,0.005782,26707012.000000,425922.000000,0.015948
565,456,177,0.006145,0.005846,26779300.000000,424437.000000,0.015849
566,456,176,0.006152,0.005795,26892397.000000,426910.000000,0.015875
567,457,176,0.006267,0.005927,27097707.000000,429984.000000,0.015868
568,458,175,0.006163,0.005812,26943741.000000,424446.000000,0.015753
569,459,175,0.006121,0.005812,26893018.000000,427122.000000,0.015882
570,459,175,0.006152,0.005855,26879665.000000,424313.000000,0.015786
571,460,174,0.006161,0.005850,26960686.000000,427980.000000,0.015874
572,461,174,0.006429,0.006007,27310083.000000,435247.000000,0.015937
573,462,173,0.006283,0.005928,27216068.000000,428897.000000,0.015759
574,462,173,0.006282,0.005949,27401634.000000,432434.000000,0.015781
575,463,172,0.006270,0.005933,27184226.000000,429596.000000,0.015803
576,463,172,0.006181,0.005876,27053507.000000,426188.000000,0.015754
577,464,172,0.006173,0.005863,27114198.000000,429360.000000,0.015835
578,465,171,0.006363,0.005994,27477518.000000,430924.000000,0.015683
579,466,171,0.006266,0.005916,27479469.000000,437428.000000,0.015918
580,467,171,0.006287,0.005906,27448860.000000,434201.000000,0.015819
581,468,170,0.006359,0.006063,27730877.000000,437084.000000,0.015762
582,468,170,0.006328,0.006004,27732232.000000,440268.000000,0.015876
583,469,169,0.006458,0.006101,27975232.000000,440934.000000,0.015762
584,470,168,0.006431,0.006121,27956567.000000,437529.000000,0.015650
585,470,168,0.006326,0.006002,27828890.000000,436363.000000,0.015680
586,471,167,0.006486,0.006120,28187850.000000,438450.000000,0.015555
587,471,167,0.006472,0.006116,28286079.000000,445331.000000,0.015744
588,472,166,0.006693,0.006299,28543934.000000,452424.000000,0.015850
589,473,166,0.006567,0.006243,28457385.000000,447804.000000,0.015736
590,473,165,0.006497,0.006166,28395663.000000,447940.000000,0.015775
591,474,164,0.006461,0.006163,28394071.000000,442987.000000,0.015601
592,475,164,0.006658,0.006244,28791217.000000,453742.000000,0.015760
593,475,163,0.006595,0.006232,28771738.000000,451619.000000,0.015697
594,476,163,0.006570,0.006220,28738365.000000,448926.000000,0.015621
595,477,162,0.006678,0.006332,28949167.000000,455850.000000,0.015747
596,478,162,0.006646,0.006284,29036855.000000,451396.000000,0.015546
597,479,162,0.006671,0.006358,29212946.000000,456685.000000,0.015633
598,480,161,0.006761,0.006368,29471886.000000,455393.000000,0.015452
599,481,161,0.006899,0.006493,29777511.000000,458774.000000,0.015407
600,482,160,0.006760,0.006392,29762145.000000,460227.000000,0.015464
601,483,160,0.006827,0.006522,29731122.000000,458373.000000,0.015417
602,484,159,0.006948,0.006475,29965157.000000,469932.000000,0.015683
603,485,159,0.007025,0.006532,29743734.000000,469425.000000,0.015782
604,486,157,0.008427,0.007773,30269726.000000,477341.000000,0.015770
605,487,157,0.007624,0.006822,30240076.000000,476900.000000,0.015770
606,488,156,0.007110,0.006746,30169270.000000,471721.000000,0.015636
607,488,156,0.006848,0.006513,30235963.000000,462035.000000,0.015281
608,489,155,0.006899,0.006531,30325935.000000,467257.000000,0.015408
609,489,155,0.006990,0.006627,30655541.000000,473788.000000,0.015455
610,490,154,0.006954,0.006606,30756634.000000,479206.000000,0.015581
611,490,154,0.007096,0.006741,31002289.000000,479588.000000,0.015469
612,491,153,0.007166,0.006787,31263710.000000,485422.000000,0.015527
613,492,153,0.007219,0.006804,31357606.000000,484143.000000,0.015439
614,493,151,0.011234,0.010776,34459651.000000,543205.000000,0.015764
615,493,150,0.007851,0.007350,31843946.000000,496175.000000,0.015581
616,493,150,0.007420,0.007073,31511748.000000,490972.000000,0.015581
617,494,149,0.007237,0.006837,31618430.000000,486436.000000,0.015385
618,495,149,0.007506,0.007057,31959751.000000,487465.000000,0.015252
619,496,148,0.007296,0.006910,32283337.000000,492794.000000,0.015265
620,497,148,0.007318,0.006900,32251856.000000,496214.000000,0.015386
621,498,147,0.008006,0.007639,33205176.000000,503381.000000,0.015160
622,499,147,0.007370,0.006990,32621692.000000,498822.000000,0.015291
623,500,146,0.007386,0.007021,32586944.000000,495158.000000,0.015195
624,501,146,0.007453,0.007092,32820279.000000,504815.000000,0.015381
625,502,145,0.007463,0.007061,33040038.000000,497616.000000,0.015061
626,503,145,0.007494,0.007099,33204242.000000,505723.000000,0.015231
627,504,144,0.007421,0.007097,32737244.000000,502934.000000,0.015363
628,505,144,0.007428,0.007039,32919178.000000,503816.000000,0.015305
629,506,143,0.007684,0.007288,33353147.000000,510633.000000,0.015310
630,507,143,0.007481,0.007118,33275462.000000,505865.000000,0.015202
631,507,143,0.007515,0.007123,33311668.000000,506064.000000,0.015192
632,508,142,0.007658,0.007242,33550783.000000,511045.000000,0.015232
633,509,142,0.007749,0.007378,34078981.000000,516747.000000,0.015163
634,510,141,0.007853,0.007460,34344109.000000,517321.000000,0.015063
635,511,141,0.007751,0.007433,34162438.000000,517364.000000,0.015144
636,512,140,0.007890,0.007507,34493523.000000,519995.000000,0.015075
637,513,139,0.007850,0.007530,34382530.000000,521022.000000,0.015154
638,514,139,0.007858,0.007461,34514847.000000,524147.000000,0.015186
639,515,138,0.007899,0.007497,34701515.000000,523390.000000,0.015083
640,516,138,0.007963,0.007550,34943081.000000,527840.000000,0.015106
641,517,137,0.007958,0.007572,35120685.000000,528348.000000,0.015044
642,518,137,0.008119,0.007700,35212625.000000,533525.000000,0.015152
643,519,136,0.008016,0.007620,35322129.000000,532724.000000,0.015082
644,519,136,0.007930,0.007586,35234519.000000,523154.000000,0.014848
645,520,135,0.008041,0.007648,35511909.000000,529369.000000,0.014907
646,521,135,0.008096,0.007650,35664377.000000,536203.000000,0.015035
647,522,134,0.008107,0.007782,35933964.000000,535699.000000,0.014908
648,522,134,0.008105,0.007766,35871020.000000,537564.000000,0.014986
649,523,133,0.008131,0.007789,35994291.000000,538390.000000,0.014958
650,524,133,0.008141,0.007777,36148873.000000,542309.000000,0.015002
651,525,132,0.008133,0.007807,36160382.000000,541647.000000,0.014979
652,526,132,0.008245,0.007805,36351766.000000,547316.000000,0.015056
653,527,131,0.008467,0.008075,36756640.000000,549416.000000,0.014947
654,528,131,0.008796,0.008381,36671023.000000,548177.000000,0.014949
655,529,130,0.008341,0.007920,36823382.000000,546642.000000,0.014845
656,530,130,0.008407,0.008001,37234936.000000,555624.000000,0.014922
657,531,129,0.008336,0.008003,36912229.000000,552487.000000,0.014968
658,532,129,0.008490,0.008048,37286673.000000,558469.000000,0.014978
659,532,128,0.008658,0.008285,37528960.000000,555519.000000,0.014802
660,533,128,0.008464,0.008094,37521191.000000,562990.000000,0.015005
661,534,127,0.008472,0.008100,37661779.000000,559670.000000,0.014860
662,535,127,0.008511,0.008086,37743044.000000,563049.000000,0.014918
663,535,127,0.008424,0.008119,37575182.000000,561462.000000,0.014942
664,536,127,0.008519,0.008148,37823720.000000,568187.000000,0.015022
665,537,126,0.008596,0.008237,38046040.000000,566928.000000,0.014901
666,538,126,0.008934,0.008503,38570927.000000,574672.000000,0.014899
667,539,125,0.008873,0.008470,38626811.000000,570912.000000,0.014780
668,540,125,0.008740,0.008323,38618820.000000,576205.000000,0.014920
669,540,124,0.008646,0.008333,38345549.000000,570861.000000,0.014887
670,541,124,0.008767,0.008361,38799190.000000,572853.000000,0.014765
671,542,124,0.008824,0.008481,38978447.000000,577765.000000,0.014823
672,543,123,0.008875,0.008518,39226134.000000,584625.000000,0.014904
673,543,123,0.008938,0.008634,39207533.000000,578389.000000,0.014752
674,543,123,0.008897,0.008580,39037395.000000,584001.000000,0.014960
675,544,123,0.008954,0.008571,39390494.000000,586596.000000,0.014892
676,544,123,0.008851,0.008537,39083615.000000,584689.000000,0.014960
677,545,122,0.009024,0.008732,39380931.000000,587883.000000,0.014928
678,545,122,0.008990,0.008554,39258413.000000,593413.000000,0.015116
679,546,121,0.008850,0.008534,39217743.000000,582362.000000,0.014849
680,547,121,0.008890,0.008519,39505436.000000,579921.000000,0.014680
681,548,121,0.008851,0.008543,39444651.000000,585568.000000,0.014845
682,549,120,0.008983,0.008572,39654005.000000,583176.000000,0.014707
683,550,120,0.008994,0.008611,39922708.000000,593108.000000,0.014856
684,551,120,0.009051,0.008644,39954109.000000,584029.000000,0.014617
685,552,119,0.009070,0.008695,40172563.000000,595640.000000,0.014827
686,553,119,0.009008,0.008663,40074083.000000,592298.000000,0.014780
687,554,119,0.009018,0.008709,40165030.000000,596395.000000,0.014849
688,554,118,0.009153,0.008853,40242987.000000,590088.000000,0.014663
689,555,118,0.009072,0.008683,40388627.000000,594038.000000,0.014708
690,556,117,0.009105,0.008739,40571444.000000,595679.000000,0.014682
691,557,117,0.009185,0.008843,40818418.000000,601061.000000,0.014725
692,557,117,0.009095,0.008793,40465181.000000,596605.000000,0.014744
693,557,116,0.009135,0.008829,40499022.000000,595281.000000,0.014699
694,558,116,0.009222,0.008833,40828112.000000,597024.000000,0.014623
695,559,116,0.009218,0.008911,40846194.000000,598072.000000,0.014642
696,560,115,0.009140,0.008809,40817687.000000,600834.000000,0.014720
697,561,115,0.009255,0.008888,41109521.000000,600225.000000,0.014601
698,562,115,0.009224,0.008839,41011641.000000,602617.000000,0.014694
699,563,115,0.009320,0.008987,41335680.000000,602288.000000,0.014571
700,564,114,0.009238,0.008867,41245706.000000,598548.000000,0.014512
701,565,114,0.009361,0.008983,41700554.000000,616597.000000,0.014786
702,566,114,0.009313,0.008926,41554267.000000,616123.000000,0.014827
703,567,113,0.009358,0.009001,41892442.000000,622763.000000,0.014866
704,568,113,0.009412,0.009018,41992002.000000,622015.000000,0.014813
705,569,113,0.009438,0.009063,42259538.000000,629471.000000,0.014895
706,570,112,0.009733,0.009291,42642701.000000,621535.000000,0.014575
707,570,112,0.009615,0.009220,42237010.000000,620995.000000,0.014703
708,571,112,0.009834,0.009460,42638109.000000,624322.000000,0.014642
709,571,111,0.009781,0.009485,42688465.000000,628306.000000,0.014718
710,572,111,0.009953,0.009577,42998683.000000,636698.000000,0.014807
711,573,111,0.010046,0.009667,43484321.000000,636370.000000,0.014634
712,573,110,0.010001,0.009641,43538475.000000,641053.000000,0.014724
713,573,110,0.009997,0.009621,43412290.000000,636654.000000,0.014665
714,574,110,0.010085,0.009681,43796028.000000,633922.000000,0.014474
715,575,109,0.010094,0.009766,44036563.000000,643554.000000,0.014614
716,576,109,0.010210,0.009818,44233416.000000,643491.000000,0.014548
717,577,109,0.010215,0.009846,44109763.000000,646135.000000,0.014648
718,578,108,0.010057,0.009667,43941524.000000,637062.000000,0.014498
719,579,108,0.010225,0.009860,44155745.000000,654567.000000,0.014824
720,580,108,0.010439,0.009883,44455656.000000,658541.000000,0.014813
721,581,107,0.010038,0.009602,44277046.000000,658332.000000,0.014868
722,582,107,0.010010,0.009531,44326891.000000,655422.000000,0.014786
723,583,107,0.010160,0.009628,44934046.000000,666316.000000,0.014829
724,584,106,0.010157,0.009663,45010020.000000,661750.000000,0.014702
725,585,106,0.010251,0.009737,45349073.000000,670085.000000,0.014776
726,586,106,0.010269,0.009772,45475745.000000,669769.000000,0.014728
727,587,106,0.010224,0.009796,45357157.000000,668063.000000,0.014729
728,588,105,0.010372,0.009804,45765931.000000,675334.000000,0.014756
729,589,105,0.010442,0.009936,46105013.000000,676419.000000,0.014671
730,590,105,0.010557,0.010126,46325617.000000,681870.000000,0.014719
731,591,104,0.010433,0.010040,46576085.000000,676474.000000,0.014524
732,592,104,0.010324,0.009979,46259928.000000,677104.000000,0.014637
733,592,104,0.010400,0.010003,46571500.000000,681881.000000,0.014642
734,593,103,0.010432,0.010094,46574912.000000,678809.000000,0.014575
735,594,103,0.010547,0.010142,46929857.000000,685506.000000,0.014607
736,594,103,0.010490,0.010158,46632041.000000,685258.000000,0.014695
737,595,103,0.010446,0.010141,46617788.000000,682328.000000,0.014637
738,596,102,0.010872,0.010500,46879893.000000,675441.000000,0.014408
739,597,102,0.010977,0.010664,46873184.000000,683453.000000,0.014581
740,597,102,0.010560,0.010214,46869509.000000,680533.000000,0.014520
741,597,101,0.010638,0.010234,47288090.000000,689311.000000,0.014577
742,597,101,0.010495,0.010185,46794684.000000,683273.000000,0.014602
743,598,101,0.010555,0.010250,46960835.000000,687436.000000,0.014638
744,599,101,0.010707,0.010302,47491964.000000,694163.000000,0.014616
745,599,100,0.010728,0.010435,47626665.000000,691012.000000,0.014509
746,600,100,0.010826,0.010435,47908273.000000,695628.000000,0.014520
747,600,100,0.010723,0.010379,47836751.000000,699217.000000,0.014617
748,601,99,0.010885,0.010475,48062235.000000,698461.000000,0.014532
749,602,99,0.011006,0.010666,48457717.000000,700515.000000,0.014456
750,603,99,0.011008,0.010586,48770056.000000,708207.000000,0.014521
751,604,98,0.010986,0.010657,48789413.000000,709250.000000,0.014537
752,605,98,0.011020,0.010640,48964136.000000,712156.000000,0.014544
753,606,98,0.011123,0.010712,49333885.000000,716023.000000,0.014514
754,606,98,0.010947,0.010593,49003730.000000,708814.000000,0.014464
755,607,97,0.011194,0.010798,49550159.000000,714106.000000,0.014412
756,608,97,0.011177,0.010840,49635722.000000,718276.000000,0.014471
757,609,97,0.011578,0.011052,49806727.000000,721663.000000,0.014489
758,610,96,0.011186,0.010670,49674582.000000,718498.000000,0.014464
759,611,96,0.011138,0.010691,49539579.000000,720587.000000,0.014546
760,612,96,0.011197,0.010678,49792406.000000,720628.000000,0.014473
761,613,95,0.011163,0.010737,49667369.000000,718784.000000,0.014472
762,614,95,0.011191,0.010728,49798471.000000,722916.000000,0.014517
763,615,95,0.011242,0.010912,49897644.000000,720322.000000,0.014436
764,616,94,0.011732,0.011322,50242177.000000,728344.000000,0.014497
765,616,94,0.011664,0.011212,50079239.000000,726413.000000,0.014505
766,616,94,0.011420,0.011101,50065186.000000,724053.000000,0.014462
767,617,94,0.011577,0.011252,50616620.000000,727530.000000,0.014373
768,618,93,0.011525,0.011141,50572986.000000,729269.000000,0.014420
769,618,93,0.011580,0.011180,51004314.000000,728231.000000,0.014278
770,619,93,0.011664,0.011274,51162133.000000,731406.000000,0.014296
771,620,93,0.011729,0.011334,51148050.000000,731904.000000,0.014310
772,620,92,0.011601,0.011289,51188650.000000,734069.000000,0.014340
773,621,92,0.011709,0.011396,51159600.000000,735256.000000,0.014372
774,622,92,0.011708,0.011271,51330231.000000,734839.000000,0.014316
775,622,92,0.011865,0.011533,51148239.000000,735288.000000,0.014376
776,623,91,0.011701,0.011192,51942369.000000,753359.000000,0.014504
777,623,91,0.011603,0.011285,51722398.000000,741925.000000,0.014344
778,624,91,0.011662,0.011266,51987004.000000,747116.000000,0.014371
779,624,91,0.011542,0.011241,51676062.000000,740150.000000,0.014323
780,625,91,0.011681,0.011310,51945369.000000,742780.000000,0.014299
781,626,90,0.011729,0.011338,52320169.000000,749363.000000,0.014323
782,627,90,0.011677,0.011324,52391230.000000,744732.000000,0.014215
783,628,90,0.011769,0.011467,52294628.000000,744366.000000,0.014234
784,629,90,0.011618,0.011278,52326321.000000,736935.000000,0.014083
785,630,90,0.011729,0.011328,52636654.000000,749613.000000,0.014241
786,630,89,0.011733,0.011433,52675832.000000,751444.000000,0.014265
787,631,89,0.011816,0.011521,52772946.000000,755586.000000,0.014318
788,632,89,0.011772,0.011448,52712829.000000,753836.000000,0.014301
789,633,89,0.011773,0.011431,52890178.000000,752797.000000,0.014233
790,634,89,0.011805,0.011431,53109901.000000,754420.000000,0.014205
791,635,88,0.011814,0.011483,53138423.000000,758442.000000,0.014273
792,635,88,0.012246,0.011847,53908955.000000,765235.000000,0.014195
793,635,88,0.012039,0.011659,53656467.000000,762346.000000,0.014208
794,635,88,0.011889,0.011523,53444578.000000,760037.000000,0.014221
795,635,88,0.011875,0.011559,53395925.000000,765407.000000,0.014335
796,635,87,0.012043,0.011711,53613089.000000,762018.000000,0.014213
797,636,87,0.012072,0.011697,54003586.000000,766978.000000,0.014202
798,637,87,0.012162,0.011767,54335179.000000,769008.000000,0.014153
799,638,87,0.012014,0.011689,54080016.000000,769460.000000,0.014228
800,639,87,0.012345,0.011918,54608176.000000,774494.000000,0.014183
801,640,86,0.012598,0.012026,55082479.000000,785053.000000,0.014252
802,641,86,0.012566,0.012110,55253190.000000,781509.000000,0.014144
803,642,86,0.012468,0.012137,54760320.000000,777368.000000,0.014196
804,643,86,0.012868,0.012450,55615783.000000,785873.000000,0.014130
805,644,85,0.012401,0.012033,55381593.000000,783575.000000,0.014149
806,645,85,0.012516,0.012095,55248797.000000,781723.000000,0.014149
807,645,85,0.012826,0.012491,55639731.000000,793218.000000,0.014256
808,646,85,0.012742,0.012201,55717537.000000,788346.000000,0.014149
809,647,85,0.012655,0.012184,56190331.000000,790187.000000,0.014063
810,648,84,0.012649,0.012094,56274014.000000,792734.000000,0.014087
811,648,84,0.012655,0.012104,56491154.000000,800681.000000,0.014174
812,649,84,0.012606,0.012140,56380459.000000,797020.000000,0.014136
813,650,84,0.012637,0.012185,56430865.000000,800986.000000,0.014194
814,651,84,0.012811,0.012252,56924647.000000,805776.000000,0.014155
815,652,83,0.013163,0.012781,57457438.000000,812901.000000,0.014148
816,652,83,0.013616,0.013249,57635445.000000,809941.000000,0.014053
817,653,83,0.015354,0.014931,59025112.000000,831935.000000,0.014095
818,653,82,0.012626,0.012302,57147651.000000,804045.000000,0.014070
819,654,82,0.013837,0.013519,58189829.000000,816393.000000,0.014030
820,655,82,0.014054,0.013606,58898649.000000,825290.000000,0.014012
821,656,81,0.014052,0.013601,59008980.000000,826154.000000,0.014000
822,656,81,0.013065,0.012639,58201483.000000,813847.000000,0.013983
823,657,81,0.013152,0.012823,58150428.000000,814580.000000,0.014008
824,658,81,0.013090,0.012686,58422231.000000,820795.000000,0.014049
825,658,81,0.013112,0.012759,58453735.000000,819544.000000,0.014020
826,658,81,0.013166,0.012776,58678963.000000,826816.000000,0.014091
827,658,80,0.013094,0.012714,58656263.000000,817630.000000,0.013939
828,658,80,0.013076,0.012757,58387115.000000,818351.000000,0.014016
829,659,80,0.013198,0.012769,58803167.000000,825003.000000,0.014030
830,660,80,0.013312,0.012889,59248060.000000,834234.000000,0.014080
831,661,80,0.014680,0.014345,59997124.000000,845365.000000,0.014090
832,662,79,0.013395,0.012844,59501414.000000,836986.000000,0.014067
833,663,79,0.014107,0.013751,60207124.000000,841827.000000,0.013982
834,663,79,0.014347,0.014032,60441307.000000,844607.000000,0.013974
835,663,79,0.014167,0.013843,59902299.000000,839345.000000,0.014012
836,664,78,0.014395,0.013902,60291332.000000,846734.000000,0.014044
837,665,78,0.013689,0.013160,59680407.000000,837563.000000,0.014034
838,666,78,0.013705,0.013381,59837380.000000,837921.000000,0.014003
839,667,78,0.013714,0.013384,60205106.000000,834411.000000,0.013859
840,668,77,0.013701,0.013307,60453258.000000,840783.000000,0.013908
841,669,77,0.013517,0.013143,60470323.000000,840147.000000,0.013894
842,670,77,0.013597,0.013158,60708592.000000,845191.000000,0.013922
843,670,77,0.013485,0.013143,60560223.000000,848700.000000,0.014014
844,670,77,0.013579,0.013263,60730015.000000,848180.000000,0.013966
845,671,77,0.013759,0.013429,60878973.000000,851542.000000,0.013987
846,672,76,0.013730,0.013279,61074598.000000,851363.000000,0.013940
847,672,76,0.013764,0.013405,61379722.000000,854295.000000,0.013918
848,672,76,0.013666,0.013336,61035685.000000,855823.000000,0.014022
849,673,76,0.013740,0.013421,61154655.000000,855091.000000,0.013982
850,673,76,0.013703,0.013355,61191064.000000,850467.000000,0.013899
851,674,75,0.013892,0.013534,61700748.000000,858005.000000,0.013906
852,675,75,0.014092,0.013658,62118800.000000,862176.000000,0.013879
853,676,75,0.014131,0.013711,62325665.000000,877114.000000,0.014073
854,676,75,0.013914,0.013563,61814182.000000,866213.000000,0.014013
855,677,75,0.013711,0.013398,61740843.000000,861556.000000,0.013954
856,678,74,0.013952,0.013591,62313239.000000,863903.000000,0.013864
857,679,74,0.013947,0.013593,62430381.000000,867663.000000,0.013898
858,680,74,0.013893,0.013534,62324893.000000,869685.000000,0.013954
859,681,74,0.014064,0.013633,62887039.000000,871895.000000,0.013864
860,682,74,0.014253,0.013878,63121688.000000,872127.000000,0.013817
861,683,74,0.014135,0.013798,63098421.000000,875319.000000,0.013872
862,683,73,0.014015,0.013652,62900364.000000,870084.000000,0.013833
863,683,73,0.013995,0.013664,62927069.000000,870771.000000,0.013838
864,683,73,0.014155,0.013837,63101292.000000,872833.000000,0.013832
865,684,73,0.014255,0.013831,63568937.000000,879561.000000,0.013836
866,685,73,0.014233,0.013834,63968374.000000,884073.000000,0.013820
867,686,73,0.014804,0.014333,64545110.000000,895589.000000,0.013875
868,687,73,0.014362,0.013975,64176691.000000,887716.000000,0.013832
869,688,72,0.014363,0.013961,64205409.000000,890878.000000,0.013875
870,688,72,0.014305,0.013950,64102953.000000,888011.000000,0.013853
871,689,72,0.014596,0.014189,65010154.000000,896139.000000,0.013785
872,690,72,0.014372,0.013926,64370728.000000,893336.000000,0.013878
873,690,72,0.014402,0.014082,64361701.000000,889103.000000,0.013814
874,691,72,0.014597,0.014156,64970660.000000,900219.000000,0.013856
875,691,71,0.014682,0.014324,65530358.000000,904563.000000,0.013804
876,692,71,0.014485,0.014066,65154636.000000,897710.000000,0.013778
877,693,71,0.014639,0.014269,65499084.000000,904344.000000,0.013807
878,693,71,0.014557,0.014160,65298356.000000,899810.000000,0.013780
879,694,71,0.014654,0.014260,65666922.000000,903037.000000,0.013752
880,695,71,0.014784,0.014416,65844222.000000,907094.000000,0.013776
881,695,71,0.014879,0.014552,65884491.000000,907827.000000,0.013779
882,696,71,0.014827,0.014394,66105447.000000,915631.000000,0.013851
883,696,71,0.014708,0.014373,65944016.000000,909240.000000,0.013788
884,696,71,0.014768,0.014426,65821632.000000,907184.000000,0.013782
885,697,71,0.014716,0.014385,65908979.000000,910272.000000,0.013811
886,698,70,0.014710,0.014322,65968015.000000,913195.000000,0.013843
887,699,70,0.014841,0.014499,66097547.000000,910334.000000,0.013773
888,700,70,0.014850,0.014450,66345656.000000,912853.000000,0.013759
889,701,70,0.014867,0.014536,66321838.000000,911362.000000,0.013742
890,701,70,0.014857,0.014533,66302109.000000,914988.000000,0.013800
891,702,70,0.014913,0.014568,66584886.000000,913516.000000,0.013720
892,703,70,0.014963,0.014543,66821005.000000,916109.000000,0.013710
893,704,70,0.014946,0.014594,66977733.000000,918603.000000,0.013715
894,704,70,0.015157,0.014722,67189083.000000,922898.000000,0.013736
895,705,70,0.014872,0.014503,66989804.000000,921178.000000,0.013751
896,706,69,0.015198,0.014760,67714180.000000,927097.000000,0.013691
897,707,69,0.015191,0.014770,67961813.000000,931876.000000,0.013712
898,708,69,0.015185,0.014757,67812011.000000,929487.000000,0.013707
899,709,69,0.015066,0.014722,67471058.000000,925101.000000,0.013711
900,710,69,0.015249,0.014814,68054949.000000,930580.000000,0.013674
901,711,69,0.015541,0.015121,68789101.000000,937748.000000,0.013632
902,712,69,0.015468,0.014865,68304021.000000,939790.000000,0.013759
903,713,69,0.015155,0.014696,68134309.000000,939068.000000,0.013783
904,714,68,0.015310,0.014824,68631205.000000,942225.000000,0.013729
905,715,68,0.015238,0.014739,68515056.000000,942161.000000,0.013751
906,716,68,0.015469,0.014987,68678507.000000,943116.000000,0.013732
907,717,68,0.015388,0.014979,68977912.000000,945920.000000,0.013713
908,718,68,0.015476,0.015069,69863102.000000,953299.000000,0.013645
909,718,68,0.015429,0.015031,69764133.000000,954658.000000,0.013684
910,719,68,0.015435,0.015030,69887465.000000,958199.000000,0.013711
911,720,67,0.015697,0.015330,70686372.000000,965746.000000,0.013662
912,720,67,0.015631,0.015240,70427719.000000,965466.000000,0.013709
913,721,67,0.015744,0.015358,70863219.000000,971868.000000,0.013715
914,722,67,0.016041,0.015501,70991778.000000,972801.000000,0.013703
915,723,67,0.015758,0.015275,70875808.000000,970286.000000,0.013690
916,723,67,0.015878,0.015401,71331250.000000,974138.000000,0.013657
917,723,67,0.015785,0.015290,71101803.000000,974089.000000,0.013700
918,724,66,0.015976,0.015413,71626902.000000,977821.000000,0.013652
919,725,66,0.016014,0.015473,71745499.000000,982294.000000,0.013691
920,725,66,0.015988,0.015651,71642145.000000,983316.000000,0.013725
921,726,66,0.016023,0.015529,72157529.000000,996549.000000,0.013811
922,727,66,0.016151,0.015781,72459312.000000,986315.000000,0.013612
923,728,66,0.016058,0.015661,72368907.000000,976241.000000,0.013490
924,729,66,0.016125,0.015722,72654380.000000,988614.000000,0.013607
925,730,65,0.016220,0.015861,73184434.000000,992921.000000,0.013567
926,730,65,0.016412,0.016006,73307253.000000,995892.000000,0.013585
927,731,65,0.016267,0.015905,73153481.000000,971736.000000,0.013284
928,731,65,0.016347,0.015999,73178622.000000,986351.000000,0.013479
929,732,65,0.016725,0.016310,73953678.000000,1002538.000000,0.013556
930,733,65,0.016432,0.016077,73918335.000000,989798.000000,0.013390
931,734,65,0.016320,0.015990,73725432.000000,986415.000000,0.013380
932,734,64,0.017325,0.016992,74078748.000000,1008725.000000,0.013617
933,734,64,0.016894,0.016559,73936414.000000,1003163.000000,0.013568
934,735,64,0.016923,0.016570,74188117.000000,1008183.000000,0.013590
935,736,64,0.016854,0.016515,74237245.000000,1006756.000000,0.013561
936,737,64,0.016954,0.016620,74487516.000000,1010151.000000,0.013561
937,738,64,0.016993,0.016617,74719567.000000,1010928.000000,0.013530
938,739,63,0.017197,0.016795,75137341.000000,1013916.000000,0.013494
939,740,63,0.016952,0.016627,74617230.000000,1007034.000000,0.013496
940,741,63,0.016909,0.016473,74683610.000000,1001297.000000,0.013407
941,742,63,0.016543,0.016111,74779069.000000,1011665.000000,0.013529
942,743,63,0.016620,0.016199,75120986.000000,1013113.000000,0.013486
943,743,63,0.016518,0.016088,75118024.000000,1014554.000000,0.013506
944,743,63,0.016493,0.016160,74741315.000000,1011533.000000,0.013534
945,744,63,0.016580,0.016172,75256060.000000,1017596.000000,0.013522
946,745,62,0.016452,0.016075,75017326.000000,1016453.000000,0.013550
947,746,62,0.016424,0.016107,74955331.000000,1015089.000000,0.013543
948,747,62,0.016465,0.016097,75157693.000000,1018115.000000,0.013546
949,747,62,0.016455,0.016144,75147649.000000,1018512.000000,0.013553
950,748,62,0.016856,0.016498,75797082.000000,1021345.000000,0.013475
951,749,62,0.017375,0.017041,76428401.000000,1029128.000000,0.013465
952,750,62,0.016693,0.016309,75766202.000000,1022445.000000,0.013495
953,751,62,0.016972,0.016644,76149402.000000,1025564.000000,0.013468
954,752,61,0.016740,0.016345,76205306.000000,1025172.000000,0.013453
955,753,61,0.016705,0.016389,76090767.000000,1022723.000000,0.013441
956,754,61,0.017184,0.016765,76983587.000000,1033575.000000,0.013426
957,755,61,0.016976,0.016649,76486896.000000,1031656.000000,0.013488
958,756,61,0.016979,0.016539,76958838.000000,1033721.000000,0.013432
959,757,61,0.016868,0.016544,76710655.000000,1029505.000000,0.013421
960,757,61,0.016946,0.016624,76780035.000000,1027032.000000,0.013376
961,758,61,0.016925,0.016562,76892106.000000,1031349.000000,0.013413
962,759,61,0.017428,0.016978,77979935.000000,1039423.000000,0.013329
963,760,60,0.017090,0.016727,77385829.000000,1019659.000000,0.013176
964,760,60,0.017124,0.016799,77633651.000000,1034736.000000,0.013328
965,761,60,0.017171,0.016837,77743983.000000,1038044.000000,0.013352
966,762,60,0.017141,0.016684,77808069.000000,1038349.000000,0.013345
967,762,60,0.017147,0.016797,77914877.000000,1037310.000000,0.013313
968,762,60,0.017549,0.017217,78420182.000000,1045582.000000,0.013333
969,762,60,0.017281,0.016937,78131554.000000,1041271.000000,0.013327
970,763,60,0.017250,0.016806,78297500.000000,1042365.000000,0.013313
971,764,60,0.017440,0.017011,78874898.000000,1047604.000000,0.013282
972,765,59,0.017297,0.016860,78567481.000000,1047934.000000,0.013338
