frame,nb of entities,FPS,frame length,physics length,L1-dcache-loads,L1-dcache-load-misses,L1-dcache-load-miss-ratio
0,3,302,0.001786,0.000030,455751.000000,32249.000000,0.070760
1,4,302,0.003322,0.000033,581588.000000,34966.000000,0.060122
2,5,302,0.003324,0.000033,563777.000000,34469.000000,0.061139
3,6,302,0.003323,0.000034,568646.000000,35299.000000,0.062076
4,7,302,0.003325,0.000034,549370.000000,34383.000000,0.062586
5,8,302,0.003320,0.000035,559970.000000,31478.000000,0.056214
6,9,302,0.003324,0.000032,614536.000000,35618.000000,0.057959
7,10,302,0.003322,0.000032,608555.000000,35370.000000,0.058121
8,11,302,0.003327,0.000035,600802.000000,34906.000000,0.058099
9,12,302,0.003321,0.000034,593275.000000,35265.000000,0.059441
10,13,302,0.003325,0.000037,564213.000000,31258.000000,0.055401
11,14,302,0.003323,0.000036,614386.000000,35440.000000,0.057684
12,15,302,0.003329,0.000037,569347.000000,34838.000000,0.061189
13,16,302,0.003319,0.000042,642342.000000,36166.000000,0.056303
14,17,302,0.003324,0.000072,683621.000000,39980.000000,0.058483
15,18,302,0.003325,0.000050,599351.000000,34026.000000,0.056771
16,19,302,0.003327,0.000051,636332.000000,37663.000000,0.059188
17,20,302,0.003325,0.000052,641328.000000,37654.000000,0.058713
18,21,302,0.003325,0.000054,623226.000000,37733.000000,0.060545
19,22,302,0.003318,0.000063,655843.000000,38275.000000,0.058360
20,23,302,0.003328,0.000056,612360.000000,34125.000000,0.055727
21,24,302,0.003321,0.000062,695599.000000,39432.000000,0.056688
22,25,302,0.003325,0.000060,654911.000000,37703.000000,0.057570
23,26,302,0.003320,0.000065,677836.000000,38482.000000,0.056772
24,27,302,0.003326,0.000066,678974.000000,38709.000000,0.057011
25,28,302,0.003320,0.000091,678253.000000,37745.000000,0.055650
26,29,302,0.003325,0.000066,689693.000000,39671.000000,0.057520
27,29,302,0.003319,0.000067,706494.000000,38577.000000,0.054603
28,30,302,0.003326,0.000060,680804.000000,38614.000000,0.056718
29,31,302,0.003319,0.000087,711259.000000,40375.000000,0.056766
30,32,302,0.003324,0.000067,658188.000000,34712.000000,0.052739
31,33,302,0.003323,0.000069,699291.000000,38633.000000,0.055246
32,34,302,0.003323,0.000088,704644.000000,39658.000000,0.056281
33,35,302,0.003325,0.000077,704493.000000,39739.000000,0.056408
34,36,302,0.003321,0.000079,695521.000000,38360.000000,0.055153
35,37,302,0.003323,0.000090,687316.000000,35937.000000,0.052286
36,38,302,0.003281,0.000124,702580.000000,39160.000000,0.055737
37,39,302,0.003322,0.000080,768757.000000,40192.000000,0.052282
38,40,302,0.003321,0.000080,744228.000000,39557.000000,0.053152
39,41,303,0.003326,0.000079,735601.000000,38922.000000,0.052912
40,42,303,0.003319,0.000095,723718.000000,35674.000000,0.049293
41,43,303,0.003323,0.000141,756877.000000,39409.000000,0.052068
42,44,303,0.003323,0.000084,758684.000000,39588.000000,0.052180
43,44,303,0.003323,0.000081,746121.000000,38691.000000,0.051856
44,45,303,0.003322,0.000115,770095.000000,41530.000000,0.053928
45,45,303,0.003324,0.000080,720785.000000,36232.000000,0.050267
46,45,303,0.003322,0.000086,740773.000000,39064.000000,0.052734
47,45,303,0.003325,0.000089,736210.000000,39294.000000,0.053373
48,46,303,0.003322,0.000093,759562.000000,39911.000000,0.052545
49,46,303,0.003325,0.000078,731609.000000,38959.000000,0.053251
50,47,303,0.003324,0.000141,725544.000000,40430.000000,0.055724
51,47,303,0.003326,0.000079,712772.000000,39036.000000,0.054766
52,48,303,0.003319,0.000099,776282.000000,39717.000000,0.051163
53,49,303,0.003323,0.000146,774800.000000,40543.000000,0.052327
54,50,303,0.003322,0.000098,776622.000000,39961.000000,0.051455
55,51,303,0.003328,0.000090,732710.000000,36329.000000,0.049582
56,51,303,0.003312,0.000098,790031.000000,39770.000000,0.050340
57,52,303,0.003325,0.000094,813277.000000,41108.000000,0.050546
58,53,303,0.003323,0.000159,802131.000000,40315.000000,0.050260
59,53,303,0.003321,0.000137,811193.000000,42161.000000,0.051974
60,54,300,0.003323,0.000096,769932.000000,36116.000000,0.046908
61,55,300,0.003324,0.000094,830414.000000,40712.000000,0.049026
62,55,300,0.003330,0.000091,783092.000000,39959.000000,0.051027
63,55,300,0.003319,0.000101,813631.000000,40450.000000,0.049715
64,56,300,0.003327,0.000090,820168.000000,40696.000000,0.049619
65,57,300,0.003317,0.000156,829252.000000,47220.000000,0.056943
66,58,300,0.003323,0.000221,930105.000000,53051.000000,0.057038
67,59,300,0.003328,0.000096,848529.000000,42150.000000,0.049674
68,60,300,0.003316,0.000172,859100.000000,47400.000000,0.055174
69,61,301,0.003317,0.000232,901688.000000,51100.000000,0.056671
70,62,301,0.003326,0.000123,809165.000000,37596.000000,0.046463
71,63,300,0.003325,0.000156,881867.000000,42707.000000,0.048428
72,64,301,0.003317,0.000143,886254.000000,43033.000000,0.048556
73,64,301,0.003324,0.000119,879011.000000,41245.000000,0.046922
74,64,301,0.003322,0.000104,933031.000000,42683.000000,0.045747
75,64,301,0.003321,0.000164,903343.000000,43102.000000,0.047714
76,65,301,0.003324,0.000104,879301.000000,42013.000000,0.047780
77,66,301,0.003326,0.000164,923494.000000,44755.000000,0.048463
78,67,301,0.003317,0.000142,894476.000000,42611.000000,0.047638
79,68,301,0.003322,0.000131,908872.000000,41751.000000,0.045937
80,69,301,0.003324,0.000117,902259.000000,40109.000000,0.044454
81,69,301,0.003321,0.000158,953415.000000,46657.000000,0.048937
82,70,301,0.003326,0.000110,924738.000000,41448.000000,0.044821
83,70,300,0.003372,0.000165,858704.000000,48590.000000,0.056585
84,71,301,0.003265,0.000148,926023.000000,42644.000000,0.046051
85,72,301,0.003323,0.000134,900695.000000,39715.000000,0.044094
86,72,301,0.003325,0.000106,924759.000000,42872.000000,0.046360
87,73,301,0.003319,0.000182,974851.000000,52476.000000,0.053830
88,74,301,0.003324,0.000117,941623.000000,42846.000000,0.045502
89,74,301,0.003322,0.000134,909730.000000,41730.000000,0.045871
90,75,301,0.003323,0.000150,897407.000000,38942.000000,0.043394
91,76,301,0.003323,0.000140,928650.000000,41997.000000,0.045224
92,77,300,0.003377,0.000145,938976.000000,41988.000000,0.044717
93,78,301,0.003238,0.000148,947351.000000,42696.000000,0.045069
94,79,301,0.003327,0.000153,932106.000000,42173.000000,0.045245
95,80,301,0.003319,0.000151,926154.000000,38867.000000,0.041966
96,81,301,0.003323,0.000164,975377.000000,43215.000000,0.044306
97,82,301,0.003323,0.000159,990624.000000,42808.000000,0.043213
98,83,301,0.003324,0.000174,1008241.000000,43428.000000,0.043073
99,84,301,0.003322,0.000180,1026024.000000,44638.000000,0.043506
100,85,301,0.003324,0.000173,991417.000000,39777.000000,0.040121
101,86,301,0.003324,0.000199,1061577.000000,44923.000000,0.042317
102,87,301,0.003326,0.000194,1060536.000000,45246.000000,0.042663
103,88,301,0.003320,0.000178,1053234.000000,43519.000000,0.041319
104,89,301,0.003323,0.000214,1076964.000000,46036.000000,0.042746
105,90,301,0.003324,0.000194,1069415.000000,41276.000000,0.038597
106,91,301,0.003321,0.000189,1079136.000000,44730.000000,0.041450
107,92,301,0.003323,0.000203,1104986.000000,45590.000000,0.041258
108,93,301,0.003323,0.000203,1119909.000000,45679.000000,0.040788
109,93,301,0.003324,0.000190,1110435.000000,45399.000000,0.040884
110,94,301,0.003322,0.000214,1091069.000000,42218.000000,0.038694
111,95,301,0.003325,0.000260,1163650.000000,52449.000000,0.045073
112,95,301,0.003321,0.000199,1155636.000000,44573.000000,0.038570
113,96,301,0.003324,0.000184,1202710.000000,46836.000000,0.038942
114,97,301,0.003322,0.000234,1237197.000000,47607.000000,0.038480
115,98,301,0.003327,0.000175,1167063.000000,42545.000000,0.036455
116,99,301,0.003320,0.000254,1230115.000000,49147.000000,0.039953
117,99,301,0.003325,0.000248,1277433.000000,49077.000000,0.038418
118,100,301,0.003321,0.000327,1304286.000000,70490.000000,0.054045
119,100,301,0.003319,0.000225,1254739.000000,47552.000000,0.037898
120,101,301,0.003323,0.000281,1249520.000000,45018.000000,0.036028
121,102,301,0.003322,0.000234,1262611.000000,46895.000000,0.037141
122,103,301,0.003323,0.000304,1272449.000000,47384.000000,0.037238
123,103,301,0.003321,0.000276,1310782.000000,47970.000000,0.036596
124,104,301,0.003327,0.000193,1323019.000000,48135.000000,0.036383
125,104,301,0.003323,0.000304,1404849.000000,59433.000000,0.042306
126,105,301,0.003321,0.000231,1399608.000000,52099.000000,0.037224
127,105,301,0.003330,0.000202,1326962.000000,49188.000000,0.037068
128,106,301,0.003315,0.000362,1380146.000000,57825.000000,0.041898
129,106,301,0.003318,0.000259,1438958.000000,54565.000000,0.037920
130,107,301,0.003331,0.000213,1343041.000000,45995.000000,0.034247
131,108,301,0.003313,0.000385,1435328.000000,58666.000000,0.040873
132,109,301,0.003322,0.000329,1444058.000000,54150.000000,0.037498
133,109,301,0.003323,0.000261,1361499.000000,48409.000000,0.035556
134,110,301,0.003324,0.000278,1375318.000000,49234.000000,0.035798
135,111,301,0.003328,0.000296,1360594.000000,47840.000000,0.035161
136,112,301,0.003318,0.000282,1421646.000000,50535.000000,0.035547
137,112,301,0.003322,0.000296,1394406.000000,50331.000000,0.036095
138,113,301,0.003330,0.000301,1470510.000000,52091.000000,0.035424
139,114,301,0.003318,0.000226,1447072.000000,50843.000000,0.035135
140,115,301,0.003322,0.000279,1402792.000000,47897.000000,0.034144
141,116,301,0.003324,0.000313,1512085.000000,50922.000000,0.033677
142,117,301,0.003323,0.000263,1486167.000000,51392.000000,0.034580
143,118,301,0.003324,0.000259,1500246.000000,50673.000000,0.033776
144,118,300,0.003324,0.000272,1526575.000000,50721.000000,0.033225
145,119,300,0.003330,0.000275,1504456.000000,48029.000000,0.031924
146,120,300,0.003318,0.000331,1558369.000000,53139.000000,0.034099
147,121,300,0.003323,0.000282,1585674.000000,53520.000000,0.033752
148,122,300,0.003325,0.000294,1631352.000000,53719.000000,0.032929
149,123,300,0.003324,0.000298,1624256.000000,53926.000000,0.033200
150,124,300,0.003324,0.000309,1608591.000000,50389.000000,0.031325
151,124,300,0.003324,0.000298,1675679.000000,53226.000000,0.031764
152,125,301,0.003328,0.000318,1685981.000000,54284.000000,0.032197
153,126,300,0.003322,0.000321,1797752.000000,56605.000000,0.031487
154,126,300,0.003323,0.000361,1717445.000000,54190.000000,0.031553
155,127,300,0.003324,0.000368,1708937.000000,51588.000000,0.030187
156,128,300,0.003336,0.000446,1778462.000000,60251.000000,0.033878
157,129,300,0.003321,0.000311,1828868.000000,56653.000000,0.030977
158,130,300,0.003323,0.000392,1823134.000000,56757.000000,0.031132
159,130,300,0.003324,0.000361,1876508.000000,55807.000000,0.029740
160,131,300,0.003324,0.000401,1898187.000000,62922.000000,0.033148
161,132,300,0.003326,0.000339,1928704.000000,57700.000000,0.029916
162,133,300,0.003319,0.000480,2000857.000000,62548.000000,0.031261
163,134,300,0.003327,0.000462,1955494.000000,58716.000000,0.030026
164,135,300,0.003320,0.000592,2104661.000000,86657.000000,0.041174
165,136,300,0.003319,0.000425,2004713.000000,57791.000000,0.028828
166,136,300,0.003322,0.000437,2038413.000000,60139.000000,0.029503
167,137,300,0.003321,0.000508,2076051.000000,64212.000000,0.030930
168,137,300,0.003325,0.000450,2100209.000000,64611.000000,0.030764
169,138,300,0.003326,0.000468,2120641.000000,60994.000000,0.028762
170,139,300,0.003316,0.000577,2215022.000000,62494.000000,0.028214
171,140,300,0.003327,0.000427,2323194.000000,64817.000000,0.027900
172,140,300,0.003323,0.000406,2235983.000000,61745.000000,0.027614
173,141,300,0.003321,0.000517,2334667.000000,67053.000000,0.028721
174,142,300,0.003324,0.000496,2394918.000000,66328.000000,0.027695
175,143,300,0.003328,0.000482,2314229.000000,60785.000000,0.026266
176,144,300,0.003317,0.000644,2419006.000000,70716.000000,0.029233
177,145,300,0.003325,0.000555,2440369.000000,66733.000000,0.027345
178,146,300,0.003323,0.000511,2512773.000000,67094.000000,0.026701
179,146,300,0.003324,0.000518,2531784.000000,67486.000000,0.026656
180,147,300,0.003324,0.000521,2478278.000000,62750.000000,0.025320
181,148,300,0.003325,0.000520,2526121.000000,65680.000000,0.026000
182,148,300,0.003325,0.000532,2529967.000000,66632.000000,0.026337
183,149,300,0.003325,0.000527,2582250.000000,68532.000000,0.026540
184,150,300,0.003324,0.000545,2594536.000000,67980.000000,0.026201
185,151,300,0.003326,0.000595,2622570.000000,66209.000000,0.025246
186,152,300,0.003323,0.000592,2725185.000000,71821.000000,0.026355
187,153,300,0.003323,0.000569,2764572.000000,70833.000000,0.025622
188,153,300,0.003324,0.000604,2852824.000000,73002.000000,0.025589
189,154,300,0.003324,0.000638,2926522.000000,73175.000000,0.025004
190,155,300,0.003327,0.000630,2894280.000000,69526.000000,0.024022
191,156,300,0.003319,0.000679,2949578.000000,74085.000000,0.025117
192,157,300,0.003324,0.000653,2933837.000000,73123.000000,0.024924
193,158,300,0.003327,0.000625,2959477.000000,73212.000000,0.024738
194,159,300,0.003584,0.000728,2918448.000000,77140.000000,0.026432
195,160,300,0.003317,0.000946,3196506.000000,101926.000000,0.031887
196,161,300,0.003330,0.000594,3118167.000000,76933.000000,0.024673
197,162,300,0.003314,0.000708,3127365.000000,76524.000000,0.024469
198,163,300,0.003326,0.000653,3122107.000000,76796.000000,0.024597
199,163,300,0.003327,0.000605,3125126.000000,74284.000000,0.023770
200,164,300,0.003315,0.000728,3200311.000000,77957.000000,0.024359
201,165,300,0.003325,0.000681,3267052.000000,78880.000000,0.024144
202,166,300,0.003326,0.000799,3315428.000000,80228.000000,0.024198
203,167,300,0.003317,0.000745,3252617.000000,79862.000000,0.024553
204,168,300,0.003326,0.000687,3299893.000000,76553.000000,0.023199
205,169,300,0.003327,0.000883,3458038.000000,88560.000000,0.025610
206,170,300,0.003317,0.000801,3408161.000000,83981.000000,0.024641
207,171,300,0.003321,0.000717,3466338.000000,83223.000000,0.024009
208,172,300,0.003326,0.000865,3507314.000000,84682.000000,0.024144
209,173,300,0.003318,0.000832,3563331.000000,82713.000000,0.023212
210,174,300,0.003325,0.000697,3625053.000000,86070.000000,0.023743
211,175,300,0.003326,0.000863,3526673.000000,83601.000000,0.023705
212,176,300,0.003319,0.000829,3601292.000000,84634.000000,0.023501
213,176,300,0.003322,0.000765,3573052.000000,85111.000000,0.023820
214,177,300,0.003328,0.000888,3542593.000000,81052.000000,0.022879
215,177,300,0.003319,0.000840,3590138.000000,83752.000000,0.023328
216,178,300,0.003320,0.000774,3608379.000000,84813.000000,0.023504
217,179,300,0.003328,0.000838,3765381.000000,96361.000000,0.025591
218,180,300,0.003318,0.000870,3687405.000000,89452.000000,0.024259
219,181,300,0.003324,0.000802,3700693.000000,86414.000000,0.023351
220,182,300,0.003319,0.000911,3882678.000000,103174.000000,0.026573
221,183,300,0.003320,0.000756,3828916.000000,92397.000000,0.024131
222,184,300,0.003321,0.000761,3900379.000000,93359.000000,0.023936
223,184,300,0.003334,0.000956,3842284.000000,93803.000000,0.024413
224,185,300,0.003309,0.000995,3928818.000000,95790.000000,0.024381
225,186,300,0.003324,0.000758,3915560.000000,92556.000000,0.023638
226,186,300,0.003325,0.001022,3936335.000000,93955.000000,0.023869
227,186,300,0.003322,0.000930,3961629.000000,93825.000000,0.023683
228,187,300,0.003323,0.000883,4023232.000000,95372.000000,0.023705
229,188,300,0.003328,0.000996,3979516.000000,91483.000000,0.022988
230,188,300,0.003320,0.000966,4130078.000000,98118.000000,0.023757
231,189,300,0.003322,0.000913,4148957.000000,97247.000000,0.023439
232,190,300,0.003329,0.001061,4227045.000000,97878.000000,0.023155
233,191,300,0.003320,0.000993,4189590.000000,98345.000000,0.023474
234,191,300,0.003323,0.000938,4217867.000000,94680.000000,0.022447
235,191,300,0.003330,0.001105,4276500.000000,103167.000000,0.024124
236,192,300,0.003318,0.001017,4247298.000000,100217.000000,0.023595
237,193,300,0.003323,0.000950,4281266.000000,99003.000000,0.023125
238,193,300,0.003328,0.001089,4385280.000000,101617.000000,0.023172
239,194,300,0.003321,0.001052,4381818.000000,99015.000000,0.022597
240,195,300,0.003323,0.001007,4515952.000000,102453.000000,0.022687
241,196,300,0.003330,0.001124,4471655.000000,102780.000000,0.022985
242,197,300,0.003318,0.001084,4516678.000000,103886.000000,0.023001
243,198,300,0.003323,0.001024,4574487.000000,105347.000000,0.023029
244,199,300,0.003330,0.001216,4648216.000000,103415.000000,0.022248
245,200,300,0.003318,0.001101,4663304.000000,105623.000000,0.022650
246,201,300,0.003320,0.001056,4688088.000000,106963.000000,0.022816
247,202,300,0.003328,0.001191,4753031.000000,107167.000000,0.022547
248,202,300,0.003320,0.000974,4763135.000000,108785.000000,0.022839
249,202,300,0.003321,0.001077,4817365.000000,105128.000000,0.021823
250,203,300,0.003326,0.001238,4967138.000000,108818.000000,0.021908
251,204,300,0.003318,0.001229,4923205.000000,111054.000000,0.022557
252,205,300,0.003322,0.001114,4916755.000000,110568.000000,0.022488
253,206,300,0.003327,0.001248,5003279.000000,110137.000000,0.022013
254,207,300,0.003319,0.001215,4978467.000000,107823.000000,0.021658
255,208,300,0.003321,0.001141,5078152.000000,112789.000000,0.022211
256,208,300,0.003326,0.001084,5078707.000000,112222.000000,0.022097
257,208,300,0.003321,0.001226,5055807.000000,112622.000000,0.022276
258,208,300,0.003321,0.001147,5047729.000000,111187.000000,0.022027
259,208,300,0.003327,0.001083,5090023.000000,108125.000000,0.021243
260,209,300,0.003324,0.001258,5240714.000000,115423.000000,0.022024
261,210,300,0.003321,0.001161,5126053.000000,111959.000000,0.021841
262,211,300,0.003326,0.001106,5205872.000000,112253.000000,0.021563
263,212,300,0.003324,0.001257,5239966.000000,115066.000000,0.021959
264,212,300,0.003321,0.001219,5331148.000000,113634.000000,0.021315
265,213,300,0.003327,0.001180,5461602.000000,121384.000000,0.022225
266,214,300,0.003324,0.001324,5491579.000000,120362.000000,0.021918
267,215,300,0.003319,0.001263,5561916.000000,120718.000000,0.021704
268,216,300,0.003324,0.001199,5580320.000000,121854.000000,0.021836
269,217,300,0.003322,0.001366,5634238.000000,120264.000000,0.021345
270,218,300,0.003323,0.001292,5608358.000000,120960.000000,0.021568
271,218,300,0.003325,0.001216,5578108.000000,119447.000000,0.021414
272,219,300,0.003320,0.001354,5649974.000000,121737.000000,0.021546
273,220,300,0.003322,0.001297,5664112.000000,121508.000000,0.021452
274,221,300,0.003328,0.001259,5703906.000000,120314.000000,0.021093
275,222,300,0.003324,0.001250,5853304.000000,124381.000000,0.021250
276,222,300,0.003321,0.001353,5921538.000000,125356.000000,0.021170
277,223,300,0.003324,0.001245,6004396.000000,126975.000000,0.021147
278,223,300,0.003323,0.001430,6055742.000000,126289.000000,0.020854
279,224,300,0.003324,0.001412,6110731.000000,125715.000000,0.020573
280,225,300,0.003324,0.001344,6207549.000000,129772.000000,0.020906
281,226,300,0.003323,0.001561,6294320.000000,130937.000000,0.020802
282,227,300,0.003323,0.001641,6328252.000000,133108.000000,0.021034
283,228,300,0.003326,0.001312,6398107.000000,132884.000000,0.020769
284,229,300,0.003322,0.001540,6427274.000000,132417.000000,0.020602
285,230,300,0.003324,0.001339,6467606.000000,134805.000000,0.020843
286,230,300,0.003326,0.001346,6526320.000000,136273.000000,0.020881
287,231,300,0.003324,0.001579,6620868.000000,137731.000000,0.020803
288,232,300,0.003320,0.001579,6753239.000000,141229.000000,0.020913
289,233,300,0.003327,0.001427,7005153.000000,157904.000000,0.022541
290,234,300,0.003323,0.001436,6824777.000000,142784.000000,0.020921
291,235,300,0.003320,0.001582,6852848.000000,142313.000000,0.020767
292,236,300,0.003327,0.001437,6911634.000000,143496.000000,0.020762
293,236,300,0.003324,0.001655,6950592.000000,144029.000000,0.020722
294,237,300,0.003320,0.001636,6970684.000000,141655.000000,0.020322
295,238,300,0.003328,0.001693,7174840.000000,152143.000000,0.021205
296,239,300,0.003324,0.001637,7247062.000000,149780.000000,0.020668
297,240,300,0.003319,0.001662,7218272.000000,147362.000000,0.020415
298,240,300,0.003328,0.001528,7330738.000000,150333.000000,0.020507
299,241,300,0.003323,0.001518,7291168.000000,146132.000000,0.020042
300,242,300,0.003320,0.001691,7281014.000000,151086.000000,0.020751
301,242,300,0.003327,0.001524,7284548.000000,149420.000000,0.020512
302,243,300,0.003324,0.001527,7281072.000000,149418.000000,0.020521
303,244,300,0.003320,0.001693,7274255.000000,149103.000000,0.020497
304,245,300,0.003327,0.001527,7296197.000000,145981.000000,0.020008
305,246,300,0.003324,0.001537,7405140.000000,150752.000000,0.020358
306,247,300,0.003320,0.001750,7553130.000000,153746.000000,0.020355
307,248,300,0.003327,0.001555,7512436.000000,151810.000000,0.020208
308,248,300,0.003324,0.001596,7601670.000000,154964.000000,0.020386
309,249,300,0.003327,0.001775,7554396.000000,150359.000000,0.019904
310,250,300,0.003330,0.001779,7658531.000000,155510.000000,0.020305
311,251,300,0.003315,0.001649,7679296.000000,157099.000000,0.020457
312,251,300,0.003323,0.001815,7718409.000000,157018.000000,0.020343
313,252,300,0.003327,0.001636,7813097.000000,159073.000000,0.020360
314,253,300,0.003321,0.001670,7783393.000000,154650.000000,0.019869
315,254,300,0.003329,0.001856,7909202.000000,160921.000000,0.020346
316,255,300,0.003327,0.001684,7940805.000000,160282.000000,0.020185
317,256,300,0.003321,0.001689,7990998.000000,160847.000000,0.020129
318,257,300,0.003329,0.001893,8054017.000000,162017.000000,0.020116
319,257,300,0.003328,0.001701,8013400.000000,158750.000000,0.019811
320,257,300,0.003315,0.001704,8052587.000000,162417.000000,0.020170
321,258,300,0.003329,0.001905,8100886.000000,162573.000000,0.020069
322,258,300,0.003327,0.001718,8106256.000000,163876.000000,0.020216
323,259,300,0.003321,0.001733,8181541.000000,164306.000000,0.020083
324,260,300,0.003330,0.001946,8210975.000000,163436.000000,0.019905
325,261,300,0.003348,0.002109,8432721.000000,174195.000000,0.020657
326,261,300,0.003324,0.001798,8466945.000000,168626.000000,0.019916
327,262,300,0.003333,0.001980,8537216.000000,170960.000000,0.020025
328,263,300,0.003333,0.001783,8588182.000000,170732.000000,0.019880
329,264,300,0.003318,0.001858,8563020.000000,167181.000000,0.019524
330,265,300,0.003346,0.002253,8605836.000000,170944.000000,0.019864
331,265,300,0.003329,0.001821,8592070.000000,170010.000000,0.019787
332,266,300,0.003324,0.001817,8706293.000000,170545.000000,0.019589
333,266,300,0.003336,0.002024,8759298.000000,172424.000000,0.019685
334,267,300,0.003324,0.001842,8739475.000000,170293.000000,0.019485
335,268,300,0.003337,0.001965,8931164.000000,178007.000000,0.019931
336,268,300,0.003326,0.001864,8793236.000000,176134.000000,0.020031
337,269,300,0.003327,0.001865,8830029.000000,174296.000000,0.019739
338,270,300,0.003342,0.002195,8898399.000000,178112.000000,0.020016
339,270,300,0.003345,0.002158,8936806.000000,173450.000000,0.019409
340,271,300,0.003324,0.001904,9095591.000000,178798.000000,0.019658
341,272,300,0.003331,0.001933,9082941.000000,180682.000000,0.019892
342,272,300,0.003339,0.002099,9101688.000000,178769.000000,0.019641
343,273,300,0.003331,0.001934,9253252.000000,180442.000000,0.019500
344,274,300,0.003349,0.002247,9346908.000000,179173.000000,0.019169
345,275,300,0.003333,0.001984,9417234.000000,183129.000000,0.019446
346,276,300,0.003333,0.001978,9390100.000000,179841.000000,0.019152
347,277,300,0.003349,0.002252,9518562.000000,184242.000000,0.019356
348,278,300,0.003336,0.002011,9620242.000000,185902.000000,0.019324
349,279,300,0.003330,0.002045,9739220.000000,183889.000000,0.018881
350,280,300,0.003351,0.002278,9710682.000000,186292.000000,0.019184
351,281,300,0.003338,0.002045,9751757.000000,186311.000000,0.019105
352,281,300,0.003340,0.002095,9979029.000000,189287.000000,0.018968
353,282,300,0.003343,0.002159,10142421.000000,192936.000000,0.019023
354,283,300,0.003340,0.002135,10095928.000000,190239.000000,0.018843
355,283,300,0.003353,0.002346,10337985.000000,201443.000000,0.019486
356,284,300,0.003345,0.002159,10233281.000000,196150.000000,0.019168
357,285,300,0.003342,0.002164,10260708.000000,193176.000000,0.018827
358,286,300,0.003343,0.002211,10379080.000000,196422.000000,0.018925
359,287,300,0.003348,0.002231,10473950.000000,193066.000000,0.018433
360,288,300,0.003344,0.002231,10466258.000000,198627.000000,0.018978
361,289,300,0.003351,0.002237,10625462.000000,199230.000000,0.018750
362,290,300,0.003342,0.002257,10608988.000000,199334.000000,0.018789
363,291,300,0.003347,0.002261,10708173.000000,199693.000000,0.018649
364,292,299,0.003352,0.002292,10692777.000000,199165.000000,0.018626
365,292,299,0.003344,0.002276,10677042.000000,198876.000000,0.018627
366,293,299,0.003336,0.002294,10766631.000000,201329.000000,0.018699
367,294,299,0.003355,0.002307,10938906.000000,204845.000000,0.018726
368,295,299,0.003349,0.002346,11086673.000000,204412.000000,0.018438
369,295,299,0.003349,0.002331,10862616.000000,198719.000000,0.018294
370,295,299,0.003353,0.002320,10899673.000000,201674.000000,0.018503
371,295,299,0.003349,0.002322,10996534.000000,204168.000000,0.018567
372,296,299,0.003351,0.002358,11003915.000000,205367.000000,0.018663
373,297,299,0.003356,0.002340,11065253.000000,206151.000000,0.018630
374,298,299,0.003349,0.002366,11054567.000000,203527.000000,0.018411
375,299,299,0.003353,0.002384,11186148.000000,208572.000000,0.018646
376,300,299,0.003356,0.002395,11186245.000000,207543.000000,0.018553
377,301,299,0.003352,0.002401,11229116.000000,208196.000000,0.018541
378,302,299,0.003348,0.002413,11344844.000000,210297.000000,0.018537
379,303,299,0.003359,0.002410,11345647.000000,208029.000000,0.018336
380,303,299,0.003353,0.002471,11454919.000000,212630.000000,0.018562
381,304,299,0.003358,0.002482,11518646.000000,213546.000000,0.018539
382,304,299,0.003363,0.002451,11633864.000000,212712.000000,0.018284
383,304,299,0.003359,0.002504,11674708.000000,213314.000000,0.018271
384,305,299,0.003360,0.002543,11816342.000000,213564.000000,0.018074
385,305,299,0.003371,0.002697,11981182.000000,221366.000000,0.018476
386,306,299,0.003365,0.002594,11960158.000000,219395.000000,0.018344
387,306,298,0.003364,0.002581,11983949.000000,220476.000000,0.018398
388,306,298,0.003334,0.002608,12019779.000000,220154.000000,0.018316
389,306,298,0.003362,0.002565,12093637.000000,218774.000000,0.018090
390,307,298,0.003365,0.002637,12128689.000000,221848.000000,0.018291
391,308,298,0.003368,0.002645,12293486.000000,224655.000000,0.018274
392,309,298,0.003366,0.002613,12259020.000000,224205.000000,0.018289
393,310,298,0.003368,0.002657,12403966.000000,226025.000000,0.018222
394,311,298,0.003366,0.002673,12327600.000000,220725.000000,0.017905
395,312,298,0.003367,0.002629,12459944.000000,222569.000000,0.017863
396,313,298,0.003367,0.002700,12465484.000000,225349.000000,0.018078
397,313,298,0.003369,0.002677,12546010.000000,226409.000000,0.018046
398,314,298,0.003368,0.002685,12574550.000000,225892.000000,0.017964
399,314,298,0.003370,0.002740,12512896.000000,222497.000000,0.017781
400,315,298,0.003371,0.002701,12687116.000000,227043.000000,0.017896
401,316,298,0.003365,0.002725,12897112.000000,230523.000000,0.017874
402,317,298,0.003375,0.002817,13040940.000000,233267.000000,0.017887
403,318,298,0.003376,0.002828,13127917.000000,235296.000000,0.017923
404,318,298,0.003331,0.002843,13047326.000000,231188.000000,0.017719
405,319,298,0.003377,0.002838,13246192.000000,236939.000000,0.017887
406,320,298,0.003377,0.002862,13225282.000000,236859.000000,0.017910
407,321,298,0.003375,0.002819,13256442.000000,236658.000000,0.017852
408,322,297,0.003377,0.002866,13282589.000000,238551.000000,0.017960
409,323,297,0.003381,0.002931,13401782.000000,237060.000000,0.017689
410,323,297,0.003378,0.002853,13420702.000000,239778.000000,0.017866
411,324,297,0.003381,0.002907,13583072.000000,242428.000000,0.017848
412,325,297,0.003382,0.002963,13677150.000000,245471.000000,0.017948
413,326,297,0.003380,0.002912,13657493.000000,244817.000000,0.017925
414,327,297,0.003361,0.003071,13775732.000000,244377.000000,0.017740
415,327,297,0.003364,0.003002,13884069.000000,248447.000000,0.017894
416,327,297,0.003386,0.002942,13829517.000000,246385.000000,0.017816
417,327,297,0.003373,0.002992,13946101.000000,250132.000000,0.017936
418,328,297,0.003383,0.002985,13810787.000000,248875.000000,0.018020
419,328,297,0.003384,0.002990,13822957.000000,243315.000000,0.017602
420,329,297,0.003384,0.002954,14016495.000000,250560.000000,0.017876
421,330,297,0.003351,0.003022,14143254.000000,253278.000000,0.017908
422,331,297,0.003388,0.003008,14041592.000000,250832.000000,0.017864
423,332,297,0.003384,0.002992,14097675.000000,251888.000000,0.017867
424,332,297,0.003338,0.003052,14162851.000000,250151.000000,0.017662
425,333,297,0.003370,0.003022,14252594.000000,254498.000000,0.017856
426,334,297,0.003348,0.003036,14288804.000000,255050.000000,0.017850
427,335,297,0.003430,0.003099,14455081.000000,258389.000000,0.017875
428,336,296,0.003462,0.003130,14485302.000000,257569.000000,0.017781
429,337,296,0.003411,0.003093,14568139.000000,254059.000000,0.017439
430,337,296,0.003479,0.003163,14614863.000000,259821.000000,0.017778
431,338,296,0.003443,0.003108,14706538.000000,260934.000000,0.017743
432,339,296,0.003439,0.003141,14686904.000000,259496.000000,0.017669
433,340,296,0.003569,0.003202,14827276.000000,259249.000000,0.017485
434,340,295,0.003496,0.003163,14925446.000000,262275.000000,0.017572
435,341,295,0.003567,0.003256,15008669.000000,262805.000000,0.017510
436,342,295,0.003507,0.003220,14917500.000000,262293.000000,0.017583
437,343,295,0.003497,0.003177,15051020.000000,263376.000000,0.017499
438,344,294,0.003580,0.003304,15055311.000000,262109.000000,0.017410
439,345,294,0.003568,0.003260,15169346.000000,266483.000000,0.017567
440,346,294,0.003515,0.003233,15136725.000000,267867.000000,0.017696
441,346,293,0.003616,0.003288,15258932.000000,267985.000000,0.017563
442,347,293,0.003555,0.003275,15194459.000000,268387.000000,0.017663
443,348,292,0.003833,0.003541,15375115.000000,269752.000000,0.017545
444,349,292,0.003726,0.003343,15494157.000000,271185.000000,0.017502
445,350,292,0.003587,0.003280,15468159.000000,271753.000000,0.017569
446,351,291,0.003719,0.003414,15703581.000000,273728.000000,0.017431
447,352,291,0.003678,0.003361,15703361.000000,272124.000000,0.017329
448,353,290,0.003647,0.003370,15731708.000000,274430.000000,0.017444
449,353,290,0.003692,0.003402,15664199.000000,275219.000000,0.017570
450,354,289,0.003686,0.003381,15753365.000000,275989.000000,0.017519
451,355,289,0.003665,0.003358,15839574.000000,276234.000000,0.017439
452,356,288,0.003755,0.003449,15876537.000000,274932.000000,0.017317
453,357,288,0.003759,0.003440,16082632.000000,279627.000000,0.017387
454,358,287,0.003792,0.003442,16078956.000000,278862.000000,0.017343
455,359,287,0.003796,0.003458,16195835.000000,280077.000000,0.017293
456,360,286,0.003797,0.003486,16436190.000000,280154.000000,0.017045
457,361,285,0.003901,0.003577,16564819.000000,286852.000000,0.017317
458,362,285,0.003859,0.003575,16536356.000000,286623.000000,0.017333
459,362,284,0.003799,0.003520,16480390.000000,284417.000000,0.017258
460,363,283,0.003913,0.003626,16513632.000000,285953.000000,0.017316
461,363,283,0.003832,0.003513,16621669.000000,282757.000000,0.017011
462,364,282,0.003927,0.003627,16700743.000000,288774.000000,0.017291
463,365,281,0.003921,0.003607,16792139.000000,289423.000000,0.017236
464,366,281,0.003868,0.003582,16775736.000000,288991.000000,0.017227
465,366,280,0.003965,0.003664,16882724.000000,286612.000000,0.016977
466,367,279,0.003926,0.003606,16882556.000000,290751.000000,0.017222
467,368,278,0.003969,0.003655,16954046.000000,291862.000000,0.017215
468,369,277,0.004001,0.003669,17174468.000000,294745.000000,0.017162
469,370,277,0.004053,0.003655,17140642.000000,293855.000000,0.017144
470,370,276,0.004147,0.003746,17248955.000000,300479.000000,0.017420
471,371,275,0.003995,0.003691,17214364.000000,298983.000000,0.017368
472,372,274,0.004130,0.003752,17349421.000000,300305.000000,0.017309
473,373,272,0.004495,0.004103,17440299.000000,296969.000000,0.017028
474,374,271,0.004217,0.003823,17764883.000000,307075.000000,0.017286
475,374,270,0.004149,0.003826,17612852.000000,305543.000000,0.017348
476,375,270,0.004088,0.003773,17589650.000000,305238.000000,0.017353
477,376,268,0.004317,0.003920,17791127.000000,304653.000000,0.017124
478,376,267,0.004229,0.003908,17684249.000000,306542.000000,0.017334
479,377,267,0.004130,0.003791,17853901.000000,308143.000000,0.017259
480,378,265,0.004493,0.004148,17948247.000000,309146.000000,0.017224
481,378,264,0.004399,0.004110,17847194.000000,303049.000000,0.016980
482,379,263,0.004241,0.003934,17961859.000000,308769.000000,0.017190
483,380,262,0.004187,0.003851,18121446.000000,309122.000000,0.017058
484,381,261,0.004254,0.003905,18180592.000000,308823.000000,0.016986
485,381,260,0.004250,0.003926,18324584.000000,308304.000000,0.016825
486,382,259,0.004305,0.003953,18269159.000000,312384.000000,0.017099
487,383,258,0.004271,0.003939,18401294.000000,313611.000000,0.017043
488,384,257,0.004259,0.003924,18525206.000000,313339.000000,0.016914
489,385,256,0.004380,0.004057,18622826.000000,311894.000000,0.016748
490,386,255,0.004296,0.004006,18663856.000000,315208.000000,0.016889
491,387,254,0.004389,0.004062,18776414.000000,316173.000000,0.016839
492,387,253,0.004357,0.004024,18784409.000000,317442.000000,0.016899
493,388,252,0.004565,0.004239,19018547.000000,320476.000000,0.016851
494,389,251,0.004416,0.004107,19002492.000000,321607.000000,0.016924
495,390,250,0.004411,0.004071,19034716.000000,323190.000000,0.016979
496,391,249,0.004439,0.004128,19186966.000000,322779.000000,0.016823
497,392,248,0.004394,0.004074,19077621.000000,323030.000000,0.016932
498,392,247,0.004495,0.004175,19330600.000000,325599.000000,0.016844
499,392,247,0.004408,0.004107,19162969.000000,327184.000000,0.017074
500,393,246,0.004431,0.004153,19162490.000000,320400.000000,0.016720
501,394,245,0.004485,0.004141,19374584.000000,327854.000000,0.016922
502,395,244,0.004526,0.004199,19523942.000000,332819.000000,0.017047
503,395,243,0.004495,0.004183,19484382.000000,327700.000000,0.016819
504,396,242,0.004509,0.004175,19470207.000000,328636.000000,0.016879
505,397,241,0.004540,0.004229,19696041.000000,333040.000000,0.016909
506,398,241,0.004548,0.004238,19766985.000000,337189.000000,0.017058
507,399,240,0.004673,0.004312,20058596.000000,334049.000000,0.016654
508,400,239,0.004618,0.004290,20047349.000000,338683.000000,0.016894
509,401,238,0.004693,0.004386,20322525.000000,343338.000000,0.016894
510,402,237,0.004667,0.004367,20323996.000000,348192.000000,0.017132
511,403,236,0.004721,0.004432,20338355.000000,344727.000000,0.016950
512,404,235,0.004719,0.004369,20518570.000000,349437.000000,0.017030
513,405,234,0.004762,0.004419,20630519.000000,350028.000000,0.016967
514,406,233,0.004732,0.004442,20543349.000000,349617.000000,0.017019
515,407,232,0.005054,0.004708,20835906.000000,353669.000000,0.016974
516,408,231,0.004762,0.004458,20648498.000000,349178.000000,0.016911
517,408,230,0.004827,0.004480,20784182.000000,354345.000000,0.017049
518,409,230,0.004755,0.004470,20691269.000000,346658.000000,0.016754
519,410,229,0.004833,0.004488,20892993.000000,352742.000000,0.016883
520,411,228,0.004827,0.004512,20968569.000000,353900.000000,0.016878
521,411,227,0.004842,0.004541,20988558.000000,352451.000000,0.016793
522,412,226,0.004824,0.004528,20966454.000000,355904.000000,0.016975
523,413,225,0.004902,0.004554,21160589.000000,357268.000000,0.016884
524,414,224,0.004915,0.004575,21372196.000000,359543.000000,0.016823
525,414,224,0.004876,0.004560,21141960.000000,352474.000000,0.016672
526,415,223,0.004912,0.004565,21361557.000000,359330.000000,0.016821
527,415,222,0.004907,0.004610,21264317.000000,358037.000000,0.016837
528,416,221,0.004914,0.004616,21261841.000000,355835.000000,0.016736
529,416,221,0.004994,0.004635,21499804.000000,358606.000000,0.016680
530,417,220,0.004989,0.004648,21667990.000000,360382.000000,0.016632
531,418,219,0.005042,0.004699,21797820.000000,363076.000000,0.016657
532,418,218,0.004992,0.004661,21735720.000000,357890.000000,0.016466
533,419,218,0.005069,0.004757,21878044.000000,365568.000000,0.016709
534,420,217,0.005026,0.004716,21852530.000000,366832.000000,0.016787
535,421,216,0.005358,0.005003,22169427.000000,369743.000000,0.016678
536,422,216,0.005114,0.004762,22146341.000000,371101.000000,0.016757
537,422,215,0.005216,0.004884,22559846.000000,375716.000000,0.016654
538,423,214,0.005171,0.004837,22434188.000000,369793.000000,0.016483
539,424,213,0.005234,0.004887,22559016.000000,377374.000000,0.016728
540,425,213,0.005214,0.004906,22574897.000000,374092.000000,0.016571
541,426,212,0.005456,0.005070,22773772.000000,376325.000000,0.016524
542,427,211,0.005207,0.004893,22651143.000000,376783.000000,0.016634
543,427,210,0.005237,0.004932,22623908.000000,377473.000000,0.016685
544,427,210,0.005162,0.004838,22713230.000000,373376.000000,0.016439
545,428,209,0.005325,0.004977,22928950.000000,379310.000000,0.016543
546,429,208,0.005262,0.004934,22965832.000000,380149.000000,0.016553
547,430,207,0.005578,0.005178,23174151.000000,384695.000000,0.016600
548,430,207,0.005294,0.004942,23116923.000000,377764.000000,0.016341
549,430,206,0.005507,0.005079,23371956.000000,386102.000000,0.016520
550,430,205,0.005415,0.005055,23237812.000000,380341.000000,0.016367
551,431,204,0.005476,0.005032,23472716.000000,392522.000000,0.016722
552,432,203,0.005418,0.005084,23407020.000000,383353.000000,0.016378
553,433,203,0.005431,0.005063,23563791.000000,385777.000000,0.016372
554,434,202,0.005785,0.005455,23851520.000000,388986.000000,0.016309
555,435,201,0.005501,0.005159,23916190.000000,390509.000000,0.016328
556,436,200,0.005575,0.005207,24147452.000000,392910.000000,0.016271
557,436,200,0.005483,0.005143,24053075.000000,388819.000000,0.016165
558,436,199,0.005497,0.005185,23877558.000000,389642.000000,0.016318
559,437,198,0.005499,0.005145,24010810.000000,393057.000000,0.016370
560,438,198,0.005538,0.005213,24173567.000000,392413.000000,0.016233
561,439,197,0.005798,0.005425,24408221.000000,397089.000000,0.016269
562,440,196,0.005819,0.005482,24330754.000000,396774.000000,0.016308
563,441,195,0.005705,0.005337,24624197.000000,396760.000000,0.016113
564,442,194,0.006050,0.005737,24980777.000000,401241.000000,0.016062
565,443,193,0.005677,0.005306,24726301.000000,399975.000000,0.016176
566,444,193,0.005985,0.005692,24896277.000000,400242.000000,0.016076
567,444,192,0.005587,0.005278,24584380.000000,396225.000000,0.016117
568,444,191,0.005887,0.005554,24939004.000000,398584.000000,0.015982
569,445,191,0.005672,0.005308,24889207.000000,402537.000000,0.016173
570,446,190,0.005771,0.005405,25185387.000000,405243.000000,0.016090
571,447,189,0.005761,0.005386,25204755.000000,402596.000000,0.015973
572,448,189,0.005973,0.005614,25526154.000000,412470.000000,0.016159
573,449,188,0.005751,0.005397,25229559.000000,410910.000000,0.016287
574,449,187,0.005764,0.005435,25337047.000000,408685.000000,0.016130
575,450,187,0.005752,0.005456,25307906.000000,412049.000000,0.016281
576,451,186,0.005751,0.005452,25306483.000000,411468.000000,0.016259
577,452,186,0.005797,0.005484,25492408.000000,409614.000000,0.016068
578,453,185,0.005828,0.005494,25618000.000000,416971.000000,0.016276
579,454,185,0.005900,0.005544,25823421.000000,417388.000000,0.016163
580,454,184,0.005921,0.005614,25872145.000000,415658.000000,0.016066
581,454,183,0.005926,0.005573,26043311.000000,421816.000000,0.016197
582,454,183,0.005986,0.005626,26296968.000000,421785.000000,0.016039
583,455,182,0.005947,0.005619,26046370.000000,418024.000000,0.016049
584,456,181,0.005993,0.005628,26301921.000000,424733.000000,0.016148
585,456,181,0.006023,0.005730,26376215.000000,422264.000000,0.016009
586,456,180,0.005961,0.005670,26337744.000000,423442.000000,0.016077
587,457,180,0.006054,0.005689,26593892.000000,427381.000000,0.016071
588,458,179,0.006188,0.005707,26600160.000000,423926.000000,0.015937
589,459,178,0.006295,0.005891,26872850.000000,428373.000000,0.015941
590,459,178,0.006064,0.005684,26745377.000000,423672.000000,0.015841
591,459,177,0.006131,0.005783,27117101.000000,425336.000000,0.015685
592,460,177,0.006135,0.005773,27079138.000000,429447.000000,0.015859
593,461,176,0.006218,0.005868,27442336.000000,434344.000000,0.015828
594,462,175,0.006170,0.005878,27290723.000000,429094.000000,0.015723
595,463,175,0.006237,0.005873,27510186.000000,433624.000000,0.015762
596,464,174,0.006302,0.005991,27815995.000000,435811.000000,0.015668
597,465,174,0.006223,0.005903,27570721.000000,435270.000000,0.015787
598,465,173,0.006255,0.005890,27708924.000000,435957.000000,0.015733
599,466,173,0.006311,0.005927,27811135.000000,435197.000000,0.015648
600,466,172,0.006573,0.006229,27871182.000000,442825.000000,0.015888
601,466,172,0.006361,0.005991,28062650.000000,443456.000000,0.015802
602,467,171,0.006535,0.006217,28330431.000000,440307.000000,0.015542
603,468,170,0.006458,0.006061,28315990.000000,442420.000000,0.015624
604,469,170,0.006730,0.006359,28882037.000000,450591.000000,0.015601
605,470,169,0.006501,0.006097,28563847.000000,447212.000000,0.015657
606,471,168,0.006526,0.006160,28757616.000000,451866.000000,0.015713
607,471,168,0.006550,0.006201,28864395.000000,450934.000000,0.015622
608,472,167,0.006620,0.006243,29150690.000000,457474.000000,0.015693
609,473,167,0.006536,0.006231,28803958.000000,449492.000000,0.015605
610,474,166,0.006574,0.006252,28889302.000000,457438.000000,0.015834
611,475,166,0.006576,0.006220,28976456.000000,457275.000000,0.015781
612,476,165,0.006561,0.006270,28977901.000000,452110.000000,0.015602
613,476,165,0.006653,0.006285,29309977.000000,457447.000000,0.015607
614,477,164,0.006615,0.006297,29214097.000000,455892.000000,0.015605
615,478,164,0.006719,0.006339,29531278.000000,460761.000000,0.015602
616,479,163,0.006721,0.006343,29666273.000000,463797.000000,0.015634
617,480,163,0.006703,0.006390,29686895.000000,461949.000000,0.015561
618,481,162,0.006784,0.006415,29911216.000000,465909.000000,0.015576
619,482,161,0.007062,0.006674,30314018.000000,467851.000000,0.015433
620,483,161,0.006894,0.006496,30318998.000000,468953.000000,0.015467
621,484,160,0.006951,0.006542,30259543.000000,469875.000000,0.015528
622,485,160,0.006997,0.006619,30606512.000000,471444.000000,0.015403
623,485,159,0.006974,0.006651,30629830.000000,475231.000000,0.015515
624,486,159,0.006944,0.006629,30495388.000000,468648.000000,0.015368
625,487,158,0.007021,0.006618,30756729.000000,475886.000000,0.015473
626,488,158,0.007305,0.006904,31273492.000000,478668.000000,0.015306
627,489,157,0.007019,0.006658,31050828.000000,480645.000000,0.015479
628,490,157,0.007089,0.006708,31382758.000000,482365.000000,0.015370
629,490,156,0.007096,0.006725,31460528.000000,479620.000000,0.015245
630,491,156,0.007144,0.006779,31643727.000000,485815.000000,0.015353
631,492,155,0.007095,0.006765,31436439.000000,479828.000000,0.015263
632,493,155,0.007149,0.006774,31700897.000000,484031.000000,0.015269
633,494,154,0.007309,0.006977,32151228.000000,486981.000000,0.015147
634,494,153,0.007492,0.007118,32304810.000000,494110.000000,0.015295
635,495,153,0.007281,0.006887,32266282.000000,489877.000000,0.015182
636,495,152,0.007326,0.006983,32522281.000000,489778.000000,0.015060
637,496,151,0.007313,0.006944,32451046.000000,492030.000000,0.015162
638,497,151,0.007288,0.006986,32350798.000000,488153.000000,0.015089
639,498,150,0.007304,0.006946,32413313.000000,493067.000000,0.015212
640,499,150,0.007323,0.007011,32386727.000000,488614.000000,0.015087
641,500,149,0.007377,0.007000,32666959.000000,494399.000000,0.015135
642,501,149,0.007315,0.007001,32534199.000000,495244.000000,0.015222
643,502,148,0.007359,0.006993,32705191.000000,492996.000000,0.015074
644,503,148,0.007339,0.007019,32640752.000000,496493.000000,0.015211
645,504,147,0.007373,0.007018,32812219.000000,495254.000000,0.015094
646,505,147,0.007377,0.007060,32782848.000000,498017.000000,0.015191
647,505,146,0.007599,0.007285,33066822.000000,501349.000000,0.015162
648,506,146,0.007460,0.007066,33088767.000000,501612.000000,0.015160
649,507,145,0.007415,0.007079,33027790.000000,496186.000000,0.015023
650,507,145,0.007508,0.007113,33342684.000000,502072.000000,0.015058
651,508,144,0.007513,0.007153,33414981.000000,505074.000000,0.015115
652,509,144,0.007517,0.007180,33421513.000000,502097.000000,0.015023
653,509,143,0.007652,0.007269,33939316.000000,512948.000000,0.015114
654,510,143,0.007563,0.007202,33663129.000000,505133.000000,0.015006
655,510,142,0.007543,0.007160,33528278.000000,506503.000000,0.015107
656,511,142,0.007595,0.007244,33769390.000000,506736.000000,0.015006
657,511,142,0.007611,0.007200,33759695.000000,510822.000000,0.015131
658,512,141,0.007591,0.007225,33817040.000000,507548.000000,0.015009
659,513,141,0.007679,0.007280,34066668.000000,515408.000000,0.015129
660,513,140,0.007855,0.007465,34340547.000000,515238.000000,0.015004
661,514,140,0.007763,0.007398,34498011.000000,521671.000000,0.015122
662,514,139,0.007752,0.007440,34461872.000000,515194.000000,0.014950
663,515,139,0.007759,0.007383,34558005.000000,519903.000000,0.015044
664,516,139,0.007818,0.007437,34747774.000000,522263.000000,0.015030
665,517,138,0.007820,0.007474,34874033.000000,519319.000000,0.014891
666,517,138,0.007829,0.007500,34877401.000000,523550.000000,0.015011
667,518,137,0.007900,0.007567,35130208.000000,525946.000000,0.014971
668,519,137,0.007977,0.007639,35220248.000000,530988.000000,0.015076
669,520,136,0.007941,0.007550,35410990.000000,524360.000000,0.014808
670,521,136,0.008030,0.007650,35810981.000000,533539.000000,0.014899
671,521,136,0.007897,0.007601,35363418.000000,525644.000000,0.014864
672,522,135,0.007966,0.007603,35623623.000000,531863.000000,0.014930
673,523,135,0.008155,0.007796,35947420.000000,533204.000000,0.014833
674,524,134,0.008110,0.007776,36120013.000000,540647.000000,0.014968
675,525,134,0.007992,0.007674,35787730.000000,532091.000000,0.014868
676,526,133,0.008144,0.007763,36260055.000000,538593.000000,0.014854
677,527,133,0.008166,0.007789,36366762.000000,535821.000000,0.014734
678,528,133,0.008083,0.007734,36069858.000000,537401.000000,0.014899
679,528,132,0.008101,0.007758,36153432.000000,537086.000000,0.014856
680,529,132,0.008141,0.007729,36275307.000000,539588.000000,0.014875
681,530,132,0.008165,0.007799,36390637.000000,539520.000000,0.014826
682,530,131,0.008148,0.007820,36408052.000000,543045.000000,0.014916
683,531,131,0.008231,0.007833,36705326.000000,543702.000000,0.014813
684,531,131,0.008246,0.007850,36796336.000000,547981.000000,0.014892
685,532,130,0.008451,0.008102,37000917.000000,551335.000000,0.014901
686,533,130,0.008417,0.008015,37219461.000000,553806.000000,0.014879
687,534,129,0.008364,0.007962,37271709.000000,550910.000000,0.014781
688,535,129,0.008797,0.008423,37566679.000000,560280.000000,0.014914
689,535,128,0.008767,0.008442,37365594.000000,555997.000000,0.014880
690,536,128,0.008413,0.008076,37292743.000000,554241.000000,0.014862
691,537,128,0.008483,0.008102,37585539.000000,553764.000000,0.014733
692,538,127,0.008439,0.008073,37491905.000000,557538.000000,0.014871
693,539,127,0.008460,0.008073,37670312.000000,556326.000000,0.014768
694,540,127,0.008442,0.008086,37674491.000000,558206.000000,0.014817
695,541,126,0.008739,0.008236,38383449.000000,574318.000000,0.014963
696,541,126,0.008530,0.008182,37916673.000000,560792.000000,0.014790
697,542,126,0.008848,0.008460,38314081.000000,567421.000000,0.014810
698,543,125,0.008682,0.008356,38129585.000000,571269.000000,0.014982
699,544,125,0.008668,0.008321,38248236.000000,568662.000000,0.014868
700,545,125,0.008739,0.008329,38575458.000000,576021.000000,0.014932
701,546,124,0.008772,0.008383,38799720.000000,576686.000000,0.014863
702,547,124,0.008814,0.008456,38979501.000000,585952.000000,0.015032
703,548,123,0.008945,0.008597,39331773.000000,586813.000000,0.014920
704,549,123,0.008984,0.008582,39567644.000000,591574.000000,0.014951
705,550,123,0.008989,0.008662,39761944.000000,591438.000000,0.014874
706,551,122,0.008994,0.008701,39734207.000000,591943.000000,0.014898
707,552,122,0.009058,0.008669,40023762.000000,598033.000000,0.014942
708,553,121,0.009415,0.009104,40304207.000000,602425.000000,0.014947
709,554,121,0.009228,0.008829,40682862.000000,605916.000000,0.014894
710,555,121,0.009171,0.008811,40653770.000000,603830.000000,0.014853
711,556,120,0.009257,0.008882,40840158.000000,609249.000000,0.014918
712,557,120,0.009170,0.008831,40825876.000000,603424.000000,0.014780
713,557,119,0.009268,0.008857,40930620.000000,609791.000000,0.014898
714,558,119,0.009280,0.008962,41079485.000000,604979.000000,0.014727
715,558,118,0.009312,0.008962,41161213.000000,611237.000000,0.014850
716,559,118,0.009366,0.009025,41347621.000000,609555.000000,0.014742
717,560,118,0.009261,0.008910,41000502.000000,605820.000000,0.014776
718,561,117,0.009254,0.008953,40945893.000000,608221.000000,0.014854
719,562,117,0.009418,0.009032,41239496.000000,610086.000000,0.014794
720,563,117,0.009317,0.008998,41228667.000000,604794.000000,0.014669
721,564,116,0.009434,0.009079,41579149.000000,605483.000000,0.014562
722,565,116,0.009445,0.009116,41801187.000000,612082.000000,0.014643
723,566,115,0.009430,0.009108,41732199.000000,606439.000000,0.014532
724,567,115,0.009420,0.009120,41644547.000000,609928.000000,0.014646
725,567,115,0.009461,0.009116,41926338.000000,613742.000000,0.014639
726,568,114,0.009504,0.009219,41994448.000000,611673.000000,0.014566
727,569,114,0.009494,0.009159,42023385.000000,614462.000000,0.014622
728,570,114,0.009495,0.009144,41991490.000000,611460.000000,0.014562
729,570,113,0.009491,0.009102,42282570.000000,617768.000000,0.014610
730,571,113,0.009831,0.009449,42865773.000000,617313.000000,0.014401
731,571,113,0.009667,0.009287,42533189.000000,613355.000000,0.014421
732,571,112,0.009713,0.009333,42777083.000000,623183.000000,0.014568
733,572,112,0.009688,0.009381,42754046.000000,618415.000000,0.014464
734,573,111,0.009774,0.009385,43121048.000000,627068.000000,0.014542
735,573,111,0.009839,0.009467,43332038.000000,630563.000000,0.014552
736,574,111,0.009748,0.009434,42848551.000000,628834.000000,0.014676
737,574,110,0.009731,0.009443,42825819.000000,626002.000000,0.014617
738,575,110,0.009680,0.009381,42747617.000000,623959.000000,0.014596
739,576,110,0.009744,0.009355,43073369.000000,629208.000000,0.014608
740,577,109,0.009888,0.009590,43097964.000000,627395.000000,0.014557
741,578,109,0.009791,0.009376,43338332.000000,631770.000000,0.014578
742,579,109,0.009862,0.009561,43688432.000000,634242.000000,0.014517
743,580,108,0.009934,0.009564,43969247.000000,636709.000000,0.014481
744,581,108,0.009956,0.009581,44044592.000000,641211.000000,0.014558
745,581,108,0.010099,0.009737,44509283.000000,642420.000000,0.014433
746,581,107,0.010059,0.009633,44384940.000000,644487.000000,0.014520
747,582,107,0.010098,0.009718,44658149.000000,642956.000000,0.014397
748,583,107,0.010119,0.009814,44773737.000000,645806.000000,0.014424
749,584,107,0.010085,0.009737,44661550.000000,648326.000000,0.014516
750,585,106,0.010239,0.009921,44720021.000000,647462.000000,0.014478
751,585,106,0.010215,0.009826,45133695.000000,652699.000000,0.014461
752,586,106,0.010204,0.009874,45196748.000000,649528.000000,0.014371
753,587,105,0.010222,0.009839,45250421.000000,651268.000000,0.014393
754,588,105,0.010235,0.009926,45227650.000000,656347.000000,0.014512
755,589,105,0.010248,0.009855,45383917.000000,653273.000000,0.014394
756,590,104,0.010414,0.010025,46017766.000000,659939.000000,0.014341
757,591,104,0.010326,0.009927,45654807.000000,659416.000000,0.014444
758,592,104,0.010384,0.010090,45893500.000000,656195.000000,0.014298
759,593,103,0.010480,0.010039,46111924.000000,661952.000000,0.014355
760,594,103,0.010482,0.010177,46018030.000000,660584.000000,0.014355
761,594,103,0.010441,0.010083,46188405.000000,661979.000000,0.014332
762,594,103,0.010422,0.010118,46178316.000000,664531.000000,0.014391
763,594,102,0.010516,0.010121,46404408.000000,665597.000000,0.014343
764,594,102,0.010419,0.010053,46265617.000000,662138.000000,0.014312
765,595,102,0.010614,0.010227,46699498.000000,671114.000000,0.014371
766,596,101,0.010527,0.010236,46700204.000000,667967.000000,0.014303
767,597,101,0.010683,0.010306,47146937.000000,676743.000000,0.014354
768,598,101,0.010624,0.010315,46975837.000000,672534.000000,0.014317
769,598,101,0.010742,0.010411,47152227.000000,672679.000000,0.014266
770,599,100,0.010666,0.010341,47081614.000000,677944.000000,0.014399
771,600,100,0.010666,0.010295,47223945.000000,676430.000000,0.014324
772,601,100,0.010684,0.010393,47337955.000000,676738.000000,0.014296
773,602,100,0.010689,0.010301,47414569.000000,681646.000000,0.014376
774,602,99,0.010814,0.010493,47955754.000000,684430.000000,0.014272
775,603,99,0.010774,0.010420,47777218.000000,682026.000000,0.014275
776,604,99,0.010875,0.010475,48259008.000000,691373.000000,0.014326
777,605,99,0.010829,0.010492,48115929.000000,686662.000000,0.014271
778,606,98,0.011085,0.010724,48376407.000000,695197.000000,0.014371
779,606,98,0.010928,0.010614,48312993.000000,689162.000000,0.014265
780,607,98,0.010934,0.010563,48484537.000000,692801.000000,0.014289
781,608,98,0.011047,0.010659,48742561.000000,698786.000000,0.014336
782,608,97,0.010952,0.010648,48440010.000000,691471.000000,0.014275
783,608,97,0.011016,0.010586,48782290.000000,692066.000000,0.014187
784,609,97,0.011104,0.010781,49051508.000000,699594.000000,0.014262
785,610,97,0.011077,0.010667,49117915.000000,695647.000000,0.014163
786,610,96,0.011124,0.010762,49300933.000000,698952.000000,0.014177
787,610,96,0.011354,0.010977,49758323.000000,709298.000000,0.014255
788,611,96,0.010971,0.010661,49222439.000000,692185.000000,0.014062
789,612,96,0.011072,0.010705,49632827.000000,695653.000000,0.014016
790,613,95,0.011111,0.010769,49869683.000000,702131.000000,0.014079
791,613,95,0.011192,0.010799,50222718.000000,700755.000000,0.013953
792,614,95,0.011277,0.010897,50662594.000000,706655.000000,0.013948
793,615,95,0.011302,0.010899,50604377.000000,711363.000000,0.014057
794,616,94,0.011244,0.010879,50484715.000000,705140.000000,0.013967
795,617,94,0.011401,0.010914,50878136.000000,720466.000000,0.014161
796,618,94,0.011554,0.011247,50778086.000000,712703.000000,0.014036
797,619,94,0.011558,0.011156,51259539.000000,725616.000000,0.014156
798,620,93,0.011468,0.011165,50995259.000000,721283.000000,0.014144
799,621,93,0.011587,0.011202,51361882.000000,723282.000000,0.014082
800,622,93,0.011538,0.011185,51232055.000000,728482.000000,0.014219
801,622,93,0.011494,0.011178,51332544.000000,723295.000000,0.014090
802,623,92,0.011556,0.011242,51245952.000000,725226.000000,0.014152
803,624,92,0.011674,0.011283,51752021.000000,731049.000000,0.014126
804,625,92,0.011770,0.011404,52171212.000000,732867.000000,0.014047
805,625,92,0.011857,0.011493,52222580.000000,736948.000000,0.014112
806,626,91,0.011754,0.011340,52123112.000000,738765.000000,0.014173
807,627,91,0.011820,0.011448,52519925.000000,738646.000000,0.014064
808,628,91,0.011741,0.011437,52281906.000000,737405.000000,0.014104
809,629,91,0.011790,0.011414,52550789.000000,735979.000000,0.014005
810,630,91,0.011773,0.011389,52513538.000000,740605.000000,0.014103
811,630,90,0.011753,0.011370,52587030.000000,734544.000000,0.013968
812,631,90,0.011752,0.011377,52498050.000000,736755.000000,0.014034
813,631,90,0.011893,0.011546,52623038.000000,741908.000000,0.014099
814,632,90,0.011968,0.011618,53003973.000000,744445.000000,0.014045
815,633,89,0.011918,0.011578,52956135.000000,743774.000000,0.014045
816,634,89,0.011982,0.011654,53313232.000000,749146.000000,0.014052
817,635,89,0.012016,0.011676,53474564.000000,759018.000000,0.014194
818,635,89,0.011941,0.011568,53268915.000000,746943.000000,0.014022
819,635,89,0.011979,0.011604,53559627.000000,752287.000000,0.014046
820,636,88,0.011959,0.011640,53311155.000000,752742.000000,0.014120
821,637,88,0.012042,0.011644,53567654.000000,749915.000000,0.013999
822,638,88,0.012241,0.011864,53910462.000000,760179.000000,0.014101
823,639,88,0.012062,0.011639,53683776.000000,757587.000000,0.014112
824,640,87,0.012192,0.011784,54203052.000000,764838.000000,0.014111
825,641,87,0.012201,0.011848,54314897.000000,766339.000000,0.014109
826,642,87,0.012299,0.011949,54639040.000000,768424.000000,0.014064
827,643,87,0.012217,0.011859,54521589.000000,770139.000000,0.014125
828,643,87,0.012429,0.011988,55004876.000000,775183.000000,0.014093
829,644,86,0.012293,0.011930,54924149.000000,768620.000000,0.013994
830,645,86,0.012508,0.012162,55231080.000000,773625.000000,0.014007
831,646,86,0.012494,0.012145,55405881.000000,775885.000000,0.014004
832,647,86,0.012383,0.012055,55282470.000000,775243.000000,0.014023
833,648,86,0.012397,0.012056,55420565.000000,772218.000000,0.013934
834,649,85,0.012310,0.012004,55185829.000000,769573.000000,0.013945
835,650,85,0.012432,0.012040,55540204.000000,775577.000000,0.013964
836,651,85,0.012576,0.012187,56219133.000000,783825.000000,0.013942
837,652,85,0.012458,0.012105,55760582.000000,778467.000000,0.013961
838,653,85,0.012730,0.012409,56215238.000000,786485.000000,0.013991
839,654,84,0.012768,0.012404,56575848.000000,789886.000000,0.013962
840,654,84,0.012871,0.012431,57086484.000000,799859.000000,0.014011
841,655,84,0.012908,0.012515,57270340.000000,800562.000000,0.013979
842,656,84,0.012818,0.012435,57109683.000000,792144.000000,0.013871
843,656,83,0.012774,0.012363,57061736.000000,792974.000000,0.013897
844,657,83,0.012708,0.012385,56758111.000000,793101.000000,0.013973
845,658,83,0.012741,0.012318,56818447.000000,794330.000000,0.013980
846,659,83,0.013080,0.012764,57500169.000000,801191.000000,0.013934
847,660,83,0.013049,0.012635,57802534.000000,801221.000000,0.013861
848,661,82,0.012986,0.012576,57831178.000000,807698.000000,0.013966
849,662,82,0.013038,0.012634,57899079.000000,804558.000000,0.013896
850,663,82,0.012979,0.012579,57878364.000000,806995.000000,0.013943
851,664,82,0.013012,0.012610,57922463.000000,806273.000000,0.013920
852,665,82,0.013104,0.012706,58364881.000000,808915.000000,0.013860
853,666,81,0.013160,0.012742,58340213.000000,814508.000000,0.013961
854,667,81,0.013272,0.012832,58767668.000000,811618.000000,0.013811
855,667,81,0.013156,0.012813,58603271.000000,809112.000000,0.013807
856,668,81,0.013171,0.012827,58738833.000000,808385.000000,0.013762
857,669,81,0.013061,0.012716,58443199.000000,803535.000000,0.013749
858,670,80,0.013141,0.012814,58815873.000000,811765.000000,0.013802
859,671,80,0.013249,0.012851,59252229.000000,811169.000000,0.013690
860,671,80,0.013381,0.012983,59559410.000000,820507.000000,0.013776
861,672,80,0.013481,0.013131,59772545.000000,820655.000000,0.013730
862,673,80,0.013476,0.013162,60111483.000000,824341.000000,0.013714
863,674,79,0.013635,0.013191,60536707.000000,834464.000000,0.013784
864,674,79,0.013428,0.013117,60160545.000000,825609.000000,0.013723
865,674,79,0.013385,0.013035,59927155.000000,822559.000000,0.013726
866,675,79,0.013437,0.013111,59930368.000000,826980.000000,0.013799
867,676,79,0.013595,0.013190,60601270.000000,832876.000000,0.013744
868,677,78,0.013733,0.013298,60829693.000000,837332.000000,0.013765
869,678,78,0.013616,0.013208,60689211.000000,835329.000000,0.013764
870,679,78,0.013610,0.013297,60795201.000000,830201.000000,0.013656
871,679,78,0.013515,0.013209,60594899.000000,827291.000000,0.013653
872,680,78,0.013576,0.013191,60749184.000000,829180.000000,0.013649
873,681,78,0.013542,0.013194,60824986.000000,835283.000000,0.013733
874,682,77,0.013983,0.013593,61524553.000000,840120.000000,0.013655
875,683,77,0.013995,0.013512,61842549.000000,855750.000000,0.013838
876,684,77,0.013979,0.013617,61729160.000000,845243.000000,0.013693
877,685,77,0.013822,0.013461,61798400.000000,845220.000000,0.013677
878,686,77,0.013759,0.013381,61763517.000000,841974.000000,0.013632
879,687,76,0.013810,0.013404,61841569.000000,843886.000000,0.013646
880,688,76,0.013976,0.013573,62369714.000000,848715.000000,0.013608
881,689,76,0.013921,0.013543,62441490.000000,851209.000000,0.013632
882,690,76,0.013886,0.013491,62260976.000000,848413.000000,0.013627
883,690,76,0.014134,0.013794,62664127.000000,858172.000000,0.013695
884,690,75,0.014089,0.013731,62765503.000000,859515.000000,0.013694
885,691,75,0.014282,0.013837,63457599.000000,869039.000000,0.013695
886,692,75,0.014331,0.013923,63763410.000000,870190.000000,0.013647
887,693,75,0.014113,0.013714,63086406.000000,863343.000000,0.013685
888,693,75,0.014289,0.013872,63649698.000000,867349.000000,0.013627
889,694,75,0.014283,0.013916,63802587.000000,874122.000000,0.013700
890,695,74,0.014332,0.014009,63272234.000000,867633.000000,0.013713
891,696,74,0.014305,0.013856,63773296.000000,867209.000000,0.013598
892,697,74,0.014222,0.013875,63957390.000000,871657.000000,0.013629
893,697,74,0.014252,0.013875,64063825.000000,869138.000000,0.013567
894,698,74,0.014369,0.013916,64367404.000000,875695.000000,0.013605
895,699,73,0.014491,0.014107,64882852.000000,878720.000000,0.013543
896,700,73,0.014684,0.014309,65374238.000000,888751.000000,0.013595
897,700,73,0.014918,0.014586,65255960.000000,891592.000000,0.013663
898,700,73,0.014424,0.014045,64580001.000000,882326.000000,0.013663
899,700,73,0.014415,0.014031,64749724.000000,880274.000000,0.013595
900,701,73,0.014408,0.014031,65057736.000000,887539.000000,0.013642
901,702,73,0.014441,0.014088,65202314.000000,889120.000000,0.013636
902,702,72,0.014494,0.014105,65249711.000000,892592.000000,0.013680
903,703,72,0.014723,0.014316,65901100.000000,895803.000000,0.013593
904,704,72,0.015083,0.014710,66269923.000000,904547.000000,0.013649
905,705,72,0.014837,0.014388,66085316.000000,893587.000000,0.013522
906,706,72,0.014627,0.014303,66031324.000000,894774.000000,0.013551
907,707,72,0.014728,0.014308,66388997.000000,897273.000000,0.013515
908,708,71,0.014745,0.014365,66587159.000000,903650.000000,0.013571
909,709,71,0.014813,0.014385,66735365.000000,898066.000000,0.013457
910,710,71,0.014820,0.014499,66781231.000000,900166.000000,0.013479
911,711,71,0.015183,0.014774,67202361.000000,908654.000000,0.013521
912,712,71,0.015122,0.014669,68003041.000000,911500.000000,0.013404
913,713,71,0.015197,0.014818,68297889.000000,916077.000000,0.013413
914,714,70,0.015245,0.014864,68584135.000000,920328.000000,0.013419
915,715,70,0.015255,0.014902,68811475.000000,919723.000000,0.013366
916,715,70,0.015057,0.014750,68238648.000000,918170.000000,0.013455
917,716,70,0.015343,0.014963,68708893.000000,923966.000000,0.013448
918,717,70,0.015696,0.015266,69786570.000000,932215.000000,0.013358
919,717,69,0.015333,0.014908,69240038.000000,930944.000000,0.013445
920,718,69,0.015223,0.014893,68902356.000000,923872.000000,0.013408
921,719,69,0.015263,0.014840,69030115.000000,924657.000000,0.013395
922,720,69,0.015275,0.014964,69148676.000000,928256.000000,0.013424
923,721,69,0.015387,0.015017,69439748.000000,931514.000000,0.013415
924,722,69,0.016137,0.015760,70920088.000000,944387.000000,0.013316
925,723,68,0.015507,0.015163,69898329.000000,931910.000000,0.013332
926,724,68,0.015581,0.015213,70232131.000000,936401.000000,0.013333
927,725,68,0.015516,0.015087,70056746.000000,937304.000000,0.013379
928,726,68,0.015465,0.015068,70115227.000000,935036.000000,0.013336
929,727,68,0.015569,0.015153,70513849.000000,939670.000000,0.013326
930,728,68,0.015922,0.015598,70784052.000000,946249.000000,0.013368
931,729,68,0.015703,0.015285,70879821.000000,942262.000000,0.013294
932,730,67,0.016223,0.015868,70985308.000000,946750.000000,0.013337
933,730,67,0.016061,0.015687,71361790.000000,948193.000000,0.013287
934,731,67,0.015912,0.015577,71188966.000000,950626.000000,0.013354
935,731,67,0.015943,0.015511,71963544.000000,955702.000000,0.013280
936,732,67,0.016144,0.015771,72286058.000000,959925.000000,0.013280
937,733,67,0.015855,0.015454,71698859.000000,954690.000000,0.013315
938,734,66,0.015833,0.015462,71745291.000000,955004.000000,0.013311
939,735,66,0.016112,0.015721,72341096.000000,964018.000000,0.013326
940,736,66,0.016085,0.015670,72613513.000000,963901.000000,0.013274
941,737,66,0.016125,0.015742,72835490.000000,963410.000000,0.013227
942,738,66,0.016069,0.015637,72579266.000000,973710.000000,0.013416
943,739,66,0.016497,0.016154,73398901.000000,972574.000000,0.013251
944,740,65,0.015973,0.015599,72469896.000000,961241.000000,0.013264
945,741,65,0.016331,0.015951,73405763.000000,975265.000000,0.013286
946,742,65,0.016377,0.015939,73855590.000000,976650.000000,0.013224
947,743,65,0.016407,0.015957,74097602.000000,974837.000000,0.013156
948,744,65,0.016420,0.016100,74230758.000000,979488.000000,0.013195
949,745,65,0.016694,0.016267,74777960.000000,984957.000000,0.013172
950,746,64,0.016283,0.015967,73913156.000000,977601.000000,0.013226
951,747,64,0.016342,0.015937,74177082.000000,978115.000000,0.013186
952,747,64,0.016605,0.016268,75081401.000000,985698.000000,0.013128
953,748,64,0.016639,0.016248,75256912.000000,990023.000000,0.013155
954,749,64,0.016630,0.016318,75229564.000000,988321.000000,0.013137
955,749,64,0.016978,0.016657,75389142.000000,993756.000000,0.013182
956,750,64,0.016465,0.016137,74714100.000000,985730.000000,0.013193
957,751,63,0.016554,0.016178,75093809.000000,989015.000000,0.013170
958,752,63,0.016690,0.016278,75570202.000000,994676.000000,0.013162
959,753,63,0.016822,0.016421,76019917.000000,1000456.000000,0.013160
960,754,63,0.017012,0.016659,76709769.000000,1004649.000000,0.013097
961,754,63,0.016917,0.016583,75900898.000000,996075.000000,0.013123
962,755,63,0.016669,0.016349,75713492.000000,992445.000000,0.013108
963,756,63,0.016856,0.016455,76208642.000000,1002391.000000,0.013153
964,757,62,0.016882,0.016492,76665000.000000,1006219.000000,0.013125
965,757,62,0.016843,0.016429,76504590.000000,999334.000000,0.013062
966,758,62,0.016938,0.016521,76848348.000000,1007581.000000,0.013111
967,759,62,0.017136,0.016708,76803666.000000,1009377.000000,0.013142
968,760,62,0.016913,0.016590,76616593.000000,1010106.000000,0.013184
969,761,62,0.016925,0.016527,76846624.000000,1009683.000000,0.013139
970,762,62,0.017097,0.016706,77592399.000000,1014957.000000,0.013081
971,763,61,0.017193,0.016757,77807462.000000,1014524.000000,0.013039
972,764,61,0.017155,0.016833,77517944.000000,1016782.000000,0.013117
973,765,61,0.017399,0.016950,78045837.000000,1021259.000000,0.013085
974,766,61,0.017325,0.017005,78395302.000000,1023041.000000,0.013050
975,767,61,0.017428,0.016999,78677164.000000,1027075.000000,0.013054
976,767,61,0.017429,0.016959,78718435.000000,1030054.000000,0.013085
977,767,61,0.017623,0.017239,79506553.000000,1037393.000000,0.013048
978,768,60,0.017707,0.017378,79540698.000000,1037511.000000,0.013044
979,768,60,0.017544,0.017219,79362469.000000,1034384.000000,0.013034
980,769,60,0.017644,0.017318,79547040.000000,1041114.000000,0.013088
981,769,60,0.017574,0.017251,79294110.000000,1032137.000000,0.013017
982,770,60,0.017638,0.017188,79596237.000000,1041001.000000,0.013079
983,771,60,0.017646,0.017262,79750294.000000,1039373.000000,0.013033
984,771,60,0.017597,0.017257,79196676.000000,1038528.000000,0.013113
985,771,60,0.017459,0.017126,79072151.000000,1036159.000000,0.013104
986,772,59,0.017612,0.017293,79518264.000000,1042415.000000,0.013109
