frame,nb of entities,FPS,frame length,physics length,L1-dcache-loads,L1-dcache-load-misses,L1-dcache-load-miss-ratio
0,3,303,0.001328,0.000375,489801.000000,34346.000000,0.070122
1,4,303,0.003330,0.000028,581993.000000,35158.000000,0.060410
2,5,303,0.003317,0.000045,580387.000000,35874.000000,0.061810
3,6,303,0.003321,0.000035,567052.000000,34614.000000,0.061042
4,7,303,0.003325,0.000033,580587.000000,34684.000000,0.059740
5,8,303,0.003320,0.000032,545710.000000,30590.000000,0.056055
6,9,303,0.003327,0.000033,569690.000000,34524.000000,0.060601
7,10,303,0.003326,0.000037,588867.000000,34905.000000,0.059275
8,11,303,0.003321,0.000034,582463.000000,34673.000000,0.059528
9,12,303,0.003324,0.000046,611652.000000,35808.000000,0.058543
10,13,303,0.003325,0.000038,581133.000000,31570.000000,0.054325
11,14,303,0.003322,0.000038,625937.000000,36321.000000,0.058027
12,15,303,0.003325,0.000038,599091.000000,34692.000000,0.057908
13,16,303,0.003324,0.000045,626864.000000,35676.000000,0.056912
14,17,303,0.003318,0.000041,617365.000000,34761.000000,0.056305
15,18,303,0.003331,0.000042,566648.000000,31107.000000,0.054897
16,19,303,0.003319,0.000047,625695.000000,35691.000000,0.057042
17,20,303,0.003321,0.000042,616727.000000,34856.000000,0.056518
18,20,303,0.003323,0.000036,607020.000000,34373.000000,0.056626
19,21,303,0.003328,0.000043,619890.000000,35257.000000,0.056876
20,22,303,0.003320,0.000042,586497.000000,31188.000000,0.053177
21,23,303,0.003326,0.000043,627507.000000,34871.000000,0.055571
22,24,303,0.003328,0.000045,617075.000000,35292.000000,0.057192
23,25,303,0.003321,0.000064,610540.000000,35607.000000,0.058321
24,26,303,0.003322,0.000047,634743.000000,35019.000000,0.055170
25,27,303,0.003327,0.000049,618203.000000,31670.000000,0.051229
26,27,303,0.003322,0.000039,618939.000000,34916.000000,0.056413
27,28,303,0.003322,0.000050,649509.000000,35139.000000,0.054101
28,29,303,0.003328,0.000046,644017.000000,36078.000000,0.056020
29,30,303,0.003321,0.000054,661591.000000,35808.000000,0.054124
30,31,303,0.003322,0.000052,621133.000000,31643.000000,0.050944
31,32,303,0.003329,0.000055,657001.000000,35652.000000,0.054265
32,33,303,0.003316,0.000092,663218.000000,38997.000000,0.058800
33,34,303,0.003327,0.000059,644050.000000,35622.000000,0.055309
34,35,303,0.003322,0.000064,657812.000000,35778.000000,0.054389
35,36,303,0.003323,0.000102,702084.000000,36739.000000,0.052328
36,37,303,0.003315,0.000095,725238.000000,40550.000000,0.055913
37,37,303,0.003327,0.000068,718449.000000,38496.000000,0.053582
38,37,303,0.003321,0.000112,716061.000000,43621.000000,0.060918
39,38,303,0.003323,0.000074,713199.000000,38141.000000,0.053479
40,39,303,0.003327,0.000074,702706.000000,35489.000000,0.050503
41,40,303,0.003319,0.000077,732107.000000,38181.000000,0.052152
42,41,303,0.003326,0.000075,728878.000000,37880.000000,0.051970
43,42,303,0.003325,0.000080,743356.000000,38944.000000,0.052389
44,43,303,0.003322,0.000080,746709.000000,38641.000000,0.051748
45,44,303,0.003324,0.000083,713986.000000,35020.000000,0.049049
46,45,303,0.003325,0.000090,759197.000000,39295.000000,0.051759
47,46,303,0.003318,0.000086,761887.000000,38515.000000,0.050552
48,46,303,0.003325,0.000079,747637.000000,38141.000000,0.051015
49,47,303,0.003325,0.000085,765956.000000,38900.000000,0.050786
50,48,303,0.003320,0.000085,752641.000000,34805.000000,0.046244
51,49,303,0.003324,0.000079,775753.000000,38775.000000,0.049984
52,49,303,0.003325,0.000083,782600.000000,39062.000000,0.049913
53,50,303,0.003323,0.000079,790227.000000,39243.000000,0.049660
54,51,303,0.003323,0.000088,795018.000000,38750.000000,0.048741
55,52,303,0.003329,0.000082,755635.000000,35243.000000,0.046640
56,53,303,0.003320,0.000092,809329.000000,40318.000000,0.049817
57,53,303,0.003322,0.000086,774645.000000,38434.000000,0.049615
58,54,303,0.003333,0.000092,796361.000000,39702.000000,0.049854
59,54,303,0.003312,0.000091,800776.000000,39604.000000,0.049457
60,55,300,0.003329,0.000086,783825.000000,36088.000000,0.046041
61,55,300,0.003318,0.000124,839245.000000,44280.000000,0.052762
62,56,300,0.003320,0.000100,816827.000000,39423.000000,0.048264
63,57,300,0.003325,0.000135,816514.000000,43977.000000,0.053859
64,58,300,0.003327,0.000110,813157.000000,40541.000000,0.049856
65,59,300,0.003316,0.000114,782401.000000,36203.000000,0.046272
66,59,300,0.003327,0.000107,809092.000000,39437.000000,0.048742
67,60,300,0.003324,0.000117,838538.000000,44266.000000,0.052789
68,61,300,0.003324,0.000114,825224.000000,40770.000000,0.049405
69,62,300,0.003317,0.000118,861784.000000,41603.000000,0.048275
70,63,300,0.003323,0.000168,865140.000000,48341.000000,0.055877
71,64,300,0.003321,0.000100,870466.000000,40402.000000,0.046414
72,64,300,0.003324,0.000104,848250.000000,39708.000000,0.046812
73,65,300,0.003325,0.000111,880929.000000,40632.000000,0.046124
74,66,300,0.003322,0.000098,876587.000000,40122.000000,0.045771
75,67,300,0.003325,0.000112,850339.000000,36608.000000,0.043051
76,68,300,0.003327,0.000125,897051.000000,41490.000000,0.046252
77,69,300,0.003321,0.000104,903366.000000,40717.000000,0.045073
78,70,300,0.003325,0.000116,882286.000000,40711.000000,0.046143
79,71,300,0.003326,0.000116,902670.000000,41424.000000,0.045891
80,71,300,0.003325,0.000100,845979.000000,36791.000000,0.043489
81,72,300,0.003324,0.000117,877454.000000,40880.000000,0.046589
82,73,300,0.003320,0.000181,960921.000000,53006.000000,0.055162
83,73,300,0.003321,0.000106,907239.000000,40971.000000,0.045160
84,74,300,0.003319,0.000139,941914.000000,42327.000000,0.044937
85,74,300,0.003326,0.000134,889978.000000,38134.000000,0.042848
86,75,300,0.003324,0.000141,934338.000000,42083.000000,0.045040
87,75,300,0.003320,0.000139,917776.000000,41485.000000,0.045202
88,76,300,0.003326,0.000143,940578.000000,43288.000000,0.046023
89,77,300,0.003322,0.000146,933555.000000,40732.000000,0.043631
90,78,300,0.003325,0.000145,916396.000000,37416.000000,0.040830
91,79,300,0.003329,0.000150,953352.000000,41424.000000,0.043451
92,79,300,0.003318,0.000146,937992.000000,40310.000000,0.042975
93,80,300,0.003325,0.000151,942191.000000,40666.000000,0.043161
94,81,300,0.003329,0.000150,966566.000000,41868.000000,0.043316
95,82,300,0.003320,0.000161,951736.000000,37529.000000,0.039432
96,82,300,0.003325,0.000154,986450.000000,41723.000000,0.042296
97,82,300,0.003325,0.000163,1013284.000000,43013.000000,0.042449
98,83,300,0.003316,0.000165,1043602.000000,42647.000000,0.040865
99,84,300,0.003323,0.000137,1039911.000000,42674.000000,0.041036
100,84,300,0.003329,0.000147,973561.000000,39184.000000,0.040248
101,85,300,0.003317,0.000170,1024152.000000,41658.000000,0.040676
102,86,300,0.003325,0.000151,1047892.000000,41601.000000,0.039700
103,87,300,0.003328,0.000156,1029496.000000,42191.000000,0.040982
104,88,300,0.003321,0.000173,1048411.000000,42482.000000,0.040520
105,89,300,0.003326,0.000162,1038542.000000,39158.000000,0.037705
106,89,300,0.003327,0.000140,1048077.000000,42974.000000,0.041003
107,90,300,0.003320,0.000179,1055432.000000,42637.000000,0.040398
108,91,300,0.003325,0.000161,1083784.000000,43072.000000,0.039742
109,92,300,0.003330,0.000167,1071215.000000,43538.000000,0.040644
110,93,300,0.003320,0.000185,1075649.000000,39497.000000,0.036719
111,93,300,0.003322,0.000167,1094021.000000,42791.000000,0.039114
112,94,300,0.003329,0.000172,1126439.000000,43645.000000,0.038746
113,95,300,0.003320,0.000194,1141797.000000,44061.000000,0.038589
114,96,300,0.003326,0.000184,1169432.000000,44012.000000,0.037635
115,97,300,0.003330,0.000185,1124530.000000,40026.000000,0.035594
116,97,300,0.003317,0.000205,1156648.000000,43086.000000,0.037251
117,98,300,0.003326,0.000189,1168985.000000,44158.000000,0.037775
118,99,300,0.003329,0.000189,1211325.000000,45761.000000,0.037778
119,100,300,0.003319,0.000214,1208801.000000,44459.000000,0.036779
120,101,300,0.003328,0.000198,1199713.000000,40708.000000,0.033931
121,102,300,0.003325,0.000212,1272210.000000,46059.000000,0.036204
122,103,300,0.003319,0.000186,1296889.000000,45957.000000,0.035436
123,104,300,0.003324,0.000217,1316914.000000,47129.000000,0.035787
124,105,300,0.003328,0.000220,1342781.000000,46335.000000,0.034507
125,106,300,0.003319,0.000206,1316259.000000,42676.000000,0.032422
126,107,300,0.003325,0.000229,1339944.000000,47103.000000,0.035153
127,107,300,0.003328,0.000226,1359436.000000,47022.000000,0.034589
128,108,300,0.003320,0.000210,1386305.000000,47267.000000,0.034096
129,109,300,0.003323,0.000241,1391547.000000,47611.000000,0.034214
130,109,300,0.003330,0.000242,1355648.000000,43659.000000,0.032205
131,110,300,0.003318,0.000220,1418638.000000,47891.000000,0.033758
132,111,300,0.003325,0.000252,1456375.000000,48129.000000,0.033047
133,111,300,0.003328,0.000252,1463671.000000,48478.000000,0.033121
134,111,300,0.003321,0.000229,1478940.000000,47781.000000,0.032308
135,112,300,0.003324,0.000270,1466697.000000,45969.000000,0.031342
136,113,300,0.003328,0.000240,1534705.000000,50000.000000,0.032580
137,114,300,0.003320,0.000248,1515636.000000,49264.000000,0.032504
138,114,300,0.003324,0.000269,1537685.000000,49182.000000,0.031984
139,115,300,0.003328,0.000287,1582069.000000,51362.000000,0.032465
140,116,300,0.003320,0.000266,1600301.000000,48924.000000,0.030572
141,117,300,0.003325,0.000322,1635136.000000,54188.000000,0.033140
142,118,300,0.003328,0.000303,1698842.000000,55718.000000,0.032798
143,119,300,0.003321,0.000282,1651944.000000,53649.000000,0.032476
144,120,300,0.003324,0.000328,1692467.000000,55014.000000,0.032505
145,120,300,0.003328,0.000312,1651495.000000,50485.000000,0.030569
146,121,300,0.003320,0.000294,1751526.000000,55988.000000,0.031965
147,121,300,0.003324,0.000335,1716047.000000,55111.000000,0.032115
148,122,300,0.003327,0.000329,1769760.000000,55950.000000,0.031614
149,123,300,0.003320,0.000310,1789765.000000,55710.000000,0.031127
150,124,300,0.003330,0.000351,1684541.000000,53168.000000,0.031562
151,124,300,0.003322,0.000624,1909171.000000,84048.000000,0.044023
152,125,300,0.003324,0.000454,1941884.000000,76236.000000,0.039259
153,126,300,0.003318,0.000418,1874325.000000,58194.000000,0.031048
154,127,300,0.003334,0.000418,1869120.000000,59855.000000,0.032023
155,128,300,0.003311,0.000412,1913278.000000,60192.000000,0.031460
156,128,300,0.003323,0.000437,1900513.000000,60438.000000,0.031801
157,129,300,0.003323,0.000445,1989587.000000,62213.000000,0.031269
158,130,300,0.003322,0.000351,2015189.000000,60169.000000,0.029858
159,131,300,0.003322,0.000463,2005481.000000,60166.000000,0.030001
160,132,300,0.003328,0.000450,2009691.000000,55560.000000,0.027646
161,132,300,0.003319,0.000376,2051973.000000,59953.000000,0.029217
162,133,300,0.003323,0.000489,2141953.000000,63011.000000,0.029418
163,134,300,0.003329,0.000492,2187986.000000,62802.000000,0.028703
164,135,300,0.003318,0.000436,2256954.000000,63800.000000,0.028268
165,136,300,0.003323,0.000526,2241664.000000,59776.000000,0.026666
166,136,300,0.003330,0.000435,2272547.000000,67106.000000,0.029529
167,137,300,0.003321,0.000447,2264652.000000,63311.000000,0.027956
168,138,300,0.003318,0.000532,2281260.000000,65697.000000,0.028799
169,139,300,0.003327,0.000516,2265758.000000,64307.000000,0.028382
170,140,300,0.003321,0.000515,2258636.000000,59211.000000,0.026215
171,140,300,0.003325,0.000598,2333883.000000,67071.000000,0.028738
172,141,300,0.003325,0.000531,2387087.000000,66083.000000,0.027684
173,142,300,0.003321,0.000496,2493679.000000,67526.000000,0.027079
174,142,300,0.003324,0.000576,2449712.000000,66184.000000,0.027017
175,143,300,0.003327,0.000576,2440906.000000,62737.000000,0.025702
176,144,300,0.003322,0.000506,2515603.000000,67828.000000,0.026963
177,145,300,0.003325,0.000602,2580424.000000,69041.000000,0.026756
178,146,300,0.003327,0.000593,2594978.000000,70022.000000,0.026984
179,147,300,0.003321,0.000547,2635546.000000,70050.000000,0.026579
180,147,300,0.003325,0.000629,2654476.000000,66460.000000,0.025037
181,148,300,0.003327,0.000632,2771201.000000,71424.000000,0.025774
182,149,300,0.003332,0.000556,2726290.000000,70436.000000,0.025836
183,150,300,0.003361,0.000828,2996444.000000,95853.000000,0.031989
184,151,300,0.003361,0.000775,2956332.000000,94083.000000,0.031824
185,151,300,0.003359,0.000851,2923818.000000,94591.000000,0.032352
186,152,300,0.003323,0.000882,3052022.000000,101480.000000,0.033250
187,153,300,0.003371,0.000907,3126869.000000,102143.000000,0.032666
188,154,300,0.003320,0.000886,3113505.000000,101302.000000,0.032536
189,154,300,0.003319,0.000712,2950360.000000,75968.000000,0.025749
190,155,300,0.003328,0.000661,2988139.000000,71541.000000,0.023942
191,156,300,0.003316,0.000607,2993872.000000,74598.000000,0.024917
192,157,300,0.003325,0.000727,3040133.000000,75464.000000,0.024823
193,158,300,0.003326,0.000676,3022624.000000,75926.000000,0.025119
194,159,300,0.003321,0.000735,3070999.000000,75198.000000,0.024486
195,160,300,0.003325,0.000756,3106353.000000,73262.000000,0.023585
196,160,300,0.003326,0.000634,3117534.000000,78881.000000,0.025302
197,161,300,0.003321,0.000759,3117159.000000,77330.000000,0.024808
198,162,300,0.003324,0.000819,3232381.000000,81296.000000,0.025151
199,163,300,0.003327,0.000729,3205840.000000,79031.000000,0.024652
200,164,300,0.003322,0.000790,3201448.000000,75432.000000,0.023562
201,165,300,0.003325,0.000854,3270917.000000,83315.000000,0.025471
202,166,300,0.003331,0.000740,3278117.000000,79836.000000,0.024354
203,167,300,0.003314,0.000689,3347023.000000,82779.000000,0.024732
204,168,300,0.003326,0.000874,3364749.000000,83740.000000,0.024887
205,169,300,0.003327,0.000780,3338370.000000,76637.000000,0.022956
206,169,300,0.003321,0.000708,3367812.000000,81715.000000,0.024264
207,170,300,0.003323,0.000891,3390144.000000,84701.000000,0.024984
208,171,300,0.003326,0.000780,3475786.000000,83036.000000,0.023890
209,172,300,0.003320,0.000747,3498206.000000,84524.000000,0.024162
210,172,300,0.003323,0.000898,3515515.000000,79927.000000,0.022736
211,172,300,0.003326,0.000817,3547074.000000,84817.000000,0.023912
212,173,300,0.003321,0.000750,3593674.000000,84452.000000,0.023500
213,174,300,0.003323,0.000917,3633833.000000,85135.000000,0.023428
214,175,300,0.003326,0.000870,3722353.000000,87326.000000,0.023460
215,176,300,0.003320,0.000740,3686388.000000,82552.000000,0.022394
216,176,300,0.003325,0.000730,3674663.000000,86650.000000,0.023580
217,176,300,0.003324,0.000850,3658540.000000,86223.000000,0.023568
218,177,300,0.003318,0.000839,3772642.000000,90227.000000,0.023916
219,177,300,0.003324,0.000969,3740571.000000,89382.000000,0.023895
220,178,300,0.003327,0.000880,3810791.000000,84924.000000,0.022285
221,179,300,0.003322,0.000832,3910385.000000,91751.000000,0.023463
222,180,300,0.003324,0.001019,4011744.000000,93830.000000,0.023389
223,181,300,0.003327,0.000952,4077494.000000,93172.000000,0.022850
224,182,300,0.003321,0.000883,4135637.000000,93618.000000,0.022637
225,183,300,0.003326,0.001078,4115448.000000,92908.000000,0.022575
226,183,300,0.003328,0.000849,4263829.000000,96080.000000,0.022534
227,184,300,0.003319,0.001326,4566803.000000,127999.000000,0.028028
228,184,300,0.003322,0.001275,4522670.000000,120570.000000,0.026659
229,185,300,0.003325,0.001010,4288971.000000,97671.000000,0.022773
230,186,300,0.003319,0.000957,4359521.000000,93669.000000,0.021486
231,187,300,0.003320,0.001101,4476217.000000,97564.000000,0.021796
232,188,300,0.003328,0.001020,4408637.000000,97427.000000,0.022099
233,189,300,0.003318,0.000962,4366436.000000,97163.000000,0.022252
234,189,300,0.003324,0.001109,4452123.000000,99098.000000,0.022259
235,189,300,0.003328,0.001038,4349985.000000,92960.000000,0.021370
236,190,300,0.003319,0.000976,4522715.000000,100598.000000,0.022243
237,190,300,0.003324,0.001142,4525436.000000,99247.000000,0.021931
238,191,300,0.003329,0.001075,4596630.000000,101080.000000,0.021990
239,192,300,0.003318,0.001021,4598943.000000,99815.000000,0.021704
240,193,300,0.003325,0.001261,4664003.000000,99571.000000,0.021349
241,194,300,0.003327,0.001127,4661622.000000,102682.000000,0.022027
242,195,300,0.003321,0.001037,4762507.000000,101131.000000,0.021235
243,196,300,0.003320,0.001206,4858858.000000,105196.000000,0.021650
244,196,300,0.003328,0.000957,4694856.000000,101805.000000,0.021684
245,197,300,0.003317,0.001061,4673328.000000,96532.000000,0.020656
246,198,300,0.003323,0.001101,4806999.000000,103940.000000,0.021623
247,198,300,0.003330,0.001076,4788186.000000,104232.000000,0.021769
248,199,300,0.003395,0.001364,4863656.000000,106246.000000,0.021845
249,199,300,0.003393,0.001110,4881214.000000,104817.000000,0.021474
250,200,300,0.003390,0.001074,4828802.000000,100247.000000,0.020760
251,201,300,0.003364,0.001050,4828649.000000,104425.000000,0.021626
252,202,300,0.003395,0.001101,4880366.000000,105019.000000,0.021519
253,202,300,0.003389,0.001065,4846711.000000,105134.000000,0.021692
254,203,300,0.003383,0.001006,4962273.000000,108686.000000,0.021902
255,204,300,0.003325,0.001133,5035298.000000,106561.000000,0.021163
256,205,300,0.003324,0.001254,5162332.000000,111482.000000,0.021595
257,206,300,0.003323,0.001235,5030355.000000,109812.000000,0.021830
258,207,300,0.003324,0.001118,5136050.000000,109214.000000,0.021264
259,208,300,0.003329,0.001128,5211811.000000,112321.000000,0.021551
260,209,300,0.003320,0.001295,5222684.000000,107761.000000,0.020633
261,210,300,0.003325,0.001189,5366037.000000,113890.000000,0.021224
262,211,300,0.003329,0.001354,5310241.000000,113791.000000,0.021429
263,212,300,0.003322,0.001303,5332348.000000,115055.000000,0.021577
264,213,300,0.003323,0.001193,5410158.000000,113740.000000,0.021023
265,213,300,0.003328,0.001173,5322460.000000,110098.000000,0.020686
266,214,300,0.003319,0.001331,5426670.000000,115954.000000,0.021367
267,215,300,0.003324,0.001228,5529065.000000,114995.000000,0.020798
268,216,300,0.003328,0.001176,5488064.000000,114912.000000,0.020939
269,216,300,0.003317,0.001377,5618637.000000,118031.000000,0.021007
270,216,300,0.003324,0.001235,5460857.000000,112137.000000,0.020535
271,217,300,0.003330,0.001207,5591460.000000,116066.000000,0.020758
272,218,300,0.003319,0.001386,5640740.000000,117779.000000,0.020880
273,219,300,0.003325,0.001266,5639334.000000,116714.000000,0.020696
274,219,300,0.003330,0.001225,5617357.000000,116459.000000,0.020732
275,220,300,0.003317,0.001210,5634421.000000,114278.000000,0.020282
276,221,300,0.003326,0.001269,5731923.000000,118816.000000,0.020729
277,222,300,0.003325,0.001256,5759441.000000,119515.000000,0.020751
278,222,300,0.003322,0.001188,5761255.000000,118499.000000,0.020568
279,223,300,0.003324,0.001301,5766733.000000,119013.000000,0.020638
280,224,300,0.003324,0.001260,5848227.000000,116333.000000,0.019892
281,224,300,0.003321,0.001220,5922408.000000,121280.000000,0.020478
282,224,300,0.003327,0.001326,5892105.000000,120980.000000,0.020533
283,225,300,0.003324,0.001302,5934076.000000,120594.000000,0.020322
284,225,300,0.003322,0.001220,5919588.000000,122440.000000,0.020684
285,226,300,0.003326,0.001346,5905920.000000,118161.000000,0.020007
286,227,300,0.003325,0.001234,6039668.000000,123878.000000,0.020511
287,228,300,0.003321,0.001246,6008295.000000,125112.000000,0.020823
288,229,300,0.003327,0.001355,6100140.000000,124426.000000,0.020397
289,230,300,0.003326,0.001366,6189366.000000,125532.000000,0.020282
290,230,300,0.003322,0.001314,6387893.000000,141457.000000,0.022145
291,231,300,0.003327,0.001514,6233448.000000,129556.000000,0.020784
292,232,300,0.003323,0.001469,6338582.000000,131132.000000,0.020688
293,233,300,0.003322,0.001334,6457944.000000,129388.000000,0.020035
294,234,300,0.003326,0.001444,6457381.000000,128952.000000,0.019970
295,235,300,0.003325,0.001437,6551153.000000,127051.000000,0.019394
296,236,300,0.003322,0.001365,6682896.000000,133518.000000,0.019979
297,237,300,0.003327,0.001512,6666723.000000,132472.000000,0.019871
298,238,300,0.003325,0.001476,6714997.000000,133154.000000,0.019829
299,238,300,0.003323,0.001412,6820135.000000,136324.000000,0.019988
300,239,300,0.003327,0.001523,6765396.000000,129488.000000,0.019140
301,240,300,0.003325,0.001520,6857728.000000,135531.000000,0.019763
302,240,300,0.003323,0.001424,6940949.000000,136543.000000,0.019672
303,241,300,0.003327,0.001565,7024379.000000,137594.000000,0.019588
304,242,300,0.003325,0.001547,7064160.000000,137448.000000,0.019457
305,243,300,0.003322,0.001482,7050000.000000,135439.000000,0.019211
306,244,300,0.003327,0.001596,7194198.000000,141390.000000,0.019653
307,245,300,0.003326,0.001613,7300601.000000,142870.000000,0.019570
308,246,300,0.003322,0.001534,7426460.000000,144852.000000,0.019505
309,247,300,0.003327,0.001676,7542830.000000,144374.000000,0.019141
310,248,300,0.003325,0.001669,7576627.000000,143918.000000,0.018995
311,248,300,0.003323,0.001598,7690928.000000,149554.000000,0.019446
312,249,300,0.003326,0.001731,7744863.000000,151796.000000,0.019600
313,250,300,0.003325,0.001718,7704421.000000,150479.000000,0.019532
314,251,300,0.003323,0.001618,7856025.000000,152474.000000,0.019409
315,251,300,0.003325,0.001774,7971604.000000,147880.000000,0.018551
316,252,300,0.003325,0.001698,8068721.000000,155831.000000,0.019313
317,253,300,0.003323,0.001688,8114878.000000,154600.000000,0.019051
318,253,300,0.003327,0.001816,8049933.000000,154131.000000,0.019147
319,254,300,0.003327,0.001817,8116950.000000,156506.000000,0.019281
320,255,300,0.003323,0.001704,8102061.000000,151171.000000,0.018658
321,255,300,0.003327,0.001829,8155766.000000,156608.000000,0.019202
322,255,300,0.003330,0.001809,8169255.000000,155697.000000,0.019059
323,256,300,0.003319,0.001712,8120116.000000,158850.000000,0.019563
324,257,300,0.003326,0.001825,8139761.000000,157535.000000,0.019354
325,258,300,0.003326,0.001827,8173774.000000,152753.000000,0.018688
326,259,300,0.003323,0.001733,8340272.000000,160601.000000,0.019256
327,260,300,0.003442,0.002064,8368629.000000,160987.000000,0.019237
328,261,300,0.003442,0.001801,8467853.000000,163815.000000,0.019346
329,262,300,0.003422,0.001805,8571897.000000,166291.000000,0.019400
330,263,300,0.003437,0.002074,8663773.000000,163778.000000,0.018904
331,263,300,0.003343,0.002168,8765996.000000,168850.000000,0.019262
332,264,300,0.003328,0.001832,8738068.000000,171428.000000,0.019619
333,264,300,0.003323,0.001836,8739578.000000,170833.000000,0.019547
334,265,299,0.003464,0.002519,8908112.000000,172319.000000,0.019344
335,265,299,0.003425,0.001867,8782044.000000,165663.000000,0.018864
336,265,299,0.003439,0.002104,8914528.000000,173359.000000,0.019447
337,266,299,0.003440,0.002325,8957381.000000,173135.000000,0.019329
338,266,299,0.003428,0.001881,8938050.000000,170186.000000,0.019041
339,267,299,0.003441,0.002157,9060768.000000,174950.000000,0.019309
340,268,298,0.003450,0.002334,9043576.000000,169210.000000,0.018711
341,269,298,0.003428,0.001923,9064504.000000,172295.000000,0.019008
342,269,298,0.003445,0.002182,9040570.000000,172168.000000,0.019044
343,270,298,0.003342,0.002194,9067473.000000,172860.000000,0.019064
344,270,298,0.003328,0.001910,9136713.000000,168338.000000,0.018424
345,271,298,0.003335,0.001982,9353723.000000,176326.000000,0.018851
346,271,298,0.003333,0.001988,9315493.000000,177225.000000,0.019025
347,272,298,0.003342,0.002102,9466304.000000,178061.000000,0.018810
348,272,298,0.003330,0.001982,9435772.000000,176078.000000,0.018661
349,273,298,0.003334,0.002032,9455708.000000,175751.000000,0.018587
350,274,298,0.003340,0.002125,9542197.000000,177384.000000,0.018589
351,275,298,0.003334,0.002023,9542885.000000,178147.000000,0.018668
352,276,298,0.003336,0.002043,9619385.000000,179559.000000,0.018666
353,276,298,0.003342,0.002148,9577056.000000,178469.000000,0.018635
354,277,298,0.003342,0.002048,9667104.000000,175827.000000,0.018188
355,278,298,0.003334,0.002138,9720853.000000,185458.000000,0.019078
356,279,298,0.003337,0.002054,9775237.000000,185605.000000,0.018987
357,280,298,0.003338,0.002105,9915045.000000,186750.000000,0.018835
358,281,298,0.003338,0.002100,9959569.000000,186827.000000,0.018759
359,282,298,0.003345,0.002250,10011789.000000,184192.000000,0.018398
360,282,298,0.003339,0.002129,10043401.000000,186858.000000,0.018605
361,283,298,0.003341,0.002137,10069441.000000,189979.000000,0.018867
362,284,298,0.003431,0.002132,10093461.000000,188367.000000,0.018662
363,284,297,0.003436,0.002148,10132229.000000,188876.000000,0.018641
364,285,297,0.003461,0.002382,10240384.000000,187581.000000,0.018318
365,286,297,0.003443,0.002176,10235380.000000,190305.000000,0.018593
366,287,296,0.003663,0.002200,10348976.000000,191379.000000,0.018493
367,288,296,0.003439,0.002184,10278696.000000,190364.000000,0.018520
368,289,296,0.003452,0.002183,10407643.000000,191462.000000,0.018396
369,290,296,0.003447,0.002198,10421834.000000,187618.000000,0.018002
370,290,296,0.003438,0.002209,10426640.000000,191971.000000,0.018412
371,290,296,0.003454,0.002461,10433359.000000,194621.000000,0.018654
372,291,295,0.003461,0.002215,10595949.000000,194960.000000,0.018399
373,292,295,0.003445,0.002257,10594211.000000,194108.000000,0.018322
374,292,295,0.003466,0.002556,10727838.000000,193324.000000,0.018021
375,293,295,0.003629,0.002827,10871312.000000,204859.000000,0.018844
376,294,295,0.003305,0.002505,10921210.000000,200469.000000,0.018356
377,295,294,0.003464,0.002596,11066076.000000,201997.000000,0.018254
378,296,294,0.003448,0.002297,10925409.000000,198336.000000,0.018154
379,297,294,0.003463,0.002543,10994025.000000,196234.000000,0.017849
380,298,294,0.003458,0.002591,11142473.000000,201895.000000,0.018119
381,299,294,0.003451,0.002371,11212464.000000,203826.000000,0.018179
382,300,293,0.003448,0.002377,11229746.000000,205530.000000,0.018302
383,301,293,0.003468,0.002665,11355915.000000,203875.000000,0.017953
384,302,293,0.003457,0.002408,11284565.000000,206414.000000,0.018292
385,303,293,0.003422,0.002408,11289643.000000,205192.000000,0.018175
386,304,293,0.003450,0.002401,11351978.000000,205673.000000,0.018118
387,305,293,0.003465,0.002663,11540248.000000,210472.000000,0.018238
388,306,293,0.003458,0.002423,11445690.000000,205499.000000,0.017954
389,307,293,0.003456,0.002497,11639121.000000,210928.000000,0.018122
390,308,292,0.003877,0.003137,11733022.000000,211486.000000,0.018025
391,309,292,0.003401,0.003013,11650306.000000,211172.000000,0.018126
392,310,292,0.003358,0.002605,11757320.000000,213534.000000,0.018162
393,311,292,0.003367,0.002536,11791209.000000,208328.000000,0.017668
394,312,292,0.003438,0.002807,11955823.000000,213710.000000,0.017875
395,313,292,0.003285,0.002548,11936715.000000,214534.000000,0.017973
396,314,292,0.003395,0.002758,12102064.000000,216714.000000,0.017907
397,315,292,0.003488,0.002882,12261885.000000,217018.000000,0.017699
398,316,292,0.003469,0.002646,12425987.000000,218196.000000,0.017560
399,316,292,0.003479,0.002884,12588238.000000,223530.000000,0.017757
400,316,292,0.003449,0.002883,12383663.000000,220390.000000,0.017797
401,317,292,0.003467,0.002651,12416888.000000,220563.000000,0.017763
402,317,292,0.003635,0.003066,12406926.000000,221297.000000,0.017837
403,318,291,0.004003,0.003395,12647947.000000,222913.000000,0.017624
404,319,290,0.003538,0.002917,12757068.000000,226286.000000,0.017738
405,319,290,0.003597,0.002730,12973757.000000,228858.000000,0.017640
406,319,290,0.003375,0.002773,13121217.000000,227839.000000,0.017364
407,320,290,0.003399,0.002988,12950480.000000,225337.000000,0.017400
408,321,290,0.003378,0.002824,13085285.000000,229287.000000,0.017523
409,322,290,0.003374,0.002799,13013744.000000,229005.000000,0.017597
410,322,290,0.003375,0.002806,13091875.000000,229555.000000,0.017534
411,323,290,0.003375,0.002839,13110258.000000,230467.000000,0.017579
412,324,290,0.003376,0.002816,13221546.000000,228125.000000,0.017254
413,325,290,0.003378,0.002884,13287828.000000,233452.000000,0.017569
414,326,289,0.003389,0.002875,13453539.000000,234001.000000,0.017393
415,326,289,0.003377,0.002907,13677054.000000,237710.000000,0.017380
416,326,289,0.003380,0.002881,13502391.000000,232881.000000,0.017247
417,326,289,0.003382,0.002930,13602479.000000,233624.000000,0.017175
418,326,289,0.003378,0.002911,13569428.000000,235271.000000,0.017338
419,327,289,0.003383,0.002949,13701631.000000,236620.000000,0.017269
420,328,289,0.003384,0.002941,13750689.000000,241250.000000,0.017545
421,329,289,0.003382,0.002944,13902558.000000,239352.000000,0.017216
422,330,289,0.003761,0.003185,14003722.000000,240413.000000,0.017168
423,331,288,0.003822,0.003247,13999801.000000,245450.000000,0.017532
424,332,288,0.003593,0.002986,14104123.000000,242679.000000,0.017206
425,333,287,0.003819,0.003243,14053033.000000,244771.000000,0.017418
426,333,288,0.003456,0.003176,13985108.000000,236955.000000,0.016943
427,334,288,0.003356,0.003068,14108815.000000,242937.000000,0.017219
428,335,288,0.003390,0.003015,14037118.000000,241362.000000,0.017195
429,336,288,0.003379,0.003009,14030156.000000,239985.000000,0.017105
430,337,288,0.003359,0.003032,14213145.000000,243320.000000,0.017119
431,338,288,0.003366,0.003086,14212685.000000,242184.000000,0.017040
432,339,288,0.003428,0.003095,14421899.000000,249207.000000,0.017280
433,340,288,0.003458,0.003139,14547422.000000,249819.000000,0.017173
434,341,288,0.003401,0.003113,14338313.000000,247872.000000,0.017287
435,342,289,0.003392,0.003081,14434291.000000,247582.000000,0.017152
436,343,288,0.003442,0.003160,14540816.000000,246759.000000,0.016970
437,343,288,0.003457,0.003134,14604424.000000,250148.000000,0.017128
438,344,288,0.003476,0.003148,14746721.000000,252444.000000,0.017119
439,344,288,0.003525,0.003230,14922433.000000,257335.000000,0.017245
440,345,288,0.003561,0.003251,15068004.000000,261421.000000,0.017349
441,346,288,0.003495,0.003229,14977380.000000,255818.000000,0.017080
442,347,288,0.003583,0.003272,15139064.000000,260546.000000,0.017210
443,348,288,0.003609,0.003298,15309437.000000,264568.000000,0.017281
444,349,288,0.003562,0.003250,15225970.000000,263091.000000,0.017279
445,350,287,0.003643,0.003343,15411281.000000,265780.000000,0.017246
446,351,287,0.003620,0.003314,15416401.000000,262387.000000,0.017020
447,352,287,0.003700,0.003389,15668700.000000,268714.000000,0.017150
448,353,286,0.003673,0.003351,15572165.000000,268835.000000,0.017264
449,354,286,0.003669,0.003391,15696449.000000,269327.000000,0.017158
450,355,286,0.003734,0.003407,15844157.000000,269536.000000,0.017012
451,356,286,0.003796,0.003510,15852711.000000,272126.000000,0.017166
452,357,285,0.003824,0.003469,16015981.000000,274322.000000,0.017128
453,358,285,0.003827,0.003495,16090834.000000,276654.000000,0.017193
454,358,284,0.003777,0.003481,16062564.000000,276246.000000,0.017198
455,359,283,0.003793,0.003506,16084200.000000,273203.000000,0.016986
456,359,283,0.003792,0.003496,16117902.000000,275841.000000,0.017114
457,360,282,0.004134,0.003839,16198036.000000,277817.000000,0.017151
458,360,281,0.003845,0.003517,16246114.000000,278591.000000,0.017148
459,361,281,0.003840,0.003541,16252729.000000,275282.000000,0.016938
460,362,280,0.003874,0.003508,16385301.000000,278481.000000,0.016996
461,362,280,0.003815,0.003514,16412980.000000,279766.000000,0.017045
462,363,280,0.003833,0.003523,16486984.000000,279751.000000,0.016968
463,364,280,0.003889,0.003602,16524751.000000,278818.000000,0.016873
464,365,279,0.003847,0.003549,16570702.000000,282336.000000,0.017038
465,366,279,0.003884,0.003589,16660570.000000,284031.000000,0.017048
466,367,278,0.003931,0.003628,16702949.000000,284189.000000,0.017014
467,368,278,0.003931,0.003616,16902015.000000,287068.000000,0.016984
468,369,277,0.004007,0.003693,17003617.000000,286717.000000,0.016862
469,370,276,0.003943,0.003655,16966432.000000,288375.000000,0.016997
470,371,275,0.003984,0.003639,17119202.000000,289648.000000,0.016919
471,372,274,0.004078,0.003783,17311229.000000,293402.000000,0.016949
472,372,274,0.003998,0.003693,17281734.000000,288477.000000,0.016693
473,373,273,0.004114,0.003784,17488027.000000,295454.000000,0.016895
474,374,272,0.004062,0.003725,17445675.000000,294973.000000,0.016908
475,375,271,0.004017,0.003726,17306108.000000,293673.000000,0.016969
476,376,270,0.004083,0.003780,17389961.000000,291903.000000,0.016786
477,377,269,0.004091,0.003749,17594120.000000,298632.000000,0.016973
478,378,268,0.004200,0.003830,17803745.000000,301020.000000,0.016908
479,379,268,0.004120,0.003834,17749212.000000,301076.000000,0.016963
480,380,267,0.004162,0.003856,17803798.000000,298755.000000,0.016780
481,381,266,0.004135,0.003845,17886014.000000,301579.000000,0.016861
482,382,265,0.004176,0.003845,18030723.000000,303324.000000,0.016823
483,383,265,0.004317,0.003937,18276851.000000,307287.000000,0.016813
484,384,264,0.004507,0.004145,18186890.000000,305473.000000,0.016796
485,385,263,0.004331,0.004024,18271898.000000,308117.000000,0.016863
486,386,262,0.004284,0.003951,18298683.000000,306005.000000,0.016723
487,387,261,0.004307,0.003987,18447865.000000,310021.000000,0.016805
488,387,260,0.004327,0.004026,18493244.000000,307489.000000,0.016627
489,388,259,0.004291,0.003959,18465015.000000,309432.000000,0.016758
490,389,258,0.004335,0.003992,18590184.000000,311939.000000,0.016780
491,389,257,0.004402,0.004069,18902607.000000,317285.000000,0.016785
492,390,256,0.004365,0.004071,18683315.000000,310707.000000,0.016630
493,391,255,0.004429,0.004090,18924966.000000,316453.000000,0.016721
494,392,253,0.004427,0.004081,18992347.000000,320081.000000,0.016853
495,393,252,0.004408,0.004134,18984942.000000,317784.000000,0.016739
496,394,251,0.004467,0.004113,19200173.000000,323581.000000,0.016853
497,395,250,0.004517,0.004179,19394606.000000,325627.000000,0.016790
498,395,249,0.004464,0.004121,19292099.000000,324802.000000,0.016836
499,396,248,0.004533,0.004210,19466718.000000,322864.000000,0.016585
500,397,247,0.004530,0.004224,19504537.000000,328650.000000,0.016850
501,398,246,0.004584,0.004234,19728887.000000,331328.000000,0.016794
502,398,245,0.004644,0.004317,19935067.000000,334587.000000,0.016784
503,399,244,0.004588,0.004309,19805968.000000,330144.000000,0.016669
504,400,243,0.004663,0.004305,20037520.000000,336301.000000,0.016784
505,401,242,0.004715,0.004370,20174399.000000,337720.000000,0.016740
506,402,241,0.004784,0.004444,20496041.000000,341076.000000,0.016641
507,403,240,0.004700,0.004385,20190490.000000,338652.000000,0.016773
508,404,238,0.005359,0.004709,20434165.000000,341470.000000,0.016711
509,405,237,0.005226,0.004598,20524450.000000,345718.000000,0.016844
510,405,236,0.004892,0.004556,20513650.000000,342328.000000,0.016688
511,406,235,0.004825,0.004455,20695471.000000,345256.000000,0.016683
512,406,234,0.004714,0.004422,20370519.000000,339896.000000,0.016686
513,407,233,0.004728,0.004444,20365732.000000,338019.000000,0.016597
514,408,232,0.004774,0.004432,20560652.000000,342378.000000,0.016652
515,409,231,0.004838,0.004464,20858841.000000,346343.000000,0.016604
516,409,230,0.004848,0.004511,20926689.000000,344579.000000,0.016466
517,410,230,0.004820,0.004482,20909733.000000,346462.000000,0.016569
518,411,229,0.004884,0.004518,20971917.000000,348415.000000,0.016613
519,411,228,0.004819,0.004525,20897306.000000,347290.000000,0.016619
520,412,227,0.004937,0.004598,21149960.000000,346323.000000,0.016375
521,413,226,0.004946,0.004592,21381751.000000,351592.000000,0.016444
522,414,225,0.005042,0.004694,21606096.000000,356753.000000,0.016512
523,415,224,0.004961,0.004659,21558673.000000,352070.000000,0.016331
524,415,223,0.005028,0.004732,21648199.000000,357895.000000,0.016532
525,416,222,0.005008,0.004685,21737016.000000,357170.000000,0.016431
526,417,221,0.005104,0.004755,21923507.000000,359054.000000,0.016378
527,418,220,0.005211,0.004862,22021724.000000,359722.000000,0.016335
528,418,219,0.005143,0.004746,22179974.000000,365309.000000,0.016470
529,418,218,0.005113,0.004757,22168848.000000,364519.000000,0.016443
530,418,217,0.005058,0.004782,22120236.000000,361096.000000,0.016324
531,419,216,0.005208,0.004857,22491204.000000,367426.000000,0.016336
532,419,216,0.005118,0.004831,22330926.000000,367644.000000,0.016463
533,420,215,0.005245,0.004912,22596539.000000,368629.000000,0.016314
534,420,214,0.005189,0.004863,22605588.000000,371659.000000,0.016441
535,421,213,0.005231,0.004938,22589465.000000,372211.000000,0.016477
536,422,212,0.005174,0.004870,22607794.000000,368708.000000,0.016309
537,423,211,0.005273,0.004961,22774386.000000,373666.000000,0.016407
538,423,210,0.005270,0.004913,22973969.000000,375908.000000,0.016362
539,424,210,0.005298,0.005018,22961145.000000,372664.000000,0.016230
540,425,209,0.005265,0.004952,22985952.000000,374844.000000,0.016308
541,425,208,0.005307,0.005015,22981491.000000,374977.000000,0.016316
542,426,207,0.005293,0.004975,23094961.000000,378090.000000,0.016371
543,427,206,0.005348,0.005064,23140019.000000,377866.000000,0.016330
544,428,206,0.005338,0.005002,23303393.000000,381302.000000,0.016363
545,429,205,0.005836,0.005244,23415047.000000,383673.000000,0.016386
546,430,203,0.006141,0.005761,23605256.000000,386174.000000,0.016360
547,431,202,0.006026,0.005403,23600089.000000,392284.000000,0.016622
548,432,201,0.005796,0.005325,24055253.000000,404147.000000,0.016801
549,432,200,0.005798,0.005458,23932870.000000,394313.000000,0.016476
550,433,199,0.006352,0.005707,24037599.000000,392724.000000,0.016338
551,434,198,0.006047,0.005388,24234969.000000,394410.000000,0.016274
552,434,197,0.006022,0.005426,24150018.000000,395812.000000,0.016390
553,435,195,0.006405,0.005444,24206456.000000,399447.000000,0.016502
554,436,194,0.006079,0.005431,24385888.000000,395484.000000,0.016218
555,437,193,0.006327,0.005735,24482704.000000,401087.000000,0.016382
556,437,192,0.005726,0.005417,24521387.000000,401260.000000,0.016364
557,438,192,0.005659,0.005366,24599457.000000,399735.000000,0.016250
558,439,191,0.005733,0.005353,24831313.000000,403122.000000,0.016234
559,440,190,0.005698,0.005395,24822697.000000,404222.000000,0.016284
560,441,189,0.005749,0.005426,24892893.000000,400681.000000,0.016096
561,442,189,0.005708,0.005365,24873631.000000,404942.000000,0.016280
562,443,188,0.005807,0.005390,25026468.000000,406582.000000,0.016246
563,444,187,0.006163,0.005746,25477972.000000,413034.000000,0.016211
564,445,186,0.005877,0.005494,25411113.000000,413005.000000,0.016253
565,446,186,0.006053,0.005655,25532889.000000,412045.000000,0.016138
566,446,185,0.005798,0.005432,25180484.000000,410304.000000,0.016295
567,447,184,0.005935,0.005600,25357851.000000,412685.000000,0.016274
568,448,184,0.005999,0.005664,25478207.000000,412746.000000,0.016200
569,449,184,0.005810,0.005463,25471494.000000,411667.000000,0.016162
570,449,183,0.005982,0.005674,25566110.000000,415829.000000,0.016265
571,450,182,0.005943,0.005656,25545307.000000,412624.000000,0.016153
572,451,182,0.006126,0.005730,25866862.000000,420186.000000,0.016244
573,452,181,0.006120,0.005758,26063218.000000,421381.000000,0.016168
574,452,180,0.005900,0.005526,25802201.000000,411884.000000,0.015963
575,453,180,0.006227,0.005802,26226023.000000,423445.000000,0.016146
576,454,179,0.006027,0.005610,25863989.000000,414386.000000,0.016022
577,454,178,0.005963,0.005577,26050045.000000,418290.000000,0.016057
578,454,178,0.006039,0.005633,26175086.000000,421437.000000,0.016101
579,455,177,0.006050,0.005736,26133703.000000,422438.000000,0.016164
580,456,176,0.006090,0.005696,26311336.000000,426836.000000,0.016223
581,457,176,0.006088,0.005753,26484408.000000,425806.000000,0.016078
582,458,175,0.006039,0.005688,26393248.000000,421439.000000,0.015968
583,459,175,0.006049,0.005725,26394232.000000,421629.000000,0.015974
584,460,174,0.006095,0.005726,26672228.000000,426072.000000,0.015974
585,461,174,0.006133,0.005815,26765204.000000,422342.000000,0.015780
586,462,173,0.006118,0.005771,26728311.000000,425602.000000,0.015923
587,462,173,0.006192,0.005863,27011697.000000,426236.000000,0.015780
588,463,172,0.006248,0.005892,27152134.000000,428994.000000,0.015800
589,463,172,0.006218,0.005903,27289830.000000,433163.000000,0.015873
590,463,171,0.006260,0.005944,27184160.000000,430184.000000,0.015825
591,464,170,0.006337,0.005981,27364801.000000,438257.000000,0.016015
592,465,170,0.006257,0.005932,27375043.000000,439377.000000,0.016050
593,466,169,0.006360,0.006054,27438668.000000,435612.000000,0.015876
594,466,168,0.006832,0.006219,27358430.000000,437938.000000,0.016007
595,467,168,0.006475,0.006136,27530620.000000,439731.000000,0.015972
596,468,167,0.006372,0.005983,27616910.000000,435939.000000,0.015785
597,469,167,0.006303,0.005936,27738224.000000,437077.000000,0.015757
598,470,166,0.006490,0.006125,28213010.000000,443197.000000,0.015709
599,470,166,0.006436,0.006071,28138600.000000,445694.000000,0.015839
600,470,165,0.006471,0.006096,28308542.000000,443889.000000,0.015680
601,470,165,0.006631,0.006263,28814137.000000,455332.000000,0.015802
602,471,164,0.006571,0.006236,28776244.000000,457444.000000,0.015897
603,472,164,0.006510,0.006221,28646404.000000,449583.000000,0.015694
604,473,163,0.006635,0.006249,28958988.000000,459116.000000,0.015854
605,474,163,0.006658,0.006273,29168727.000000,460229.000000,0.015778
606,475,162,0.006695,0.006387,29246909.000000,458704.000000,0.015684
607,476,162,0.006739,0.006380,29339926.000000,461397.000000,0.015726
608,476,162,0.006930,0.006559,29391841.000000,465051.000000,0.015822
609,477,161,0.006718,0.006361,29636535.000000,474700.000000,0.016017
610,477,161,0.006801,0.006468,29678785.000000,467579.000000,0.015755
611,478,160,0.007314,0.006929,29953577.000000,476189.000000,0.015898
612,479,160,0.006839,0.006419,30057177.000000,471972.000000,0.015702
613,480,160,0.006773,0.006468,30024923.000000,474270.000000,0.015796
614,481,160,0.006845,0.006500,30206291.000000,477970.000000,0.015824
615,482,159,0.007095,0.006712,30395807.000000,478123.000000,0.015730
616,483,159,0.006910,0.006543,30603908.000000,485701.000000,0.015871
617,484,158,0.007044,0.006681,30740743.000000,485464.000000,0.015792
618,485,157,0.007396,0.007003,30683220.000000,481234.000000,0.015684
619,486,157,0.007147,0.006763,31225531.000000,491707.000000,0.015747
620,487,156,0.007268,0.006948,31004809.000000,486457.000000,0.015690
621,488,156,0.007272,0.006916,31124132.000000,491341.000000,0.015786
622,489,155,0.007306,0.006947,31325951.000000,488240.000000,0.015586
623,490,155,0.007136,0.006781,31375252.000000,492553.000000,0.015699
624,491,154,0.007470,0.007077,31575100.000000,496739.000000,0.015732
625,492,153,0.007403,0.007059,31604681.000000,495761.000000,0.015686
626,493,153,0.007240,0.006860,31689978.000000,500486.000000,0.015793
627,494,152,0.007096,0.006798,31491205.000000,494950.000000,0.015717
628,495,152,0.007219,0.006826,31847293.000000,501774.000000,0.015756
629,496,151,0.007146,0.006848,31624985.000000,495390.000000,0.015665
630,496,151,0.007128,0.006822,31612998.000000,498787.000000,0.015778
631,497,150,0.007164,0.006867,31659628.000000,495518.000000,0.015651
632,498,150,0.007196,0.006824,31865203.000000,500133.000000,0.015695
633,499,150,0.007246,0.006864,32115295.000000,502075.000000,0.015634
634,500,149,0.007238,0.006891,32092571.000000,499962.000000,0.015579
635,501,149,0.007259,0.006947,31971594.000000,503240.000000,0.015740
636,502,148,0.007276,0.006904,32124562.000000,499839.000000,0.015559
637,503,148,0.007300,0.006962,32171824.000000,505149.000000,0.015702
638,503,147,0.007384,0.007013,32377419.000000,503600.000000,0.015554
639,504,147,0.007351,0.006985,32510336.000000,509267.000000,0.015665
640,505,146,0.007304,0.006972,32371150.000000,509474.000000,0.015739
641,505,146,0.007317,0.006956,32508090.000000,506987.000000,0.015596
642,506,145,0.007371,0.007038,32695199.000000,512341.000000,0.015670
643,507,145,0.007340,0.007035,32536737.000000,507890.000000,0.015610
644,508,145,0.007352,0.007034,32570354.000000,511534.000000,0.015706
645,509,144,0.007380,0.007009,32788879.000000,509503.000000,0.015539
646,510,144,0.007443,0.007080,33000292.000000,516760.000000,0.015659
647,511,143,0.007514,0.007176,33352008.000000,517151.000000,0.015506
648,511,143,0.007522,0.007142,33348677.000000,520864.000000,0.015619
649,512,142,0.007542,0.007227,33444135.000000,524042.000000,0.015669
650,512,142,0.007494,0.007196,33332522.000000,519289.000000,0.015579
651,513,142,0.007540,0.007217,33440337.000000,524953.000000,0.015698
652,514,141,0.007660,0.007282,33683896.000000,523985.000000,0.015556
653,514,141,0.007613,0.007219,33824804.000000,525880.000000,0.015547
654,515,140,0.007663,0.007288,33916290.000000,524417.000000,0.015462
655,516,140,0.007676,0.007319,34127195.000000,529268.000000,0.015509
656,517,140,0.007691,0.007368,34179436.000000,527095.000000,0.015421
657,518,139,0.007735,0.007340,34371372.000000,532043.000000,0.015479
658,519,139,0.007790,0.007416,34516861.000000,530250.000000,0.015362
659,519,138,0.007792,0.007436,34642751.000000,536127.000000,0.015476
660,520,138,0.007859,0.007495,34819784.000000,536679.000000,0.015413
661,521,137,0.007890,0.007521,35034322.000000,538028.000000,0.015357
662,521,137,0.007833,0.007523,34797192.000000,539199.000000,0.015495
663,522,137,0.007811,0.007509,34789568.000000,536232.000000,0.015414
664,522,136,0.007833,0.007513,34784388.000000,538147.000000,0.015471
665,523,136,0.008119,0.007773,35172832.000000,540160.000000,0.015357
666,524,135,0.007993,0.007623,35316537.000000,545664.000000,0.015451
667,525,135,0.007921,0.007597,35267021.000000,540708.000000,0.015332
668,525,135,0.008066,0.007661,35652008.000000,547723.000000,0.015363
669,526,134,0.008065,0.007680,35825327.000000,548730.000000,0.015317
670,526,134,0.008085,0.007686,35696049.000000,548138.000000,0.015356
671,527,134,0.008021,0.007706,35746886.000000,549332.000000,0.015367
672,527,133,0.008088,0.007768,35695035.000000,551419.000000,0.015448
673,528,133,0.008039,0.007693,35810511.000000,549101.000000,0.015334
674,528,133,0.008068,0.007744,35785595.000000,552208.000000,0.015431
675,529,132,0.008036,0.007729,35767348.000000,547995.000000,0.015321
676,530,132,0.008142,0.007772,36008231.000000,551608.000000,0.015319
677,531,132,0.008267,0.007904,36239102.000000,553628.000000,0.015277
678,532,131,0.008151,0.007770,36278882.000000,558023.000000,0.015381
679,533,131,0.008145,0.007804,36322917.000000,553510.000000,0.015239
680,534,131,0.008230,0.007840,36654337.000000,558770.000000,0.015244
681,535,130,0.008198,0.007897,36547452.000000,554690.000000,0.015177
682,536,130,0.008240,0.007858,36726599.000000,559204.000000,0.015226
683,537,130,0.008335,0.008003,37012692.000000,559527.000000,0.015117
684,538,130,0.008353,0.007985,37224372.000000,564496.000000,0.015165
685,539,129,0.008258,0.007956,36878840.000000,557803.000000,0.015125
686,540,129,0.008320,0.007946,37114222.000000,562445.000000,0.015154
687,540,129,0.008339,0.008021,37261799.000000,563436.000000,0.015121
688,541,128,0.008444,0.008072,37633938.000000,570725.000000,0.015165
689,542,128,0.008543,0.008200,37845477.000000,569628.000000,0.015051
690,543,128,0.008456,0.008091,37664764.000000,570675.000000,0.015151
691,544,127,0.008525,0.008151,37884630.000000,583744.000000,0.015408
692,544,127,0.008513,0.008110,37932777.000000,573111.000000,0.015109
693,545,127,0.008523,0.008188,38056817.000000,573739.000000,0.015076
694,545,126,0.008455,0.008135,37751814.000000,573425.000000,0.015189
695,546,126,0.008520,0.008156,38019502.000000,572565.000000,0.015060
696,547,126,0.008603,0.008218,38305519.000000,580094.000000,0.015144
697,548,125,0.008616,0.008280,38427121.000000,579039.000000,0.015068
698,548,125,0.008600,0.008214,38239082.000000,579775.000000,0.015162
699,549,125,0.008636,0.008278,38566130.000000,579869.000000,0.015036
700,550,124,0.008611,0.008240,38498101.000000,582767.000000,0.015138
701,551,124,0.008827,0.008469,39002719.000000,583204.000000,0.014953
702,552,123,0.008753,0.008418,39103766.000000,587128.000000,0.015015
703,553,123,0.008708,0.008417,38910088.000000,580182.000000,0.014911
704,554,123,0.008738,0.008372,39089862.000000,586367.000000,0.015000
705,555,122,0.008768,0.008485,39200637.000000,588264.000000,0.015006
706,555,122,0.008793,0.008456,39271730.000000,591369.000000,0.015058
707,556,122,0.008779,0.008494,39291975.000000,588246.000000,0.014971
708,557,121,0.008860,0.008470,39596156.000000,593943.000000,0.015000
709,558,121,0.008830,0.008546,39493588.000000,589576.000000,0.014928
710,559,121,0.008874,0.008499,39674886.000000,592289.000000,0.014929
711,560,120,0.008837,0.008539,39567740.000000,593879.000000,0.015009
712,561,120,0.009337,0.008943,39843062.000000,591033.000000,0.014834
713,562,120,0.009150,0.008756,40308710.000000,598992.000000,0.014860
714,563,119,0.009098,0.008732,40229251.000000,595034.000000,0.014791
715,563,119,0.009100,0.008780,40465120.000000,599607.000000,0.014818
716,564,119,0.009155,0.008817,40694776.000000,598122.000000,0.014698
717,565,118,0.009250,0.008947,40865818.000000,604099.000000,0.014783
718,566,118,0.009258,0.008889,41051940.000000,603462.000000,0.014700
719,567,118,0.009333,0.008972,41376629.000000,610187.000000,0.014747
720,568,117,0.009262,0.008959,41176306.000000,603936.000000,0.014667
721,569,117,0.009322,0.008923,41415426.000000,609220.000000,0.014710
722,570,117,0.009293,0.008981,41458616.000000,621055.000000,0.014980
723,571,116,0.009530,0.009236,41819016.000000,624830.000000,0.014941
724,572,116,0.009523,0.009165,42017727.000000,626539.000000,0.014911
725,573,116,0.009422,0.009123,41893030.000000,622399.000000,0.014857
726,574,115,0.009522,0.009117,42278688.000000,630465.000000,0.014912
727,575,115,0.009568,0.009253,42505376.000000,627691.000000,0.014767
728,576,114,0.009675,0.009308,42796836.000000,631562.000000,0.014757
729,577,114,0.009616,0.009313,42548180.000000,631570.000000,0.014844
730,578,114,0.009648,0.009262,42813895.000000,630374.000000,0.014724
731,579,113,0.009741,0.009403,43178963.000000,639922.000000,0.014820
732,580,113,0.009769,0.009399,43402056.000000,638503.000000,0.014711
733,580,113,0.010058,0.009546,43523317.000000,644541.000000,0.014809
734,581,112,0.010124,0.009751,43360049.000000,642900.000000,0.014827
735,582,112,0.009840,0.009485,43676406.000000,640547.000000,0.014666
736,583,111,0.009906,0.009518,43763493.000000,645503.000000,0.014750
737,583,111,0.009999,0.009670,44237247.000000,646784.000000,0.014621
738,583,111,0.010005,0.009625,44230624.000000,650081.000000,0.014698
739,584,110,0.009927,0.009551,44127047.000000,645591.000000,0.014630
740,584,110,0.009924,0.009548,43994285.000000,642080.000000,0.014595
741,585,110,0.009935,0.009618,44120867.000000,651266.000000,0.014761
742,586,109,0.009936,0.009542,44216935.000000,648507.000000,0.014666
743,587,109,0.010071,0.009767,44619405.000000,658107.000000,0.014749
744,588,109,0.010114,0.009725,44889366.000000,654388.000000,0.014578
745,589,108,0.010062,0.009767,44660727.000000,646233.000000,0.014470
746,590,108,0.010092,0.009767,44927163.000000,655203.000000,0.014584
747,591,108,0.010105,0.009814,44947385.000000,653828.000000,0.014547
748,592,107,0.010202,0.009831,45290954.000000,658632.000000,0.014542
749,593,107,0.010290,0.009907,45656351.000000,664800.000000,0.014561
750,594,107,0.010196,0.009869,45457269.000000,656497.000000,0.014442
751,595,106,0.010300,0.009991,45595857.000000,668457.000000,0.014660
752,596,106,0.010226,0.009859,45560375.000000,662094.000000,0.014532
753,597,105,0.010391,0.010029,45945231.000000,671361.000000,0.014612
754,598,105,0.010550,0.010139,46313870.000000,676091.000000,0.014598
755,598,105,0.010343,0.009997,46101510.000000,665730.000000,0.014441
756,599,104,0.010472,0.010052,46521089.000000,675311.000000,0.014516
757,600,104,0.010481,0.010138,46742260.000000,680417.000000,0.014557
758,601,104,0.010496,0.010104,46733203.000000,679169.000000,0.014533
759,602,103,0.010642,0.010335,47116913.000000,683431.000000,0.014505
760,603,103,0.010588,0.010258,47198921.000000,680699.000000,0.014422
761,603,103,0.010568,0.010231,47185924.000000,677800.000000,0.014364
762,603,102,0.010633,0.010280,47363090.000000,686420.000000,0.014493
763,604,102,0.010607,0.010267,47215528.000000,681383.000000,0.014431
764,604,102,0.010596,0.010288,47270141.000000,685555.000000,0.014503
765,604,101,0.010580,0.010281,47229996.000000,679188.000000,0.014380
766,604,101,0.010882,0.010509,47629071.000000,684233.000000,0.014366
767,604,101,0.010651,0.010323,47454914.000000,688791.000000,0.014515
768,605,100,0.010796,0.010397,47972553.000000,693281.000000,0.014452
769,606,100,0.010814,0.010477,47992065.000000,694253.000000,0.014466
770,607,100,0.010974,0.010565,48542808.000000,705893.000000,0.014542
771,608,99,0.010850,0.010557,48285222.000000,696769.000000,0.014430
772,609,99,0.011027,0.010594,48721427.000000,697308.000000,0.014312
773,610,99,0.011040,0.010612,49152227.000000,713793.000000,0.014522
774,611,98,0.010884,0.010485,48719783.000000,700910.000000,0.014387
775,612,98,0.010944,0.010651,48844485.000000,711069.000000,0.014558
776,613,98,0.010993,0.010605,49084949.000000,717738.000000,0.014622
777,614,98,0.010955,0.010657,48916200.000000,710532.000000,0.014525
778,615,97,0.011078,0.010687,49443047.000000,712542.000000,0.014411
779,616,97,0.011030,0.010692,49173625.000000,715036.000000,0.014541
780,617,97,0.011159,0.010759,49618216.000000,716080.000000,0.014432
781,618,96,0.011150,0.010852,49719099.000000,719752.000000,0.014476
782,619,96,0.011204,0.010813,49891318.000000,721071.000000,0.014453
783,620,96,0.011186,0.010887,49940894.000000,722300.000000,0.014463
784,621,96,0.011219,0.010836,50045611.000000,720011.000000,0.014387
785,621,95,0.011339,0.010938,50578176.000000,729061.000000,0.014415
786,622,95,0.011261,0.010932,50361474.000000,726830.000000,0.014432
787,623,95,0.011297,0.010915,50504087.000000,726140.000000,0.014378
788,623,95,0.011395,0.010976,50894977.000000,730255.000000,0.014348
789,624,94,0.011352,0.010976,50980087.000000,728798.000000,0.014296
790,624,94,0.012266,0.011784,50798983.000000,735489.000000,0.014478
791,625,94,0.012043,0.011492,51110230.000000,742856.000000,0.014534
792,626,93,0.011867,0.011358,51745751.000000,753461.000000,0.014561
793,627,93,0.011723,0.011310,51896489.000000,741557.000000,0.014289
794,627,93,0.011718,0.011288,51780936.000000,746318.000000,0.014413
795,628,92,0.011889,0.011460,52488448.000000,758136.000000,0.014444
796,629,92,0.011848,0.011439,52493168.000000,755434.000000,0.014391
797,630,92,0.011856,0.011461,52660981.000000,752838.000000,0.014296
798,631,92,0.012127,0.011676,53267391.000000,769027.000000,0.014437
799,631,91,0.012056,0.011627,53271404.000000,758250.000000,0.014234
800,631,91,0.011847,0.011529,52676136.000000,753784.000000,0.014310
801,632,91,0.011914,0.011545,52900707.000000,757742.000000,0.014324
802,633,91,0.012080,0.011644,53472960.000000,766366.000000,0.014332
803,633,90,0.012132,0.011701,53602110.000000,765379.000000,0.014279
804,634,90,0.012152,0.011701,53495447.000000,765344.000000,0.014307
805,634,90,0.012099,0.011766,53500108.000000,770271.000000,0.014398
806,635,89,0.012118,0.011760,53669627.000000,768259.000000,0.014315
807,636,89,0.012287,0.011968,53915950.000000,772189.000000,0.014322
808,636,89,0.012210,0.011809,54068180.000000,771352.000000,0.014266
809,636,89,0.012302,0.011887,54298548.000000,775539.000000,0.014283
810,637,88,0.012230,0.011862,54316036.000000,771982.000000,0.014213
811,638,88,0.012260,0.011886,54234754.000000,773211.000000,0.014257
812,639,88,0.012290,0.011937,54601537.000000,781632.000000,0.014315
813,639,88,0.012280,0.011951,54180768.000000,776018.000000,0.014323
814,640,87,0.012216,0.011818,54414638.000000,773750.000000,0.014220
815,641,87,0.012484,0.012136,54854701.000000,783532.000000,0.014284
816,642,87,0.012420,0.012024,54964689.000000,784811.000000,0.014278
817,643,87,0.012559,0.012170,55529576.000000,792635.000000,0.014274
818,644,86,0.012505,0.012124,55421039.000000,786747.000000,0.014196
819,645,86,0.012482,0.012160,55435636.000000,791926.000000,0.014286
820,645,86,0.012447,0.012140,55402637.000000,790479.000000,0.014268
821,645,86,0.012613,0.012230,55665539.000000,795739.000000,0.014295
822,645,85,0.012516,0.012169,55748941.000000,794424.000000,0.014250
823,645,85,0.012766,0.012356,56153128.000000,795447.000000,0.014166
824,645,85,0.012633,0.012291,56211076.000000,795868.000000,0.014159
825,646,85,0.012741,0.012422,56487112.000000,805498.000000,0.014260
826,647,84,0.012721,0.012356,56502318.000000,800739.000000,0.014172
827,647,84,0.012765,0.012468,56770467.000000,805772.000000,0.014194
828,648,84,0.012793,0.012425,56912425.000000,804985.000000,0.014144
829,649,84,0.012781,0.012380,57133453.000000,811658.000000,0.014206
830,650,83,0.012824,0.012477,57303691.000000,817429.000000,0.014265
831,651,83,0.012967,0.012657,57438571.000000,813080.000000,0.014156
832,651,83,0.012809,0.012500,57173451.000000,812556.000000,0.014212
833,652,83,0.012898,0.012574,57390076.000000,817571.000000,0.014246
834,653,82,0.012799,0.012462,57268998.000000,811223.000000,0.014165
835,654,82,0.012849,0.012538,57463136.000000,817054.000000,0.014219
836,655,82,0.012976,0.012569,57725224.000000,819234.000000,0.014192
837,656,82,0.013020,0.012705,57905019.000000,820963.000000,0.014178
838,656,82,0.012971,0.012631,57816707.000000,824032.000000,0.014252
839,657,81,0.013080,0.012762,58120459.000000,823551.000000,0.014170
840,658,81,0.013089,0.012658,58290596.000000,821816.000000,0.014099
841,658,81,0.012975,0.012676,58424047.000000,830118.000000,0.014208
842,658,81,0.013032,0.012653,58483180.000000,827092.000000,0.014142
843,659,81,0.013062,0.012745,58770513.000000,836155.000000,0.014227
844,660,80,0.013172,0.012766,59104737.000000,836262.000000,0.014149
845,661,80,0.013092,0.012784,59011882.000000,837212.000000,0.014187
846,662,80,0.013365,0.012947,59515582.000000,840376.000000,0.014120
847,663,80,0.013303,0.012969,59516215.000000,841553.000000,0.014140
848,664,79,0.013379,0.012972,59784846.000000,835409.000000,0.013974
849,664,79,0.013393,0.013058,60103428.000000,846392.000000,0.014082
850,664,79,0.013434,0.013098,60122068.000000,842251.000000,0.014009
851,664,79,0.013349,0.013016,59816474.000000,841304.000000,0.014065
852,665,79,0.013553,0.013134,60574841.000000,854876.000000,0.014113
853,666,79,0.013528,0.013182,60400575.000000,850303.000000,0.014078
854,667,78,0.013627,0.013190,60716733.000000,856213.000000,0.014102
855,667,78,0.013572,0.013160,60778951.000000,856906.000000,0.014099
856,667,78,0.013342,0.013014,60169904.000000,849840.000000,0.014124
857,668,78,0.013554,0.013207,60649761.000000,858907.000000,0.014162
858,669,78,0.013390,0.013012,60559394.000000,859402.000000,0.014191
859,670,78,0.013344,0.013034,60443723.000000,852846.000000,0.014110
860,671,78,0.013443,0.013102,60821438.000000,856994.000000,0.014090
861,672,77,0.013554,0.013239,60904849.000000,859097.000000,0.014106
862,673,77,0.013484,0.013128,61000608.000000,860378.000000,0.014104
863,674,77,0.013451,0.013129,60979382.000000,864090.000000,0.014170
864,675,77,0.013476,0.013145,61116247.000000,861116.000000,0.014090
865,676,77,0.013762,0.013427,61707761.000000,869932.000000,0.014098
866,676,77,0.013681,0.013355,61670331.000000,868008.000000,0.014075
867,676,76,0.013653,0.013256,61661611.000000,866766.000000,0.014057
868,677,76,0.013839,0.013382,62052828.000000,875778.000000,0.014113
869,678,76,0.014211,0.013815,62623896.000000,883809.000000,0.014113
870,679,76,0.014021,0.013443,62555536.000000,892243.000000,0.014263
871,680,76,0.013988,0.013578,62929919.000000,877843.000000,0.013950
872,681,76,0.013834,0.013409,62434682.000000,876386.000000,0.014037
873,681,76,0.013886,0.013555,62464885.000000,874057.000000,0.013993
874,682,75,0.014082,0.013645,63256576.000000,889544.000000,0.014062
875,683,75,0.014212,0.013774,63542265.000000,887825.000000,0.013972
876,683,75,0.014010,0.013631,63494112.000000,889210.000000,0.014005
877,684,75,0.014044,0.013590,63481988.000000,888821.000000,0.014001
878,685,75,0.014900,0.014304,64056219.000000,899067.000000,0.014036
879,686,74,0.014936,0.014231,63969961.000000,894506.000000,0.013983
880,686,74,0.014694,0.014219,63855153.000000,896631.000000,0.014042
881,686,74,0.014736,0.014191,64168940.000000,898093.000000,0.013996
882,687,74,0.015108,0.014514,65049799.000000,915535.000000,0.014074
883,688,74,0.015019,0.014476,64971338.000000,908595.000000,0.013985
884,689,73,0.014908,0.014352,64775500.000000,905021.000000,0.013972
885,690,73,0.014835,0.014411,65256099.000000,910113.000000,0.013947
886,691,73,0.014727,0.014313,65782005.000000,914059.000000,0.013895
887,692,73,0.014771,0.014354,65848558.000000,914979.000000,0.013895
888,693,73,0.014657,0.014262,65579717.000000,910951.000000,0.013891
889,693,72,0.014707,0.014333,65795793.000000,911605.000000,0.013855
890,694,72,0.014927,0.014532,66325527.000000,916874.000000,0.013824
891,695,72,0.014933,0.014532,66546205.000000,925765.000000,0.013912
892,695,72,0.014731,0.014346,66164204.000000,913650.000000,0.013809
893,696,72,0.014849,0.014454,66413904.000000,921109.000000,0.013869
894,696,72,0.014721,0.014402,66011803.000000,917481.000000,0.013899
895,697,71,0.014889,0.014561,66450774.000000,925270.000000,0.013924
896,698,71,0.014736,0.014415,66036039.000000,920839.000000,0.013944
897,699,71,0.014696,0.014375,66016696.000000,919120.000000,0.013923
898,700,71,0.014816,0.014381,66600390.000000,922986.000000,0.013859
899,700,71,0.014734,0.014420,66248529.000000,919676.000000,0.013882
900,701,71,0.014825,0.014367,66676208.000000,927871.000000,0.013916
901,701,71,0.014903,0.014481,66953127.000000,927945.000000,0.013860
902,702,70,0.014906,0.014475,67032808.000000,925892.000000,0.013813
903,703,70,0.015199,0.014778,67412663.000000,936102.000000,0.013886
904,703,70,0.014944,0.014620,67057053.000000,930195.000000,0.013872
905,704,70,0.014923,0.014602,67076909.000000,930937.000000,0.013879
906,705,70,0.015034,0.014691,67460112.000000,937658.000000,0.013899
907,706,70,0.015085,0.014733,67611329.000000,939776.000000,0.013900
908,707,69,0.014971,0.014615,67579985.000000,942782.000000,0.013951
909,708,69,0.015061,0.014748,67663890.000000,940569.000000,0.013901
910,709,69,0.015087,0.014718,67783707.000000,947720.000000,0.013982
911,709,69,0.015111,0.014776,67804414.000000,939714.000000,0.013859
912,710,69,0.015103,0.014725,67994220.000000,939249.000000,0.013814
913,711,69,0.015318,0.014994,68520196.000000,947799.000000,0.013832
914,711,69,0.015055,0.014737,68011267.000000,941148.000000,0.013838
915,712,69,0.015249,0.014935,68457620.000000,945343.000000,0.013809
916,713,68,0.015361,0.014995,68615562.000000,951652.000000,0.013869
917,713,68,0.015201,0.014860,68388396.000000,949876.000000,0.013889
918,714,68,0.015311,0.014898,68956138.000000,951550.000000,0.013799
919,715,68,0.015478,0.015155,69282578.000000,954304.000000,0.013774
920,716,68,0.015284,0.014966,68909129.000000,950186.000000,0.013789
921,717,68,0.015260,0.014929,68913726.000000,952828.000000,0.013826
922,718,68,0.015470,0.015050,69409996.000000,951868.000000,0.013714
923,719,67,0.015330,0.015008,69127032.000000,953351.000000,0.013791
924,719,67,0.015334,0.015018,69006363.000000,947915.000000,0.013737
925,719,67,0.015338,0.014971,69170199.000000,946402.000000,0.013682
926,720,67,0.015788,0.015334,70351907.000000,965774.000000,0.013728
927,720,67,0.015718,0.015343,70497922.000000,962902.000000,0.013659
928,720,67,0.015670,0.015352,70411947.000000,967704.000000,0.013743
929,721,67,0.015764,0.015431,70358970.000000,969102.000000,0.013774
930,722,66,0.015622,0.015242,70420918.000000,969591.000000,0.013769
931,723,66,0.015950,0.015508,71380641.000000,975455.000000,0.013666
932,724,66,0.015746,0.015395,71117524.000000,978909.000000,0.013765
933,724,66,0.015666,0.015340,70773009.000000,969354.000000,0.013697
934,725,66,0.015686,0.015318,71072718.000000,977537.000000,0.013754
935,726,66,0.015891,0.015525,71354613.000000,981744.000000,0.013759
936,727,66,0.016050,0.015584,71934733.000000,1000424.000000,0.013907
937,728,65,0.015951,0.015558,71791532.000000,981453.000000,0.013671
938,729,65,0.016065,0.015681,72280679.000000,993299.000000,0.013742
939,730,65,0.015934,0.015558,72128380.000000,987400.000000,0.013689
940,731,65,0.016072,0.015705,72448074.000000,989541.000000,0.013659
941,731,65,0.016159,0.015758,72357530.000000,986559.000000,0.013635
942,732,65,0.016141,0.015784,72760163.000000,996417.000000,0.013695
943,733,65,0.016086,0.015763,72641924.000000,993481.000000,0.013676
944,734,65,0.016170,0.015775,72946633.000000,996792.000000,0.013665
945,735,65,0.016368,0.015943,73441599.000000,1003012.000000,0.013657
946,736,65,0.016250,0.015875,73278210.000000,1001512.000000,0.013667
947,737,65,0.016224,0.015812,73477553.000000,1005405.000000,0.013683
948,737,64,0.016469,0.016099,73348255.000000,1004867.000000,0.013700
949,738,64,0.016192,0.015864,73583192.000000,1007616.000000,0.013694
950,739,64,0.016364,0.015942,74212992.000000,1013557.000000,0.013657
951,740,64,0.016229,0.015917,73787074.000000,1012722.000000,0.013725
952,740,64,0.016367,0.016021,74061824.000000,1013335.000000,0.013682
953,740,64,0.017232,0.016747,73759003.000000,1014319.000000,0.013752
954,741,64,0.016629,0.016226,73971197.000000,1008539.000000,0.013634
955,742,64,0.016577,0.016140,74509235.000000,1017836.000000,0.013661
956,743,63,0.016579,0.016201,74446502.000000,1017059.000000,0.013662
957,744,63,0.016564,0.016148,74739381.000000,1009399.000000,0.013506
958,744,63,0.016607,0.016273,74767333.000000,1011767.000000,0.013532
959,744,63,0.016588,0.016266,74774258.000000,1019057.000000,0.013628
960,745,63,0.016828,0.016443,75139586.000000,1024612.000000,0.013636
961,746,63,0.016612,0.016284,74949491.000000,1022403.000000,0.013641
962,747,63,0.016756,0.016384,75371437.000000,1022875.000000,0.013571
963,748,63,0.016798,0.016471,75476491.000000,1021506.000000,0.013534
964,749,62,0.016927,0.016491,75707079.000000,1024533.000000,0.013533
965,750,62,0.016935,0.016576,76014923.000000,1032980.000000,0.013589
966,750,62,0.016948,0.016588,76066532.000000,1027919.000000,0.013513
967,750,62,0.016698,0.016375,75468408.000000,1021940.000000,0.013541
968,750,62,0.016723,0.016329,75663669.000000,1028631.000000,0.013595
969,751,62,0.016763,0.016432,75639341.000000,1026286.000000,0.013568
970,752,62,0.016813,0.016399,75957025.000000,1030552.000000,0.013568
971,753,62,0.016816,0.016474,76126720.000000,1035257.000000,0.013599
972,754,62,0.017247,0.016839,76801207.000000,1044006.000000,0.013594
973,755,61,0.017180,0.016743,77199010.000000,1042184.000000,0.013500
974,756,61,0.017249,0.016772,77368741.000000,1042045.000000,0.013469
975,757,61,0.017149,0.016822,77393400.000000,1045292.000000,0.013506
976,758,61,0.017244,0.016816,77819120.000000,1050203.000000,0.013495
977,759,61,0.017295,0.016927,77816646.000000,1051424.000000,0.013512
978,760,61,0.017432,0.017015,78078406.000000,1045135.000000,0.013386
979,761,61,0.017386,0.017046,78255087.000000,1052432.000000,0.013449
980,762,61,0.017336,0.016949,78272417.000000,1051814.000000,0.013438
981,763,60,0.017518,0.017187,78507099.000000,1053807.000000,0.013423
982,763,60,0.017403,0.016973,78573332.000000,1056995.000000,0.013452
983,764,60,0.017695,0.017264,79119309.000000,1060660.000000,0.013406
984,764,60,0.017375,0.017037,78200118.000000,1051372.000000,0.013445
985,765,60,0.017329,0.016996,78156634.000000,1051737.000000,0.013457
986,766,60,0.017572,0.017128,78939337.000000,1058424.000000,0.013408
987,766,60,0.017523,0.017054,79120325.000000,1058621.000000,0.013380
988,767,60,0.017889,0.017452,80076830.000000,1070693.000000,0.013371
989,768,59,0.017852,0.017522,79808382.000000,1072547.000000,0.013439
