frame,nb of entities,FPS,frame length,physics length,L1-dcache-loads,L1-dcache-load-misses,L1-dcache-load-miss-ratio
0,3,302,0.001826,0.000034,451185.000000,32417.000000,0.071849
1,4,302,0.003323,0.000031,577731.000000,35793.000000,0.061954
2,5,302,0.003320,0.000036,570273.000000,34678.000000,0.060809
3,6,302,0.003323,0.000035,569768.000000,34642.000000,0.060800
4,7,302,0.003325,0.000035,561510.000000,34179.000000,0.060870
5,8,302,0.003321,0.000038,543832.000000,31163.000000,0.057303
6,9,302,0.003321,0.000051,593596.000000,36191.000000,0.060969
7,10,302,0.003322,0.000039,616673.000000,35338.000000,0.057304
8,11,302,0.003322,0.000038,606452.000000,35379.000000,0.058338
9,12,302,0.003325,0.000037,609322.000000,35690.000000,0.058573
10,13,302,0.003324,0.000038,568985.000000,31233.000000,0.054892
11,14,302,0.003325,0.000038,621687.000000,35585.000000,0.057239
12,15,302,0.003325,0.000041,610938.000000,35062.000000,0.057390
13,16,302,0.003328,0.000039,622248.000000,35485.000000,0.057027
14,17,302,0.003320,0.000042,611254.000000,34974.000000,0.057217
15,17,302,0.003328,0.000036,565343.000000,31725.000000,0.056116
16,18,302,0.003325,0.000049,614216.000000,35699.000000,0.058121
17,19,302,0.003316,0.000044,611536.000000,35384.000000,0.057861
18,20,302,0.003321,0.000051,619795.000000,35696.000000,0.057593
19,21,302,0.003328,0.000044,613810.000000,35336.000000,0.057568
20,22,302,0.003319,0.000052,653028.000000,31408.000000,0.048096
21,23,302,0.003326,0.000047,647952.000000,37073.000000,0.057216
22,24,302,0.003326,0.000049,618836.000000,35375.000000,0.057164
23,25,302,0.003317,0.000055,620330.000000,35561.000000,0.057326
24,26,302,0.003322,0.000056,639217.000000,35756.000000,0.055937
25,27,302,0.003329,0.000051,607154.000000,32181.000000,0.053003
26,28,302,0.003319,0.000056,658566.000000,35838.000000,0.054418
27,29,302,0.003324,0.000054,657598.000000,36860.000000,0.056052
28,30,302,0.003324,0.000062,650014.000000,36094.000000,0.055528
29,30,302,0.003322,0.000055,659612.000000,36227.000000,0.054922
30,31,302,0.003325,0.000057,619125.000000,32487.000000,0.052472
31,32,302,0.003324,0.000079,672923.000000,37710.000000,0.056039
32,32,302,0.003320,0.000086,732183.000000,40104.000000,0.054773
33,33,302,0.003324,0.000071,698635.000000,38850.000000,0.055608
34,33,302,0.003348,0.000072,665489.000000,37900.000000,0.056951
35,33,302,0.003317,0.000062,686631.000000,34732.000000,0.050583
36,34,302,0.003327,0.000069,705922.000000,38643.000000,0.054741
37,35,302,0.003320,0.000076,737933.000000,39192.000000,0.053111
38,35,302,0.003324,0.000071,709461.000000,38660.000000,0.054492
39,36,302,0.003323,0.000077,741348.000000,40162.000000,0.054174
40,36,302,0.003325,0.000075,689213.000000,34865.000000,0.050587
41,37,302,0.003316,0.000091,763726.000000,39223.000000,0.051357
42,38,302,0.003324,0.000082,745071.000000,39089.000000,0.052463
43,39,302,0.003323,0.000082,745999.000000,38177.000000,0.051176
44,40,302,0.003326,0.000092,741134.000000,39095.000000,0.052750
45,41,302,0.003324,0.000094,755585.000000,36906.000000,0.048844
46,42,302,0.003321,0.000092,785953.000000,39569.000000,0.050345
47,43,302,0.003324,0.000098,783416.000000,39405.000000,0.050299
48,44,303,0.003321,0.000097,811469.000000,40328.000000,0.049698
49,45,303,0.003328,0.000092,803772.000000,39833.000000,0.049558
50,45,303,0.003319,0.000098,749949.000000,35476.000000,0.047305
51,46,303,0.003324,0.000094,810819.000000,39789.000000,0.049073
52,47,303,0.003328,0.000095,801698.000000,39469.000000,0.049232
53,47,303,0.003321,0.000098,803845.000000,39719.000000,0.049411
54,48,303,0.003324,0.000095,801163.000000,39828.000000,0.049713
55,49,303,0.003328,0.000095,777062.000000,36335.000000,0.046759
56,50,303,0.003323,0.000107,811349.000000,40204.000000,0.049552
57,50,303,0.003320,0.000096,822798.000000,40116.000000,0.048756
58,51,303,0.003328,0.000101,822251.000000,39738.000000,0.048328
59,52,303,0.003318,0.000108,828703.000000,43175.000000,0.052099
60,53,300,0.003324,0.000110,796635.000000,36818.000000,0.046217
61,54,300,0.003331,0.000137,930870.000000,49558.000000,0.053238
62,55,300,0.003364,0.000124,800317.000000,48092.000000,0.060091
63,55,300,0.003320,0.000574,859038.000000,51302.000000,0.059720
64,55,300,0.003321,0.000112,859679.000000,39966.000000,0.046489
65,56,300,0.003321,0.000115,803249.000000,37536.000000,0.046730
66,57,300,0.003321,0.000172,837952.000000,42753.000000,0.051021
67,58,300,0.003355,0.000119,849973.000000,41398.000000,0.048705
68,59,300,0.003288,0.000125,863028.000000,42318.000000,0.049034
69,60,300,0.003322,0.000122,900197.000000,43335.000000,0.048139
70,61,300,0.003326,0.000128,851622.000000,37693.000000,0.044260
71,62,300,0.003326,0.000105,899402.000000,44003.000000,0.048925
72,63,300,0.003325,0.000152,898497.000000,41391.000000,0.046067
73,64,300,0.003328,0.000128,873211.000000,41044.000000,0.047004
74,65,300,0.003315,0.000204,923709.000000,57413.000000,0.062155
75,66,300,0.003319,0.000179,897335.000000,38465.000000,0.042866
76,67,300,0.003332,0.000133,920117.000000,45638.000000,0.049600
77,67,300,0.003310,0.000231,951441.000000,48118.000000,0.050574
78,67,300,0.003322,0.000150,911035.000000,41889.000000,0.045980
79,68,300,0.003328,0.000137,913484.000000,41447.000000,0.045372
80,68,300,0.003318,0.000133,884530.000000,37734.000000,0.042660
81,68,300,0.003326,0.000121,936512.000000,43298.000000,0.046233
82,68,300,0.003320,0.000183,952565.000000,53215.000000,0.055865
83,69,300,0.003322,0.000194,976506.000000,52011.000000,0.053262
84,70,300,0.003319,0.000161,950766.000000,42380.000000,0.044575
85,71,300,0.003329,0.000146,931495.000000,38882.000000,0.041742
86,71,300,0.003313,0.000135,937666.000000,42326.000000,0.045140
87,72,300,0.003323,0.000149,949989.000000,42343.000000,0.044572
88,72,300,0.003334,0.000146,904103.000000,42058.000000,0.046519
89,73,300,0.003316,0.000159,989776.000000,43442.000000,0.043891
90,73,300,0.003366,0.000153,906778.000000,38243.000000,0.042175
91,74,300,0.003253,0.000159,983906.000000,42922.000000,0.043624
92,75,300,0.003317,0.000163,991638.000000,42788.000000,0.043149
93,75,300,0.003323,0.000156,979073.000000,41816.000000,0.042710
94,76,300,0.003354,0.000161,1000781.000000,42353.000000,0.042320
95,77,300,0.003294,0.000135,1000986.000000,40279.000000,0.040239
96,78,300,0.003322,0.000172,1026729.000000,42848.000000,0.041733
97,79,300,0.003329,0.000171,1042112.000000,42977.000000,0.041240
98,80,300,0.003319,0.000183,1040849.000000,43499.000000,0.041792
99,80,300,0.003325,0.000184,1031971.000000,43924.000000,0.042563
100,80,300,0.003322,0.000173,1003249.000000,39052.000000,0.038926
101,80,300,0.003290,0.000176,1052076.000000,43937.000000,0.041762
102,81,300,0.003325,0.000198,1065058.000000,44555.000000,0.041833
103,82,300,0.003327,0.000180,1080202.000000,43645.000000,0.040404
104,82,300,0.003315,0.000199,1157002.000000,45462.000000,0.039293
105,83,300,0.003321,0.000209,1101109.000000,41947.000000,0.038095
106,84,300,0.003325,0.000202,1128746.000000,45537.000000,0.040343
107,85,300,0.003323,0.000170,1191800.000000,46127.000000,0.038704
108,85,300,0.003321,0.000205,1195631.000000,44838.000000,0.037502
109,86,300,0.003346,0.000191,1177777.000000,49435.000000,0.041973
110,87,300,0.003316,0.000245,1210377.000000,42842.000000,0.035396
111,88,300,0.003324,0.000226,1278102.000000,45501.000000,0.035600
112,89,300,0.003329,0.000193,1276568.000000,45890.000000,0.035948
113,90,300,0.003317,0.000259,1319795.000000,48120.000000,0.036460
114,91,300,0.003324,0.000249,1305619.000000,46417.000000,0.035552
115,92,300,0.003325,0.000245,1280353.000000,42551.000000,0.033234
116,93,300,0.003318,0.000257,1306813.000000,47378.000000,0.036255
117,93,300,0.003322,0.000243,1293478.000000,45447.000000,0.035136
118,94,300,0.003329,0.000248,1299630.000000,45729.000000,0.035186
119,95,300,0.003322,0.000298,1335475.000000,48708.000000,0.036472
120,96,300,0.003321,0.000210,1317174.000000,43531.000000,0.033049
121,96,300,0.003326,0.000251,1367630.000000,47391.000000,0.034652
122,97,301,0.003320,0.000313,1420558.000000,60878.000000,0.042855
123,98,301,0.003320,0.000268,1393183.000000,48007.000000,0.034459
124,99,301,0.003325,0.000270,1377633.000000,47361.000000,0.034379
125,100,301,0.003317,0.000299,1421795.000000,53411.000000,0.037566
126,101,301,0.003324,0.000249,1471530.000000,51048.000000,0.034690
127,102,301,0.003327,0.000281,1454856.000000,49223.000000,0.033834
128,103,301,0.003317,0.000300,1453267.000000,49895.000000,0.034333
129,104,301,0.003321,0.000290,1470276.000000,48643.000000,0.033084
130,105,301,0.003328,0.000295,1445134.000000,46230.000000,0.031990
131,106,301,0.003317,0.000312,1544437.000000,51764.000000,0.033516
132,107,301,0.003323,0.000335,1579427.000000,51334.000000,0.032502
133,108,301,0.003328,0.000326,1615156.000000,51141.000000,0.031663
134,109,301,0.003320,0.000350,1600727.000000,53541.000000,0.033448
135,109,301,0.003321,0.000285,1618942.000000,49662.000000,0.030676
136,110,301,0.003328,0.000311,1653394.000000,51686.000000,0.031261
137,111,301,0.003319,0.000316,1671686.000000,53129.000000,0.031782
138,112,301,0.003324,0.000328,1670452.000000,52978.000000,0.031715
139,112,301,0.003328,0.000306,1692038.000000,51884.000000,0.030664
140,113,301,0.003320,0.000329,1653931.000000,49071.000000,0.029669
141,114,301,0.003324,0.000332,1711414.000000,53269.000000,0.031126
142,115,301,0.003330,0.000323,1713443.000000,52351.000000,0.030553
143,115,301,0.003321,0.000327,1691349.000000,53347.000000,0.031541
144,116,301,0.003322,0.000355,1726801.000000,53493.000000,0.030978
145,117,301,0.003327,0.000324,1694414.000000,48896.000000,0.028857
146,118,301,0.003320,0.000341,1773152.000000,54686.000000,0.030841
147,119,301,0.003323,0.000355,1788079.000000,54749.000000,0.030619
148,120,301,0.003328,0.000346,1796923.000000,54636.000000,0.030405
149,121,301,0.003319,0.000351,1805444.000000,55381.000000,0.030674
150,122,301,0.003324,0.000387,1777982.000000,51692.000000,0.029073
151,123,300,0.003329,0.000389,1833597.000000,54885.000000,0.029933
152,124,300,0.003319,0.000418,1846483.000000,56387.000000,0.030538
153,125,300,0.003318,0.000411,1901062.000000,55285.000000,0.029081
154,126,301,0.003326,0.000419,1933734.000000,55092.000000,0.028490
155,126,300,0.003321,0.000339,1868454.000000,52495.000000,0.028095
156,127,300,0.003333,0.000375,1898268.000000,55883.000000,0.029439
157,127,300,0.003324,0.000681,2179482.000000,82723.000000,0.037955
158,128,300,0.003319,0.000443,2026973.000000,57933.000000,0.028581
159,129,300,0.003322,0.000405,2043449.000000,57127.000000,0.027956
160,130,300,0.003319,0.000477,1988063.000000,57491.000000,0.028918
161,131,300,0.003326,0.000371,2072763.000000,57779.000000,0.027875
162,132,300,0.003321,0.000407,2078395.000000,57397.000000,0.027616
163,132,300,0.003329,0.000457,2108840.000000,58356.000000,0.027672
164,133,300,0.003315,0.000488,2144021.000000,59826.000000,0.027904
165,133,300,0.003324,0.000422,2106461.000000,54467.000000,0.025857
166,134,300,0.003325,0.000433,2150050.000000,59020.000000,0.027451
167,135,300,0.003321,0.000443,2164232.000000,60939.000000,0.028157
168,136,300,0.003322,0.000443,2165910.000000,58169.000000,0.026857
169,137,300,0.003329,0.000438,2234563.000000,60915.000000,0.027260
170,138,300,0.003316,0.000471,2223727.000000,57287.000000,0.025762
171,139,300,0.003323,0.000443,2278086.000000,59389.000000,0.026070
172,140,300,0.003332,0.000462,2321937.000000,60807.000000,0.026188
173,141,300,0.003315,0.000536,2374100.000000,61840.000000,0.026048
174,142,300,0.003322,0.000493,2408392.000000,62121.000000,0.025794
175,143,300,0.003328,0.000492,2379403.000000,59654.000000,0.025071
176,144,300,0.003319,0.000514,2464120.000000,63809.000000,0.025895
177,145,300,0.003324,0.000508,2487024.000000,63878.000000,0.025685
178,146,300,0.003328,0.000519,2450372.000000,63387.000000,0.025868
179,147,300,0.003321,0.000516,2484823.000000,64015.000000,0.025762
180,147,300,0.003324,0.000520,2476710.000000,60862.000000,0.024574
181,148,300,0.003329,0.000533,2539912.000000,65079.000000,0.025623
182,148,300,0.003320,0.000534,2537093.000000,64254.000000,0.025326
183,149,300,0.003325,0.000533,2573100.000000,65474.000000,0.025446
184,150,300,0.003327,0.000557,2590483.000000,65759.000000,0.025385
185,151,300,0.003318,0.000492,2582390.000000,62896.000000,0.024356
186,152,300,0.003324,0.000552,2630506.000000,67799.000000,0.025774
187,153,300,0.003328,0.000560,2665943.000000,67803.000000,0.025433
188,154,300,0.003321,0.000570,2716872.000000,68884.000000,0.025354
189,154,300,0.003324,0.000562,2679670.000000,68069.000000,0.025402
190,155,300,0.003374,0.000650,2663773.000000,67035.000000,0.025165
191,156,300,0.003295,0.000802,2974949.000000,99622.000000,0.033487
192,157,300,0.003325,0.000518,2747401.000000,68007.000000,0.024753
193,158,300,0.003326,0.000652,2782100.000000,68772.000000,0.024719
194,159,300,0.003323,0.000670,2832659.000000,69824.000000,0.024650
195,159,300,0.003314,0.000619,2809518.000000,64264.000000,0.022874
196,159,300,0.003328,0.000654,2743655.000000,68458.000000,0.024951
197,159,300,0.003316,0.000654,2838335.000000,68977.000000,0.024302
198,160,300,0.003323,0.000642,2927450.000000,69508.000000,0.023744
199,161,300,0.003328,0.000699,2972355.000000,70905.000000,0.023855
200,162,300,0.003321,0.000770,3081209.000000,69013.000000,0.022398
201,163,300,0.003323,0.000691,3115278.000000,72560.000000,0.023292
202,164,300,0.003327,0.000760,3138289.000000,74087.000000,0.023607
203,165,300,0.003318,0.000753,3163817.000000,72432.000000,0.022894
204,166,300,0.003323,0.000717,3186637.000000,72050.000000,0.022610
205,167,300,0.003325,0.000780,3215466.000000,71252.000000,0.022159
206,167,300,0.003324,0.000628,3282417.000000,74854.000000,0.022805
207,168,300,0.003322,0.000743,3343231.000000,77123.000000,0.023068
208,169,300,0.003328,0.000827,3403162.000000,77753.000000,0.022847
209,170,300,0.003316,0.000835,3475964.000000,78127.000000,0.022476
210,170,300,0.003323,0.000774,3396351.000000,73275.000000,0.021575
211,170,300,0.003330,0.000839,3478083.000000,77740.000000,0.022351
212,171,300,0.003317,0.000889,3576362.000000,81877.000000,0.022894
213,172,300,0.003325,0.000731,3621251.000000,80656.000000,0.022273
214,173,300,0.003322,0.000794,3719669.000000,84891.000000,0.022822
215,173,300,0.003321,0.001027,3670527.000000,85915.000000,0.023407
216,174,300,0.003325,0.000966,3752234.000000,96880.000000,0.025819
217,175,300,0.003323,0.001136,3892551.000000,112330.000000,0.028858
218,176,300,0.003322,0.000729,3785647.000000,83654.000000,0.022098
219,176,300,0.003320,0.000855,3782545.000000,90885.000000,0.024027
220,177,300,0.003329,0.000750,3789957.000000,82593.000000,0.021793
221,177,300,0.003317,0.000925,3867444.000000,85608.000000,0.022136
222,178,300,0.003325,0.000861,3736468.000000,84590.000000,0.022639
223,179,300,0.003326,0.000793,3806109.000000,85533.000000,0.022473
224,180,300,0.003317,0.000957,3898904.000000,86538.000000,0.022195
225,180,300,0.003321,0.000879,3830913.000000,82563.000000,0.021552
226,181,300,0.003329,0.000830,3868526.000000,86282.000000,0.022304
227,182,300,0.003317,0.000971,3985469.000000,88379.000000,0.022175
228,183,300,0.003321,0.000908,3902295.000000,86751.000000,0.022231
229,184,300,0.003329,0.000841,3964152.000000,88503.000000,0.022326
230,184,300,0.003319,0.000981,3935875.000000,83340.000000,0.021174
231,185,300,0.003322,0.000950,4004913.000000,89556.000000,0.022362
232,186,300,0.003326,0.000863,4036000.000000,88687.000000,0.021974
233,187,300,0.003322,0.001003,4071685.000000,88934.000000,0.021842
234,188,300,0.003319,0.000994,4105809.000000,89264.000000,0.021741
235,189,300,0.003326,0.000892,4149477.000000,85992.000000,0.020724
236,190,300,0.003321,0.001062,4303022.000000,92326.000000,0.021456
237,190,300,0.003325,0.001109,4254894.000000,92284.000000,0.021689
238,191,300,0.003326,0.000942,4361651.000000,93533.000000,0.021444
239,191,300,0.003317,0.001073,4305143.000000,92848.000000,0.021567
240,192,300,0.003323,0.001016,4269988.000000,88841.000000,0.020806
241,193,300,0.003328,0.000983,4365377.000000,95948.000000,0.021979
242,194,300,0.003320,0.001091,4362330.000000,94066.000000,0.021563
243,195,300,0.003321,0.001037,4454856.000000,95504.000000,0.021438
244,196,300,0.003325,0.000985,4562854.000000,96355.000000,0.021117
245,197,300,0.003322,0.000896,4499936.000000,91546.000000,0.020344
246,198,300,0.003322,0.001060,4469202.000000,95650.000000,0.021402
247,199,300,0.003328,0.000983,4519851.000000,95629.000000,0.021158
248,200,300,0.003317,0.000959,4604658.000000,97483.000000,0.021171
249,201,300,0.003323,0.001086,4633357.000000,98057.000000,0.021163
250,202,300,0.003357,0.001030,4645995.000000,95761.000000,0.020612
251,202,300,0.003289,0.001167,4675547.000000,97675.000000,0.020891
252,203,300,0.003322,0.001126,4704067.000000,99106.000000,0.021068
253,204,300,0.003327,0.001043,4799109.000000,99497.000000,0.020732
254,205,300,0.003319,0.001023,4973600.000000,101573.000000,0.020422
255,206,300,0.003323,0.001155,4853842.000000,100205.000000,0.020644
256,207,300,0.003326,0.001100,4931739.000000,103942.000000,0.021076
257,208,300,0.003318,0.001035,4999662.000000,104480.000000,0.020897
258,209,300,0.003323,0.001207,5053702.000000,104638.000000,0.020705
259,209,300,0.003327,0.001121,5089681.000000,103147.000000,0.020266
260,210,300,0.003319,0.001081,5166800.000000,103501.000000,0.020032
261,211,300,0.003323,0.001229,5229543.000000,105949.000000,0.020260
262,212,300,0.003327,0.001165,5272330.000000,107277.000000,0.020347
263,213,300,0.003319,0.001096,5226855.000000,105171.000000,0.020121
264,214,300,0.003323,0.001255,5324900.000000,106961.000000,0.020087
265,214,300,0.003327,0.001186,5239243.000000,102961.000000,0.019652
266,215,300,0.003319,0.001130,5364221.000000,106456.000000,0.019846
267,215,300,0.003323,0.001282,5412678.000000,109267.000000,0.020187
268,215,300,0.003325,0.001204,5436589.000000,109040.000000,0.020057
269,216,300,0.003320,0.001405,5499791.000000,110072.000000,0.020014
270,217,300,0.003323,0.001330,5487674.000000,105781.000000,0.019276
271,218,300,0.003327,0.001241,5529400.000000,108955.000000,0.019705
272,218,300,0.003319,0.001189,5550887.000000,110908.000000,0.019980
273,219,300,0.003324,0.001165,5639035.000000,112630.000000,0.019973
274,220,300,0.003325,0.001269,5682330.000000,112972.000000,0.019881
275,221,300,0.003321,0.001190,5799326.000000,111965.000000,0.019307
276,221,300,0.003324,0.001381,5774718.000000,114069.000000,0.019753
277,222,300,0.003328,0.001309,5773620.000000,114899.000000,0.019901
278,223,300,0.003317,0.001249,5809941.000000,116660.000000,0.020079
279,224,300,0.003320,0.001419,5888600.000000,117307.000000,0.019921
280,225,300,0.003325,0.001349,5945525.000000,115136.000000,0.019365
281,226,300,0.003322,0.001235,6046278.000000,119613.000000,0.019783
282,227,300,0.003324,0.001443,6099799.000000,120481.000000,0.019752
283,228,300,0.003323,0.001388,6174009.000000,121041.000000,0.019605
284,229,300,0.003322,0.001275,6134990.000000,121031.000000,0.019728
285,229,300,0.003327,0.001476,6152789.000000,118266.000000,0.019222
286,230,300,0.003324,0.001404,6174192.000000,121793.000000,0.019726
287,231,300,0.003322,0.001284,6268263.000000,122345.000000,0.019518
288,231,300,0.003327,0.001514,6277254.000000,123371.000000,0.019654
289,232,300,0.003324,0.001432,6384618.000000,124900.000000,0.019563
290,233,300,0.003322,0.001343,6646276.000000,139476.000000,0.020986
291,234,300,0.003327,0.001561,6606783.000000,126778.000000,0.019189
292,234,300,0.003323,0.001512,6654737.000000,129015.000000,0.019387
293,235,300,0.003322,0.001383,6687154.000000,128102.000000,0.019156
294,236,300,0.003327,0.001611,6687501.000000,128755.000000,0.019253
295,237,300,0.003324,0.001543,6734526.000000,127409.000000,0.018919
296,238,300,0.003322,0.001426,6855192.000000,131075.000000,0.019121
297,239,300,0.003326,0.001645,6923612.000000,131905.000000,0.019051
298,240,300,0.003325,0.001462,7016767.000000,134200.000000,0.019126
299,241,300,0.003325,0.001436,6915599.000000,132746.000000,0.019195
300,242,300,0.003321,0.001702,6892474.000000,129137.000000,0.018736
301,243,300,0.003323,0.001596,6966580.000000,133586.000000,0.019175
302,244,300,0.003322,0.001584,7083693.000000,136370.000000,0.019251
303,244,300,0.003327,0.001678,7041390.000000,134817.000000,0.019146
304,245,300,0.003326,0.001635,7078614.000000,137207.000000,0.019383
305,246,300,0.003320,0.001538,7178151.000000,136701.000000,0.019044
306,247,300,0.003326,0.001702,7214839.000000,139060.000000,0.019274
307,247,300,0.003324,0.001638,7191850.000000,136665.000000,0.019003
308,248,300,0.003323,0.001517,7244757.000000,136589.000000,0.018853
309,249,300,0.003327,0.001715,7260853.000000,138259.000000,0.019042
310,250,300,0.003324,0.001690,7257505.000000,135277.000000,0.018640
311,251,300,0.003323,0.001526,7385243.000000,137612.000000,0.018633
312,252,300,0.003328,0.001739,7380098.000000,138698.000000,0.018794
313,253,300,0.003325,0.001713,7483936.000000,140183.000000,0.018731
314,254,300,0.003321,0.001569,7565880.000000,140005.000000,0.018505
315,254,300,0.003327,0.001760,7487560.000000,137533.000000,0.018368
316,255,300,0.003324,0.001749,7592515.000000,143494.000000,0.018899
317,255,300,0.003324,0.001574,7565785.000000,141037.000000,0.018641
318,255,300,0.003327,0.001759,7438367.000000,139748.000000,0.018787
319,256,300,0.003325,0.001735,7542487.000000,140396.000000,0.018614
320,257,300,0.003323,0.001610,7696024.000000,140285.000000,0.018228
321,257,300,0.003327,0.001807,7680555.000000,142665.000000,0.018575
322,258,300,0.003324,0.001799,7730951.000000,143732.000000,0.018592
323,258,300,0.003324,0.001618,7776258.000000,143858.000000,0.018500
324,259,300,0.003331,0.001840,7778990.000000,143923.000000,0.018502
325,260,300,0.003325,0.001812,7792596.000000,140860.000000,0.018076
326,261,300,0.003322,0.001654,7865650.000000,147557.000000,0.018760
327,261,300,0.003329,0.001847,7945899.000000,145805.000000,0.018350
328,262,300,0.003325,0.001843,8024603.000000,146608.000000,0.018270
329,263,300,0.003323,0.001649,7939003.000000,146439.000000,0.018446
330,263,300,0.003329,0.001892,8039396.000000,145968.000000,0.018157
331,263,300,0.003327,0.001879,8149655.000000,148821.000000,0.018261
332,264,300,0.003324,0.001736,8239241.000000,149920.000000,0.018196
333,265,300,0.003330,0.001939,8271307.000000,150974.000000,0.018253
334,266,300,0.003358,0.002215,8402367.000000,160201.000000,0.019066
335,267,300,0.003319,0.001780,8349602.000000,153887.000000,0.018430
336,268,300,0.003332,0.001978,8447286.000000,156125.000000,0.018482
337,269,300,0.003327,0.001787,8586027.000000,158163.000000,0.018421
338,270,300,0.003322,0.001803,8631351.000000,157952.000000,0.018300
339,271,300,0.003333,0.001990,8561410.000000,157841.000000,0.018436
340,272,300,0.003328,0.001813,8683997.000000,156218.000000,0.017989
341,273,300,0.003322,0.001828,8712557.000000,159068.000000,0.018257
342,274,300,0.003334,0.002028,8645753.000000,158420.000000,0.018323
343,275,300,0.003329,0.001822,8739328.000000,158880.000000,0.018180
344,275,300,0.003324,0.001848,8905637.000000,160053.000000,0.017972
345,276,300,0.003337,0.002089,8944692.000000,159005.000000,0.017776
346,277,300,0.003338,0.001885,9054556.000000,163930.000000,0.018105
347,278,300,0.003327,0.001900,9083120.000000,162331.000000,0.017872
348,279,300,0.003341,0.002117,9066639.000000,162181.000000,0.017888
349,280,300,0.003335,0.001923,9154719.000000,164421.000000,0.017960
350,280,300,0.003330,0.001944,9223261.000000,162651.000000,0.017635
351,281,300,0.003343,0.002137,9194310.000000,164194.000000,0.017858
352,281,300,0.003336,0.001941,9278560.000000,165377.000000,0.017824
353,282,300,0.003332,0.001953,9328951.000000,169265.000000,0.018144
354,282,300,0.003345,0.002188,9447623.000000,166364.000000,0.017609
355,283,300,0.003338,0.002006,9541334.000000,165537.000000,0.017349
356,284,300,0.003332,0.002045,9731876.000000,171131.000000,0.017585
357,285,300,0.003337,0.002023,9600255.000000,170050.000000,0.017713
358,286,300,0.003329,0.002048,9643146.000000,169399.000000,0.017567
359,287,300,0.003336,0.002040,9669559.000000,168523.000000,0.017428
360,288,300,0.003350,0.002259,9782788.000000,168324.000000,0.017206
361,289,300,0.003344,0.002089,10008451.000000,175776.000000,0.017563
362,290,300,0.003341,0.002121,10122133.000000,178251.000000,0.017610
363,290,300,0.003340,0.002098,10018956.000000,175211.000000,0.017488
364,291,300,0.003355,0.002309,10251987.000000,187312.000000,0.018271
365,292,300,0.003337,0.002147,10085478.000000,177839.000000,0.017633
366,293,300,0.003353,0.002352,10151452.000000,180400.000000,0.017771
367,293,300,0.003351,0.002156,10155866.000000,178874.000000,0.017613
368,294,300,0.003344,0.002325,10227007.000000,180932.000000,0.017692
369,295,300,0.003342,0.002167,10361288.000000,183047.000000,0.017666
370,295,300,0.003349,0.002196,10385136.000000,181297.000000,0.017457
371,296,300,0.003341,0.002197,10491419.000000,185028.000000,0.017636
372,297,300,0.003344,0.002228,10523041.000000,185706.000000,0.017648
373,298,299,0.003350,0.002223,10621224.000000,186955.000000,0.017602
374,298,299,0.003344,0.002256,10733317.000000,188476.000000,0.017560
375,299,299,0.003330,0.002273,10736560.000000,187151.000000,0.017431
376,300,299,0.003351,0.002277,10743104.000000,191946.000000,0.017867
377,300,299,0.003346,0.002277,10746390.000000,189845.000000,0.017666
378,301,299,0.003347,0.002281,10846089.000000,190259.000000,0.017542
379,302,299,0.003349,0.002291,10898381.000000,192454.000000,0.017659
380,303,299,0.003349,0.002312,10900620.000000,186027.000000,0.017066
381,304,299,0.003351,0.002329,11092844.000000,192318.000000,0.017337
382,305,299,0.003352,0.002373,11136062.000000,194373.000000,0.017454
383,306,299,0.003353,0.002344,11181680.000000,194378.000000,0.017384
384,307,299,0.003350,0.002349,11053230.000000,192672.000000,0.017431
385,308,299,0.003352,0.002364,11126706.000000,190647.000000,0.017134
386,309,299,0.003354,0.002379,11299139.000000,194912.000000,0.017250
387,309,299,0.003353,0.002351,11313064.000000,194716.000000,0.017212
388,310,299,0.003358,0.002459,11619852.000000,199136.000000,0.017138
389,310,299,0.003326,0.002393,11422208.000000,195541.000000,0.017119
390,310,299,0.003354,0.002418,11448398.000000,192794.000000,0.016840
391,311,299,0.003358,0.002474,11667191.000000,200349.000000,0.017172
392,312,299,0.003359,0.002489,11763052.000000,201078.000000,0.017094
393,312,299,0.003357,0.002473,11740157.000000,199475.000000,0.016991
394,313,299,0.003369,0.003039,12161231.000000,212294.000000,0.017457
395,314,299,0.003372,0.002661,12071963.000000,204728.000000,0.016959
396,315,299,0.003361,0.002553,12106841.000000,206420.000000,0.017050
397,316,299,0.003387,0.002863,12351907.000000,214856.000000,0.017395
398,317,298,0.003365,0.002716,12641266.000000,214407.000000,0.016961
399,317,298,0.003366,0.002620,12306456.000000,207904.000000,0.016894
400,318,298,0.003371,0.002706,12493928.000000,215290.000000,0.017232
401,318,298,0.003368,0.002670,12470294.000000,212796.000000,0.017064
402,319,298,0.003370,0.002691,12600671.000000,214986.000000,0.017061
403,320,298,0.003379,0.002745,12706856.000000,215426.000000,0.016954
404,321,298,0.003367,0.002712,12778472.000000,210134.000000,0.016444
405,321,298,0.003355,0.002718,12761928.000000,213422.000000,0.016723
406,322,298,0.003372,0.002745,12927753.000000,217180.000000,0.016800
407,323,298,0.003372,0.002741,12925576.000000,215838.000000,0.016699
408,323,298,0.003372,0.002740,12977950.000000,215994.000000,0.016643
409,324,298,0.003375,0.002803,13108325.000000,216465.000000,0.016514
410,325,298,0.003374,0.002773,13143784.000000,220098.000000,0.016745
411,326,298,0.003375,0.002794,13199541.000000,223343.000000,0.016921
412,327,298,0.003376,0.002833,13262680.000000,221728.000000,0.016718
413,327,298,0.003374,0.002801,13232086.000000,219968.000000,0.016624
414,327,298,0.003375,0.002798,13265137.000000,217857.000000,0.016423
415,327,298,0.003379,0.002872,13488766.000000,224124.000000,0.016616
416,328,297,0.003378,0.002848,13478747.000000,223530.000000,0.016584
417,329,297,0.003377,0.002829,13424798.000000,223359.000000,0.016638
418,330,297,0.003385,0.002883,13582451.000000,224059.000000,0.016496
419,331,297,0.003379,0.002894,13635242.000000,225384.000000,0.016530
420,332,297,0.003380,0.002900,13772682.000000,229759.000000,0.016682
421,333,297,0.003385,0.002977,13975492.000000,233113.000000,0.016680
422,334,297,0.003387,0.003003,14108294.000000,238738.000000,0.016922
423,335,297,0.003329,0.002972,14015821.000000,234438.000000,0.016727
424,336,296,0.003786,0.003393,14205161.000000,238453.000000,0.016786
425,337,296,0.003383,0.003047,14193679.000000,239512.000000,0.016875
426,338,296,0.003358,0.003034,14309983.000000,238971.000000,0.016700
427,339,296,0.003430,0.003119,14375799.000000,241184.000000,0.016777
428,340,296,0.003423,0.003111,14441556.000000,244970.000000,0.016963
429,340,296,0.003405,0.003077,14358254.000000,240125.000000,0.016724
430,341,296,0.003372,0.003089,14411526.000000,244140.000000,0.016941
431,341,296,0.003413,0.003124,14422042.000000,244546.000000,0.016956
432,342,296,0.003472,0.003141,14561177.000000,244317.000000,0.016779
433,343,296,0.003424,0.003100,14533204.000000,245349.000000,0.016882
434,343,296,0.003398,0.003096,14557623.000000,241009.000000,0.016556
435,344,295,0.003560,0.003223,14813323.000000,250702.000000,0.016924
436,345,295,0.003536,0.003219,15006895.000000,253060.000000,0.016863
437,346,295,0.003456,0.003161,14830587.000000,249426.000000,0.016818
438,347,294,0.003598,0.003283,15090904.000000,255304.000000,0.016918
439,348,294,0.003591,0.003276,15249252.000000,254153.000000,0.016667
440,349,294,0.003608,0.003291,15458228.000000,257541.000000,0.016660
441,350,293,0.003649,0.003312,15408378.000000,253271.000000,0.016437
442,351,293,0.003653,0.003332,15507007.000000,257535.000000,0.016608
443,352,292,0.003630,0.003318,15612664.000000,258053.000000,0.016528
444,353,292,0.003722,0.003397,15681548.000000,261474.000000,0.016674
445,354,291,0.003734,0.003391,15830744.000000,260107.000000,0.016430
446,355,291,0.003742,0.003454,15788712.000000,264413.000000,0.016747
447,355,290,0.003694,0.003400,15748792.000000,259439.000000,0.016474
448,355,290,0.003646,0.003365,15773705.000000,259403.000000,0.016445
449,356,289,0.003787,0.003466,16006476.000000,267239.000000,0.016696
450,357,289,0.003755,0.003472,15997034.000000,266486.000000,0.016658
451,358,288,0.003954,0.003423,16107310.000000,267669.000000,0.016618
452,359,287,0.004146,0.003713,16151775.000000,268134.000000,0.016601
453,360,286,0.004035,0.003682,16315269.000000,269855.000000,0.016540
454,361,285,0.003971,0.003599,16414534.000000,273628.000000,0.016670
455,362,284,0.003907,0.003550,16531222.000000,273724.000000,0.016558
456,362,284,0.003821,0.003526,16395928.000000,270125.000000,0.016475
457,362,283,0.003961,0.003598,16616438.000000,271624.000000,0.016347
458,363,282,0.003905,0.003543,16677611.000000,273081.000000,0.016374
459,364,281,0.003935,0.003655,16673302.000000,272943.000000,0.016370
460,364,281,0.003874,0.003603,16609329.000000,267195.000000,0.016087
461,365,280,0.003906,0.003560,16814365.000000,271471.000000,0.016145
462,366,279,0.004005,0.003692,16956725.000000,274780.000000,0.016205
463,367,278,0.003994,0.003661,17082248.000000,278975.000000,0.016331
464,367,278,0.004058,0.003766,17141407.000000,281035.000000,0.016395
465,368,277,0.004001,0.003704,17138720.000000,279504.000000,0.016308
466,369,276,0.004024,0.003694,17353289.000000,282184.000000,0.016261
467,370,275,0.004103,0.003801,17376832.000000,282518.000000,0.016258
468,371,274,0.004057,0.003769,17404408.000000,288977.000000,0.016604
469,371,273,0.004106,0.003830,17394312.000000,285031.000000,0.016386
470,372,272,0.004060,0.003773,17407360.000000,287284.000000,0.016504
471,372,271,0.004041,0.003736,17479072.000000,288351.000000,0.016497
472,373,271,0.004170,0.003886,17541506.000000,288566.000000,0.016450
473,374,270,0.004070,0.003754,17639611.000000,281956.000000,0.015984
474,375,269,0.004138,0.003848,17588706.000000,288537.000000,0.016405
475,376,268,0.004150,0.003816,17781714.000000,291133.000000,0.016373
476,377,266,0.004520,0.004166,18089641.000000,301032.000000,0.016641
477,378,266,0.004155,0.003809,17948367.000000,286715.000000,0.015974
478,379,265,0.004171,0.003862,18027080.000000,294474.000000,0.016335
479,380,264,0.004197,0.003856,18180762.000000,293685.000000,0.016154
480,381,263,0.004153,0.003871,18082587.000000,293745.000000,0.016245
481,382,262,0.004175,0.003862,18194490.000000,292289.000000,0.016065
482,383,261,0.004219,0.003900,18399768.000000,297578.000000,0.016173
483,383,260,0.004217,0.003914,18417056.000000,294916.000000,0.016013
484,384,259,0.004254,0.003942,18537062.000000,297735.000000,0.016062
485,385,258,0.004260,0.003920,18504845.000000,293259.000000,0.015848
486,386,257,0.004287,0.003972,18671516.000000,300211.000000,0.016079
487,387,256,0.004296,0.003987,18757598.000000,301964.000000,0.016098
488,387,255,0.004407,0.004056,19081438.000000,308852.000000,0.016186
489,388,254,0.004352,0.004054,19047123.000000,301649.000000,0.015837
490,389,253,0.004385,0.004052,19124464.000000,305979.000000,0.015999
491,390,252,0.004375,0.004072,19139095.000000,309155.000000,0.016153
492,390,251,0.004365,0.004097,19119202.000000,305373.000000,0.015972
493,390,250,0.004378,0.004094,19140194.000000,307891.000000,0.016086
494,391,249,0.004401,0.004104,19168516.000000,309411.000000,0.016142
495,392,248,0.004401,0.004096,19217164.000000,308781.000000,0.016068
496,393,247,0.004418,0.004122,19340794.000000,307984.000000,0.015924
497,394,246,0.004436,0.004121,19386190.000000,312349.000000,0.016112
498,395,246,0.004460,0.004140,19492567.000000,314456.000000,0.016132
499,396,244,0.004680,0.004338,19643089.000000,322689.000000,0.016428
500,397,244,0.004493,0.004202,19574668.000000,318061.000000,0.016249
501,398,243,0.004553,0.004202,19819644.000000,324548.000000,0.016375
502,399,242,0.004566,0.004244,19733334.000000,328455.000000,0.016645
503,399,241,0.004727,0.004415,19748484.000000,328166.000000,0.016617
504,400,240,0.004562,0.004240,19824938.000000,322793.000000,0.016282
505,401,239,0.004600,0.004245,20019012.000000,324671.000000,0.016218
506,402,238,0.004645,0.004297,20222793.000000,327089.000000,0.016174
507,402,237,0.004614,0.004304,20154520.000000,322970.000000,0.016025
508,403,236,0.004662,0.004330,20321149.000000,328908.000000,0.016186
509,404,236,0.004698,0.004356,20490046.000000,327858.000000,0.016001
510,405,235,0.004709,0.004405,20548336.000000,332731.000000,0.016193
511,406,234,0.004748,0.004402,20704202.000000,329484.000000,0.015914
512,407,233,0.004747,0.004452,20752968.000000,333831.000000,0.016086
513,408,233,0.004781,0.004448,20888269.000000,335052.000000,0.016040
514,409,232,0.004752,0.004465,20799175.000000,328451.000000,0.015792
515,410,231,0.004798,0.004470,20977578.000000,336389.000000,0.016036
516,411,230,0.004791,0.004490,20958782.000000,335766.000000,0.016020
517,411,230,0.004809,0.004486,21043520.000000,336312.000000,0.015982
518,412,229,0.004813,0.004535,21075057.000000,333658.000000,0.015832
519,413,228,0.004858,0.004512,21242139.000000,337045.000000,0.015867
520,414,227,0.004897,0.004557,21395261.000000,341794.000000,0.015975
521,415,226,0.005557,0.005219,21736715.000000,349235.000000,0.016067
522,416,225,0.005235,0.004868,21568717.000000,350972.000000,0.016272
523,417,223,0.005301,0.004951,21698998.000000,354078.000000,0.016318
524,418,223,0.005107,0.004731,21977098.000000,354072.000000,0.016111
525,418,221,0.005552,0.005218,21896556.000000,354047.000000,0.016169
526,419,221,0.004988,0.004673,21903719.000000,355421.000000,0.016227
527,419,220,0.005004,0.004706,21988877.000000,355708.000000,0.016177
528,420,219,0.005033,0.004696,22108883.000000,354004.000000,0.016012
529,421,218,0.005069,0.004715,22236432.000000,358990.000000,0.016144
530,422,217,0.005090,0.004788,22394894.000000,358682.000000,0.016016
531,422,217,0.005050,0.004779,22298472.000000,357465.000000,0.016031
532,423,216,0.005133,0.004818,22522085.000000,364550.000000,0.016186
533,423,215,0.005170,0.004823,22737860.000000,365835.000000,0.016089
534,424,214,0.005170,0.004837,22776567.000000,360795.000000,0.015841
535,425,213,0.005156,0.004810,22669119.000000,365130.000000,0.016107
536,426,213,0.005480,0.005117,22888433.000000,371235.000000,0.016219
537,427,212,0.005274,0.004922,23059905.000000,363383.000000,0.015758
538,427,211,0.005289,0.004982,23036981.000000,366849.000000,0.015924
539,427,210,0.005222,0.004904,22917400.000000,361854.000000,0.015789
540,428,209,0.005456,0.005105,23199490.000000,364533.000000,0.015713
541,428,209,0.005263,0.004956,23110245.000000,367770.000000,0.015914
542,429,208,0.005275,0.004971,23143879.000000,368874.000000,0.015938
543,430,207,0.005266,0.004943,23184701.000000,366529.000000,0.015809
544,430,206,0.005238,0.004958,23107853.000000,361460.000000,0.015642
545,431,206,0.005331,0.004984,23404822.000000,370504.000000,0.015830
546,431,205,0.005287,0.004995,23299787.000000,369447.000000,0.015856
547,432,204,0.005427,0.005010,23497835.000000,372504.000000,0.015853
548,433,203,0.005655,0.005261,23698746.000000,378615.000000,0.015976
549,434,202,0.005437,0.005077,23796119.000000,376684.000000,0.015830
550,434,202,0.005480,0.005054,23744165.000000,381528.000000,0.016068
551,434,201,0.005452,0.005093,23840524.000000,373005.000000,0.015646
552,435,200,0.005431,0.005117,23939596.000000,377756.000000,0.015780
553,436,200,0.005420,0.005107,23932352.000000,373342.000000,0.015600
554,437,199,0.005507,0.005143,24213447.000000,381635.000000,0.015761
555,437,198,0.005515,0.005160,24308760.000000,379698.000000,0.015620
556,438,197,0.005500,0.005136,24211328.000000,377726.000000,0.015601
557,438,197,0.005588,0.005240,24651339.000000,386488.000000,0.015678
558,439,196,0.005774,0.005362,24602671.000000,389058.000000,0.015814
559,440,195,0.005645,0.005285,24659029.000000,383098.000000,0.015536
560,441,194,0.005608,0.005277,24701761.000000,386998.000000,0.015667
561,442,194,0.005603,0.005299,24758115.000000,388994.000000,0.015712
562,443,193,0.005638,0.005349,24851299.000000,388817.000000,0.015646
563,444,193,0.005663,0.005314,25016248.000000,391135.000000,0.015635
564,445,192,0.005665,0.005349,25030568.000000,392031.000000,0.015662
565,446,191,0.005758,0.005417,25240132.000000,396344.000000,0.015703
566,447,191,0.005686,0.005383,25077911.000000,394817.000000,0.015744
567,448,190,0.005724,0.005392,25187458.000000,401298.000000,0.015932
568,449,189,0.005730,0.005444,25215334.000000,397514.000000,0.015765
569,450,189,0.005780,0.005405,25415805.000000,403535.000000,0.015877
570,451,188,0.005833,0.005504,25568785.000000,400013.000000,0.015645
571,452,187,0.005846,0.005493,25653419.000000,401534.000000,0.015652
572,452,187,0.005834,0.005499,25601845.000000,401750.000000,0.015692
573,453,186,0.005878,0.005531,25868914.000000,405869.000000,0.015689
574,454,185,0.005949,0.005602,25978628.000000,410442.000000,0.015799
575,455,185,0.005961,0.005634,26151699.000000,414152.000000,0.015837
576,456,184,0.006109,0.005819,26198441.000000,408669.000000,0.015599
577,457,183,0.005958,0.005588,26241493.000000,408122.000000,0.015553
578,458,183,0.005936,0.005637,26249829.000000,413173.000000,0.015740
579,459,182,0.005941,0.005628,26326270.000000,408210.000000,0.015506
580,459,181,0.005948,0.005644,26337579.000000,412807.000000,0.015674
581,460,181,0.006065,0.005686,26605552.000000,417263.000000,0.015683
582,461,181,0.006164,0.005844,26494949.000000,414546.000000,0.015646
583,462,180,0.006078,0.005720,26709476.000000,420091.000000,0.015728
584,463,180,0.006289,0.005868,26910492.000000,418519.000000,0.015552
585,464,179,0.006102,0.005762,26949401.000000,421794.000000,0.015651
586,465,179,0.006241,0.005926,27043569.000000,422601.000000,0.015627
587,466,178,0.006256,0.005884,27261999.000000,416924.000000,0.015293
588,467,177,0.006261,0.005944,27292670.000000,422695.000000,0.015487
589,467,177,0.006180,0.005856,27110782.000000,417765.000000,0.015410
590,467,176,0.006181,0.005879,27063123.000000,414114.000000,0.015302
591,467,176,0.006197,0.005804,27299023.000000,419096.000000,0.015352
592,467,175,0.006518,0.006184,27355975.000000,428193.000000,0.015653
593,467,174,0.006445,0.006077,27257368.000000,418726.000000,0.015362
594,468,174,0.006369,0.006026,27365358.000000,430893.000000,0.015746
595,469,173,0.006277,0.005888,27519705.000000,427241.000000,0.015525
596,470,173,0.006314,0.005981,27741751.000000,430588.000000,0.015521
597,470,172,0.006217,0.005920,27453765.000000,429154.000000,0.015632
598,470,172,0.006290,0.005936,27645755.000000,427697.000000,0.015471
599,471,171,0.006302,0.005968,27759021.000000,433293.000000,0.015609
600,472,171,0.006286,0.005997,27746732.000000,431111.000000,0.015537
601,472,170,0.006266,0.005967,27719526.000000,433327.000000,0.015633
602,473,170,0.006349,0.005973,27977840.000000,434547.000000,0.015532
603,474,169,0.006399,0.006061,28272981.000000,437654.000000,0.015480
604,474,169,0.006381,0.006074,28207889.000000,440432.000000,0.015614
605,475,168,0.006429,0.006084,28406239.000000,442774.000000,0.015587
606,476,167,0.006421,0.006112,28456953.000000,439222.000000,0.015435
607,477,167,0.006502,0.006132,28725828.000000,445481.000000,0.015508
608,478,166,0.006821,0.006472,29191634.000000,447260.000000,0.015322
609,479,166,0.006666,0.006305,29435230.000000,447642.000000,0.015208
610,480,165,0.006606,0.006297,29232752.000000,452662.000000,0.015485
611,481,165,0.006637,0.006297,29354554.000000,449966.000000,0.015329
612,482,164,0.006682,0.006377,29502895.000000,453785.000000,0.015381
613,483,164,0.006713,0.006391,29682323.000000,450786.000000,0.015187
614,484,163,0.006793,0.006435,29955620.000000,456970.000000,0.015255
615,485,163,0.006773,0.006447,29990875.000000,452166.000000,0.015077
616,486,162,0.006786,0.006462,30098039.000000,454364.000000,0.015096
617,486,161,0.006862,0.006536,30241593.000000,458448.000000,0.015160
618,487,161,0.006800,0.006488,30067535.000000,453661.000000,0.015088
619,488,160,0.006908,0.006495,30411306.000000,459589.000000,0.015112
620,489,160,0.006943,0.006562,30608878.000000,461256.000000,0.015069
621,490,159,0.006938,0.006566,30506442.000000,462629.000000,0.015165
622,491,159,0.007204,0.006839,31014911.000000,473847.000000,0.015278
623,492,158,0.006986,0.006621,30985712.000000,461483.000000,0.014893
624,492,157,0.007232,0.006825,31448608.000000,470979.000000,0.014976
625,493,157,0.007079,0.006696,31423780.000000,467523.000000,0.014878
626,493,156,0.007070,0.006708,31490639.000000,471086.000000,0.014960
627,494,156,0.007042,0.006681,31342020.000000,470948.000000,0.015026
628,495,155,0.007088,0.006722,31539594.000000,468550.000000,0.014856
629,495,155,0.007130,0.006790,31721380.000000,474572.000000,0.014961
630,496,154,0.007127,0.006808,31756961.000000,471116.000000,0.014835
631,497,154,0.007135,0.006777,31762628.000000,474711.000000,0.014946
632,498,153,0.007153,0.006811,31871817.000000,472630.000000,0.014829
633,499,153,0.007162,0.006778,31849936.000000,474814.000000,0.014908
634,500,152,0.007195,0.006833,32044372.000000,477742.000000,0.014909
635,501,152,0.007214,0.006866,32151015.000000,475176.000000,0.014780
636,502,151,0.007314,0.007007,32293321.000000,480736.000000,0.014887
637,503,151,0.007297,0.006930,32434040.000000,479951.000000,0.014798
638,503,150,0.007390,0.007044,32852683.000000,487785.000000,0.014848
639,503,150,0.007350,0.007040,32752704.000000,483171.000000,0.014752
640,504,149,0.007428,0.007062,32953466.000000,489349.000000,0.014850
641,505,149,0.007403,0.007079,32976226.000000,485845.000000,0.014733
642,506,148,0.007461,0.007112,33094663.000000,491060.000000,0.014838
643,507,147,0.007553,0.007149,33393415.000000,494011.000000,0.014794
644,508,147,0.007459,0.007135,33180745.000000,488627.000000,0.014726
645,509,147,0.007611,0.007203,33628850.000000,496622.000000,0.014768
646,509,146,0.007583,0.007222,33758104.000000,492886.000000,0.014601
647,510,146,0.007584,0.007220,33741992.000000,496577.000000,0.014717
648,511,145,0.007541,0.007211,33651425.000000,493139.000000,0.014654
649,511,145,0.007609,0.007248,33843099.000000,497637.000000,0.014704
650,512,144,0.007695,0.007384,33813652.000000,495624.000000,0.014658
651,513,144,0.007640,0.007253,33994107.000000,500676.000000,0.014728
652,514,143,0.007607,0.007293,33884481.000000,496344.000000,0.014648
653,514,143,0.007640,0.007272,34112267.000000,500620.000000,0.014676
654,514,142,0.007690,0.007334,34360042.000000,504352.000000,0.014678
655,515,142,0.007721,0.007404,34459975.000000,506272.000000,0.014692
656,515,141,0.007793,0.007374,34601748.000000,509613.000000,0.014728
657,516,141,0.007785,0.007421,34796166.000000,507249.000000,0.014578
658,516,140,0.007884,0.007559,35137839.000000,514497.000000,0.014642
659,517,140,0.007960,0.007579,35294077.000000,515244.000000,0.014599
660,518,139,0.007918,0.007587,35398148.000000,519515.000000,0.014676
661,519,139,0.007937,0.007604,35537778.000000,515808.000000,0.014514
662,519,138,0.007929,0.007627,35511674.000000,519891.000000,0.014640
663,520,138,0.008249,0.007880,35838411.000000,523970.000000,0.014620
664,521,137,0.008115,0.007786,35810281.000000,523146.000000,0.014609
665,522,137,0.008116,0.007762,36057029.000000,523235.000000,0.014511
666,522,136,0.008116,0.007717,36130804.000000,525483.000000,0.014544
667,522,135,0.008235,0.007789,36233275.000000,526319.000000,0.014526
668,523,135,0.008158,0.007830,35924621.000000,533538.000000,0.014852
669,524,135,0.008195,0.007843,35967559.000000,525482.000000,0.014610
670,525,134,0.008276,0.007936,36039987.000000,525246.000000,0.014574
671,525,134,0.008028,0.007722,35909912.000000,520081.000000,0.014483
672,525,133,0.008028,0.007712,35927412.000000,524641.000000,0.014603
673,525,133,0.007997,0.007701,35877095.000000,517711.000000,0.014430
674,526,132,0.008053,0.007737,36002285.000000,522997.000000,0.014527
675,527,132,0.008199,0.007861,36307747.000000,525884.000000,0.014484
676,528,132,0.008243,0.007852,36663959.000000,533211.000000,0.014543
677,529,131,0.008147,0.007829,36494773.000000,526130.000000,0.014417
678,530,131,0.008127,0.007820,36404335.000000,526849.000000,0.014472
679,531,131,0.008210,0.007821,36677040.000000,531331.000000,0.014487
680,532,130,0.008187,0.007851,36701383.000000,524522.000000,0.014292
681,533,130,0.008227,0.007884,36861018.000000,529874.000000,0.014375
682,533,130,0.008190,0.007901,36733701.000000,528191.000000,0.014379
683,533,129,0.008237,0.007872,36689674.000000,528268.000000,0.014398
684,534,129,0.008428,0.008054,36896704.000000,529249.000000,0.014344
685,534,128,0.008335,0.007993,37120554.000000,537562.000000,0.014482
686,535,128,0.008330,0.008028,37137879.000000,532982.000000,0.014351
687,535,128,0.008558,0.008224,37122709.000000,536641.000000,0.014456
688,535,127,0.008290,0.007975,36958601.000000,528853.000000,0.014309
689,536,127,0.008330,0.007952,37244724.000000,536557.000000,0.014406
690,537,127,0.008308,0.008010,37215240.000000,534985.000000,0.014375
691,538,126,0.008344,0.007981,37354036.000000,538238.000000,0.014409
692,539,126,0.008360,0.008007,37440847.000000,536356.000000,0.014325
693,540,126,0.008375,0.008036,37526470.000000,542007.000000,0.014443
694,541,125,0.008514,0.008097,37650727.000000,552098.000000,0.014664
695,542,125,0.008450,0.008053,37783729.000000,545253.000000,0.014431
696,543,125,0.008512,0.008174,38159328.000000,545991.000000,0.014308
697,544,124,0.008518,0.008193,38155595.000000,546801.000000,0.014331
698,545,124,0.008476,0.008167,38034025.000000,549221.000000,0.014440
699,545,124,0.008692,0.008328,38291781.000000,546536.000000,0.014273
700,546,124,0.008645,0.008270,38430449.000000,552483.000000,0.014376
701,547,123,0.008583,0.008235,38564517.000000,549496.000000,0.014249
702,548,123,0.008587,0.008299,38625265.000000,554275.000000,0.014350
703,549,123,0.008697,0.008346,39019855.000000,557385.000000,0.014285
704,550,122,0.008784,0.008394,39368235.000000,562622.000000,0.014291
705,551,122,0.008759,0.008365,39210454.000000,558569.000000,0.014245
706,552,122,0.008770,0.008454,39311567.000000,562559.000000,0.014310
707,553,121,0.008807,0.008420,39485489.000000,559847.000000,0.014179
708,554,121,0.008832,0.008483,39630557.000000,567681.000000,0.014324
709,555,121,0.008913,0.008565,39998337.000000,567060.000000,0.014177
710,555,120,0.009184,0.008767,40198455.000000,578680.000000,0.014396
711,556,120,0.009322,0.008967,40240763.000000,574903.000000,0.014287
712,557,120,0.009086,0.008776,40045528.000000,585399.000000,0.014618
713,557,119,0.009014,0.008718,39943280.000000,578751.000000,0.014489
714,557,119,0.009199,0.008827,40287656.000000,579114.000000,0.014374
715,558,119,0.009250,0.008895,40562041.000000,588715.000000,0.014514
716,558,118,0.009231,0.008905,40549663.000000,584337.000000,0.014410
717,559,118,0.009339,0.008953,40947391.000000,592107.000000,0.014460
718,560,118,0.009293,0.008935,40916555.000000,593352.000000,0.014502
719,561,117,0.009442,0.009095,41255893.000000,597835.000000,0.014491
720,562,117,0.009366,0.009069,41170509.000000,595914.000000,0.014474
721,562,117,0.009496,0.009145,41312419.000000,598259.000000,0.014481
722,562,116,0.009517,0.009206,41307973.000000,594453.000000,0.014391
723,562,116,0.009257,0.008968,41086836.000000,593685.000000,0.014450
724,563,116,0.009382,0.009018,41450272.000000,599744.000000,0.014469
725,563,115,0.009373,0.009002,41524099.000000,595157.000000,0.014333
726,563,115,0.009388,0.008969,41462588.000000,599048.000000,0.014448
727,564,115,0.009404,0.009082,41466168.000000,598642.000000,0.014437
728,565,115,0.009492,0.009110,41864838.000000,608001.000000,0.014523
729,566,114,0.009407,0.009103,41729787.000000,604890.000000,0.014495
730,566,114,0.009548,0.009210,42034778.000000,610986.000000,0.014535
731,567,114,0.009600,0.009235,42269514.000000,613844.000000,0.014522
732,567,113,0.010017,0.009653,42581670.000000,609680.000000,0.014318
733,568,113,0.009817,0.009435,42902686.000000,617991.000000,0.014404
734,569,113,0.009525,0.009235,42597991.000000,607926.000000,0.014271
735,570,112,0.009620,0.009225,43026532.000000,616851.000000,0.014337
736,570,112,0.009598,0.009246,43034186.000000,611206.000000,0.014203
737,571,112,0.009603,0.009273,43130307.000000,612896.000000,0.014210
738,572,111,0.009686,0.009331,43381512.000000,617634.000000,0.014237
739,573,111,0.009960,0.009568,43697636.000000,621839.000000,0.014230
740,573,111,0.009790,0.009405,43722477.000000,624418.000000,0.014281
741,574,110,0.009824,0.009451,43962773.000000,625938.000000,0.014238
742,575,110,0.009988,0.009686,44057270.000000,626840.000000,0.014228
743,575,110,0.009869,0.009472,44210753.000000,627058.000000,0.014183
744,576,109,0.009818,0.009517,44041547.000000,625643.000000,0.014206
745,577,109,0.009905,0.009558,44398653.000000,632439.000000,0.014245
746,578,109,0.009985,0.009628,44608835.000000,633145.000000,0.014193
747,578,108,0.010067,0.009696,44834702.000000,642214.000000,0.014324
748,579,108,0.009991,0.009601,44601918.000000,629760.000000,0.014120
749,580,108,0.010027,0.009695,44845869.000000,636905.000000,0.014202
750,581,107,0.010052,0.009681,44958080.000000,640598.000000,0.014249
751,582,107,0.009983,0.009662,44815647.000000,636091.000000,0.014194
752,583,107,0.010260,0.009935,45195911.000000,645457.000000,0.014281
753,584,106,0.010116,0.009733,45471512.000000,640401.000000,0.014084
754,585,106,0.010047,0.009755,45282388.000000,641432.000000,0.014165
755,586,106,0.010171,0.009758,45587445.000000,646837.000000,0.014189
756,587,105,0.010456,0.010090,45774292.000000,647258.000000,0.014140
757,588,105,0.010225,0.009859,45890924.000000,644572.000000,0.014046
758,588,105,0.010165,0.009849,45675639.000000,645043.000000,0.014122
759,589,104,0.010213,0.009835,45909020.000000,644334.000000,0.014035
760,590,104,0.010219,0.009883,45966883.000000,647636.000000,0.014089
761,591,104,0.010381,0.010031,46662575.000000,653760.000000,0.014010
762,592,103,0.010613,0.010315,46511508.000000,654406.000000,0.014070
763,593,103,0.010385,0.010074,46365796.000000,655865.000000,0.014145
764,594,103,0.010349,0.010056,46295994.000000,646703.000000,0.013969
765,594,103,0.010292,0.009990,46212675.000000,651382.000000,0.014095
766,595,102,0.010373,0.009978,46562004.000000,655375.000000,0.014075
767,596,102,0.010408,0.010054,46806954.000000,655932.000000,0.014014
768,596,102,0.010357,0.010031,46678367.000000,652441.000000,0.013977
769,597,102,0.010481,0.010127,47106247.000000,658932.000000,0.013988
770,598,101,0.010599,0.010310,47378091.000000,662863.000000,0.013991
771,598,101,0.010867,0.010475,47797035.000000,672301.000000,0.014066
772,598,101,0.010560,0.010262,47464964.000000,662538.000000,0.013958
773,599,100,0.010561,0.010246,47519382.000000,661397.000000,0.013918
774,600,100,0.010582,0.010246,47629411.000000,662922.000000,0.013918
775,600,100,0.010544,0.010256,47547466.000000,661326.000000,0.013909
776,600,100,0.010563,0.010261,47586043.000000,665457.000000,0.013984
777,601,100,0.010777,0.010444,47896756.000000,669436.000000,0.013977
778,602,99,0.010736,0.010438,47801967.000000,676414.000000,0.014150
779,603,99,0.010931,0.010509,48371451.000000,685450.000000,0.014171
780,604,99,0.010907,0.010561,48390454.000000,683331.000000,0.014121
781,605,99,0.011025,0.010643,48690615.000000,680435.000000,0.013975
782,606,98,0.010952,0.010586,48633763.000000,687054.000000,0.014127
783,607,98,0.011075,0.010690,48945445.000000,689327.000000,0.014084
784,608,98,0.011000,0.010646,49011139.000000,691287.000000,0.014105
785,609,97,0.011104,0.010720,49339758.000000,698716.000000,0.014161
786,610,97,0.011180,0.010774,49390216.000000,692531.000000,0.014022
787,610,97,0.011068,0.010696,49313571.000000,695715.000000,0.014108
788,611,97,0.011211,0.010847,49549010.000000,701194.000000,0.014152
789,612,96,0.011001,0.010604,49418547.000000,685556.000000,0.013872
790,613,96,0.011463,0.011059,49919196.000000,693810.000000,0.013899
791,614,96,0.011096,0.010715,49870081.000000,697055.000000,0.013977
792,615,96,0.011183,0.010786,50266410.000000,696738.000000,0.013861
793,616,96,0.011166,0.010815,50330146.000000,698684.000000,0.013882
794,617,95,0.011142,0.010815,50225463.000000,698447.000000,0.013906
795,618,95,0.011511,0.011017,51065006.000000,718023.000000,0.014061
796,619,95,0.011342,0.011024,50994492.000000,707161.000000,0.013867
797,619,94,0.011350,0.011014,51145902.000000,709596.000000,0.013874
798,619,94,0.011360,0.011066,51227605.000000,708176.000000,0.013824
799,620,94,0.011699,0.011296,51670216.000000,711712.000000,0.013774
800,620,94,0.011560,0.011231,51873663.000000,720591.000000,0.013891
801,621,93,0.011517,0.011136,51873578.000000,717184.000000,0.013826
802,622,93,0.011550,0.011258,51926869.000000,717296.000000,0.013814
803,622,93,0.011535,0.011236,51823805.000000,713583.000000,0.013769
804,623,93,0.011574,0.011189,52137994.000000,721051.000000,0.013830
805,624,92,0.011568,0.011258,52098418.000000,719722.000000,0.013815
806,625,92,0.011509,0.011217,51954262.000000,718477.000000,0.013829
807,626,92,0.011852,0.011438,52527557.000000,728062.000000,0.013861
808,627,92,0.011753,0.011449,52559197.000000,728304.000000,0.013857
809,628,92,0.011614,0.011292,52407952.000000,723298.000000,0.013801
810,629,91,0.012169,0.011787,52780797.000000,731452.000000,0.013858
811,630,91,0.011722,0.011364,52881456.000000,725205.000000,0.013714
812,631,91,0.011814,0.011522,53058764.000000,731519.000000,0.013787
813,632,91,0.011870,0.011488,53328150.000000,732805.000000,0.013741
814,633,90,0.011878,0.011481,53543595.000000,740929.000000,0.013838
815,634,90,0.011923,0.011543,53767040.000000,740852.000000,0.013779
816,635,90,0.012325,0.011946,54200223.000000,751644.000000,0.013868
817,636,90,0.012046,0.011678,54306784.000000,751587.000000,0.013840
818,637,89,0.012104,0.011741,54402789.000000,755299.000000,0.013883
819,637,89,0.012023,0.011719,54214157.000000,754702.000000,0.013921
820,638,89,0.012114,0.011725,54458018.000000,756563.000000,0.013893
821,639,89,0.012105,0.011728,54587846.000000,760712.000000,0.013936
822,640,88,0.012023,0.011716,54449312.000000,749297.000000,0.013761
823,641,88,0.012112,0.011720,54782225.000000,752964.000000,0.013745
824,642,88,0.012382,0.012073,54871796.000000,758877.000000,0.013830
825,643,88,0.012194,0.011772,55057995.000000,761216.000000,0.013826
826,644,87,0.012140,0.011827,54946938.000000,760872.000000,0.013847
827,645,87,0.012285,0.011897,55483246.000000,766396.000000,0.013813
828,646,87,0.012244,0.011931,55342200.000000,768616.000000,0.013888
829,646,87,0.012219,0.011919,55269767.000000,764437.000000,0.013831
830,647,86,0.012178,0.011877,55134621.000000,761474.000000,0.013811
831,648,86,0.012278,0.011851,55521195.000000,763774.000000,0.013756
832,649,86,0.012909,0.012453,56229553.000000,779570.000000,0.013864
833,649,86,0.012463,0.012048,55802289.000000,765188.000000,0.013712
834,650,86,0.012395,0.011981,55848029.000000,770037.000000,0.013788
835,650,85,0.012370,0.012031,55852614.000000,769228.000000,0.013772
836,651,85,0.012407,0.012092,55900503.000000,772773.000000,0.013824
837,651,85,0.012418,0.012116,55845737.000000,771115.000000,0.013808
838,651,85,0.012369,0.012066,55863000.000000,767516.000000,0.013739
839,652,85,0.012480,0.012127,56247116.000000,774924.000000,0.013777
840,653,84,0.012701,0.012350,56479524.000000,781713.000000,0.013841
841,654,84,0.012663,0.012319,56598651.000000,782236.000000,0.013821
842,655,84,0.012505,0.012175,56381946.000000,778363.000000,0.013805
843,655,84,0.012587,0.012210,56735163.000000,779336.000000,0.013736
844,656,84,0.012728,0.012314,57096776.000000,787544.000000,0.013793
845,657,83,0.012687,0.012338,57161951.000000,788048.000000,0.013786
846,658,83,0.012705,0.012344,57192338.000000,788353.000000,0.013784
847,658,83,0.012947,0.012548,57571174.000000,794639.000000,0.013803
848,659,83,0.013305,0.012941,58202137.000000,806733.000000,0.013861
849,660,82,0.012954,0.012614,57503156.000000,799673.000000,0.013907
850,661,82,0.012805,0.012493,57357639.000000,798517.000000,0.013922
851,662,82,0.012953,0.012572,57790493.000000,802599.000000,0.013888
852,663,82,0.013139,0.012745,58313846.000000,805831.000000,0.013819
853,664,82,0.012908,0.012486,58256527.000000,800949.000000,0.013749
854,664,81,0.012939,0.012606,58432967.000000,800809.000000,0.013705
855,664,81,0.012933,0.012565,58440316.000000,800085.000000,0.013691
856,665,81,0.013988,0.013666,58637247.000000,814824.000000,0.013896
857,665,81,0.013291,0.012927,58725145.000000,804436.000000,0.013698
858,665,81,0.013334,0.012925,59242368.000000,816417.000000,0.013781
859,666,80,0.013356,0.013017,59278074.000000,814742.000000,0.013744
860,666,80,0.013394,0.012992,59578316.000000,816844.000000,0.013710
861,667,80,0.013378,0.013031,59663923.000000,818405.000000,0.013717
862,668,80,0.013460,0.013120,59938340.000000,819857.000000,0.013678
863,669,80,0.013697,0.013315,60206373.000000,828505.000000,0.013761
864,670,79,0.013910,0.013582,60477655.000000,832736.000000,0.013769
865,671,79,0.013404,0.013009,60352972.000000,824191.000000,0.013656
866,672,79,0.013623,0.013254,60958523.000000,835595.000000,0.013708
867,673,79,0.013410,0.013065,60593028.000000,830203.000000,0.013701
868,674,79,0.013431,0.013108,60663339.000000,835163.000000,0.013767
869,674,78,0.013505,0.013094,60908614.000000,834993.000000,0.013709
870,675,78,0.013488,0.013151,60816181.000000,834766.000000,0.013726
871,676,78,0.013685,0.013214,61295967.000000,840875.000000,0.013718
872,677,78,0.013568,0.013203,61330357.000000,840572.000000,0.013706
873,677,78,0.013489,0.013182,60949188.000000,835784.000000,0.013713
874,678,77,0.013985,0.013650,61323900.000000,852370.000000,0.013899
875,679,77,0.013840,0.013357,61678123.000000,858590.000000,0.013920
876,679,77,0.013659,0.013281,61610101.000000,844139.000000,0.013701
877,680,77,0.013735,0.013396,61761842.000000,846920.000000,0.013713
878,681,77,0.013852,0.013471,61905866.000000,851229.000000,0.013750
879,681,77,0.013748,0.013363,61978965.000000,847916.000000,0.013681
880,682,76,0.013821,0.013410,62265489.000000,855640.000000,0.013742
881,683,76,0.013735,0.013373,62085629.000000,849574.000000,0.013684
882,683,76,0.013843,0.013533,62030709.000000,849658.000000,0.013697
883,684,76,0.013791,0.013411,62258706.000000,854282.000000,0.013721
884,685,76,0.013909,0.013547,62651427.000000,856088.000000,0.013664
885,685,76,0.014191,0.013853,62306868.000000,859916.000000,0.013801
886,685,75,0.014326,0.013979,62270459.000000,858881.000000,0.013793
887,686,75,0.013893,0.013519,62639853.000000,857896.000000,0.013696
888,687,75,0.013956,0.013641,62882837.000000,861086.000000,0.013693
889,687,75,0.014129,0.013724,63292467.000000,865828.000000,0.013680
890,688,75,0.014047,0.013645,63380651.000000,866731.000000,0.013675
891,689,75,0.013940,0.013568,62892851.000000,859856.000000,0.013672
892,689,74,0.014425,0.014088,63219682.000000,871681.000000,0.013788
893,689,74,0.014007,0.013591,63284702.000000,866034.000000,0.013685
894,690,74,0.014207,0.013806,63846119.000000,872086.000000,0.013659
895,690,74,0.014162,0.013763,63650839.000000,868634.000000,0.013647
896,691,74,0.014025,0.013694,63524665.000000,870147.000000,0.013698
897,692,74,0.014045,0.013642,63628995.000000,867812.000000,0.013639
898,692,74,0.014034,0.013645,63604638.000000,871070.000000,0.013695
899,692,73,0.014341,0.013951,64186151.000000,875357.000000,0.013638
900,693,73,0.014023,0.013706,63502994.000000,868835.000000,0.013682
901,693,73,0.014034,0.013692,63590218.000000,868258.000000,0.013654
902,693,73,0.014068,0.013763,63726647.000000,871347.000000,0.013673
903,693,73,0.014101,0.013743,63885123.000000,872808.000000,0.013662
904,694,73,0.014115,0.013740,64000165.000000,873082.000000,0.013642
905,695,73,0.014135,0.013724,64062094.000000,876611.000000,0.013684
906,696,72,0.014258,0.013941,64037943.000000,874182.000000,0.013651
907,697,72,0.014201,0.013812,64333390.000000,874574.000000,0.013594
908,697,72,0.014240,0.013866,64562876.000000,877746.000000,0.013595
909,698,72,0.014213,0.013828,64343503.000000,876651.000000,0.013625
910,698,72,0.014191,0.013811,64370841.000000,874225.000000,0.013581
911,698,72,0.014263,0.013891,64678915.000000,878139.000000,0.013577
912,699,72,0.014240,0.013860,64548383.000000,881503.000000,0.013656
913,699,72,0.014496,0.014174,64784146.000000,883018.000000,0.013630
914,700,72,0.014514,0.014091,65174137.000000,882560.000000,0.013542
915,701,71,0.014390,0.014029,65118979.000000,882333.000000,0.013550
916,701,71,0.014342,0.013994,65015234.000000,883163.000000,0.013584
917,702,71,0.014414,0.014063,65295847.000000,886411.000000,0.013575
918,703,71,0.014458,0.014051,65463736.000000,886582.000000,0.013543
919,704,71,0.014490,0.014115,65709303.000000,889589.000000,0.013538
920,705,71,0.014729,0.014409,66166453.000000,892275.000000,0.013485
921,706,71,0.014642,0.014307,66221095.000000,891822.000000,0.013467
922,707,71,0.014673,0.014294,66526586.000000,896546.000000,0.013477
923,708,71,0.014778,0.014409,66749204.000000,902336.000000,0.013518
924,709,71,0.014713,0.014391,66526563.000000,901446.000000,0.013550
925,710,70,0.014971,0.014548,66868323.000000,904602.000000,0.013528
926,711,70,0.014782,0.014465,66905904.000000,903981.000000,0.013511
927,712,70,0.015137,0.014724,67160822.000000,913750.000000,0.013605
928,713,70,0.014990,0.014597,67341907.000000,922673.000000,0.013701
929,714,70,0.014977,0.014561,67217365.000000,920432.000000,0.013693
930,715,70,0.015260,0.014924,68006526.000000,923976.000000,0.013587
931,716,70,0.014995,0.014610,67673489.000000,912339.000000,0.013481
932,717,70,0.015029,0.014714,67818364.000000,914571.000000,0.013486
933,718,69,0.015104,0.014670,68224608.000000,918262.000000,0.013459
934,719,69,0.015581,0.015183,69006701.000000,935335.000000,0.013554
935,719,69,0.015332,0.015009,68825353.000000,933958.000000,0.013570
936,719,69,0.015305,0.014984,68761673.000000,933920.000000,0.013582
937,720,69,0.015234,0.014871,68791064.000000,925669.000000,0.013456
938,721,69,0.015415,0.015004,69381977.000000,932876.000000,0.013446
939,722,69,0.015371,0.015002,69406067.000000,934950.000000,0.013471
940,723,69,0.015624,0.015296,69828046.000000,938373.000000,0.013438
941,724,68,0.015516,0.015081,69950707.000000,937147.000000,0.013397
942,725,68,0.015537,0.015137,69982288.000000,944199.000000,0.013492
943,725,68,0.015604,0.015282,70105680.000000,942586.000000,0.013445
944,725,68,0.015611,0.015199,69931808.000000,954403.000000,0.013648
945,726,68,0.015590,0.015151,70223766.000000,947086.000000,0.013487
946,727,68,0.015581,0.015154,70389431.000000,941114.000000,0.013370
947,728,68,0.015866,0.015448,70954292.000000,948437.000000,0.013367
948,728,68,0.015638,0.015316,70451168.000000,945052.000000,0.013414
949,729,67,0.015768,0.015339,71084310.000000,947703.000000,0.013332
950,730,67,0.015831,0.015505,71118915.000000,946436.000000,0.013308
951,731,67,0.015888,0.015438,71562869.000000,951418.000000,0.013295
952,731,67,0.015818,0.015499,71321995.000000,957623.000000,0.013427
953,732,67,0.016237,0.015793,71877514.000000,959622.000000,0.013351
954,732,67,0.015999,0.015572,72233726.000000,953385.000000,0.013199
955,732,67,0.015924,0.015490,72174194.000000,955341.000000,0.013237
956,733,66,0.015891,0.015576,71958953.000000,953606.000000,0.013252
957,733,66,0.015887,0.015501,71867845.000000,950783.000000,0.013230
958,734,66,0.015990,0.015564,72225401.000000,954447.000000,0.013215
959,735,66,0.016255,0.015859,72813274.000000,964865.000000,0.013251
960,736,66,0.016315,0.015890,73363125.000000,975368.000000,0.013295
961,737,66,0.016255,0.015863,73343359.000000,970550.000000,0.013233
962,738,66,0.016182,0.015855,72847221.000000,963956.000000,0.013233
963,738,65,0.016083,0.015669,73061614.000000,962987.000000,0.013180
964,738,65,0.016056,0.015712,73024856.000000,957115.000000,0.013107
965,739,65,0.016293,0.015898,73474741.000000,969015.000000,0.013188
966,740,65,0.016279,0.015929,73604659.000000,966621.000000,0.013133
967,741,65,0.016178,0.015825,73519119.000000,965879.000000,0.013138
968,742,65,0.016312,0.015913,74087360.000000,969502.000000,0.013086
969,743,64,0.016439,0.015984,74580829.000000,975534.000000,0.013080
970,744,64,0.016370,0.016052,74383321.000000,974093.000000,0.013096
971,744,64,0.016653,0.016187,74825996.000000,982520.000000,0.013131
972,744,64,0.016523,0.016195,74556617.000000,992175.000000,0.013308
973,744,64,0.016470,0.016101,74699133.000000,987662.000000,0.013222
974,745,64,0.016445,0.016088,75384102.000000,990710.000000,0.013142
975,746,64,0.016340,0.016006,74995154.000000,986712.000000,0.013157
976,747,63,0.016608,0.016284,75025422.000000,994452.000000,0.013255
977,747,63,0.016463,0.016143,74970265.000000,996494.000000,0.013292
978,748,63,0.016873,0.016539,75171303.000000,987306.000000,0.013134
979,749,63,0.016771,0.016333,75681676.000000,991772.000000,0.013105
980,750,63,0.016540,0.016218,75228325.000000,983700.000000,0.013076
981,751,63,0.016616,0.016207,75525167.000000,987216.000000,0.013071
982,751,63,0.016552,0.016236,75362330.000000,986321.000000,0.013088
983,752,62,0.016636,0.016247,75681648.000000,990431.000000,0.013087
984,753,62,0.017166,0.016713,76540489.000000,1011534.000000,0.013216
985,753,62,0.016971,0.016644,76467004.000000,1005423.000000,0.013148
986,754,62,0.016817,0.016492,76169318.000000,996884.000000,0.013088
987,755,62,0.016983,0.016601,76624559.000000,1006876.000000,0.013140
988,755,62,0.016900,0.016492,76535888.000000,999866.000000,0.013064
989,755,62,0.017149,0.016826,76462753.000000,1003719.000000,0.013127
990,756,62,0.016994,0.016671,76763806.000000,1006187.000000,0.013108
991,757,61,0.017035,0.016636,77015086.000000,1007740.000000,0.013085
992,757,61,0.016960,0.016639,76837190.000000,1004694.000000,0.013076
993,758,61,0.016990,0.016617,77029370.000000,1006515.000000,0.013067
994,759,61,0.017132,0.016808,77430371.000000,1014803.000000,0.013106
995,760,61,0.017329,0.016949,77493084.000000,1015823.000000,0.013109
996,761,61,0.017232,0.016847,77747842.000000,1028160.000000,0.013224
997,761,61,0.017135,0.016787,77431073.000000,1024179.000000,0.013227
998,761,61,0.017378,0.016960,78208236.000000,1024459.000000,0.013099
999,762,60,0.017329,0.016903,78473588.000000,1022783.000000,0.013033
1000,763,60,0.017298,0.016948,78099473.000000,1033234.000000,0.013230
1001,764,60,0.017355,0.016918,78185459.000000,1022501.000000,0.013078
1002,765,60,0.017304,0.016975,78256133.000000,1027244.000000,0.013127
1003,766,60,0.017207,0.016845,77981248.000000,1022922.000000,0.013118
1004,767,60,0.017413,0.017000,78378348.000000,1037447.000000,0.013236
1005,768,60,0.017349,0.016909,78464470.000000,1026533.000000,0.013083
1006,769,60,0.017602,0.017208,79253357.000000,1041651.000000,0.013143
1007,770,60,0.017977,0.017523,79284246.000000,1038892.000000,0.013103
1008,771,59,0.017793,0.017460,79544414.000000,1037261.000000,0.013040
