frame,nb of entities,FPS,frame length,physics length,L1-dcache-loads,L1-dcache-load-misses,L1-dcache-load-miss-ratio
0,3,302,0.001882,0.000030,467213.000000,31828.000000,0.068123
1,4,302,0.003325,0.000027,595792.000000,34982.000000,0.058715
2,5,302,0.003320,0.000047,596690.000000,38853.000000,0.065114
3,6,302,0.003318,0.000032,588340.000000,36676.000000,0.062338
4,7,302,0.003323,0.000037,592463.000000,34040.000000,0.057455
5,8,302,0.003323,0.000031,561252.000000,31000.000000,0.055234
6,9,302,0.003326,0.000034,600649.000000,35313.000000,0.058791
7,10,302,0.003323,0.000030,586513.000000,35348.000000,0.060268
8,11,302,0.003324,0.000035,590738.000000,34652.000000,0.058659
9,12,302,0.003325,0.000034,576668.000000,35267.000000,0.061157
10,13,302,0.003323,0.000040,548570.000000,31090.000000,0.056675
11,14,302,0.003331,0.000035,596249.000000,35295.000000,0.059195
12,15,302,0.003314,0.000043,599672.000000,35425.000000,0.059074
13,16,302,0.003324,0.000039,623255.000000,35428.000000,0.056844
14,17,302,0.003326,0.000044,602238.000000,34475.000000,0.057245
15,17,302,0.003320,0.000034,559665.000000,31779.000000,0.056782
16,18,302,0.003324,0.000040,605745.000000,34688.000000,0.057265
17,19,302,0.003324,0.000040,611511.000000,34976.000000,0.057196
18,20,302,0.003325,0.000043,617881.000000,36664.000000,0.059338
19,21,302,0.003324,0.000043,607803.000000,34853.000000,0.057343
20,22,302,0.003325,0.000044,560828.000000,30759.000000,0.054846
21,22,302,0.003322,0.000065,626832.000000,37545.000000,0.059896
22,23,302,0.003326,0.000045,617471.000000,34848.000000,0.056437
23,24,302,0.003321,0.000049,651868.000000,35943.000000,0.055138
24,25,302,0.003324,0.000049,629131.000000,35478.000000,0.056392
25,26,302,0.003322,0.000052,598386.000000,32245.000000,0.053887
26,27,302,0.003331,0.000049,635438.000000,35537.000000,0.055925
27,28,302,0.003317,0.000082,660430.000000,40043.000000,0.060632
28,29,302,0.003323,0.000049,672011.000000,36238.000000,0.053925
29,30,302,0.003325,0.000050,686023.000000,36806.000000,0.053651
30,31,302,0.003318,0.000088,688038.000000,37494.000000,0.054494
31,31,302,0.003323,0.000066,672148.000000,37330.000000,0.055538
32,32,302,0.003328,0.000065,682206.000000,37741.000000,0.055322
33,33,302,0.003323,0.000073,671962.000000,39031.000000,0.058085
34,34,302,0.003323,0.000067,663564.000000,37519.000000,0.056542
35,35,302,0.003330,0.000067,651657.000000,34167.000000,0.052431
36,36,302,0.003317,0.000084,680994.000000,40802.000000,0.059915
37,37,302,0.003323,0.000069,706941.000000,38344.000000,0.054239
38,38,302,0.003325,0.000066,683038.000000,37237.000000,0.054517
39,39,302,0.003325,0.000085,701961.000000,38633.000000,0.055036
40,40,302,0.003320,0.000076,675926.000000,34293.000000,0.050735
41,40,302,0.003329,0.000062,698985.000000,37438.000000,0.053561
42,41,302,0.003319,0.000079,711043.000000,38910.000000,0.054722
43,42,302,0.003323,0.000069,721775.000000,37989.000000,0.052633
44,43,302,0.003324,0.000072,720625.000000,37771.000000,0.052414
45,43,302,0.003329,0.000065,687160.000000,34699.000000,0.050496
46,44,302,0.003320,0.000072,717285.000000,38191.000000,0.053244
47,45,302,0.003330,0.000072,729061.000000,38620.000000,0.052972
48,45,302,0.003317,0.000079,725595.000000,39056.000000,0.053826
49,46,302,0.003324,0.000074,735583.000000,38397.000000,0.052199
50,47,302,0.003330,0.000077,709137.000000,35011.000000,0.049371
51,48,302,0.003317,0.000083,754503.000000,39436.000000,0.052268
52,49,302,0.003324,0.000080,751132.000000,38462.000000,0.051205
53,50,302,0.003329,0.000080,776045.000000,39411.000000,0.050784
54,51,303,0.003317,0.000105,769855.000000,39817.000000,0.051720
55,52,303,0.003323,0.000091,757635.000000,36020.000000,0.047543
56,53,303,0.003331,0.000090,771958.000000,39394.000000,0.051031
57,53,303,0.003320,0.000102,777317.000000,42593.000000,0.054795
58,54,303,0.003317,0.000104,788026.000000,39662.000000,0.050331
59,55,303,0.003332,0.000090,785101.000000,39847.000000,0.050754
60,56,300,0.003316,0.000104,761183.000000,36848.000000,0.048409
61,57,300,0.003327,0.000097,811031.000000,41948.000000,0.051722
62,57,300,0.003324,0.000093,775543.000000,38619.000000,0.049796
63,57,300,0.003319,0.000105,788402.000000,41121.000000,0.052157
64,58,300,0.003312,0.000165,890942.000000,48400.000000,0.054325
65,58,300,0.003316,0.000140,808856.000000,45738.000000,0.056547
66,59,300,0.003315,0.000105,806064.000000,40181.000000,0.049848
67,60,300,0.003325,0.000101,809999.000000,39987.000000,0.049367
68,60,300,0.003331,0.000097,793634.000000,39654.000000,0.049965
69,61,300,0.003311,0.000109,862859.000000,42035.000000,0.048716
70,62,300,0.003323,0.000167,804223.000000,42404.000000,0.052727
71,62,300,0.003326,0.000105,828264.000000,40272.000000,0.048622
72,63,300,0.003314,0.000112,840614.000000,40429.000000,0.048095
73,63,300,0.003323,0.000090,867561.000000,41041.000000,0.047306
74,63,300,0.003325,0.000083,821034.000000,39321.000000,0.047892
75,64,300,0.003322,0.000091,826556.000000,37218.000000,0.045028
76,65,300,0.003322,0.000114,841574.000000,40026.000000,0.047561
77,66,300,0.003327,0.000113,882953.000000,41266.000000,0.046736
78,67,300,0.003321,0.000152,867418.000000,43957.000000,0.050676
79,67,300,0.003321,0.000158,858253.000000,43395.000000,0.050562
80,68,300,0.003320,0.000128,826885.000000,37126.000000,0.044899
81,69,300,0.003323,0.000131,885385.000000,42359.000000,0.047842
82,70,300,0.003324,0.000170,907771.000000,48904.000000,0.053873
83,71,300,0.003323,0.000157,901317.000000,43087.000000,0.047804
84,71,300,0.003312,0.000149,924463.000000,45530.000000,0.049250
85,72,300,0.003324,0.000110,906434.000000,39038.000000,0.043068
86,73,300,0.003327,0.000138,931262.000000,41977.000000,0.045075
87,73,300,0.003318,0.000108,913839.000000,43369.000000,0.047458
88,73,300,0.003319,0.000172,951609.000000,50672.000000,0.053249
89,74,300,0.003326,0.000176,974985.000000,51884.000000,0.053215
90,75,300,0.003319,0.000184,944005.000000,48110.000000,0.050964
91,76,300,0.003322,0.000180,996769.000000,52756.000000,0.052927
92,77,300,0.003326,0.000191,1004171.000000,51551.000000,0.051337
93,77,300,0.003322,0.000192,993096.000000,53610.000000,0.053983
94,78,300,0.003320,0.000193,1001858.000000,52289.000000,0.052192
95,78,301,0.003326,0.000180,957367.000000,47790.000000,0.049918
96,79,300,0.003322,0.000190,971445.000000,51776.000000,0.053298
97,80,301,0.003320,0.000238,1023500.000000,45618.000000,0.044571
98,81,301,0.003324,0.000170,952581.000000,44358.000000,0.046566
99,82,301,0.003317,0.000153,1036028.000000,45749.000000,0.044158
100,83,301,0.003323,0.000181,1006923.000000,39544.000000,0.039272
101,84,301,0.003330,0.000172,978794.000000,44527.000000,0.045492
102,85,301,0.003317,0.000167,1057460.000000,46041.000000,0.043539
103,85,301,0.003324,0.000179,1035483.000000,44376.000000,0.042855
104,86,301,0.003326,0.000180,1055601.000000,44070.000000,0.041749
105,87,301,0.003317,0.000186,1044701.000000,40496.000000,0.038763
106,88,301,0.003324,0.000148,1082844.000000,44680.000000,0.041262
107,89,301,0.003324,0.000183,1073128.000000,44430.000000,0.041402
108,90,301,0.003320,0.000205,1106657.000000,45858.000000,0.041438
109,91,301,0.003325,0.000193,1119387.000000,50461.000000,0.045079
110,92,301,0.003333,0.000191,1086023.000000,41014.000000,0.037765
111,93,301,0.003318,0.000189,1177583.000000,47876.000000,0.040656
112,94,301,0.003325,0.000164,1147166.000000,45491.000000,0.039655
113,95,301,0.003328,0.000202,1145622.000000,45616.000000,0.039818
114,95,301,0.003314,0.000296,1192534.000000,59665.000000,0.050032
115,96,301,0.003324,0.000208,1162804.000000,42296.000000,0.036374
116,97,301,0.003327,0.000174,1199628.000000,46122.000000,0.038447
117,97,301,0.003317,0.000215,1212023.000000,46621.000000,0.038465
118,97,301,0.003325,0.000176,1223802.000000,46325.000000,0.037853
119,97,301,0.003322,0.000216,1199545.000000,45118.000000,0.037613
120,98,301,0.003322,0.000271,1235280.000000,48673.000000,0.039402
121,99,301,0.003325,0.000234,1284887.000000,47210.000000,0.036743
122,100,301,0.003322,0.000292,1378329.000000,60591.000000,0.043960
123,101,301,0.003322,0.000315,1445637.000000,61558.000000,0.042582
124,102,301,0.003322,0.000253,1322545.000000,48334.000000,0.036546
125,102,300,0.003322,0.000245,1300982.000000,43404.000000,0.033362
126,103,300,0.003322,0.000303,1360648.000000,56792.000000,0.041739
127,103,300,0.003325,0.000203,1346059.000000,48858.000000,0.036297
128,104,300,0.003322,0.000260,1349925.000000,48529.000000,0.035949
129,104,300,0.003319,0.000250,1333525.000000,49372.000000,0.037024
130,105,300,0.003324,0.000257,1293199.000000,43928.000000,0.033968
131,106,300,0.003325,0.000255,1350919.000000,48133.000000,0.035630
132,107,300,0.003321,0.000270,1389161.000000,50221.000000,0.036152
133,108,300,0.003325,0.000268,1388306.000000,48669.000000,0.035056
134,109,300,0.003325,0.000277,1397864.000000,49086.000000,0.035115
135,109,300,0.003322,0.000275,1365541.000000,46222.000000,0.033849
136,110,300,0.003324,0.000281,1410721.000000,49287.000000,0.034937
137,111,300,0.003327,0.000307,1463443.000000,53741.000000,0.036722
138,111,300,0.003320,0.000265,1455758.000000,50814.000000,0.034906
139,112,300,0.003325,0.000263,1488650.000000,50360.000000,0.033829
140,113,300,0.003329,0.000268,1472530.000000,45841.000000,0.031131
141,114,300,0.003323,0.000319,1509113.000000,52144.000000,0.034553
142,115,300,0.003319,0.000282,1555077.000000,50990.000000,0.032789
143,116,300,0.003327,0.000277,1553566.000000,51217.000000,0.032967
144,117,300,0.003320,0.000290,1603431.000000,53119.000000,0.033128
145,117,300,0.003324,0.000283,1524062.000000,47766.000000,0.031341
146,118,300,0.003328,0.000288,1573983.000000,51982.000000,0.033026
147,119,300,0.003324,0.000298,1581398.000000,53706.000000,0.033961
148,120,300,0.003318,0.000384,1626622.000000,55868.000000,0.034346
149,121,300,0.003328,0.000293,1611917.000000,52608.000000,0.032637
150,122,300,0.003320,0.000311,1591813.000000,50111.000000,0.031480
151,122,300,0.003325,0.000348,1661507.000000,57403.000000,0.034549
152,123,300,0.003328,0.000307,1701784.000000,52919.000000,0.031096
153,124,300,0.003325,0.000341,1748511.000000,56924.000000,0.032556
154,125,300,0.003320,0.000357,1745608.000000,55019.000000,0.031519
155,126,300,0.003328,0.000370,1748389.000000,51521.000000,0.029468
156,126,300,0.003319,0.000390,1836657.000000,57575.000000,0.031348
157,127,300,0.003321,0.000391,1883741.000000,56927.000000,0.030220
158,127,300,0.003337,0.000323,1865110.000000,58929.000000,0.031595
159,128,300,0.003314,0.000673,2109008.000000,84944.000000,0.040277
160,128,300,0.003319,0.000420,1917215.000000,54585.000000,0.028471
161,128,300,0.003325,0.000376,1954441.000000,61125.000000,0.031275
162,129,300,0.003322,0.000417,1969170.000000,59947.000000,0.030443
163,130,300,0.003326,0.000364,2007946.000000,61699.000000,0.030727
164,131,300,0.003324,0.000599,2087100.000000,88811.000000,0.042552
165,131,300,0.003318,0.000494,2021413.000000,60689.000000,0.030023
166,132,300,0.003320,0.000387,2066069.000000,61654.000000,0.029841
167,133,300,0.003329,0.000361,2069706.000000,60412.000000,0.029189
168,134,300,0.003316,0.000466,2108746.000000,62104.000000,0.029451
169,135,300,0.003323,0.000469,2124295.000000,60798.000000,0.028620
170,136,300,0.003325,0.000480,2154496.000000,58226.000000,0.027025
171,137,300,0.003320,0.000449,2211927.000000,63335.000000,0.028633
172,138,300,0.003325,0.000446,2197325.000000,61411.000000,0.027948
173,139,300,0.003328,0.000445,2255354.000000,62597.000000,0.027755
174,140,300,0.003321,0.000419,2273279.000000,64322.000000,0.028295
175,141,300,0.003325,0.000546,2330887.000000,64591.000000,0.027711
176,142,300,0.003328,0.000478,2382297.000000,64817.000000,0.027208
177,143,300,0.003325,0.000486,2369522.000000,65389.000000,0.027596
178,144,300,0.003317,0.000489,2457586.000000,67488.000000,0.027461
179,145,300,0.003328,0.000485,2419621.000000,65758.000000,0.027177
180,146,300,0.003320,0.000550,2415000.000000,63475.000000,0.026284
181,147,300,0.003324,0.000497,2472171.000000,67679.000000,0.027376
182,148,300,0.003327,0.000527,2492339.000000,66913.000000,0.026847
183,149,300,0.003322,0.000527,2548628.000000,67486.000000,0.026479
184,149,300,0.003323,0.000521,2609460.000000,69148.000000,0.026499
185,150,300,0.003329,0.000535,2549252.000000,64133.000000,0.025158
186,151,300,0.003318,0.000611,2666393.000000,70110.000000,0.026294
187,152,300,0.003325,0.000529,2695354.000000,69973.000000,0.025961
188,153,300,0.003328,0.000578,2688050.000000,69891.000000,0.026001
189,154,300,0.003320,0.000579,2743930.000000,71276.000000,0.025976
190,155,300,0.003325,0.000552,2695799.000000,65909.000000,0.024449
191,156,300,0.003328,0.000587,2745911.000000,71383.000000,0.025996
192,156,300,0.003320,0.000925,3114998.000000,105618.000000,0.033906
193,157,300,0.003325,0.000534,2880922.000000,73388.000000,0.025474
194,158,300,0.003324,0.000944,3157851.000000,110883.000000,0.035113
195,159,300,0.003322,0.000678,2870079.000000,70747.000000,0.024650
196,159,300,0.003314,0.000667,3032357.000000,77846.000000,0.025672
197,159,300,0.003327,0.000711,3015921.000000,75780.000000,0.025127
198,160,300,0.003316,0.000717,3059588.000000,75928.000000,0.024816
199,161,300,0.003322,0.000654,3105907.000000,76785.000000,0.024722
200,162,300,0.003327,0.000752,3044584.000000,73086.000000,0.024005
201,163,300,0.003319,0.000734,3118132.000000,76410.000000,0.024505
202,163,300,0.003323,0.000662,3103457.000000,74929.000000,0.024144
203,164,300,0.003333,0.000760,3148792.000000,76832.000000,0.024400
204,165,300,0.003310,0.000755,3280371.000000,79071.000000,0.024104
205,166,300,0.003323,0.000706,3225199.000000,73187.000000,0.022692
206,167,300,0.003331,0.000808,3275120.000000,78006.000000,0.023818
207,168,300,0.003312,0.000792,3394049.000000,81519.000000,0.024018
208,169,300,0.003322,0.000660,3450183.000000,80133.000000,0.023226
209,170,300,0.003326,0.000814,3384186.000000,79339.000000,0.023444
210,171,300,0.003323,0.000820,3441857.000000,76613.000000,0.022259
211,172,300,0.003321,0.000734,3425685.000000,79887.000000,0.023320
212,173,300,0.003327,0.000843,3509395.000000,79848.000000,0.022753
213,174,300,0.003321,0.000857,3595092.000000,82475.000000,0.022941
214,175,300,0.003325,0.000830,3683901.000000,84806.000000,0.023021
215,176,300,0.003323,0.000980,3883377.000000,101920.000000,0.026245
216,176,300,0.003315,0.000741,3827041.000000,87794.000000,0.022940
217,176,300,0.003329,0.000876,3787326.000000,90653.000000,0.023936
218,177,300,0.003323,0.001340,4085761.000000,129705.000000,0.031746
219,178,300,0.003314,0.001325,4148198.000000,120671.000000,0.029090
220,179,300,0.003321,0.001257,4041179.000000,112197.000000,0.027763
221,179,300,0.003323,0.000760,3907273.000000,88275.000000,0.022592
222,180,300,0.003325,0.000902,3961314.000000,97280.000000,0.024558
223,180,300,0.003322,0.000942,3883554.000000,91094.000000,0.023456
224,181,300,0.003328,0.001013,3922122.000000,88485.000000,0.022560
225,181,300,0.003320,0.000945,3956404.000000,85358.000000,0.021575
226,182,300,0.003323,0.000872,3868309.000000,88308.000000,0.022829
227,182,300,0.003327,0.000958,3844006.000000,86475.000000,0.022496
228,183,300,0.003319,0.000942,3854227.000000,86823.000000,0.022527
229,183,300,0.003324,0.000869,3843615.000000,87933.000000,0.022878
230,184,300,0.003327,0.000965,3816444.000000,83096.000000,0.021773
231,185,300,0.003319,0.000937,3919821.000000,88409.000000,0.022554
232,186,300,0.003324,0.000907,4015977.000000,90235.000000,0.022469
233,187,300,0.003330,0.000974,3963559.000000,88518.000000,0.022333
234,188,300,0.003317,0.000991,4045051.000000,90083.000000,0.022270
235,189,300,0.003323,0.000911,3986164.000000,85456.000000,0.021438
236,190,300,0.003328,0.000870,4051344.000000,91556.000000,0.022599
237,190,300,0.003320,0.000983,4121819.000000,91572.000000,0.022216
238,191,300,0.003319,0.000951,4215188.000000,92593.000000,0.021967
239,192,300,0.003326,0.000890,4243725.000000,92737.000000,0.021853
240,193,300,0.003318,0.001031,4245785.000000,88786.000000,0.020912
241,194,300,0.003323,0.000983,4298464.000000,93576.000000,0.021770
242,194,300,0.003328,0.000921,4366007.000000,94787.000000,0.021710
243,195,300,0.003319,0.001074,4461218.000000,96475.000000,0.021625
244,196,300,0.003323,0.001007,4425829.000000,95986.000000,0.021688
245,197,300,0.003327,0.000962,4449894.000000,95204.000000,0.021395
246,198,300,0.003319,0.001108,4538044.000000,99302.000000,0.021882
247,199,300,0.003324,0.001149,4542363.000000,101733.000000,0.022396
248,199,300,0.003324,0.000975,4629764.000000,100087.000000,0.021618
249,199,300,0.003322,0.001112,4604753.000000,99104.000000,0.021522
250,199,300,0.003323,0.001036,4516384.000000,94393.000000,0.020900
251,199,300,0.003328,0.001007,4619838.000000,99005.000000,0.021430
252,200,300,0.003319,0.001129,4508093.000000,98991.000000,0.021959
253,201,300,0.003323,0.001047,4580617.000000,98664.000000,0.021539
254,202,300,0.003328,0.001002,4600410.000000,100302.000000,0.021803
255,203,300,0.003319,0.001140,4670710.000000,96103.000000,0.020576
256,204,300,0.003323,0.001103,4773982.000000,102238.000000,0.021416
257,204,300,0.003327,0.001030,4797495.000000,102787.000000,0.021425
258,205,300,0.003319,0.001186,4859513.000000,103553.000000,0.021309
259,205,300,0.003324,0.001110,4799482.000000,103060.000000,0.021473
260,206,300,0.003328,0.001053,4750400.000000,99424.000000,0.020930
261,207,300,0.003319,0.001187,4909921.000000,103655.000000,0.021111
262,208,300,0.003324,0.001191,5124340.000000,107829.000000,0.021043
263,209,300,0.003325,0.001118,5177312.000000,107713.000000,0.020805
264,210,300,0.003324,0.001262,5181134.000000,107323.000000,0.020714
265,211,300,0.003323,0.001214,5149954.000000,104072.000000,0.020208
266,212,300,0.003325,0.001167,5343108.000000,110694.000000,0.020717
267,213,300,0.003326,0.001293,5349223.000000,114043.000000,0.021320
268,214,300,0.003319,0.001266,5474769.000000,114422.000000,0.020900
269,214,300,0.003323,0.001190,5477628.000000,112297.000000,0.020501
270,215,300,0.003325,0.001338,5457220.000000,109951.000000,0.020148
271,216,300,0.003323,0.001298,5556774.000000,114971.000000,0.020690
272,217,300,0.003326,0.001221,5560669.000000,114619.000000,0.020612
273,218,300,0.003324,0.001353,5593987.000000,116082.000000,0.020751
274,218,300,0.003323,0.001315,5594562.000000,115880.000000,0.020713
275,219,300,0.003327,0.001406,5764612.000000,126561.000000,0.021955
276,219,300,0.003322,0.001388,5793124.000000,118359.000000,0.020431
277,220,300,0.003323,0.001360,5863750.000000,119072.000000,0.020306
278,220,300,0.003324,0.001302,5912595.000000,117855.000000,0.019933
279,221,300,0.003325,0.001435,5962826.000000,120616.000000,0.020228
280,222,300,0.003324,0.001401,5963583.000000,117103.000000,0.019636
281,223,300,0.003324,0.001321,5974669.000000,120933.000000,0.020241
282,224,300,0.003326,0.001559,6135100.000000,125063.000000,0.020385
283,224,300,0.003321,0.001419,6131241.000000,122094.000000,0.019913
284,225,300,0.003323,0.001347,6096478.000000,121116.000000,0.019867
285,226,300,0.003325,0.001260,6123775.000000,118519.000000,0.019354
286,227,300,0.003323,0.001438,6202241.000000,123555.000000,0.019921
287,227,300,0.003325,0.001396,6303393.000000,127063.000000,0.020158
288,228,300,0.003323,0.001292,6246129.000000,125252.000000,0.020053
289,229,300,0.003323,0.001453,6268993.000000,124616.000000,0.019878
290,229,300,0.003327,0.001385,6448939.000000,139895.000000,0.021693
291,230,300,0.003321,0.001319,6313358.000000,125347.000000,0.019854
292,230,300,0.003323,0.001477,6302110.000000,124524.000000,0.019759
293,231,300,0.003324,0.001433,6414601.000000,127315.000000,0.019848
294,232,300,0.003322,0.001334,6467969.000000,128507.000000,0.019868
295,233,300,0.003326,0.001527,6450372.000000,124747.000000,0.019340
296,234,300,0.003324,0.001475,6520230.000000,129215.000000,0.019818
297,234,300,0.003325,0.001355,6564043.000000,131256.000000,0.019996
298,234,300,0.003322,0.001583,6627341.000000,132195.000000,0.019947
299,235,300,0.003324,0.001527,6749207.000000,133472.000000,0.019776
300,236,300,0.003321,0.001403,6679736.000000,130618.000000,0.019554
301,237,300,0.003331,0.001802,6813558.000000,136147.000000,0.019982
302,237,300,0.003326,0.001415,6914253.000000,135058.000000,0.019533
303,238,300,0.003322,0.001447,6994276.000000,136468.000000,0.019511
304,239,300,0.003326,0.001638,7010435.000000,135787.000000,0.019369
305,240,300,0.003324,0.001595,6993411.000000,135384.000000,0.019359
306,241,300,0.003322,0.001476,7054544.000000,139015.000000,0.019706
307,242,300,0.003324,0.001667,7127589.000000,140156.000000,0.019664
308,243,300,0.003327,0.001502,7232500.000000,140723.000000,0.019457
309,244,300,0.003322,0.001515,7270509.000000,141050.000000,0.019400
310,245,300,0.003325,0.001728,7348571.000000,139539.000000,0.018989
311,246,300,0.003327,0.001559,7485385.000000,145204.000000,0.019398
312,247,300,0.003322,0.001559,7521424.000000,145701.000000,0.019371
313,248,300,0.003325,0.001752,7524614.000000,145994.000000,0.019402
314,249,300,0.003328,0.001568,7508860.000000,145617.000000,0.019393
315,250,300,0.003323,0.001582,7616602.000000,143310.000000,0.018815
316,250,300,0.003325,0.001803,7719695.000000,147968.000000,0.019168
317,251,300,0.003328,0.001632,7863163.000000,151347.000000,0.019248
318,251,300,0.003323,0.001650,7945051.000000,151182.000000,0.019028
319,251,300,0.003327,0.001867,7995542.000000,152285.000000,0.019046
320,251,300,0.003325,0.001704,8097262.000000,148710.000000,0.018365
321,252,300,0.003326,0.001682,8101735.000000,153099.000000,0.018897
322,252,300,0.003329,0.001912,8211825.000000,155064.000000,0.018883
323,253,300,0.003326,0.001693,8158187.000000,154310.000000,0.018915
324,254,300,0.003325,0.001726,8185649.000000,155838.000000,0.019038
325,255,300,0.003330,0.001932,8237466.000000,153569.000000,0.018643
326,256,300,0.003326,0.001754,8312232.000000,158927.000000,0.019120
327,257,300,0.003337,0.001935,8465545.000000,166173.000000,0.019629
328,258,300,0.003341,0.002123,8494725.000000,166412.000000,0.019590
329,259,300,0.003322,0.001767,8491251.000000,160775.000000,0.018934
330,260,300,0.003343,0.002160,8714651.000000,163043.000000,0.018709
331,261,300,0.003326,0.001854,8793007.000000,166575.000000,0.018944
332,262,300,0.003326,0.001852,8754530.000000,164396.000000,0.018778
333,263,300,0.003327,0.001842,8849327.000000,166581.000000,0.018824
334,263,300,0.003335,0.002052,8765613.000000,164880.000000,0.018810
335,263,300,0.003326,0.001854,8734930.000000,159998.000000,0.018317
336,264,300,0.003326,0.001860,8783381.000000,165204.000000,0.018809
337,265,300,0.003347,0.002182,8906725.000000,166729.000000,0.018719
338,266,300,0.003327,0.001879,8884195.000000,167564.000000,0.018861
339,266,300,0.003328,0.001895,8891298.000000,166984.000000,0.018781
340,267,300,0.003337,0.002091,8837130.000000,162966.000000,0.018441
341,268,300,0.003328,0.001873,8954903.000000,167532.000000,0.018708
342,269,300,0.003330,0.001915,8948363.000000,168864.000000,0.018871
343,270,300,0.003340,0.002108,9037927.000000,168503.000000,0.018644
344,271,300,0.003328,0.001905,8999197.000000,168866.000000,0.018765
345,272,300,0.003331,0.001924,9084641.000000,165862.000000,0.018257
346,273,300,0.003342,0.002155,9236953.000000,171666.000000,0.018585
347,274,300,0.003331,0.001931,9217204.000000,171629.000000,0.018621
348,275,300,0.003332,0.001975,9236944.000000,173186.000000,0.018749
349,276,300,0.003343,0.002163,9320235.000000,169590.000000,0.018196
350,276,300,0.003333,0.001989,9496241.000000,177587.000000,0.018701
351,277,300,0.003336,0.002018,9501554.000000,176602.000000,0.018587
352,278,300,0.003346,0.002227,9615921.000000,177637.000000,0.018473
353,279,300,0.003400,0.002030,9646115.000000,179365.000000,0.018595
354,280,300,0.003292,0.002126,9658729.000000,176429.000000,0.018266
355,281,300,0.003339,0.002089,9759476.000000,181230.000000,0.018570
356,282,300,0.003325,0.002097,9865952.000000,182456.000000,0.018494
357,282,300,0.003350,0.002319,9914489.000000,186569.000000,0.018818
358,283,300,0.003342,0.002130,9941271.000000,183532.000000,0.018462
359,284,300,0.003339,0.002104,9879209.000000,179179.000000,0.018137
360,285,300,0.003344,0.002200,9977817.000000,185211.000000,0.018562
361,285,300,0.003343,0.002149,9955811.000000,183234.000000,0.018405
362,286,300,0.003339,0.002137,9969863.000000,185523.000000,0.018608
363,287,300,0.003351,0.002286,10158401.000000,187789.000000,0.018486
364,288,300,0.003344,0.002187,10169799.000000,184443.000000,0.018136
365,289,300,0.003343,0.002178,10177314.000000,187599.000000,0.018433
366,290,300,0.003347,0.002230,10300141.000000,189561.000000,0.018404
367,291,299,0.003346,0.002220,10375016.000000,190350.000000,0.018347
368,292,299,0.003346,0.002200,10429675.000000,190053.000000,0.018222
369,293,299,0.003348,0.002290,10413502.000000,186220.000000,0.017883
370,294,299,0.003346,0.002253,10414582.000000,190621.000000,0.018303
371,294,299,0.003338,0.002208,10498381.000000,189781.000000,0.018077
372,295,299,0.003350,0.002324,10564428.000000,192813.000000,0.018251
373,296,299,0.003326,0.002307,10701935.000000,194393.000000,0.018164
374,297,299,0.003348,0.002272,10690608.000000,191805.000000,0.017941
375,298,299,0.003352,0.002345,10779280.000000,195888.000000,0.018173
376,299,299,0.003352,0.002331,10835994.000000,197563.000000,0.018232
377,300,299,0.003350,0.002301,10891828.000000,196818.000000,0.018070
378,301,299,0.003358,0.002424,11193293.000000,203511.000000,0.018182
379,302,299,0.003359,0.002470,11426321.000000,203554.000000,0.017814
380,303,299,0.003356,0.002458,11485096.000000,205467.000000,0.017890
381,304,299,0.003360,0.002530,11520079.000000,208504.000000,0.018099
382,304,299,0.003360,0.002488,11518776.000000,210035.000000,0.018234
383,305,299,0.003359,0.002466,11666396.000000,209615.000000,0.017967
384,306,299,0.003338,0.002577,11818335.000000,211124.000000,0.017864
385,307,299,0.003361,0.002514,11769393.000000,213149.000000,0.018110
386,308,299,0.003359,0.002499,11704225.000000,211322.000000,0.018055
387,309,299,0.003378,0.002786,12031216.000000,219735.000000,0.018264
388,310,299,0.003374,0.002763,12130673.000000,221086.000000,0.018225
389,311,299,0.003361,0.002561,11975675.000000,212001.000000,0.017703
390,312,299,0.003389,0.002632,12109615.000000,218478.000000,0.018042
391,313,298,0.003363,0.002562,12175210.000000,218145.000000,0.017917
392,314,298,0.003353,0.002599,12119432.000000,218006.000000,0.017988
393,314,298,0.003369,0.002594,12118564.000000,217720.000000,0.017966
394,314,298,0.003361,0.002594,12116661.000000,213413.000000,0.017613
395,314,298,0.003370,0.002600,12166035.000000,216778.000000,0.017818
396,315,298,0.003363,0.002602,12211491.000000,218865.000000,0.017923
397,316,298,0.003365,0.002608,12316197.000000,218783.000000,0.017764
398,316,298,0.003372,0.002641,12351015.000000,219958.000000,0.017809
399,317,298,0.003367,0.002656,12477554.000000,219083.000000,0.017558
400,317,298,0.003361,0.002666,12667511.000000,222555.000000,0.017569
401,318,298,0.003375,0.002696,12814645.000000,224702.000000,0.017535
402,319,298,0.003370,0.002739,12974527.000000,226614.000000,0.017466
403,320,298,0.003371,0.002727,12878777.000000,226009.000000,0.017549
404,321,298,0.003371,0.002741,12828722.000000,223208.000000,0.017399
405,322,298,0.003373,0.002748,12991876.000000,226519.000000,0.017435
406,323,298,0.003374,0.002774,13101153.000000,229467.000000,0.017515
407,324,298,0.003376,0.002797,13150478.000000,228938.000000,0.017409
408,325,298,0.003374,0.002807,13108612.000000,229860.000000,0.017535
409,326,298,0.003374,0.002784,13157421.000000,225268.000000,0.017121
410,327,297,0.003377,0.002854,13393692.000000,233022.000000,0.017398
411,328,297,0.003375,0.002822,13242497.000000,229650.000000,0.017342
412,328,297,0.003374,0.002819,13241057.000000,231300.000000,0.017468
413,329,297,0.003378,0.002851,13348125.000000,232662.000000,0.017430
414,330,297,0.003378,0.002854,13462944.000000,231739.000000,0.017213
415,331,297,0.003378,0.002882,13564219.000000,237034.000000,0.017475
416,332,297,0.003341,0.002907,13549741.000000,238649.000000,0.017613
417,332,297,0.003486,0.003054,13691620.000000,240489.000000,0.017565
418,333,297,0.003390,0.002925,13655517.000000,239706.000000,0.017554
419,334,297,0.003381,0.002960,13840011.000000,239413.000000,0.017299
420,335,297,0.003382,0.002950,13978203.000000,242914.000000,0.017378
421,335,297,0.003353,0.002992,14157571.000000,245884.000000,0.017368
422,336,297,0.003465,0.003142,13915500.000000,241854.000000,0.017380
423,337,297,0.003362,0.002980,14058561.000000,242585.000000,0.017255
424,337,297,0.003382,0.003010,14190826.000000,240993.000000,0.016982
425,338,296,0.003410,0.003084,14339475.000000,248058.000000,0.017299
426,339,296,0.003414,0.003058,14405284.000000,247569.000000,0.017186
427,340,296,0.003405,0.003079,14525548.000000,249407.000000,0.017170
428,341,296,0.003444,0.003138,14529843.000000,251061.000000,0.017279
429,342,296,0.003453,0.003121,14643820.000000,247122.000000,0.016876
430,343,296,0.003502,0.003146,14817795.000000,254049.000000,0.017145
431,344,295,0.003711,0.003320,14807430.000000,255215.000000,0.017236
432,344,295,0.003482,0.003162,14816443.000000,252270.000000,0.017026
433,344,295,0.003498,0.003206,14886900.000000,250709.000000,0.016841
434,344,294,0.003539,0.003186,14904552.000000,252766.000000,0.016959
435,345,294,0.003742,0.003416,14932026.000000,256933.000000,0.017207
436,346,294,0.003592,0.003247,15187844.000000,258636.000000,0.017029
437,347,293,0.003571,0.003246,15187404.000000,258345.000000,0.017010
438,348,293,0.003548,0.003250,15292911.000000,256452.000000,0.016769
439,348,293,0.003601,0.003280,15276325.000000,258657.000000,0.016932
440,348,292,0.003565,0.003266,15207297.000000,259241.000000,0.017047
441,349,292,0.003540,0.003249,15260000.000000,260271.000000,0.017056
442,350,292,0.003658,0.003362,15391194.000000,263438.000000,0.017116
443,350,291,0.003654,0.003327,15471087.000000,257664.000000,0.016655
444,351,291,0.003694,0.003403,15642126.000000,264474.000000,0.016908
445,351,290,0.003885,0.003568,15764147.000000,271329.000000,0.017212
446,352,289,0.003991,0.003693,15821410.000000,272526.000000,0.017225
447,353,289,0.003694,0.003359,15753129.000000,262659.000000,0.016673
448,354,288,0.003671,0.003382,15739466.000000,267784.000000,0.017014
449,354,288,0.003688,0.003356,15866586.000000,267349.000000,0.016850
450,354,287,0.003778,0.003459,16143221.000000,270487.000000,0.016755
451,355,287,0.003730,0.003411,16017679.000000,264101.000000,0.016488
452,356,286,0.003728,0.003411,16080158.000000,270238.000000,0.016806
453,357,286,0.003800,0.003485,16225552.000000,271257.000000,0.016718
454,358,285,0.003781,0.003457,16314533.000000,273232.000000,0.016748
455,359,284,0.003868,0.003537,16559489.000000,276556.000000,0.016701
456,360,284,0.003873,0.003561,16671458.000000,274377.000000,0.016458
457,361,283,0.003889,0.003559,16689479.000000,277216.000000,0.016610
458,362,282,0.004165,0.003816,16684250.000000,279639.000000,0.016761
459,363,281,0.003905,0.003551,16755121.000000,280718.000000,0.016754
460,363,280,0.003922,0.003616,16725315.000000,277004.000000,0.016562
461,364,280,0.004013,0.003630,16896655.000000,282810.000000,0.016738
462,365,279,0.004106,0.003794,16824063.000000,279326.000000,0.016603
463,365,278,0.003911,0.003612,16815117.000000,279633.000000,0.016630
464,365,277,0.003874,0.003598,16748514.000000,274077.000000,0.016364
465,366,277,0.003932,0.003613,16908312.000000,280672.000000,0.016600
466,367,276,0.003926,0.003632,16932788.000000,282349.000000,0.016675
467,367,275,0.003894,0.003609,16886063.000000,282004.000000,0.016700
468,368,275,0.003937,0.003649,16929475.000000,282793.000000,0.016704
469,369,274,0.003946,0.003631,17042083.000000,280389.000000,0.016453
470,370,273,0.004021,0.003702,17315232.000000,287343.000000,0.016595
471,370,272,0.004368,0.004058,17231776.000000,290746.000000,0.016873
472,371,271,0.003979,0.003678,17125506.000000,286287.000000,0.016717
473,372,270,0.004066,0.003743,17235377.000000,285476.000000,0.016563
474,373,269,0.004089,0.003773,17474783.000000,292068.000000,0.016714
475,374,268,0.004175,0.003836,17724583.000000,297936.000000,0.016809
476,375,267,0.004137,0.003846,17711825.000000,298694.000000,0.016864
477,376,267,0.004106,0.003801,17768852.000000,295036.000000,0.016604
478,377,266,0.004251,0.003945,17927806.000000,302387.000000,0.016867
479,378,265,0.004201,0.003835,18083842.000000,303973.000000,0.016809
480,379,264,0.004236,0.003940,18024052.000000,302738.000000,0.016796
481,380,263,0.004248,0.003906,18146412.000000,297566.000000,0.016398
482,381,262,0.004288,0.003958,18260075.000000,303396.000000,0.016615
483,382,261,0.004291,0.003941,18353498.000000,303093.000000,0.016514
484,382,260,0.004223,0.003922,18322685.000000,303904.000000,0.016586
485,383,259,0.004411,0.004075,18617223.000000,306053.000000,0.016439
486,383,258,0.004268,0.003962,18484847.000000,305278.000000,0.016515
487,384,256,0.004404,0.004064,18743300.000000,309240.000000,0.016499
488,384,255,0.004383,0.004071,18866497.000000,306297.000000,0.016235
489,385,254,0.004396,0.004068,18751747.000000,311235.000000,0.016598
490,386,253,0.004379,0.004078,18839990.000000,312544.000000,0.016589
491,386,253,0.004450,0.004036,18973385.000000,311604.000000,0.016423
492,387,252,0.004431,0.004107,19065447.000000,310819.000000,0.016303
493,387,251,0.004354,0.004055,18843493.000000,311734.000000,0.016543
494,388,250,0.004602,0.004294,18943682.000000,315373.000000,0.016648
495,389,249,0.004404,0.004037,19063364.000000,311277.000000,0.016329
496,390,248,0.004397,0.004112,19009457.000000,308095.000000,0.016207
497,391,247,0.004451,0.004130,19208398.000000,313381.000000,0.016315
498,391,246,0.004449,0.004122,19254514.000000,314453.000000,0.016331
499,392,245,0.004441,0.004124,19311463.000000,313913.000000,0.016255
500,393,245,0.004498,0.004150,19487351.000000,313134.000000,0.016069
501,394,244,0.004500,0.004170,19566709.000000,319430.000000,0.016325
502,395,243,0.004501,0.004159,19606963.000000,317826.000000,0.016210
503,395,242,0.004520,0.004234,19590127.000000,315624.000000,0.016111
504,396,241,0.004504,0.004213,19628225.000000,321263.000000,0.016367
505,397,240,0.004565,0.004229,19793408.000000,321599.000000,0.016248
506,397,240,0.004560,0.004245,19900859.000000,323757.000000,0.016268
507,398,239,0.004619,0.004284,19955796.000000,320561.000000,0.016064
508,399,238,0.004556,0.004260,19836368.000000,320259.000000,0.016145
509,400,237,0.004634,0.004287,20094347.000000,324819.000000,0.016165
510,401,236,0.004683,0.004358,20191653.000000,329066.000000,0.016297
511,401,236,0.004620,0.004288,20061942.000000,322577.000000,0.016079
512,402,235,0.004674,0.004325,20277517.000000,327222.000000,0.016137
513,402,234,0.004687,0.004328,20435515.000000,329705.000000,0.016134
514,403,233,0.004673,0.004324,20182831.000000,325381.000000,0.016122
515,403,232,0.004715,0.004377,20411010.000000,330788.000000,0.016206
516,404,231,0.005470,0.005063,20566490.000000,340622.000000,0.016562
517,405,230,0.004769,0.004388,20466375.000000,332307.000000,0.016237
518,406,229,0.005170,0.004774,20660357.000000,336343.000000,0.016280
519,407,228,0.004813,0.004432,20724798.000000,338433.000000,0.016330
520,408,227,0.005074,0.004663,20872980.000000,339401.000000,0.016260
521,408,227,0.004811,0.004478,20916910.000000,337677.000000,0.016144
522,408,226,0.005083,0.004619,21109584.000000,344540.000000,0.016321
523,408,225,0.005170,0.004758,21486564.000000,349615.000000,0.016271
524,409,224,0.005096,0.004706,21504339.000000,342528.000000,0.015928
525,409,223,0.005061,0.004615,21697089.000000,352616.000000,0.016252
526,409,222,0.005156,0.004761,21419217.000000,347046.000000,0.016203
527,410,221,0.005025,0.004613,21653571.000000,348371.000000,0.016088
528,411,220,0.005160,0.004773,21766787.000000,349088.000000,0.016038
529,412,219,0.005466,0.005105,21805439.000000,354099.000000,0.016239
530,413,218,0.005046,0.004699,21832393.000000,352852.000000,0.016162
531,414,217,0.005024,0.004718,21873801.000000,351399.000000,0.016065
532,415,216,0.005192,0.004867,21764077.000000,353151.000000,0.016226
533,416,216,0.005086,0.004729,22018361.000000,353363.000000,0.016049
534,417,215,0.005110,0.004772,22265644.000000,352352.000000,0.015825
535,417,214,0.005082,0.004729,22055679.000000,354915.000000,0.016092
536,417,213,0.005225,0.004907,22197688.000000,356658.000000,0.016067
537,417,213,0.005110,0.004774,22215818.000000,353491.000000,0.015912
538,418,212,0.005220,0.004874,22616506.000000,363274.000000,0.016062
539,419,211,0.005166,0.004798,22393116.000000,357524.000000,0.015966
540,420,210,0.005183,0.004825,22509805.000000,357259.000000,0.015871
541,420,210,0.005388,0.004985,22833298.000000,366180.000000,0.016037
542,421,209,0.005360,0.005003,22530805.000000,363365.000000,0.016127
543,422,208,0.005377,0.005018,22900266.000000,370383.000000,0.016174
544,422,207,0.005220,0.004892,22808232.000000,365080.000000,0.016007
545,423,207,0.005422,0.005068,23096203.000000,373511.000000,0.016172
546,424,206,0.005305,0.004983,23136412.000000,373159.000000,0.016129
547,425,205,0.005420,0.005068,23199025.000000,370815.000000,0.015984
548,426,204,0.005385,0.005052,23281646.000000,373166.000000,0.016028
549,427,204,0.005393,0.005027,23476724.000000,372723.000000,0.015876
550,428,203,0.005604,0.005131,23886036.000000,387589.000000,0.016227
551,429,202,0.005456,0.005122,23814660.000000,377750.000000,0.015862
552,430,201,0.005548,0.005185,24017866.000000,378804.000000,0.015772
553,431,201,0.005553,0.005190,24183407.000000,378748.000000,0.015661
554,431,200,0.005895,0.005519,24638378.000000,390110.000000,0.015833
555,432,199,0.005559,0.005182,24346012.000000,383858.000000,0.015767
556,433,198,0.005682,0.005338,24524079.000000,384398.000000,0.015674
557,434,197,0.005687,0.005344,24693764.000000,389400.000000,0.015769
558,435,196,0.005670,0.005363,24751840.000000,390509.000000,0.015777
559,436,196,0.005689,0.005380,24765746.000000,386602.000000,0.015610
560,437,195,0.005708,0.005400,24921489.000000,393412.000000,0.015786
561,438,194,0.005814,0.005447,25063110.000000,393544.000000,0.015702
562,439,193,0.005805,0.005477,25354002.000000,395081.000000,0.015583
563,440,192,0.005883,0.005518,25352852.000000,397331.000000,0.015672
564,441,191,0.006008,0.005686,25393798.000000,402044.000000,0.015832
565,442,191,0.005821,0.005459,25409030.000000,393927.000000,0.015503
566,443,190,0.005853,0.005536,25475599.000000,400933.000000,0.015738
567,444,189,0.005937,0.005509,25821979.000000,401185.000000,0.015537
568,445,188,0.006016,0.005698,25958219.000000,405388.000000,0.015617
569,445,187,0.005971,0.005595,25900801.000000,404738.000000,0.015626
570,446,187,0.005941,0.005588,25991950.000000,401134.000000,0.015433
571,447,186,0.006243,0.005845,26235376.000000,411674.000000,0.015692
572,448,185,0.005955,0.005641,26092861.000000,408987.000000,0.015674
573,449,184,0.006060,0.005730,26175349.000000,406412.000000,0.015527
574,450,183,0.006093,0.005741,26393015.000000,410908.000000,0.015569
575,450,183,0.006046,0.005719,26372840.000000,410440.000000,0.015563
576,450,182,0.006109,0.005797,26476237.000000,409140.000000,0.015453
577,451,182,0.006059,0.005716,26532627.000000,412700.000000,0.015554
578,452,181,0.006153,0.005859,26546779.000000,411492.000000,0.015501
579,452,180,0.006117,0.005800,26493337.000000,413810.000000,0.015619
580,453,180,0.006083,0.005752,26499769.000000,412253.000000,0.015557
581,454,179,0.006168,0.005803,26695917.000000,411603.000000,0.015418
582,455,179,0.006140,0.005755,26887439.000000,415809.000000,0.015465
583,456,178,0.006161,0.005831,26781747.000000,417157.000000,0.015576
584,456,177,0.006173,0.005819,26958863.000000,412194.000000,0.015290
585,457,177,0.006239,0.005858,27285294.000000,419137.000000,0.015361
586,457,176,0.006227,0.005928,27121151.000000,412696.000000,0.015217
587,458,176,0.006310,0.005929,27463552.000000,420651.000000,0.015317
588,459,175,0.006581,0.006242,27805649.000000,427725.000000,0.015383
589,460,174,0.006773,0.006398,28166687.000000,429416.000000,0.015246
590,461,173,0.006703,0.006371,28075526.000000,430724.000000,0.015342
591,462,173,0.006403,0.006020,28034144.000000,430270.000000,0.015348
592,463,172,0.006426,0.006126,27917269.000000,424665.000000,0.015212
593,463,171,0.006321,0.006005,27914215.000000,426864.000000,0.015292
594,464,171,0.006414,0.006057,27910237.000000,424516.000000,0.015210
595,465,170,0.006521,0.006146,28206808.000000,430337.000000,0.015256
596,465,170,0.006401,0.006083,28203237.000000,430745.000000,0.015273
597,466,169,0.006516,0.006153,28340701.000000,427187.000000,0.015073
598,467,168,0.006575,0.006159,28592554.000000,433560.000000,0.015163
599,467,168,0.006617,0.006273,28377926.000000,432242.000000,0.015232
600,468,167,0.006478,0.006155,28476379.000000,432527.000000,0.015189
601,468,166,0.006455,0.006139,28432724.000000,431363.000000,0.015171
602,468,166,0.006418,0.006125,28376145.000000,427596.000000,0.015069
603,468,165,0.006625,0.006302,28549485.000000,434944.000000,0.015235
604,469,165,0.006671,0.006359,28580365.000000,431086.000000,0.015083
605,470,164,0.006533,0.006158,28684918.000000,433568.000000,0.015115
606,470,164,0.006570,0.006254,28733685.000000,436548.000000,0.015193
607,470,163,0.006489,0.006188,28610691.000000,432139.000000,0.015104
608,471,163,0.006522,0.006196,28718710.000000,436569.000000,0.015202
609,472,162,0.006590,0.006244,28858553.000000,439140.000000,0.015217
610,473,162,0.006564,0.006229,28942347.000000,434325.000000,0.015007
611,474,161,0.006599,0.006249,29082726.000000,439890.000000,0.015125
612,475,161,0.006681,0.006342,29349588.000000,439566.000000,0.014977
613,476,160,0.006624,0.006284,29177359.000000,441326.000000,0.015126
614,477,160,0.006625,0.006317,29219840.000000,441661.000000,0.015115
615,477,159,0.006734,0.006347,29481834.000000,442272.000000,0.015002
616,478,159,0.006763,0.006365,29742659.000000,448262.000000,0.015071
617,479,158,0.006789,0.006414,29836527.000000,445392.000000,0.014928
618,480,158,0.007301,0.006910,30172091.000000,457904.000000,0.015176
619,481,157,0.006898,0.006501,29950631.000000,450538.000000,0.015043
620,482,157,0.006822,0.006487,29940811.000000,452575.000000,0.015116
621,483,156,0.006870,0.006488,30118270.000000,452451.000000,0.015022
622,484,156,0.006870,0.006537,30219213.000000,450725.000000,0.014915
623,485,156,0.006895,0.006560,30390878.000000,458192.000000,0.015077
624,485,155,0.006843,0.006525,30149814.000000,447779.000000,0.014852
625,485,155,0.006931,0.006591,30366745.000000,457659.000000,0.015071
626,486,154,0.006937,0.006592,30621823.000000,462804.000000,0.015114
627,487,154,0.006946,0.006611,30709263.000000,459484.000000,0.014962
628,488,154,0.006959,0.006606,30635225.000000,460764.000000,0.015040
629,489,153,0.006955,0.006607,30740929.000000,458771.000000,0.014924
630,489,153,0.006984,0.006668,30775164.000000,462340.000000,0.015023
631,489,152,0.006986,0.006677,30735314.000000,459421.000000,0.014948
632,490,152,0.007207,0.006725,31162585.000000,470246.000000,0.015090
633,491,152,0.007067,0.006687,31243333.000000,468598.000000,0.014998
634,492,151,0.007101,0.006739,31355531.000000,464760.000000,0.014822
635,492,151,0.007100,0.006785,31315446.000000,467884.000000,0.014941
636,492,150,0.007024,0.006721,31100945.000000,462075.000000,0.014857
637,492,150,0.007050,0.006735,31227881.000000,468883.000000,0.015015
638,493,150,0.007054,0.006741,31170626.000000,466383.000000,0.014962
639,493,149,0.007012,0.006712,31084811.000000,462264.000000,0.014871
640,494,149,0.007115,0.006744,31383907.000000,469967.000000,0.014975
641,494,149,0.007118,0.006779,31462253.000000,466041.000000,0.014813
642,495,148,0.007158,0.006794,31598783.000000,469382.000000,0.014854
643,496,148,0.007079,0.006744,31380600.000000,463744.000000,0.014778
644,497,148,0.007120,0.006792,31622329.000000,468996.000000,0.014831
645,498,147,0.007211,0.006840,31897407.000000,472862.000000,0.014824
646,499,147,0.007134,0.006834,31634065.000000,468816.000000,0.014820
647,500,147,0.007410,0.007013,31909267.000000,475232.000000,0.014893
648,500,146,0.007233,0.006889,32024634.000000,473025.000000,0.014771
649,501,146,0.007267,0.006906,32153021.000000,477114.000000,0.014839
650,502,146,0.007287,0.006923,32207726.000000,475719.000000,0.014770
651,503,146,0.007384,0.007021,32496710.000000,487205.000000,0.014992
652,504,145,0.007580,0.007181,32777839.000000,485996.000000,0.014827
653,505,145,0.007584,0.007209,33187662.000000,491971.000000,0.014824
654,506,144,0.007447,0.007117,32785299.000000,485367.000000,0.014804
655,507,144,0.007420,0.007084,32823073.000000,479932.000000,0.014622
656,508,144,0.007511,0.007166,32985994.000000,486273.000000,0.014742
657,509,143,0.007557,0.007220,33153835.000000,484278.000000,0.014607
658,510,143,0.007605,0.007236,33506868.000000,489064.000000,0.014596
659,510,143,0.007523,0.007197,33354782.000000,481736.000000,0.014443
660,511,142,0.008017,0.007683,33669538.000000,495834.000000,0.014726
661,511,142,0.007749,0.007435,33583971.000000,488566.000000,0.014548
662,511,141,0.007833,0.007432,33880206.000000,495084.000000,0.014613
663,512,141,0.007732,0.007347,33755171.000000,489113.000000,0.014490
664,513,140,0.007615,0.007271,33629165.000000,489340.000000,0.014551
665,514,140,0.007916,0.007531,34184616.000000,497693.000000,0.014559
666,515,140,0.007942,0.007565,34298413.000000,497241.000000,0.014497
667,516,139,0.007937,0.007553,34431278.000000,501632.000000,0.014569
668,517,139,0.007745,0.007450,34305781.000000,495653.000000,0.014448
669,518,138,0.008036,0.007641,34754486.000000,504195.000000,0.014507
670,518,138,0.008055,0.007690,34989268.000000,505469.000000,0.014446
671,518,137,0.008088,0.007772,34612429.000000,504190.000000,0.014567
672,518,137,0.008019,0.007696,34505437.000000,498813.000000,0.014456
673,519,136,0.008165,0.007753,34813419.000000,510595.000000,0.014667
674,520,136,0.008046,0.007640,35083529.000000,505794.000000,0.014417
675,521,135,0.008211,0.007848,35516627.000000,517003.000000,0.014557
676,522,135,0.008204,0.007837,35564375.000000,513619.000000,0.014442
677,523,135,0.008281,0.007907,35812064.000000,519776.000000,0.014514
678,524,134,0.008190,0.007886,35722425.000000,516725.000000,0.014465
679,525,134,0.008145,0.007759,36037701.000000,520903.000000,0.014454
680,526,134,0.008284,0.007937,36124517.000000,520739.000000,0.014415
681,527,133,0.008772,0.008403,36244775.000000,530027.000000,0.014624
682,528,132,0.008616,0.008305,36116921.000000,524273.000000,0.014516
683,529,132,0.008626,0.008212,36590562.000000,532933.000000,0.014565
684,529,131,0.008448,0.008115,36821295.000000,530806.000000,0.014416
685,530,131,0.008585,0.008158,36798832.000000,537150.000000,0.014597
686,531,131,0.008198,0.007887,36440573.000000,524460.000000,0.014392
687,532,130,0.008578,0.008173,37061754.000000,535979.000000,0.014462
688,533,130,0.008560,0.008175,37168049.000000,534484.000000,0.014380
689,534,129,0.008632,0.008229,37516457.000000,541072.000000,0.014422
690,534,129,0.008765,0.008362,37458505.000000,541958.000000,0.014468
691,534,128,0.008365,0.007948,37096839.000000,536035.000000,0.014450
692,535,128,0.008621,0.008228,37366249.000000,537379.000000,0.014381
693,536,128,0.008412,0.008020,37559987.000000,546233.000000,0.014543
694,537,127,0.008701,0.008202,38240789.000000,559773.000000,0.014638
695,538,127,0.008515,0.008138,38090886.000000,550493.000000,0.014452
696,538,126,0.008906,0.008593,38028565.000000,548308.000000,0.014418
697,539,126,0.008767,0.008357,38415701.000000,555373.000000,0.014457
698,540,125,0.008701,0.008340,38519414.000000,551030.000000,0.014305
699,540,125,0.008727,0.008411,38412863.000000,551490.000000,0.014357
700,541,124,0.008790,0.008403,38768807.000000,556695.000000,0.014359
701,542,124,0.008837,0.008498,38932382.000000,556587.000000,0.014296
702,542,124,0.008792,0.008471,38742256.000000,558629.000000,0.014419
703,543,123,0.008764,0.008429,38824280.000000,556739.000000,0.014340
704,544,123,0.008853,0.008473,39174918.000000,562901.000000,0.014369
705,545,122,0.008994,0.008657,39394304.000000,565871.000000,0.014364
706,546,122,0.008889,0.008548,39613984.000000,566550.000000,0.014302
707,547,121,0.008886,0.008505,39625232.000000,564222.000000,0.014239
708,548,121,0.009102,0.008708,40174121.000000,574052.000000,0.014289
709,549,121,0.008922,0.008538,39896579.000000,568067.000000,0.014238
710,550,120,0.008940,0.008627,39935886.000000,572950.000000,0.014347
711,550,120,0.008978,0.008686,40065572.000000,568530.000000,0.014190
712,550,119,0.008957,0.008645,39988562.000000,573099.000000,0.014332
713,551,119,0.009000,0.008633,40198607.000000,569448.000000,0.014166
714,552,119,0.009046,0.008755,40267353.000000,575909.000000,0.014302
715,553,118,0.009068,0.008699,40528912.000000,578339.000000,0.014270
716,553,118,0.009115,0.008755,40786097.000000,575630.000000,0.014113
717,553,118,0.009163,0.008777,40970011.000000,584064.000000,0.014256
718,553,117,0.009176,0.008871,40726126.000000,575224.000000,0.014124
719,553,117,0.009359,0.008984,40637821.000000,587385.000000,0.014454
720,554,117,0.009209,0.008831,40870417.000000,583564.000000,0.014278
721,555,116,0.009346,0.009007,41200221.000000,595011.000000,0.014442
722,556,116,0.009426,0.009036,41454004.000000,595870.000000,0.014374
723,557,115,0.009387,0.009015,41396405.000000,591815.000000,0.014296
724,558,115,0.009373,0.009050,41323649.000000,594973.000000,0.014398
725,559,115,0.009474,0.009089,41799350.000000,595620.000000,0.014250
726,560,114,0.009424,0.009106,41477138.000000,598413.000000,0.014428
727,561,114,0.009430,0.009050,41937533.000000,594506.000000,0.014176
728,562,114,0.009530,0.009174,42498990.000000,601121.000000,0.014144
729,562,113,0.009667,0.009269,42369073.000000,599566.000000,0.014151
730,563,113,0.009801,0.009492,42564574.000000,603150.000000,0.014170
731,564,113,0.009680,0.009329,42564086.000000,603954.000000,0.014189
732,565,112,0.009608,0.009275,42832975.000000,601940.000000,0.014053
733,566,112,0.009701,0.009304,43241183.000000,610744.000000,0.014124
734,566,112,0.009534,0.009240,42759565.000000,601157.000000,0.014059
735,567,111,0.009582,0.009259,42943967.000000,609482.000000,0.014192
736,568,111,0.009633,0.009350,43021329.000000,606563.000000,0.014099
737,569,111,0.009664,0.009282,43281173.000000,607939.000000,0.014046
738,570,110,0.009678,0.009351,43402339.000000,613402.000000,0.014133
739,571,110,0.009744,0.009394,43540643.000000,609746.000000,0.014004
740,571,110,0.009872,0.009556,43593189.000000,612806.000000,0.014057
741,571,110,0.009740,0.009453,43598052.000000,610103.000000,0.013994
742,572,109,0.009693,0.009395,43483836.000000,613130.000000,0.014100
743,572,109,0.009752,0.009451,43619281.000000,608832.000000,0.013958
744,573,109,0.009785,0.009384,43755683.000000,610407.000000,0.013950
745,574,109,0.009829,0.009439,44028383.000000,617268.000000,0.014020
746,575,108,0.009764,0.009389,43739944.000000,608778.000000,0.013918
747,576,108,0.009814,0.009449,44002558.000000,614101.000000,0.013956
748,577,108,0.009781,0.009485,43879054.000000,614550.000000,0.014006
749,578,108,0.009836,0.009488,44113305.000000,616300.000000,0.013971
750,578,107,0.010260,0.009942,44187165.000000,625815.000000,0.014163
751,578,107,0.010133,0.009760,44329131.000000,621092.000000,0.014011
752,579,107,0.010060,0.009706,44830800.000000,631257.000000,0.014081
753,580,106,0.010026,0.009691,44794501.000000,626667.000000,0.013990
754,581,106,0.010042,0.009679,44931704.000000,627009.000000,0.013955
755,582,106,0.010040,0.009696,45014733.000000,633866.000000,0.014081
756,583,106,0.009981,0.009687,44863545.000000,626947.000000,0.013975
757,584,105,0.010090,0.009690,45245367.000000,635581.000000,0.014047
758,585,105,0.010121,0.009798,45475034.000000,635180.000000,0.013968
759,586,105,0.010180,0.009781,45688615.000000,636570.000000,0.013933
760,587,105,0.010551,0.010155,46344091.000000,651347.000000,0.014055
761,588,104,0.010254,0.009907,46049513.000000,643516.000000,0.013974
762,589,104,0.010268,0.009923,46186415.000000,642136.000000,0.013903
763,590,104,0.010473,0.010074,46688906.000000,651983.000000,0.013964
764,591,103,0.010380,0.010087,46515590.000000,649147.000000,0.013955
765,592,103,0.010402,0.010018,46668052.000000,653070.000000,0.013994
766,593,103,0.010380,0.010082,46592696.000000,650100.000000,0.013953
767,593,103,0.010332,0.010033,46451602.000000,649216.000000,0.013976
768,594,102,0.010397,0.010087,46638371.000000,654310.000000,0.014029
769,595,102,0.010548,0.010172,46849787.000000,653150.000000,0.013941
770,595,102,0.010570,0.010271,46993003.000000,653079.000000,0.013897
771,595,102,0.010539,0.010159,47176409.000000,658707.000000,0.013963
772,596,101,0.010535,0.010245,47175568.000000,657387.000000,0.013935
773,596,101,0.010517,0.010215,47170619.000000,659433.000000,0.013980
774,597,101,0.010618,0.010327,47396189.000000,657862.000000,0.013880
775,598,101,0.010605,0.010224,47392806.000000,657993.000000,0.013884
776,599,100,0.010574,0.010259,47362408.000000,661775.000000,0.013973
777,600,100,0.010690,0.010293,47755089.000000,661019.000000,0.013842
778,601,100,0.010708,0.010404,47946982.000000,665925.000000,0.013889
779,602,99,0.011005,0.010623,48433722.000000,677276.000000,0.013984
780,603,99,0.010752,0.010452,48217786.000000,668615.000000,0.013867
781,604,99,0.010869,0.010510,48598184.000000,672624.000000,0.013841
782,604,99,0.010818,0.010498,48566469.000000,677152.000000,0.013943
783,605,99,0.010809,0.010484,48383332.000000,674361.000000,0.013938
784,606,98,0.010749,0.010437,48458091.000000,677334.000000,0.013978
785,607,98,0.010773,0.010435,48606634.000000,674392.000000,0.013874
786,608,98,0.010826,0.010506,48854767.000000,675694.000000,0.013831
787,609,98,0.010868,0.010545,49046691.000000,682161.000000,0.013908
788,610,97,0.011025,0.010724,49174001.000000,682123.000000,0.013872
789,610,97,0.011106,0.010765,49518615.000000,682993.000000,0.013793
790,611,97,0.010920,0.010617,49272799.000000,685276.000000,0.013908
791,612,97,0.011008,0.010684,49608134.000000,683051.000000,0.013769
792,613,97,0.010928,0.010643,49379199.000000,683672.000000,0.013845
793,613,96,0.010951,0.010628,49485711.000000,688203.000000,0.013907
794,614,96,0.010964,0.010680,49540302.000000,684475.000000,0.013817
795,614,96,0.011140,0.010753,50035500.000000,699380.000000,0.013978
796,615,96,0.011026,0.010707,49829844.000000,690575.000000,0.013859
797,616,95,0.011387,0.010965,50187030.000000,692655.000000,0.013801
798,617,95,0.011138,0.010820,50050846.000000,693854.000000,0.013863
799,618,95,0.011232,0.010824,50448481.000000,699855.000000,0.013873
800,619,95,0.011349,0.010975,50884686.000000,702783.000000,0.013811
801,620,95,0.011312,0.010936,50581464.000000,700044.000000,0.013840
802,620,94,0.011274,0.010972,50727897.000000,705031.000000,0.013898
803,621,94,0.011321,0.010982,50895364.000000,704950.000000,0.013851
804,622,94,0.011325,0.010987,50945810.000000,705244.000000,0.013843
805,622,94,0.011404,0.011101,51155646.000000,713115.000000,0.013940
806,623,93,0.011616,0.011304,51295461.000000,714226.000000,0.013924
807,624,93,0.011601,0.011199,51755865.000000,712648.000000,0.013769
808,625,93,0.011724,0.011350,52233407.000000,718107.000000,0.013748
809,626,93,0.011632,0.011200,52006190.000000,720514.000000,0.013854
810,627,92,0.011748,0.011381,52488285.000000,722265.000000,0.013760
811,628,92,0.011628,0.011244,52087157.000000,719534.000000,0.013814
812,629,92,0.011754,0.011440,52523451.000000,728782.000000,0.013875
813,630,92,0.011709,0.011399,52346707.000000,726421.000000,0.013877
814,631,91,0.011965,0.011576,53001455.000000,728701.000000,0.013749
815,632,91,0.011955,0.011606,52800600.000000,733232.000000,0.013887
816,632,91,0.011831,0.011433,52845436.000000,728368.000000,0.013783
817,633,91,0.011815,0.011488,52812902.000000,730561.000000,0.013833
818,633,90,0.011803,0.011498,52857803.000000,731203.000000,0.013833
819,634,90,0.011915,0.011574,53204958.000000,736294.000000,0.013839
820,634,90,0.011998,0.011616,53424720.000000,738880.000000,0.013830
821,634,90,0.012568,0.012186,53801660.000000,738258.000000,0.013722
822,635,89,0.011950,0.011568,53450928.000000,732178.000000,0.013698
823,636,89,0.012174,0.011770,53900355.000000,745515.000000,0.013831
824,636,89,0.011987,0.011593,53665078.000000,739323.000000,0.013777
825,637,89,0.012030,0.011691,53941436.000000,742042.000000,0.013756
826,637,88,0.011995,0.011673,53814738.000000,748240.000000,0.013904
827,638,88,0.012008,0.011650,53940946.000000,746986.000000,0.013848
828,639,88,0.012106,0.011812,54123559.000000,749659.000000,0.013851
829,639,88,0.012163,0.011778,54443034.000000,751572.000000,0.013805
830,640,88,0.012251,0.011849,54674558.000000,760703.000000,0.013913
831,640,87,0.012216,0.011909,54075692.000000,750362.000000,0.013876
832,641,87,0.012185,0.011761,54400474.000000,754447.000000,0.013868
833,641,87,0.012142,0.011827,54282244.000000,758443.000000,0.013972
834,641,87,0.012247,0.011827,54808896.000000,753894.000000,0.013755
835,642,87,0.012297,0.011912,54998072.000000,761625.000000,0.013848
836,643,86,0.012197,0.011816,54689120.000000,758609.000000,0.013871
837,644,86,0.012233,0.011839,55063835.000000,766691.000000,0.013924
838,645,86,0.012422,0.012042,55483615.000000,768486.000000,0.013851
839,646,86,0.012514,0.012079,55366378.000000,769666.000000,0.013901
840,647,86,0.012480,0.012082,55828511.000000,774322.000000,0.013870
841,647,85,0.012331,0.011913,55337150.000000,767101.000000,0.013862
842,648,85,0.012433,0.012073,55635849.000000,775193.000000,0.013933
843,649,85,0.012449,0.012045,55893904.000000,772881.000000,0.013828
844,650,85,0.012577,0.012254,56217267.000000,775366.000000,0.013792
845,651,85,0.012520,0.012126,56254111.000000,777961.000000,0.013829
846,652,84,0.012653,0.012334,56637418.000000,781586.000000,0.013800
847,653,84,0.012813,0.012469,56792110.000000,783105.000000,0.013789
848,654,84,0.012656,0.012296,56720088.000000,782101.000000,0.013789
849,655,84,0.012632,0.012234,56771641.000000,785819.000000,0.013842
850,655,83,0.012809,0.012448,57278375.000000,792806.000000,0.013841
851,656,83,0.012879,0.012526,57541117.000000,796339.000000,0.013839
852,657,83,0.012905,0.012600,57666154.000000,797858.000000,0.013836
853,658,83,0.012942,0.012598,57837013.000000,799073.000000,0.013816
854,659,83,0.012945,0.012629,57848082.000000,803471.000000,0.013889
855,659,82,0.012984,0.012675,57643071.000000,796350.000000,0.013815
856,660,82,0.013184,0.012867,58010590.000000,801323.000000,0.013813
857,661,82,0.012855,0.012514,57654182.000000,798699.000000,0.013853
858,661,82,0.012942,0.012623,57847560.000000,804877.000000,0.013914
859,662,82,0.012940,0.012593,57939838.000000,802431.000000,0.013849
860,663,81,0.013043,0.012700,58333640.000000,808993.000000,0.013868
861,663,81,0.012996,0.012693,58349607.000000,806618.000000,0.013824
862,664,81,0.013023,0.012716,58282546.000000,806560.000000,0.013839
863,665,81,0.013197,0.012797,58722400.000000,813489.000000,0.013853
864,666,81,0.013007,0.012630,58826265.000000,809852.000000,0.013767
865,667,80,0.013081,0.012678,58870648.000000,812899.000000,0.013808
866,667,80,0.013105,0.012775,58929881.000000,814089.000000,0.013815
867,668,80,0.013083,0.012750,58925279.000000,819371.000000,0.013905
868,669,80,0.013081,0.012783,58946079.000000,816704.000000,0.013855
869,670,80,0.013412,0.013002,59484994.000000,820587.000000,0.013795
870,670,80,0.013267,0.012947,59247509.000000,817567.000000,0.013799
871,671,79,0.013257,0.012923,59370728.000000,821086.000000,0.013830
872,671,79,0.013478,0.013061,59997653.000000,828954.000000,0.013816
873,672,79,0.013482,0.013097,60164532.000000,828727.000000,0.013774
874,673,79,0.013579,0.013182,60355488.000000,832263.000000,0.013789
875,674,79,0.013339,0.012987,60055569.000000,821026.000000,0.013671
876,675,78,0.014904,0.014463,61635902.000000,853891.000000,0.013854
877,676,78,0.013378,0.012968,60384729.000000,824015.000000,0.013646
878,677,78,0.013668,0.013332,61161737.000000,839009.000000,0.013718
879,677,78,0.013547,0.013182,61219201.000000,834514.000000,0.013632
880,678,78,0.013472,0.013159,60983583.000000,833917.000000,0.013674
881,679,78,0.013464,0.013117,61063490.000000,831659.000000,0.013620
882,680,77,0.013496,0.013192,61084902.000000,836599.000000,0.013696
883,681,77,0.013697,0.013264,61801412.000000,842957.000000,0.013640
884,682,77,0.013696,0.013294,61834741.000000,842095.000000,0.013618
885,683,77,0.014105,0.013753,62109893.000000,849298.000000,0.013674
886,684,77,0.014154,0.013809,62316598.000000,856082.000000,0.013738
887,685,77,0.014196,0.013749,62656044.000000,855094.000000,0.013647
888,686,76,0.014106,0.013786,62421679.000000,855168.000000,0.013700
889,686,76,0.013936,0.013531,62515574.000000,857770.000000,0.013721
890,687,76,0.014010,0.013700,62849168.000000,858133.000000,0.013654
891,688,76,0.014237,0.013834,63088426.000000,865605.000000,0.013721
892,688,76,0.014411,0.014091,62846152.000000,862567.000000,0.013725
893,689,75,0.014241,0.013828,62940592.000000,860162.000000,0.013666
894,690,75,0.013910,0.013534,63015638.000000,855842.000000,0.013581
895,691,75,0.013949,0.013558,63247207.000000,859212.000000,0.013585
896,691,75,0.013968,0.013647,63365075.000000,864787.000000,0.013648
897,691,75,0.013985,0.013684,63444968.000000,861734.000000,0.013582
898,692,75,0.014096,0.013796,63746268.000000,865224.000000,0.013573
899,693,74,0.014663,0.014216,63901344.000000,872243.000000,0.013650
900,694,74,0.014595,0.014216,64004809.000000,873190.000000,0.013643
901,695,74,0.014200,0.013813,63984856.000000,867300.000000,0.013555
902,696,74,0.014142,0.013812,64053230.000000,867037.000000,0.013536
903,696,74,0.014189,0.013840,64286951.000000,869893.000000,0.013531
904,697,74,0.014293,0.013989,64578425.000000,872202.000000,0.013506
905,698,73,0.014301,0.013960,64664134.000000,873511.000000,0.013508
906,699,73,0.014825,0.014500,64790946.000000,878435.000000,0.013558
907,700,73,0.014248,0.013889,64610822.000000,871619.000000,0.013490
908,701,73,0.014460,0.014047,65425782.000000,878078.000000,0.013421
909,702,73,0.014287,0.013975,64860223.000000,876086.000000,0.013507
910,703,73,0.014284,0.013958,64848484.000000,880876.000000,0.013584
911,704,72,0.014356,0.013963,65142754.000000,876824.000000,0.013460
912,705,72,0.014433,0.014111,65330313.000000,880376.000000,0.013476
913,706,72,0.014611,0.014268,65495363.000000,885410.000000,0.013519
914,707,72,0.014694,0.014306,66199275.000000,893514.000000,0.013497
915,707,72,0.014529,0.014122,65947294.000000,886954.000000,0.013449
916,708,72,0.014594,0.014289,66124487.000000,890391.000000,0.013465
917,708,72,0.014661,0.014239,66272211.000000,899186.000000,0.013568
918,709,71,0.014665,0.014303,66379885.000000,894908.000000,0.013482
919,710,71,0.014692,0.014293,66773004.000000,899447.000000,0.013470
920,710,71,0.015042,0.014678,67312847.000000,905860.000000,0.013457
921,710,71,0.014794,0.014435,67035233.000000,901456.000000,0.013447
922,711,71,0.014792,0.014381,66962093.000000,899613.000000,0.013435
923,711,71,0.014753,0.014400,66961189.000000,902382.000000,0.013476
924,712,71,0.014935,0.014571,67432389.000000,907210.000000,0.013454
925,713,70,0.015022,0.014635,67822529.000000,911743.000000,0.013443
926,714,70,0.015008,0.014632,67867179.000000,909133.000000,0.013396
927,715,70,0.015463,0.015068,68634464.000000,924846.000000,0.013475
928,715,70,0.015021,0.014706,67879775.000000,912660.000000,0.013445
929,716,70,0.015067,0.014643,68199416.000000,915678.000000,0.013426
930,717,70,0.015156,0.014745,68765253.000000,920200.000000,0.013382
931,717,69,0.014987,0.014678,68108810.000000,912626.000000,0.013400
932,718,69,0.015016,0.014712,68184604.000000,915824.000000,0.013432
933,719,69,0.015219,0.014856,68477591.000000,916609.000000,0.013386
934,719,69,0.015023,0.014700,68287674.000000,912871.000000,0.013368
935,720,69,0.015144,0.014726,68714650.000000,917543.000000,0.013353
936,721,69,0.015331,0.014942,69348871.000000,927483.000000,0.013374
937,722,69,0.015299,0.014869,69369642.000000,929966.000000,0.013406
938,723,69,0.015355,0.014938,69711811.000000,930269.000000,0.013344
939,724,68,0.015241,0.014839,69247012.000000,923847.000000,0.013341
940,725,68,0.015528,0.015199,69266999.000000,929288.000000,0.013416
941,726,68,0.015377,0.015026,69374268.000000,927564.000000,0.013370
942,727,68,0.015774,0.015371,70115270.000000,936375.000000,0.013355
943,728,68,0.015567,0.015147,70293015.000000,937383.000000,0.013335
944,729,68,0.015503,0.015088,70199740.000000,936949.000000,0.013347
945,730,68,0.015931,0.015459,71569337.000000,960825.000000,0.013425
946,730,67,0.015857,0.015450,70873099.000000,944644.000000,0.013329
947,731,67,0.015738,0.015359,70816694.000000,946652.000000,0.013368
948,732,67,0.015980,0.015610,71591477.000000,956466.000000,0.013360
949,733,67,0.015927,0.015504,71487972.000000,957153.000000,0.013389
950,734,67,0.016038,0.015723,71847799.000000,960850.000000,0.013373
951,735,67,0.016015,0.015587,71904555.000000,959075.000000,0.013338
952,736,67,0.016212,0.015892,71805120.000000,958367.000000,0.013347
953,736,66,0.015988,0.015657,71841501.000000,950859.000000,0.013236
954,737,66,0.015879,0.015532,72003196.000000,951423.000000,0.013214
955,738,66,0.016047,0.015583,72602232.000000,960745.000000,0.013233
956,739,66,0.016111,0.015735,72922535.000000,959124.000000,0.013153
957,740,66,0.016114,0.015691,73095547.000000,962267.000000,0.013165
958,741,66,0.016124,0.015797,73144187.000000,965002.000000,0.013193
959,742,66,0.016431,0.016060,73709463.000000,972742.000000,0.013197
960,743,65,0.016295,0.015973,73793064.000000,972546.000000,0.013179
961,744,65,0.016510,0.016133,73867165.000000,973146.000000,0.013174
962,745,65,0.016320,0.015994,74028151.000000,974382.000000,0.013162
963,746,65,0.016488,0.016084,74634348.000000,977415.000000,0.013096
964,747,65,0.016303,0.015987,74164043.000000,976660.000000,0.013169
965,748,65,0.017143,0.016691,74671984.000000,984239.000000,0.013181
966,749,64,0.016652,0.016173,75157528.000000,989347.000000,0.013164
967,749,64,0.016811,0.016355,75856142.000000,991736.000000,0.013074
968,749,64,0.016412,0.016091,74537926.000000,980602.000000,0.013156
969,749,64,0.016440,0.016080,74683635.000000,982880.000000,0.013161
970,750,64,0.016635,0.016196,75290739.000000,989012.000000,0.013136
971,751,64,0.016867,0.016425,75630962.000000,992237.000000,0.013119
972,752,63,0.017137,0.016683,76556667.000000,1003754.000000,0.013111
973,753,63,0.016782,0.016357,76044945.000000,996525.000000,0.013104
974,753,63,0.016814,0.016418,76228568.000000,997507.000000,0.013086
975,753,63,0.016886,0.016568,76257364.000000,998879.000000,0.013099
976,754,63,0.016727,0.016373,75914315.000000,994531.000000,0.013101
977,755,63,0.017007,0.016605,76369998.000000,1005007.000000,0.013160
978,756,63,0.016897,0.016571,76217484.000000,1002594.000000,0.013154
979,757,62,0.017067,0.016587,76777268.000000,1010609.000000,0.013163
980,758,62,0.017358,0.016972,77638277.000000,1018735.000000,0.013122
981,759,62,0.017157,0.016764,77299750.000000,1009719.000000,0.013062
982,759,62,0.017297,0.016970,77869466.000000,1015565.000000,0.013042
983,760,62,0.017265,0.016874,77625603.000000,1015360.000000,0.013080
984,760,62,0.017215,0.016890,77947213.000000,1012202.000000,0.012986
985,761,61,0.017268,0.016901,78145247.000000,1015705.000000,0.012998
986,761,61,0.017105,0.016753,77778430.000000,1009642.000000,0.012981
987,762,61,0.017332,0.016977,78494457.000000,1018654.000000,0.012977
988,763,61,0.017383,0.016977,78363777.000000,1021393.000000,0.013034
989,763,61,0.017275,0.016902,77802643.000000,1023042.000000,0.013149
990,764,61,0.017447,0.017112,78407494.000000,1023521.000000,0.013054
991,764,61,0.017276,0.016857,78201364.000000,1020487.000000,0.013049
992,765,60,0.017490,0.017156,78748391.000000,1027830.000000,0.013052
993,765,60,0.017509,0.017176,78606153.000000,1031387.000000,0.013121
994,765,60,0.017663,0.017326,78933198.000000,1030046.000000,0.013050
995,765,60,0.017486,0.017159,78762030.000000,1027833.000000,0.013050
996,766,60,0.017564,0.017236,78890652.000000,1034697.000000,0.013116
997,767,60,0.017318,0.016908,79196429.000000,1033049.000000,0.013044
998,768,60,0.017214,0.016890,78644361.000000,1033327.000000,0.013139
999,769,60,0.017435,0.017046,79336569.000000,1039313.000000,0.013100
1000,770,59,0.017619,0.017251,79135655.000000,1037019.000000,0.013104
