frame,nb of entities,FPS,frame length,physics length,L1-dcache-loads,L1-dcache-load-misses,L1-dcache-load-miss-ratio
0,3,302,0.001904,0.000030,456213.000000,32032.000000,0.070213
1,4,302,0.003321,0.000033,583287.000000,35920.000000,0.061582
2,5,302,0.003317,0.000037,602417.000000,35170.000000,0.058381
3,6,302,0.003328,0.000038,613587.000000,34810.000000,0.056732
4,7,302,0.003319,0.000030,612826.000000,35241.000000,0.057506
5,8,302,0.003323,0.000030,558134.000000,31052.000000,0.055635
6,9,302,0.003329,0.000034,581148.000000,34722.000000,0.059747
7,10,302,0.003318,0.000039,584978.000000,35576.000000,0.060816
8,11,302,0.003323,0.000039,585064.000000,34746.000000,0.059388
9,12,302,0.003326,0.000036,594537.000000,34948.000000,0.058782
10,13,302,0.003322,0.000038,571120.000000,31601.000000,0.055332
11,14,302,0.003323,0.000038,612814.000000,35130.000000,0.057326
12,14,302,0.003327,0.000033,596450.000000,34173.000000,0.057294
13,15,302,0.003321,0.000041,631835.000000,36043.000000,0.057045
14,16,302,0.003326,0.000042,596413.000000,34816.000000,0.058376
15,17,302,0.003326,0.000046,574884.000000,31438.000000,0.054686
16,18,302,0.003322,0.000044,596252.000000,35268.000000,0.059149
17,18,302,0.003322,0.000041,595688.000000,34355.000000,0.057673
18,19,302,0.003329,0.000045,604936.000000,35066.000000,0.057966
19,20,302,0.003319,0.000048,623520.000000,35823.000000,0.057453
20,21,302,0.003326,0.000045,574499.000000,31590.000000,0.054987
21,22,302,0.003325,0.000050,640398.000000,36167.000000,0.056476
22,23,302,0.003323,0.000048,617319.000000,35727.000000,0.057874
23,23,302,0.003325,0.000046,591603.000000,34535.000000,0.058375
24,24,302,0.003328,0.000054,623699.000000,35478.000000,0.056883
25,24,302,0.003319,0.000046,572541.000000,31604.000000,0.055200
26,25,302,0.003322,0.000055,624694.000000,35753.000000,0.057233
27,26,302,0.003324,0.000056,646240.000000,37380.000000,0.057842
28,27,302,0.003315,0.000061,673960.000000,36699.000000,0.054453
29,28,302,0.003324,0.000053,684290.000000,37063.000000,0.054163
30,29,302,0.003328,0.000054,618928.000000,32344.000000,0.052258
31,30,302,0.003324,0.000067,688089.000000,36746.000000,0.053403
32,30,302,0.003320,0.000051,682843.000000,35595.000000,0.052128
33,31,302,0.003326,0.000052,694521.000000,35746.000000,0.051469
34,32,302,0.003320,0.000054,689570.000000,36369.000000,0.052742
35,33,302,0.003328,0.000062,662033.000000,33196.000000,0.050143
36,34,302,0.003322,0.000063,699012.000000,36756.000000,0.052583
37,35,302,0.003323,0.000063,705908.000000,37681.000000,0.053379
38,36,302,0.003320,0.000067,714433.000000,36848.000000,0.051577
39,37,302,0.003327,0.000064,711481.000000,37341.000000,0.052483
40,37,302,0.003320,0.000093,737667.000000,38134.000000,0.051695
41,38,302,0.003325,0.000077,728009.000000,39280.000000,0.053955
42,39,302,0.003322,0.000106,748456.000000,40736.000000,0.054427
43,39,302,0.003326,0.000073,715157.000000,39268.000000,0.054908
44,39,302,0.003322,0.000071,708017.000000,37792.000000,0.053377
45,40,302,0.003327,0.000072,716694.000000,35933.000000,0.050137
46,41,302,0.003321,0.000082,735736.000000,39244.000000,0.053340
47,42,302,0.003324,0.000074,744327.000000,39154.000000,0.052603
48,42,302,0.003324,0.000079,751690.000000,39515.000000,0.052568
49,43,302,0.003334,0.000077,755625.000000,39758.000000,0.052616
50,44,302,0.003313,0.000081,722217.000000,35257.000000,0.048818
51,45,302,0.003326,0.000091,771461.000000,40868.000000,0.052975
52,46,302,0.003321,0.000093,766289.000000,39407.000000,0.051426
53,47,302,0.003322,0.000107,795782.000000,41358.000000,0.051972
54,47,302,0.003330,0.000079,769222.000000,39057.000000,0.050775
55,48,302,0.003320,0.000087,773049.000000,36314.000000,0.046975
56,49,303,0.003325,0.000130,811434.000000,44922.000000,0.055361
57,50,303,0.003318,0.000099,816422.000000,40661.000000,0.049804
58,51,303,0.003325,0.000102,802946.000000,40425.000000,0.050346
59,52,303,0.003324,0.000093,814767.000000,40137.000000,0.049262
60,53,300,0.003323,0.000107,796778.000000,38573.000000,0.048411
61,53,300,0.003328,0.000121,839428.000000,45699.000000,0.054441
62,54,300,0.003323,0.000110,823714.000000,40664.000000,0.049367
63,55,300,0.003322,0.000109,851469.000000,41593.000000,0.048849
64,56,300,0.003320,0.000199,890393.000000,54827.000000,0.061576
65,57,300,0.003320,0.000136,856799.000000,46465.000000,0.054231
66,58,300,0.003319,0.000159,898808.000000,50336.000000,0.056003
67,59,300,0.003321,0.000119,873761.000000,42064.000000,0.048141
68,60,300,0.003320,0.000130,873187.000000,42219.000000,0.048350
69,60,300,0.003325,0.000120,887410.000000,43479.000000,0.048995
70,61,300,0.003321,0.000131,834521.000000,37991.000000,0.045524
71,61,300,0.003325,0.000111,844753.000000,39721.000000,0.047021
72,62,300,0.003329,0.000119,878234.000000,41579.000000,0.047344
73,63,300,0.003311,0.000155,940832.000000,53762.000000,0.057143
74,64,300,0.003323,0.000108,896007.000000,41792.000000,0.046642
75,65,300,0.003325,0.000131,859704.000000,37943.000000,0.044135
76,66,300,0.003323,0.000142,912912.000000,42908.000000,0.047001
77,67,300,0.003320,0.000129,916838.000000,42822.000000,0.046706
78,68,300,0.003321,0.000156,929125.000000,44404.000000,0.047791
79,69,300,0.003320,0.000221,957552.000000,45930.000000,0.047966
80,70,300,0.003321,0.000139,915577.000000,37977.000000,0.041479
81,71,300,0.003324,0.000168,983519.000000,51871.000000,0.052740
82,72,300,0.003322,0.000209,993645.000000,59287.000000,0.059666
83,72,300,0.003317,0.000138,972250.000000,45819.000000,0.047127
84,73,300,0.003324,0.000153,995917.000000,49135.000000,0.049336
85,73,300,0.003324,0.000109,874889.000000,39318.000000,0.044941
86,74,300,0.003321,0.000131,971396.000000,44082.000000,0.045380
87,75,300,0.003320,0.000142,973232.000000,42583.000000,0.043754
88,76,300,0.003323,0.000154,965286.000000,42979.000000,0.044525
89,77,300,0.003323,0.000153,966794.000000,43007.000000,0.044484
90,78,300,0.003362,0.000173,965354.000000,40906.000000,0.042374
91,79,300,0.003285,0.000203,1033154.000000,52758.000000,0.051065
92,80,300,0.003323,0.000215,1051953.000000,55515.000000,0.052773
93,81,300,0.003322,0.000212,1062462.000000,55332.000000,0.052079
94,81,300,0.003323,0.000211,1057317.000000,54431.000000,0.051480
95,82,300,0.003321,0.000214,1054545.000000,51227.000000,0.048577
96,82,300,0.003324,0.000132,1041462.000000,43656.000000,0.041918
97,82,300,0.003325,0.000167,1029163.000000,43308.000000,0.042081
98,83,300,0.003321,0.000175,1037456.000000,43712.000000,0.042134
99,84,300,0.003324,0.000174,1047898.000000,43930.000000,0.041922
100,85,300,0.003325,0.000180,1024178.000000,39970.000000,0.039026
101,86,300,0.003324,0.000178,1071818.000000,44204.000000,0.041242
102,87,300,0.003324,0.000188,1082021.000000,44253.000000,0.040898
103,88,300,0.003323,0.000188,1105250.000000,44759.000000,0.040497
104,89,300,0.003324,0.000194,1103319.000000,45478.000000,0.041219
105,90,300,0.003326,0.000193,1083881.000000,42347.000000,0.039070
106,90,300,0.003323,0.000193,1116382.000000,45174.000000,0.040465
107,90,300,0.003322,0.000192,1106918.000000,44273.000000,0.039997
108,91,300,0.003324,0.000199,1124880.000000,45594.000000,0.040532
109,92,300,0.003321,0.000229,1161243.000000,49734.000000,0.042828
110,93,300,0.003320,0.000211,1150841.000000,41947.000000,0.036449
111,94,300,0.003334,0.000193,1216893.000000,49800.000000,0.040924
112,95,300,0.003304,0.000224,1198799.000000,47357.000000,0.039504
113,96,300,0.003322,0.000220,1231156.000000,48035.000000,0.039016
114,96,300,0.003321,0.000245,1250970.000000,49939.000000,0.039920
115,97,300,0.003330,0.000272,1249654.000000,51300.000000,0.041051
116,98,301,0.003314,0.000212,1280010.000000,50583.000000,0.039518
117,99,300,0.003320,0.000239,1288929.000000,48632.000000,0.037731
118,100,300,0.003325,0.000244,1332828.000000,48445.000000,0.036348
119,101,300,0.003323,0.000256,1344165.000000,48259.000000,0.035903
120,102,301,0.003321,0.000298,1340601.000000,48216.000000,0.035966
121,103,301,0.003323,0.000275,1367063.000000,50521.000000,0.036956
122,103,301,0.003326,0.000301,1441700.000000,55295.000000,0.038354
123,104,301,0.003319,0.000346,1524594.000000,64325.000000,0.042192
124,105,300,0.003331,0.000226,1431234.000000,51042.000000,0.035663
125,106,300,0.003320,0.000280,1415999.000000,46807.000000,0.033056
126,107,300,0.003319,0.000409,1537936.000000,72825.000000,0.047352
127,108,300,0.003322,0.000333,1545855.000000,64390.000000,0.041653
128,109,300,0.003325,0.000258,1483268.000000,53700.000000,0.036204
129,110,300,0.003320,0.000302,1489640.000000,52570.000000,0.035290
130,111,300,0.003327,0.000301,1473809.000000,48183.000000,0.032693
131,112,300,0.003320,0.000305,1523815.000000,52070.000000,0.034171
132,113,301,0.003321,0.000326,1529895.000000,53549.000000,0.035002
133,114,300,0.003324,0.000306,1520159.000000,51673.000000,0.033992
134,115,300,0.003323,0.000305,1533930.000000,51516.000000,0.033584
135,115,300,0.003323,0.000322,1491824.000000,48793.000000,0.032707
136,116,300,0.003325,0.000313,1533695.000000,51965.000000,0.033882
137,117,300,0.003325,0.000311,1561918.000000,52600.000000,0.033677
138,118,300,0.003322,0.000307,1595888.000000,55023.000000,0.034478
139,118,300,0.003325,0.000287,1580959.000000,52886.000000,0.033452
140,119,300,0.003325,0.000294,1554827.000000,48666.000000,0.031300
141,120,300,0.003324,0.000310,1641070.000000,54957.000000,0.033489
142,121,300,0.003325,0.000306,1710704.000000,55004.000000,0.032153
143,122,300,0.003324,0.000299,1631136.000000,52890.000000,0.032425
144,122,300,0.003325,0.000317,1678237.000000,54521.000000,0.032487
145,123,300,0.003327,0.000311,1677337.000000,49897.000000,0.029748
146,124,300,0.003324,0.000406,1829525.000000,62631.000000,0.034233
147,124,300,0.003318,0.000378,1817299.000000,55875.000000,0.030746
148,125,300,0.003324,0.000347,1807588.000000,55482.000000,0.030694
149,126,300,0.003324,0.000344,1811571.000000,55662.000000,0.030726
150,127,300,0.003324,0.000369,1795008.000000,52779.000000,0.029403
151,128,300,0.003327,0.000350,1833352.000000,55850.000000,0.030463
152,128,300,0.003322,0.000341,1836089.000000,55659.000000,0.030314
153,129,300,0.003325,0.000377,1892379.000000,57786.000000,0.030536
154,130,300,0.003324,0.000332,1904974.000000,56144.000000,0.029472
155,131,300,0.003323,0.000373,1909397.000000,52654.000000,0.027576
156,131,300,0.003324,0.000401,1992639.000000,64040.000000,0.032138
157,131,300,0.003326,0.000413,1997243.000000,62260.000000,0.031173
158,132,300,0.003322,0.000340,2008276.000000,57433.000000,0.028598
159,133,300,0.003325,0.000357,2013717.000000,58986.000000,0.029292
160,133,300,0.003320,0.000460,1970342.000000,57066.000000,0.028962
161,134,300,0.003326,0.000351,2075532.000000,58397.000000,0.028136
162,135,300,0.003323,0.000560,2149334.000000,66020.000000,0.030716
163,136,300,0.003311,0.000372,2123993.000000,59287.000000,0.027913
164,137,300,0.003323,0.000431,2108933.000000,59651.000000,0.028285
165,138,300,0.003322,0.000491,2120211.000000,58171.000000,0.027436
166,139,300,0.003321,0.000387,2222462.000000,61743.000000,0.027781
167,139,300,0.003327,0.000399,2205422.000000,61309.000000,0.027799
168,140,300,0.003324,0.000514,2232391.000000,62962.000000,0.028204
169,140,300,0.003323,0.000499,2269651.000000,62419.000000,0.027502
170,140,300,0.003324,0.000444,2263595.000000,57634.000000,0.025461
171,141,300,0.003322,0.000619,2341197.000000,64481.000000,0.027542
172,142,300,0.003323,0.000485,2385828.000000,63676.000000,0.026689
173,142,300,0.003324,0.000458,2341420.000000,61534.000000,0.026281
174,143,300,0.003322,0.000562,2362765.000000,64208.000000,0.027175
175,144,300,0.003326,0.000483,2370248.000000,60101.000000,0.025356
176,145,300,0.003323,0.000605,2473661.000000,73630.000000,0.029766
177,146,300,0.003323,0.000641,2478138.000000,65023.000000,0.026239
178,147,300,0.003325,0.000516,2483374.000000,64404.000000,0.025934
179,147,300,0.003323,0.000496,2526703.000000,66306.000000,0.026242
180,148,300,0.003324,0.000603,2545936.000000,63984.000000,0.025132
181,149,300,0.003326,0.000531,2571341.000000,66129.000000,0.025718
182,150,300,0.003325,0.000527,2607684.000000,65162.000000,0.024988
183,151,300,0.003321,0.000639,2684021.000000,68324.000000,0.025456
184,151,300,0.003325,0.000540,2667284.000000,66991.000000,0.025116
185,151,300,0.003323,0.000563,2687397.000000,63962.000000,0.023801
186,151,300,0.003323,0.000666,2733211.000000,70541.000000,0.025809
187,151,300,0.003326,0.000574,2728244.000000,68391.000000,0.025068
188,152,300,0.003323,0.000571,2746565.000000,68775.000000,0.025040
189,153,300,0.003325,0.000660,2766480.000000,70694.000000,0.025554
190,154,300,0.003326,0.000590,2741862.000000,64460.000000,0.023510
191,155,300,0.003324,0.000579,2819636.000000,69146.000000,0.024523
192,156,300,0.003621,0.001001,2891623.000000,87759.000000,0.030349
193,157,300,0.003319,0.000819,3013600.000000,87505.000000,0.029037
194,158,300,0.003327,0.000655,2878248.000000,70650.000000,0.024546
195,159,300,0.003317,0.000939,3066006.000000,104467.000000,0.034073
196,160,300,0.003326,0.000547,2880121.000000,70838.000000,0.024595
197,160,300,0.003323,0.000586,2917195.000000,71305.000000,0.024443
198,161,300,0.003318,0.000699,2924498.000000,70571.000000,0.024131
199,162,300,0.003324,0.000671,2967207.000000,70678.000000,0.023820
200,163,300,0.003330,0.000622,3031314.000000,69415.000000,0.022899
201,164,300,0.003315,0.000731,3078949.000000,73184.000000,0.023769
202,165,300,0.003325,0.000856,3144270.000000,76420.000000,0.024305
203,166,300,0.003323,0.000654,3194089.000000,75316.000000,0.023580
204,167,300,0.003319,0.000764,3163815.000000,72835.000000,0.023021
205,168,300,0.003327,0.000731,3148829.000000,69819.000000,0.022173
206,169,300,0.003319,0.000797,3289815.000000,80434.000000,0.024449
207,170,300,0.003319,0.000787,3301528.000000,77164.000000,0.023372
208,171,300,0.003324,0.000853,3349484.000000,79549.000000,0.023750
209,172,300,0.003322,0.000704,3353802.000000,76724.000000,0.022877
210,173,300,0.003323,0.000819,3324554.000000,72900.000000,0.021928
211,174,300,0.003324,0.000793,3377131.000000,78553.000000,0.023260
212,175,300,0.003324,0.000725,3394594.000000,76744.000000,0.022608
213,176,300,0.003322,0.000827,3416492.000000,77486.000000,0.022680
214,177,300,0.003328,0.000686,3442960.000000,79103.000000,0.022975
215,178,300,0.003328,0.000891,3525652.000000,87840.000000,0.024915
216,178,300,0.003317,0.000841,3525494.000000,80749.000000,0.022904
217,179,300,0.003324,0.000866,3619107.000000,82664.000000,0.022841
218,180,300,0.003345,0.000846,3680121.000000,91966.000000,0.024990
219,181,300,0.003320,0.000708,3680455.000000,82308.000000,0.022364
220,181,300,0.003323,0.000896,3681567.000000,83024.000000,0.022551
221,182,300,0.003328,0.000801,3786006.000000,86450.000000,0.022834
222,183,300,0.003318,0.000966,3902994.000000,88370.000000,0.022642
223,184,300,0.003326,0.000793,3847963.000000,89274.000000,0.023200
224,185,300,0.003328,0.000847,3947036.000000,90173.000000,0.022846
225,186,300,0.003303,0.000984,3962467.000000,86271.000000,0.021772
226,186,300,0.003323,0.000953,4081583.000000,90975.000000,0.022289
227,186,300,0.003357,0.000844,3920857.000000,88272.000000,0.022513
228,186,300,0.003310,0.000777,4005940.000000,87910.000000,0.021945
229,187,300,0.003323,0.000930,4045265.000000,90614.000000,0.022400
230,188,300,0.003334,0.000879,4042816.000000,87174.000000,0.021563
231,189,300,0.003312,0.001007,4099872.000000,89941.000000,0.021938
232,190,300,0.003323,0.000971,4157512.000000,90626.000000,0.021798
233,191,300,0.003336,0.001084,4211338.000000,93223.000000,0.022136
234,192,300,0.003310,0.000877,4243215.000000,94560.000000,0.022285
235,193,300,0.003322,0.001053,4258725.000000,90831.000000,0.021328
236,194,300,0.003334,0.001098,4427513.000000,100332.000000,0.022661
237,195,300,0.003311,0.000873,4359982.000000,95007.000000,0.021791
238,196,300,0.003322,0.001163,4480253.000000,98388.000000,0.021960
239,196,300,0.003327,0.000969,4497220.000000,97500.000000,0.021680
240,196,300,0.003315,0.001094,4386820.000000,90865.000000,0.020713
241,197,300,0.003326,0.001045,4493357.000000,96940.000000,0.021574
242,197,300,0.003330,0.000995,4562544.000000,98386.000000,0.021564
243,197,300,0.003315,0.001128,4551897.000000,99218.000000,0.021797
244,198,300,0.003326,0.001057,4475949.000000,98788.000000,0.022071
245,199,300,0.003329,0.000997,4526946.000000,94658.000000,0.020910
246,200,300,0.003316,0.001148,4643739.000000,100278.000000,0.021594
247,200,300,0.003326,0.001086,4672596.000000,100053.000000,0.021413
248,201,300,0.003334,0.001036,4769533.000000,102618.000000,0.021515
249,201,300,0.003308,0.001185,4833573.000000,101954.000000,0.021093
250,201,300,0.003324,0.001105,4617687.000000,95119.000000,0.020599
251,201,300,0.003332,0.001036,4662243.000000,100241.000000,0.021501
252,202,300,0.003316,0.001174,4704890.000000,100269.000000,0.021312
253,203,300,0.003324,0.001122,4737440.000000,101496.000000,0.021424
254,204,300,0.003334,0.001058,4726363.000000,100462.000000,0.021256
255,204,300,0.003319,0.001185,4733908.000000,96906.000000,0.020471
256,205,300,0.003317,0.001245,5092878.000000,114164.000000,0.022416
257,206,300,0.003331,0.001086,4947725.000000,104565.000000,0.021134
258,207,300,0.003313,0.001252,5057729.000000,105432.000000,0.020846
259,208,300,0.003324,0.001171,4998933.000000,104652.000000,0.020935
260,209,300,0.003334,0.001156,5192142.000000,104349.000000,0.020097
261,210,300,0.003313,0.001294,5244514.000000,107380.000000,0.020475
262,211,300,0.003324,0.001259,5275067.000000,108116.000000,0.020496
263,212,300,0.003331,0.001191,5333602.000000,108239.000000,0.020294
264,213,300,0.003316,0.001338,5402250.000000,109906.000000,0.020344
265,213,300,0.003324,0.001282,5330771.000000,105294.000000,0.019752
266,214,300,0.003335,0.001457,5616267.000000,119923.000000,0.021353
267,214,300,0.003313,0.001138,5507845.000000,111843.000000,0.020306
268,215,300,0.003325,0.001309,5445509.000000,111196.000000,0.020420
269,216,300,0.003334,0.001249,5514921.000000,112716.000000,0.020438
270,217,300,0.003308,0.001201,5525342.000000,108149.000000,0.019573
271,218,300,0.003329,0.001336,5595946.000000,111818.000000,0.019982
272,219,300,0.003334,0.001284,5721393.000000,114635.000000,0.020036
273,219,300,0.003308,0.001224,5804527.000000,113614.000000,0.019573
274,219,300,0.003330,0.001339,5567420.000000,111747.000000,0.020072
275,220,300,0.003331,0.001532,5802625.000000,123902.000000,0.021353
276,221,300,0.003310,0.001175,5777748.000000,115503.000000,0.019991
277,222,300,0.003327,0.001375,5766908.000000,115827.000000,0.020085
278,223,300,0.003331,0.001332,5776299.000000,116617.000000,0.020189
279,224,300,0.003315,0.001256,5769931.000000,115440.000000,0.020007
280,225,300,0.003327,0.001397,5828000.000000,113829.000000,0.019531
281,226,300,0.003330,0.001356,5998372.000000,118685.000000,0.019786
282,227,300,0.003318,0.001250,5892912.000000,120114.000000,0.020383
283,228,300,0.003326,0.001586,6076130.000000,129829.000000,0.021367
284,229,300,0.003324,0.001392,6111923.000000,122337.000000,0.020016
285,230,300,0.003322,0.001266,6086535.000000,117001.000000,0.019223
286,231,300,0.003327,0.001452,6170213.000000,121090.000000,0.019625
287,232,300,0.003332,0.001471,6435074.000000,126553.000000,0.019666
288,233,300,0.003315,0.001309,6347388.000000,123869.000000,0.019515
289,234,300,0.003328,0.001529,6429944.000000,125175.000000,0.019468
290,234,300,0.003325,0.001464,6682359.000000,140079.000000,0.020963
291,235,300,0.003322,0.001335,6498512.000000,125129.000000,0.019255
292,236,300,0.003327,0.001552,6564643.000000,128282.000000,0.019541
293,236,300,0.003333,0.001511,6643297.000000,128429.000000,0.019332
294,237,300,0.003314,0.001388,6714892.000000,129178.000000,0.019238
295,238,300,0.003327,0.001609,6759818.000000,126180.000000,0.018666
296,239,300,0.003335,0.001782,7240865.000000,139354.000000,0.019245
297,240,300,0.003321,0.001503,7101915.000000,134104.000000,0.018883
298,241,300,0.003327,0.001684,6978157.000000,133986.000000,0.019201
299,241,300,0.003331,0.001603,7060342.000000,133372.000000,0.018890
300,241,300,0.003314,0.001490,7145667.000000,131530.000000,0.018407
301,242,300,0.003326,0.001727,7211835.000000,135650.000000,0.018809
302,243,300,0.003330,0.001667,7255248.000000,137130.000000,0.018901
303,244,300,0.003315,0.001521,7330600.000000,139941.000000,0.019090
304,245,300,0.003327,0.001785,7460749.000000,141288.000000,0.018938
305,246,300,0.003329,0.001702,7411295.000000,137415.000000,0.018541
306,246,300,0.003318,0.001558,7464927.000000,139537.000000,0.018692
307,247,300,0.003328,0.001771,7565901.000000,142553.000000,0.018842
308,248,300,0.003324,0.001741,7538826.000000,143305.000000,0.019009
309,249,300,0.003323,0.001573,7631227.000000,143545.000000,0.018810
310,250,300,0.003327,0.001810,7610826.000000,140791.000000,0.018499
311,251,300,0.003324,0.001767,7741802.000000,146431.000000,0.018914
312,252,300,0.003323,0.001636,7794432.000000,146631.000000,0.018812
313,253,300,0.003331,0.001843,7872797.000000,147823.000000,0.018776
314,254,300,0.003324,0.001816,7853795.000000,146787.000000,0.018690
315,255,300,0.003323,0.001643,7905062.000000,144034.000000,0.018220
316,256,300,0.003331,0.001878,7962280.000000,147175.000000,0.018484
317,257,300,0.003327,0.001841,8031030.000000,149132.000000,0.018569
318,258,300,0.003324,0.001691,8052216.000000,149535.000000,0.018571
319,259,300,0.003333,0.001898,8121849.000000,150791.000000,0.018566
320,260,300,0.003327,0.001894,8168171.000000,149088.000000,0.018252
321,261,300,0.003324,0.001728,8299952.000000,155375.000000,0.018720
322,262,300,0.003334,0.001949,8291945.000000,152798.000000,0.018427
323,263,300,0.003324,0.001915,8384317.000000,154074.000000,0.018376
324,264,300,0.003324,0.001756,8360758.000000,153985.000000,0.018418
325,265,300,0.003332,0.001961,8368090.000000,151522.000000,0.018107
326,266,300,0.003330,0.001953,8610292.000000,161061.000000,0.018706
327,267,300,0.003315,0.001774,8571807.000000,157420.000000,0.018365
328,268,300,0.003334,0.002030,8650751.000000,160184.000000,0.018517
329,269,300,0.003328,0.001821,8824531.000000,158579.000000,0.017970
330,270,300,0.003323,0.001847,8790478.000000,155549.000000,0.017695
331,271,300,0.003336,0.002043,8818652.000000,159228.000000,0.018056
332,272,300,0.003328,0.001849,8773393.000000,159631.000000,0.018195
333,272,300,0.003324,0.001839,8756788.000000,159686.000000,0.018236
334,272,300,0.003335,0.002053,8764402.000000,158563.000000,0.018092
335,273,300,0.003328,0.001848,8823568.000000,156356.000000,0.017720
336,273,300,0.003327,0.001860,8868560.000000,161223.000000,0.018179
337,274,300,0.003339,0.002089,9028826.000000,163270.000000,0.018083
338,275,300,0.003332,0.001901,9036943.000000,162976.000000,0.018034
339,275,300,0.003326,0.001883,8909569.000000,161990.000000,0.018182
340,275,300,0.003336,0.002083,8860992.000000,156793.000000,0.017695
341,276,300,0.003332,0.001883,9057761.000000,163301.000000,0.018029
342,277,300,0.003334,0.001915,9129795.000000,165685.000000,0.018148
343,278,300,0.003345,0.002238,9380273.000000,169779.000000,0.018100
344,279,300,0.003348,0.002183,9472502.000000,172892.000000,0.018252
345,280,300,0.003327,0.001979,9409630.000000,167219.000000,0.017771
346,281,300,0.003347,0.002216,9610244.000000,172973.000000,0.017999
347,281,300,0.003342,0.002016,9659545.000000,172181.000000,0.017825
348,282,300,0.003331,0.002024,9678664.000000,174109.000000,0.017989
349,283,300,0.003348,0.002241,9684928.000000,173100.000000,0.017873
350,284,300,0.003353,0.002273,9825119.000000,173195.000000,0.017628
351,285,300,0.003337,0.002094,9925746.000000,178003.000000,0.017933
352,285,300,0.003350,0.002297,9919273.000000,175255.000000,0.017668
353,286,300,0.003336,0.002103,9975370.000000,177919.000000,0.017836
354,287,300,0.003337,0.002119,9993471.000000,176536.000000,0.017665
355,288,300,0.003329,0.002120,10090372.000000,174655.000000,0.017309
356,289,300,0.003356,0.002408,10218850.000000,184837.000000,0.018088
357,290,300,0.003348,0.002138,10225320.000000,179772.000000,0.017581
358,290,300,0.003348,0.002379,10233267.000000,181710.000000,0.017757
359,290,300,0.003348,0.002162,10220830.000000,183304.000000,0.017934
360,291,300,0.003340,0.002178,10356451.000000,179300.000000,0.017313
361,292,300,0.003347,0.002237,10502611.000000,185656.000000,0.017677
362,293,300,0.003354,0.002224,10600278.000000,185897.000000,0.017537
363,294,300,0.003341,0.002231,10524563.000000,185896.000000,0.017663
364,294,299,0.003346,0.002245,10558820.000000,183748.000000,0.017402
365,295,299,0.003356,0.002236,10657547.000000,188914.000000,0.017726
366,296,299,0.003344,0.002253,10757440.000000,188848.000000,0.017555
367,296,299,0.003352,0.002330,10928534.000000,189160.000000,0.017309
368,297,299,0.003363,0.002318,10849997.000000,193244.000000,0.017811
369,298,299,0.003323,0.002324,10822534.000000,187413.000000,0.017317
370,299,299,0.003357,0.002420,10838829.000000,189555.000000,0.017489
371,300,299,0.003352,0.002301,10989404.000000,190907.000000,0.017372
372,301,299,0.003349,0.002320,10932441.000000,192089.000000,0.017571
373,302,299,0.003351,0.002314,11065058.000000,192225.000000,0.017372
374,303,299,0.003359,0.002348,11121810.000000,191487.000000,0.017217
375,303,299,0.003359,0.002632,11343715.000000,195538.000000,0.017238
376,304,299,0.003354,0.002386,11271894.000000,195913.000000,0.017381
377,305,299,0.003355,0.002409,11510030.000000,200807.000000,0.017446
378,306,299,0.003359,0.002452,11689877.000000,205252.000000,0.017558
379,306,299,0.003356,0.002422,11560501.000000,196522.000000,0.016999
380,307,299,0.003354,0.002472,11726842.000000,204104.000000,0.017405
381,308,299,0.003358,0.002473,11769024.000000,202901.000000,0.017240
382,308,299,0.003358,0.002481,11791654.000000,202434.000000,0.017168
383,309,299,0.003360,0.002505,11906337.000000,204401.000000,0.017167
384,309,299,0.003358,0.002510,11804532.000000,200639.000000,0.016997
385,310,299,0.003378,0.002521,12032518.000000,206631.000000,0.017173
386,311,299,0.003363,0.002600,12260724.000000,212264.000000,0.017313
387,312,298,0.003363,0.002605,12404562.000000,213078.000000,0.017177
388,312,298,0.003364,0.002622,12335566.000000,211816.000000,0.017171
389,312,298,0.003360,0.002627,12290982.000000,207478.000000,0.016881
390,313,298,0.003364,0.002633,12367199.000000,212595.000000,0.017190
391,314,298,0.003379,0.002633,12454722.000000,214289.000000,0.017205
392,315,298,0.003367,0.002823,12459321.000000,215027.000000,0.017258
393,315,298,0.003365,0.002644,12438951.000000,213394.000000,0.017155
394,316,298,0.003366,0.002669,12413352.000000,211617.000000,0.017048
395,317,298,0.003367,0.002635,12542815.000000,215876.000000,0.017211
396,317,298,0.003375,0.002709,12663950.000000,217404.000000,0.017167
397,318,298,0.003364,0.002678,12670705.000000,216742.000000,0.017106
398,319,298,0.003372,0.002726,12930638.000000,224425.000000,0.017356
399,320,298,0.003369,0.002698,12721514.000000,217728.000000,0.017115
400,321,298,0.003389,0.003014,12937422.000000,223702.000000,0.017291
401,321,298,0.003370,0.002791,12833863.000000,221091.000000,0.017227
402,322,298,0.003375,0.002780,13030342.000000,225291.000000,0.017290
403,323,298,0.003373,0.002764,13089960.000000,224386.000000,0.017142
404,323,298,0.003336,0.002864,13211848.000000,226177.000000,0.017119
405,324,297,0.003374,0.002810,13092862.000000,227039.000000,0.017341
406,325,297,0.003374,0.002790,13245653.000000,229752.000000,0.017345
407,325,297,0.003380,0.002886,13402052.000000,232058.000000,0.017315
408,326,297,0.003377,0.002883,13370345.000000,234258.000000,0.017521
409,327,297,0.003377,0.002854,13479426.000000,230625.000000,0.017109
410,328,297,0.003382,0.002925,13627813.000000,238147.000000,0.017475
411,329,297,0.003380,0.002915,13586559.000000,236189.000000,0.017384
412,330,297,0.003378,0.002887,13537412.000000,236535.000000,0.017473
413,331,297,0.003382,0.002938,13671928.000000,237023.000000,0.017336
414,332,297,0.003382,0.002956,13822845.000000,236377.000000,0.017100
415,333,297,0.003594,0.003271,14100579.000000,249667.000000,0.017706
416,334,297,0.003355,0.003017,14046071.000000,243053.000000,0.017304
417,335,297,0.003327,0.003008,14086379.000000,240637.000000,0.017083
418,336,297,0.003386,0.003000,14061772.000000,241922.000000,0.017204
419,337,296,0.003503,0.003216,14078243.000000,239791.000000,0.017033
420,338,296,0.003594,0.003293,14110657.000000,244248.000000,0.017309
421,338,296,0.003372,0.003002,14131435.000000,242141.000000,0.017135
422,339,296,0.003365,0.003059,14191566.000000,245098.000000,0.017271
423,339,296,0.003388,0.003017,14157669.000000,244167.000000,0.017246
424,340,296,0.003416,0.003097,14355163.000000,244859.000000,0.017057
425,341,295,0.003664,0.003345,14414995.000000,247326.000000,0.017158
426,342,295,0.003461,0.003114,14533789.000000,248906.000000,0.017126
427,342,295,0.003523,0.003192,14618602.000000,250232.000000,0.017117
428,343,295,0.003411,0.003106,14377720.000000,243061.000000,0.016905
429,343,295,0.003371,0.003067,14388742.000000,244513.000000,0.016993
430,343,294,0.003581,0.003252,14484734.000000,248296.000000,0.017142
431,343,294,0.003436,0.003135,14559671.000000,249978.000000,0.017169
432,343,294,0.003393,0.003066,14536156.000000,248545.000000,0.017098
433,344,294,0.003549,0.003233,14625289.000000,247391.000000,0.016915
434,345,294,0.003445,0.003139,14714607.000000,254308.000000,0.017283
435,345,294,0.003426,0.003146,14677595.000000,250984.000000,0.017100
436,346,294,0.003413,0.003126,14673914.000000,249444.000000,0.016999
437,347,293,0.003736,0.003433,14790739.000000,253266.000000,0.017123
438,347,293,0.003482,0.003184,14882271.000000,249533.000000,0.016767
439,348,292,0.003802,0.003463,14936631.000000,260510.000000,0.017441
440,349,292,0.003553,0.003218,15155798.000000,260269.000000,0.017173
441,349,292,0.003704,0.003346,15127331.000000,259907.000000,0.017181
442,350,291,0.003831,0.003427,15191812.000000,259176.000000,0.017060
443,351,290,0.003770,0.003444,15109875.000000,255131.000000,0.016885
444,352,289,0.003977,0.003672,15325837.000000,263594.000000,0.017199
445,353,289,0.003648,0.003308,15394464.000000,262893.000000,0.017077
446,353,289,0.003587,0.003306,15363503.000000,262433.000000,0.017082
447,354,288,0.003631,0.003317,15481762.000000,259642.000000,0.016771
448,355,288,0.003633,0.003333,15527760.000000,263796.000000,0.016989
449,355,288,0.003656,0.003327,15601639.000000,265693.000000,0.017030
450,356,287,0.003590,0.003314,15438777.000000,264864.000000,0.017156
451,357,287,0.003643,0.003329,15570011.000000,265639.000000,0.017061
452,358,286,0.003650,0.003375,15506488.000000,260149.000000,0.016777
453,359,286,0.003655,0.003322,15625629.000000,265299.000000,0.016978
454,360,286,0.003656,0.003335,15690484.000000,268522.000000,0.017114
455,361,285,0.003734,0.003414,15835282.000000,270924.000000,0.017109
456,362,285,0.003648,0.003367,15664185.000000,264242.000000,0.016869
457,363,284,0.003683,0.003352,15804372.000000,269025.000000,0.017022
458,364,284,0.003776,0.003456,16013819.000000,270367.000000,0.016883
459,365,283,0.003738,0.003388,15972269.000000,269334.000000,0.016863
460,366,283,0.003788,0.003454,16125052.000000,272088.000000,0.016874
461,367,282,0.003764,0.003427,16123009.000000,268583.000000,0.016658
462,368,282,0.003825,0.003502,16444357.000000,277204.000000,0.016857
463,368,281,0.003865,0.003542,16421584.000000,276180.000000,0.016818
464,369,280,0.003831,0.003528,16412569.000000,277337.000000,0.016898
465,369,280,0.003827,0.003488,16482341.000000,272586.000000,0.016538
466,370,279,0.003870,0.003536,16645968.000000,276553.000000,0.016614
467,370,278,0.003904,0.003565,16810155.000000,279790.000000,0.016644
468,371,278,0.003922,0.003629,16840437.000000,281009.000000,0.016687
469,372,277,0.003934,0.003612,16969061.000000,280213.000000,0.016513
470,373,276,0.004178,0.003882,17191467.000000,291380.000000,0.016949
471,374,275,0.004051,0.003685,17222130.000000,289372.000000,0.016802
472,375,274,0.003977,0.003688,17125434.000000,284206.000000,0.016596
473,376,274,0.004044,0.003721,17308347.000000,284724.000000,0.016450
474,377,273,0.004000,0.003701,17235450.000000,288964.000000,0.016766
475,378,272,0.004049,0.003680,17390060.000000,291461.000000,0.016760
476,379,271,0.004107,0.003761,17613462.000000,294977.000000,0.016747
477,379,270,0.004079,0.003770,17655267.000000,291402.000000,0.016505
478,380,269,0.004156,0.003822,17817955.000000,295344.000000,0.016576
479,381,269,0.004127,0.003825,17796691.000000,295427.000000,0.016600
480,382,268,0.004204,0.003851,18021981.000000,298273.000000,0.016551
481,382,267,0.004153,0.003879,17991320.000000,297322.000000,0.016526
482,383,266,0.004157,0.003872,18010882.000000,300867.000000,0.016705
483,384,265,0.004249,0.003932,18221131.000000,301668.000000,0.016556
484,385,264,0.004247,0.003942,18212609.000000,304144.000000,0.016700
485,386,263,0.004237,0.003924,18245584.000000,300591.000000,0.016475
486,386,262,0.004267,0.003969,18355069.000000,305820.000000,0.016661
487,387,262,0.004249,0.003933,18429821.000000,305463.000000,0.016574
488,388,261,0.004332,0.004027,18635298.000000,308304.000000,0.016544
489,389,260,0.004251,0.003957,18476911.000000,302432.000000,0.016368
490,390,259,0.004331,0.004027,18653366.000000,310000.000000,0.016619
491,390,258,0.004299,0.004010,18636880.000000,310123.000000,0.016640
492,391,257,0.004375,0.004044,18853036.000000,312625.000000,0.016582
493,391,256,0.004343,0.004039,18813524.000000,307600.000000,0.016350
494,392,255,0.004551,0.004206,19172307.000000,316860.000000,0.016527
495,392,254,0.004478,0.004166,19189723.000000,317421.000000,0.016541
496,393,252,0.004365,0.004076,18939791.000000,315694.000000,0.016668
497,393,252,0.004462,0.004119,19123746.000000,313946.000000,0.016417
498,394,251,0.004406,0.004102,19127920.000000,319104.000000,0.016683
499,394,250,0.004459,0.004156,19202959.000000,319336.000000,0.016630
500,395,249,0.004423,0.004137,19158537.000000,319137.000000,0.016658
501,396,248,0.004483,0.004146,19308031.000000,316833.000000,0.016409
502,397,248,0.004494,0.004177,19452742.000000,322570.000000,0.016582
503,398,247,0.004512,0.004186,19565913.000000,325225.000000,0.016622
504,399,246,0.004539,0.004219,19588536.000000,319365.000000,0.016304
505,400,245,0.004540,0.004209,19713638.000000,328625.000000,0.016670
506,401,244,0.004613,0.004259,19906638.000000,325450.000000,0.016349
507,401,243,0.004621,0.004286,20082778.000000,330197.000000,0.016442
508,402,242,0.004633,0.004316,20087097.000000,323510.000000,0.016105
509,403,241,0.004674,0.004359,20336071.000000,333656.000000,0.016407
510,403,240,0.004683,0.004391,20296792.000000,334067.000000,0.016459
511,404,239,0.004737,0.004382,20492996.000000,333124.000000,0.016256
512,404,238,0.004733,0.004415,20529744.000000,332334.000000,0.016188
513,404,237,0.004766,0.004464,20706190.000000,340060.000000,0.016423
514,405,236,0.004808,0.004505,20824008.000000,345675.000000,0.016600
515,405,235,0.005129,0.004817,20676799.000000,336837.000000,0.016291
516,406,234,0.005021,0.004710,20935777.000000,343407.000000,0.016403
517,407,233,0.004807,0.004476,20834076.000000,341017.000000,0.016368
518,408,232,0.004878,0.004565,21074692.000000,340472.000000,0.016155
519,409,231,0.004885,0.004557,21191605.000000,346428.000000,0.016347
520,410,230,0.004914,0.004573,21059482.000000,344419.000000,0.016355
521,411,229,0.004920,0.004514,21217817.000000,348342.000000,0.016417
522,412,227,0.005162,0.004821,21491387.000000,350095.000000,0.016290
523,413,226,0.004965,0.004581,21421944.000000,349924.000000,0.016335
524,414,225,0.005017,0.004681,21704173.000000,353753.000000,0.016299
525,415,224,0.004990,0.004651,21652061.000000,350172.000000,0.016173
526,416,223,0.004995,0.004686,21649843.000000,351943.000000,0.016256
527,417,222,0.005113,0.004690,21889338.000000,357876.000000,0.016349
528,418,222,0.005033,0.004708,21758408.000000,351014.000000,0.016132
529,418,221,0.005023,0.004698,21867387.000000,353950.000000,0.016186
530,419,220,0.005079,0.004745,21915454.000000,356640.000000,0.016273
531,420,219,0.005123,0.004784,22311153.000000,364881.000000,0.016354
532,421,218,0.005146,0.004822,22337335.000000,360791.000000,0.016152
533,422,217,0.005163,0.004819,22494365.000000,363888.000000,0.016177
534,423,216,0.005257,0.004903,22675509.000000,367546.000000,0.016209
535,424,215,0.005205,0.004871,22707514.000000,363519.000000,0.016009
536,425,214,0.005398,0.005078,22828800.000000,372286.000000,0.016308
537,426,213,0.005247,0.004909,22816431.000000,369667.000000,0.016202
538,427,213,0.005295,0.005000,22798230.000000,372446.000000,0.016337
539,428,212,0.005208,0.004888,22898723.000000,373889.000000,0.016328
540,428,211,0.005390,0.005037,23110783.000000,375063.000000,0.016229
541,428,210,0.005239,0.004960,23053601.000000,370564.000000,0.016074
542,428,209,0.005359,0.005049,23090666.000000,373023.000000,0.016155
543,429,208,0.005305,0.004957,23276678.000000,374655.000000,0.016096
544,430,208,0.005417,0.005086,23358592.000000,373914.000000,0.016008
545,431,207,0.005393,0.005065,23386559.000000,377225.000000,0.016130
546,431,206,0.005312,0.005010,23221408.000000,375126.000000,0.016154
547,432,205,0.005408,0.005066,23448955.000000,377168.000000,0.016085
548,433,204,0.005335,0.005052,23338406.000000,373282.000000,0.015994
549,434,204,0.005467,0.005102,23661533.000000,379482.000000,0.016038
550,435,203,0.005396,0.005098,23600947.000000,379613.000000,0.016085
551,435,202,0.005567,0.005114,23706633.000000,387566.000000,0.016348
552,435,201,0.005350,0.005054,23563809.000000,378868.000000,0.016078
553,436,201,0.005570,0.005197,23967532.000000,383805.000000,0.016014
554,437,200,0.005582,0.005287,24116705.000000,385189.000000,0.015972
555,438,199,0.005653,0.005282,24365575.000000,391442.000000,0.016065
556,438,198,0.005633,0.005266,24466590.000000,391073.000000,0.015984
557,439,197,0.005605,0.005297,24496691.000000,386981.000000,0.015797
558,440,197,0.005648,0.005346,24518575.000000,394852.000000,0.016104
559,441,196,0.005651,0.005270,24689479.000000,393531.000000,0.015939
560,442,195,0.005703,0.005412,24768554.000000,393696.000000,0.015895
561,442,194,0.005639,0.005338,24835767.000000,395950.000000,0.015943
562,443,194,0.005790,0.005435,25061688.000000,400398.000000,0.015976
563,443,193,0.005789,0.005451,25187437.000000,399892.000000,0.015877
564,444,192,0.005731,0.005378,25088859.000000,399053.000000,0.015906
565,444,191,0.005779,0.005445,25237334.000000,398732.000000,0.015799
566,444,191,0.005788,0.005482,25265824.000000,402972.000000,0.015949
567,445,190,0.005877,0.005503,25492473.000000,409777.000000,0.016074
568,446,189,0.005771,0.005478,25471054.000000,405099.000000,0.015904
569,447,188,0.005957,0.005596,25763433.000000,411245.000000,0.015962
570,447,188,0.005885,0.005566,25625119.000000,409436.000000,0.015978
571,448,187,0.005901,0.005539,25815693.000000,405656.000000,0.015714
572,449,186,0.006296,0.005967,26057023.000000,415114.000000,0.015931
573,449,185,0.005891,0.005546,25974937.000000,409922.000000,0.015781
574,450,185,0.006037,0.005691,26241468.000000,413181.000000,0.015745
575,451,184,0.005948,0.005626,26074762.000000,414068.000000,0.015880
576,452,184,0.005986,0.005633,26230348.000000,415856.000000,0.015854
577,452,183,0.006144,0.005827,26119110.000000,411618.000000,0.015759
578,452,182,0.005930,0.005593,26182212.000000,410043.000000,0.015661
579,453,182,0.006046,0.005735,26258789.000000,410799.000000,0.015644
580,454,181,0.006129,0.005758,26617947.000000,418377.000000,0.015718
581,455,180,0.006126,0.005752,26843903.000000,420953.000000,0.015682
582,456,180,0.006188,0.005892,26876291.000000,419289.000000,0.015601
583,457,179,0.006231,0.005843,27129223.000000,424731.000000,0.015656
584,458,178,0.006252,0.005911,27258233.000000,427713.000000,0.015691
585,459,178,0.006365,0.005993,27432939.000000,425145.000000,0.015498
586,460,177,0.006184,0.005882,27365452.000000,427099.000000,0.015607
587,461,176,0.006402,0.006093,27331451.000000,426512.000000,0.015605
588,461,176,0.006577,0.006183,27665187.000000,436767.000000,0.015788
589,462,175,0.006370,0.006021,27753539.000000,437553.000000,0.015766
590,463,174,0.006254,0.005924,27634971.000000,427467.000000,0.015468
591,464,174,0.006260,0.005926,27712612.000000,433265.000000,0.015634
592,465,173,0.006301,0.005927,27828058.000000,431625.000000,0.015510
593,466,173,0.006378,0.006032,28220928.000000,435027.000000,0.015415
594,467,172,0.006444,0.006083,28504147.000000,440393.000000,0.015450
595,468,171,0.006386,0.006049,28312185.000000,434734.000000,0.015355
596,468,171,0.006420,0.006098,28479168.000000,440885.000000,0.015481
597,468,170,0.006488,0.006121,28648344.000000,442971.000000,0.015462
598,468,170,0.006462,0.006159,28598627.000000,439183.000000,0.015357
599,469,169,0.006494,0.006148,28685848.000000,444242.000000,0.015486
600,470,169,0.006502,0.006161,28805144.000000,441117.000000,0.015314
601,471,168,0.006576,0.006197,29056417.000000,448092.000000,0.015421
602,472,167,0.006537,0.006219,28932259.000000,446912.000000,0.015447
603,473,167,0.006792,0.006412,29355337.000000,449139.000000,0.015300
604,474,166,0.006813,0.006442,29550290.000000,458395.000000,0.015512
605,474,165,0.006692,0.006326,29531695.000000,452253.000000,0.015314
606,475,165,0.006788,0.006430,29930837.000000,462264.000000,0.015444
607,476,164,0.006754,0.006431,29912802.000000,462825.000000,0.015472
608,477,163,0.006803,0.006508,29986511.000000,463611.000000,0.015461
609,478,163,0.006855,0.006464,30228510.000000,468188.000000,0.015488
610,479,162,0.006891,0.006535,30469323.000000,467757.000000,0.015352
611,480,162,0.006962,0.006597,30723682.000000,473014.000000,0.015396
612,481,161,0.006909,0.006605,30629145.000000,471415.000000,0.015391
613,482,160,0.006961,0.006592,30806824.000000,470099.000000,0.015260
614,483,160,0.006980,0.006636,30859904.000000,476093.000000,0.015428
615,484,159,0.007032,0.006684,31111112.000000,475896.000000,0.015297
616,485,158,0.007110,0.006736,31404151.000000,483682.000000,0.015402
617,486,158,0.007046,0.006688,31155024.000000,480563.000000,0.015425
618,487,157,0.007305,0.006986,31411023.000000,479962.000000,0.015280
619,487,156,0.007447,0.007042,31695147.000000,483936.000000,0.015268
620,487,156,0.007130,0.006770,31566495.000000,479274.000000,0.015183
621,488,155,0.007119,0.006740,31486855.000000,483566.000000,0.015358
622,489,155,0.007153,0.006802,31712194.000000,481585.000000,0.015186
623,489,154,0.007450,0.007067,31975284.000000,488294.000000,0.015271
624,490,153,0.007282,0.006929,32031187.000000,485594.000000,0.015160
625,490,153,0.007286,0.006913,32138163.000000,491043.000000,0.015279
626,490,152,0.007227,0.006903,32076959.000000,491604.000000,0.015326
627,491,152,0.007245,0.006908,32200205.000000,484421.000000,0.015044
628,491,151,0.007225,0.006857,32111393.000000,486180.000000,0.015140
629,492,151,0.007198,0.006890,32082490.000000,484027.000000,0.015087
630,493,150,0.007202,0.006891,32061815.000000,487192.000000,0.015195
631,494,150,0.007234,0.006890,32224149.000000,485100.000000,0.015054
632,495,149,0.007602,0.007252,32775870.000000,497583.000000,0.015181
633,496,149,0.007384,0.007008,32753295.000000,493827.000000,0.015077
634,497,148,0.007345,0.007019,32700570.000000,490444.000000,0.014998
635,498,148,0.007401,0.007010,32921218.000000,496402.000000,0.015078
636,499,147,0.007453,0.007120,33210898.000000,497843.000000,0.014990
637,499,147,0.007528,0.007162,33343815.000000,502319.000000,0.015065
638,499,146,0.007443,0.007111,33151413.000000,498037.000000,0.015023
639,500,146,0.007459,0.007110,33220301.000000,503048.000000,0.015143
640,500,145,0.007441,0.007143,33107645.000000,498463.000000,0.015056
641,500,145,0.007548,0.007163,33479510.000000,504368.000000,0.015065
642,501,144,0.007588,0.007205,33626174.000000,508439.000000,0.015120
643,502,144,0.007489,0.007171,33276178.000000,500620.000000,0.015044
644,503,143,0.007580,0.007195,33605279.000000,506686.000000,0.015078
645,503,143,0.007695,0.007382,33531953.000000,500744.000000,0.014933
646,504,142,0.007578,0.007252,33498636.000000,508533.000000,0.015181
647,505,142,0.007566,0.007236,33619381.000000,505951.000000,0.015049
648,506,142,0.007634,0.007288,33895652.000000,511923.000000,0.015103
649,506,141,0.007632,0.007342,33964580.000000,510096.000000,0.015018
650,506,141,0.007627,0.007320,33992073.000000,511259.000000,0.015041
651,506,140,0.007627,0.007326,34011842.000000,507558.000000,0.014923
652,507,140,0.007711,0.007314,34298347.000000,516520.000000,0.015060
653,508,139,0.007637,0.007335,34159277.000000,509365.000000,0.014911
654,509,139,0.007700,0.007382,34314735.000000,517143.000000,0.015071
655,510,138,0.007744,0.007376,34542854.000000,517104.000000,0.014970
656,511,138,0.007737,0.007410,34555003.000000,513643.000000,0.014865
657,511,138,0.007809,0.007472,34727103.000000,523426.000000,0.015073
658,511,137,0.007952,0.007615,34698563.000000,516837.000000,0.014895
659,512,137,0.007820,0.007501,34722586.000000,516997.000000,0.014889
660,512,136,0.007790,0.007495,34726023.000000,516067.000000,0.014861
661,513,136,0.007845,0.007486,34938076.000000,521483.000000,0.014926
662,514,136,0.007790,0.007469,34784305.000000,515038.000000,0.014807
663,515,135,0.007909,0.007549,35194879.000000,526418.000000,0.014957
664,516,135,0.007855,0.007568,35081335.000000,521157.000000,0.014856
665,517,134,0.007946,0.007589,35341792.000000,529814.000000,0.014991
666,518,134,0.007935,0.007644,35400878.000000,524850.000000,0.014826
667,519,134,0.007975,0.007642,35550859.000000,532170.000000,0.014969
668,519,133,0.007953,0.007662,35514164.000000,528070.000000,0.014869
669,519,133,0.007971,0.007668,35546316.000000,531517.000000,0.014953
670,520,133,0.007949,0.007659,35492845.000000,527316.000000,0.014857
671,521,132,0.008196,0.007843,35758896.000000,535605.000000,0.014978
672,522,132,0.007977,0.007659,35590822.000000,530388.000000,0.014902
673,523,132,0.008038,0.007695,35856545.000000,528510.000000,0.014740
674,524,131,0.008011,0.007698,35835114.000000,532199.000000,0.014851
675,525,131,0.008106,0.007685,36076533.000000,530279.000000,0.014699
676,526,131,0.008476,0.008096,36470793.000000,539623.000000,0.014796
677,526,130,0.008243,0.007930,36377857.000000,537373.000000,0.014772
678,527,130,0.008284,0.007930,36469273.000000,540958.000000,0.014833
679,528,130,0.008238,0.007857,36531316.000000,536945.000000,0.014698
680,529,130,0.008207,0.007890,36547863.000000,543936.000000,0.014883
681,530,129,0.008388,0.008015,36930349.000000,544557.000000,0.014746
682,531,129,0.008321,0.007990,36754323.000000,546915.000000,0.014880
683,531,129,0.008585,0.008205,37137796.000000,550814.000000,0.014832
684,532,128,0.008472,0.008053,37327747.000000,554776.000000,0.014862
685,533,128,0.008437,0.008079,37364958.000000,551885.000000,0.014770
686,534,128,0.008371,0.008054,37204444.000000,551540.000000,0.014825
687,534,127,0.008447,0.008085,37440879.000000,551237.000000,0.014723
688,535,127,0.008482,0.008124,37545661.000000,560266.000000,0.014922
689,535,127,0.008420,0.008087,37406424.000000,551438.000000,0.014742
690,536,126,0.008475,0.008111,37543725.000000,554443.000000,0.014768
691,537,126,0.008406,0.008077,37404438.000000,546141.000000,0.014601
692,538,126,0.008498,0.008162,37733771.000000,557335.000000,0.014770
693,539,125,0.008682,0.008203,38199093.000000,568476.000000,0.014882
694,540,125,0.008567,0.008256,38043848.000000,553787.000000,0.014557
695,541,125,0.008781,0.008435,38299360.000000,563835.000000,0.014722
696,542,124,0.008700,0.008332,38611272.000000,561758.000000,0.014549
697,543,124,0.008688,0.008314,38661326.000000,562640.000000,0.014553
698,544,124,0.008703,0.008357,38765287.000000,566308.000000,0.014609
699,545,123,0.008677,0.008312,38733587.000000,564158.000000,0.014565
700,546,123,0.008659,0.008385,38747865.000000,562188.000000,0.014509
701,547,123,0.008767,0.008400,39049011.000000,570720.000000,0.014615
702,548,123,0.008709,0.008429,38874445.000000,568218.000000,0.014617
703,548,122,0.008812,0.008507,39104770.000000,576660.000000,0.014747
704,549,122,0.008888,0.008554,39328931.000000,575468.000000,0.014632
705,550,122,0.008859,0.008516,39344639.000000,578283.000000,0.014698
706,551,121,0.009004,0.008711,39368305.000000,578783.000000,0.014702
707,552,121,0.008894,0.008541,39492017.000000,581833.000000,0.014733
708,553,121,0.008887,0.008578,39516684.000000,578374.000000,0.014636
709,554,120,0.008933,0.008610,39689439.000000,582433.000000,0.014675
710,555,120,0.009154,0.008789,40287405.000000,584755.000000,0.014515
711,556,120,0.009070,0.008723,40188470.000000,588941.000000,0.014654
712,557,119,0.008981,0.008702,39970318.000000,584515.000000,0.014624
713,558,119,0.009101,0.008771,40332279.000000,587142.000000,0.014558
714,559,119,0.009067,0.008769,40331210.000000,592374.000000,0.014688
715,560,118,0.009075,0.008772,40398076.000000,588232.000000,0.014561
716,561,118,0.009100,0.008791,40544584.000000,594229.000000,0.014656
717,562,118,0.009407,0.009072,40979414.000000,596159.000000,0.014548
718,563,117,0.009233,0.008904,41038263.000000,601071.000000,0.014647
719,564,117,0.009367,0.008987,41540159.000000,609680.000000,0.014677
720,565,117,0.009425,0.009027,41872273.000000,609711.000000,0.014561
721,565,116,0.009309,0.008938,41515332.000000,601703.000000,0.014494
722,566,116,0.009386,0.009042,41768858.000000,605732.000000,0.014502
723,567,116,0.009426,0.009051,41972664.000000,610955.000000,0.014556
724,568,115,0.009467,0.009179,42089668.000000,613870.000000,0.014585
725,569,115,0.009547,0.009157,42449134.000000,617339.000000,0.014543
726,570,115,0.009479,0.009195,42261918.000000,615712.000000,0.014569
727,571,114,0.009519,0.009174,42484736.000000,620682.000000,0.014610
728,572,114,0.009796,0.009438,42872713.000000,621905.000000,0.014506
729,573,113,0.009650,0.009319,42872465.000000,623373.000000,0.014540
730,574,113,0.009629,0.009289,42934244.000000,621488.000000,0.014475
731,574,113,0.009717,0.009368,43206887.000000,625541.000000,0.014478
732,575,112,0.009800,0.009424,43508914.000000,635752.000000,0.014612
733,576,112,0.009680,0.009310,43127274.000000,623496.000000,0.014457
734,577,112,0.009707,0.009400,43304384.000000,631392.000000,0.014580
735,578,111,0.009710,0.009401,43353409.000000,627638.000000,0.014477
736,579,111,0.009715,0.009419,43412479.000000,628104.000000,0.014468
737,580,111,0.009812,0.009418,43790078.000000,635221.000000,0.014506
738,581,110,0.009988,0.009648,43895099.000000,632243.000000,0.014403
739,582,110,0.009920,0.009529,44201334.000000,643635.000000,0.014561
740,583,110,0.009839,0.009534,43932236.000000,635889.000000,0.014474
741,583,109,0.009858,0.009564,43995342.000000,638670.000000,0.014517
742,583,109,0.009937,0.009551,44345934.000000,645756.000000,0.014562
743,584,109,0.009973,0.009602,44541939.000000,645811.000000,0.014499
744,585,108,0.009932,0.009626,44413941.000000,649292.000000,0.014619
745,585,108,0.009944,0.009653,44443054.000000,646383.000000,0.014544
746,586,108,0.009941,0.009630,44485642.000000,643377.000000,0.014463
747,586,108,0.009946,0.009641,44540073.000000,647162.000000,0.014530
748,587,107,0.010173,0.009875,44772008.000000,649852.000000,0.014515
749,588,107,0.010070,0.009685,44895440.000000,652142.000000,0.014526
750,588,107,0.010040,0.009714,44878315.000000,651481.000000,0.014517
751,589,106,0.010181,0.009828,45333935.000000,656607.000000,0.014484
752,590,106,0.010210,0.009884,45305946.000000,661150.000000,0.014593
753,591,106,0.010192,0.009796,45337220.000000,652884.000000,0.014401
754,592,105,0.010186,0.009858,45409300.000000,657816.000000,0.014486
755,593,105,0.010207,0.009809,45560621.000000,654271.000000,0.014360
756,593,105,0.010558,0.010190,45682005.000000,659436.000000,0.014435
757,593,105,0.010096,0.009743,45425524.000000,654226.000000,0.014402
758,594,104,0.010664,0.010309,45836439.000000,660193.000000,0.014403
759,595,104,0.010268,0.009920,45824700.000000,661272.000000,0.014430
760,596,104,0.010346,0.009982,46184196.000000,668456.000000,0.014474
761,596,103,0.010243,0.009935,45847535.000000,660669.000000,0.014410
762,597,103,0.010422,0.010002,46264165.000000,671064.000000,0.014505
763,598,103,0.010563,0.010209,46335131.000000,666098.000000,0.014376
764,599,102,0.010285,0.009986,46189733.000000,664175.000000,0.014379
765,600,102,0.010274,0.009947,46245837.000000,669288.000000,0.014472
766,601,102,0.010322,0.010012,46418194.000000,664524.000000,0.014316
767,602,102,0.010249,0.009933,46203177.000000,664366.000000,0.014379
768,603,101,0.010510,0.010185,46614909.000000,673704.000000,0.014453
769,604,101,0.010372,0.009999,46736166.000000,668743.000000,0.014309
770,605,101,0.010340,0.010035,46625147.000000,673504.000000,0.014445
771,606,101,0.010389,0.010026,46849360.000000,670368.000000,0.014309
772,607,101,0.010412,0.010077,46939470.000000,673435.000000,0.014347
773,608,100,0.010495,0.010100,47301454.000000,681455.000000,0.014407
774,609,100,0.010417,0.010133,47050185.000000,673594.000000,0.014317
775,610,100,0.010483,0.010125,47290919.000000,675468.000000,0.014283
776,610,100,0.010492,0.010150,47375213.000000,678851.000000,0.014329
777,611,99,0.010779,0.010400,47895537.000000,686102.000000,0.014325
778,611,99,0.010574,0.010240,47695962.000000,684345.000000,0.014348
779,612,99,0.010695,0.010305,47938439.000000,681790.000000,0.014222
780,613,99,0.010609,0.010312,47879234.000000,683037.000000,0.014266
781,613,98,0.010726,0.010323,48245671.000000,691608.000000,0.014335
782,613,98,0.010718,0.010391,48306846.000000,691067.000000,0.014306
783,614,98,0.010758,0.010440,48519670.000000,692051.000000,0.014263
784,614,98,0.010796,0.010412,48702271.000000,698106.000000,0.014334
785,615,98,0.010851,0.010515,48967693.000000,698126.000000,0.014257
786,616,97,0.011149,0.010803,49439090.000000,706109.000000,0.014282
787,617,97,0.010975,0.010609,49395070.000000,706642.000000,0.014306
788,618,97,0.010971,0.010603,49495180.000000,705195.000000,0.014248
789,619,97,0.011065,0.010694,49861535.000000,709360.000000,0.014227
790,620,97,0.010969,0.010667,49559242.000000,709582.000000,0.014318
791,621,96,0.011034,0.010661,49826432.000000,709412.000000,0.014238
792,622,96,0.011187,0.010811,50401268.000000,715895.000000,0.014204
793,623,96,0.011203,0.010800,50425341.000000,720388.000000,0.014286
794,624,96,0.011362,0.010901,51105582.000000,732590.000000,0.014335
795,625,95,0.011456,0.011071,51161427.000000,724682.000000,0.014165
796,626,95,0.011517,0.011130,51864070.000000,740058.000000,0.014269
797,626,95,0.011493,0.011198,51905961.000000,736262.000000,0.014185
798,626,95,0.011476,0.011180,51872558.000000,736858.000000,0.014205
799,627,94,0.011499,0.011149,51966458.000000,738912.000000,0.014219
800,628,94,0.011519,0.011220,52078180.000000,739395.000000,0.014198
801,629,94,0.011553,0.011212,52212767.000000,738419.000000,0.014142
802,629,94,0.011630,0.011237,52585344.000000,745087.000000,0.014169
803,630,93,0.011670,0.011298,52762396.000000,744321.000000,0.014107
804,631,93,0.011980,0.011639,53113954.000000,754185.000000,0.014199
805,631,93,0.011806,0.011495,52772416.000000,748199.000000,0.014178
806,632,93,0.011647,0.011335,52547378.000000,748729.000000,0.014249
807,632,92,0.011757,0.011375,52912539.000000,749020.000000,0.014156
808,633,92,0.011739,0.011356,52952837.000000,746737.000000,0.014102
809,634,92,0.011789,0.011367,52944162.000000,751844.000000,0.014201
810,635,92,0.011916,0.011518,53616629.000000,754714.000000,0.014076
811,635,91,0.011893,0.011504,53649538.000000,753331.000000,0.014042
812,635,91,0.011868,0.011454,53368846.000000,753883.000000,0.014126
813,636,91,0.012067,0.011667,53616189.000000,753337.000000,0.014051
814,637,91,0.012001,0.011604,54050233.000000,760593.000000,0.014072
815,638,90,0.012185,0.011796,54301866.000000,766170.000000,0.014109
816,639,90,0.012029,0.011611,54244176.000000,766989.000000,0.014140
817,639,90,0.012016,0.011629,54285110.000000,763432.000000,0.014063
818,640,90,0.012045,0.011704,54467648.000000,764549.000000,0.014037
819,641,89,0.012123,0.011759,54781258.000000,769016.000000,0.014038
820,642,89,0.012156,0.011844,54880968.000000,775458.000000,0.014130
821,643,89,0.012394,0.012026,55259285.000000,773648.000000,0.014000
822,644,89,0.012255,0.011937,55240781.000000,777144.000000,0.014068
823,645,88,0.012230,0.011853,55277968.000000,777022.000000,0.014057
824,645,88,0.012332,0.011997,55648048.000000,781532.000000,0.014044
825,645,88,0.012237,0.011932,55349175.000000,775892.000000,0.014018
826,646,88,0.012323,0.011927,55717480.000000,777410.000000,0.013953
827,647,87,0.012345,0.011991,55727066.000000,783068.000000,0.014052
828,648,87,0.012364,0.012055,55769395.000000,783448.000000,0.014048
829,648,87,0.012570,0.012260,56117385.000000,787557.000000,0.014034
830,649,87,0.012363,0.012017,55884580.000000,781303.000000,0.013981
831,650,86,0.012488,0.012152,56337103.000000,792308.000000,0.014064
832,651,86,0.012403,0.012101,56081107.000000,786028.000000,0.014016
833,652,86,0.012535,0.012156,56464678.000000,792019.000000,0.014027
834,653,86,0.012533,0.012200,56590540.000000,793415.000000,0.014020
835,653,85,0.012494,0.012155,56564712.000000,794053.000000,0.014038
836,653,85,0.012508,0.012154,56592059.000000,790183.000000,0.013963
837,654,85,0.012861,0.012444,57047727.000000,798840.000000,0.014003
838,655,85,0.012672,0.012265,57133940.000000,800754.000000,0.014015
839,655,84,0.012746,0.012363,57524415.000000,806444.000000,0.014019
840,656,84,0.013259,0.012872,57520090.000000,804360.000000,0.013984
841,657,84,0.013120,0.012706,57463995.000000,802869.000000,0.013972
842,658,83,0.013371,0.013036,57548354.000000,807599.000000,0.014033
843,659,83,0.013388,0.012999,57787614.000000,808714.000000,0.013995
844,660,83,0.012918,0.012518,57821416.000000,810694.000000,0.014021
845,661,83,0.013139,0.012776,58447741.000000,816037.000000,0.013962
846,662,82,0.013129,0.012777,57988926.000000,808386.000000,0.013940
847,662,82,0.012824,0.012479,58062450.000000,807942.000000,0.013915
848,663,82,0.012979,0.012602,58635584.000000,815166.000000,0.013902
849,664,82,0.012983,0.012590,58630202.000000,820259.000000,0.013990
850,665,81,0.012911,0.012522,58438973.000000,811428.000000,0.013885
851,666,81,0.012902,0.012552,58491958.000000,813194.000000,0.013903
852,667,81,0.013246,0.012890,59219705.000000,823829.000000,0.013911
853,668,81,0.013235,0.012876,59556865.000000,829365.000000,0.013926
854,669,81,0.013142,0.012796,59430343.000000,825595.000000,0.013892
855,670,80,0.013227,0.012817,59807757.000000,830147.000000,0.013880
856,671,80,0.013179,0.012878,59616658.000000,829961.000000,0.013922
857,671,80,0.013179,0.012793,59738997.000000,826610.000000,0.013837
858,672,80,0.013144,0.012832,59617712.000000,832210.000000,0.013959
859,673,80,0.013199,0.012814,59854731.000000,829482.000000,0.013858
860,674,79,0.013505,0.013125,60470659.000000,839053.000000,0.013875
861,674,79,0.013293,0.012988,60196451.000000,836720.000000,0.013900
862,675,79,0.013262,0.012943,60097768.000000,832936.000000,0.013860
863,675,79,0.013255,0.012944,60146631.000000,837587.000000,0.013926
864,675,79,0.013279,0.012936,60289009.000000,835937.000000,0.013865
865,676,79,0.013406,0.013008,60636125.000000,839128.000000,0.013839
866,677,78,0.013359,0.013057,60642138.000000,837870.000000,0.013817
867,677,78,0.013494,0.013192,60763081.000000,841371.000000,0.013847
868,677,78,0.013403,0.013078,60692217.000000,841889.000000,0.013871
869,677,78,0.013355,0.013054,60646460.000000,837420.000000,0.013808
870,678,78,0.013364,0.013055,60644510.000000,838339.000000,0.013824
871,679,78,0.013423,0.013054,60892775.000000,841368.000000,0.013817
872,680,77,0.013471,0.013167,61043517.000000,843588.000000,0.013819
873,681,77,0.014085,0.013667,61784656.000000,857786.000000,0.013883
874,682,77,0.013998,0.013481,61942302.000000,867745.000000,0.014009
875,683,77,0.014340,0.013950,62255835.000000,857817.000000,0.013779
876,684,77,0.013813,0.013418,62395199.000000,855927.000000,0.013718
877,685,77,0.013637,0.013264,61865699.000000,849112.000000,0.013725
878,686,76,0.013658,0.013330,61906582.000000,849951.000000,0.013730
879,687,76,0.013701,0.013349,62150311.000000,855065.000000,0.013758
880,688,76,0.013652,0.013348,61983481.000000,850366.000000,0.013719
881,688,76,0.013714,0.013333,62236500.000000,850761.000000,0.013670
882,689,76,0.014380,0.014040,62653054.000000,865249.000000,0.013810
883,689,76,0.013900,0.013570,62432156.000000,857751.000000,0.013739
884,689,75,0.013939,0.013555,62645320.000000,858413.000000,0.013703
885,690,75,0.014097,0.013641,63295673.000000,875896.000000,0.013838
886,690,75,0.014054,0.013640,63312679.000000,873884.000000,0.013803
887,691,75,0.014019,0.013608,63166535.000000,875414.000000,0.013859
888,692,75,0.014154,0.013812,63473305.000000,877770.000000,0.013829
889,692,75,0.014292,0.013946,63558921.000000,878670.000000,0.013824
890,693,74,0.014169,0.013786,63711238.000000,880017.000000,0.013813
891,694,74,0.014266,0.013925,64016404.000000,888173.000000,0.013874
892,694,74,0.014319,0.013879,64085789.000000,885389.000000,0.013816
893,694,74,0.014437,0.014106,64181228.000000,886068.000000,0.013806
894,695,74,0.014211,0.013886,64011724.000000,880018.000000,0.013748
895,696,74,0.014397,0.013949,64430318.000000,883576.000000,0.013714
896,697,73,0.014647,0.014190,64585755.000000,889520.000000,0.013773
897,698,73,0.014571,0.014163,64907762.000000,896876.000000,0.013818
898,699,73,0.014519,0.014154,64988183.000000,890568.000000,0.013704
899,700,73,0.014745,0.014311,65476084.000000,902638.000000,0.013786
900,701,73,0.014780,0.014375,65924612.000000,904826.000000,0.013725
901,702,73,0.014878,0.014469,66312662.000000,907402.000000,0.013684
902,703,72,0.014863,0.014546,66331755.000000,909765.000000,0.013715
903,704,72,0.015131,0.014777,66743835.000000,913850.000000,0.013692
904,705,72,0.014549,0.014229,66029471.000000,906747.000000,0.013732
905,706,72,0.014610,0.014231,66258432.000000,907857.000000,0.013702
906,707,72,0.014811,0.014508,66880631.000000,914767.000000,0.013678
907,707,72,0.014883,0.014469,67340344.000000,917611.000000,0.013626
908,708,71,0.014956,0.014517,67591245.000000,931714.000000,0.013785
909,708,71,0.014660,0.014331,66550548.000000,909320.000000,0.013664
910,709,71,0.015001,0.014552,67200851.000000,918245.000000,0.013664
911,710,71,0.014856,0.014473,67244796.000000,925944.000000,0.013770
912,711,71,0.014988,0.014555,67716241.000000,929288.000000,0.013723
913,712,71,0.014912,0.014484,67564996.000000,921488.000000,0.013639
914,713,71,0.015081,0.014721,68136479.000000,925357.000000,0.013581
915,714,70,0.015014,0.014584,68109646.000000,924317.000000,0.013571
916,715,70,0.015385,0.015055,68407477.000000,930924.000000,0.013609
917,715,70,0.015098,0.014778,68230541.000000,925185.000000,0.013560
918,716,70,0.015002,0.014681,68186356.000000,926838.000000,0.013593
919,716,70,0.015054,0.014662,68440530.000000,924879.000000,0.013514
920,717,70,0.015243,0.014904,69086902.000000,936020.000000,0.013548
921,718,69,0.015114,0.014767,68733947.000000,932369.000000,0.013565
922,719,69,0.015202,0.014848,68914696.000000,934597.000000,0.013562
923,720,69,0.016301,0.015826,69619445.000000,950798.000000,0.013657
924,721,69,0.015778,0.015401,69660203.000000,936904.000000,0.013450
925,722,69,0.015615,0.015193,70353877.000000,945077.000000,0.013433
926,723,69,0.015532,0.015196,69485162.000000,929967.000000,0.013384
927,724,68,0.015615,0.015186,70291417.000000,937135.000000,0.013332
928,725,68,0.015564,0.015244,70057251.000000,937500.000000,0.013382
929,726,68,0.015833,0.015508,70221730.000000,941581.000000,0.013409
930,727,68,0.015719,0.015398,70284399.000000,940533.000000,0.013382
931,728,68,0.015738,0.015325,70530097.000000,940794.000000,0.013339
932,729,67,0.015635,0.015277,70467140.000000,945014.000000,0.013411
933,730,67,0.015655,0.015242,70601971.000000,944932.000000,0.013384
934,731,67,0.015635,0.015293,70567001.000000,942839.000000,0.013361
935,732,67,0.015736,0.015357,70974551.000000,948234.000000,0.013360
936,733,67,0.016100,0.015697,71690714.000000,961491.000000,0.013412
937,734,67,0.015854,0.015462,71450112.000000,955687.000000,0.013376
938,735,67,0.015811,0.015495,71334827.000000,957929.000000,0.013429
939,736,66,0.015854,0.015455,71617279.000000,954845.000000,0.013333
940,737,66,0.015858,0.015480,71735630.000000,958365.000000,0.013360
941,737,66,0.015940,0.015496,71977253.000000,970242.000000,0.013480
942,738,66,0.016038,0.015639,71820417.000000,962975.000000,0.013408
943,739,66,0.015949,0.015556,71909113.000000,956390.000000,0.013300
944,739,66,0.015885,0.015566,71847213.000000,962928.000000,0.013402
945,740,66,0.016117,0.015736,72422329.000000,970535.000000,0.013401
946,740,65,0.016095,0.015741,72509550.000000,968996.000000,0.013364
947,741,65,0.016100,0.015752,72652829.000000,969192.000000,0.013340
948,742,65,0.016233,0.015793,72974949.000000,972056.000000,0.013320
949,743,65,0.016279,0.015821,73426095.000000,976707.000000,0.013302
950,744,65,0.016375,0.015950,73934907.000000,983271.000000,0.013299
951,745,65,0.016334,0.015917,73727242.000000,979324.000000,0.013283
952,746,65,0.016281,0.015946,73645637.000000,979223.000000,0.013296
953,747,64,0.016576,0.016127,74312787.000000,982661.000000,0.013223
954,747,64,0.016555,0.016223,74178215.000000,989766.000000,0.013343
955,747,64,0.016337,0.016003,73896029.000000,981755.000000,0.013286
956,748,64,0.016321,0.015988,73884110.000000,980919.000000,0.013276
957,749,64,0.016365,0.015961,74392346.000000,989880.000000,0.013306
958,750,64,0.016390,0.016070,74532382.000000,991305.000000,0.013300
959,750,64,0.016442,0.016058,74877796.000000,991409.000000,0.013240
960,751,63,0.016537,0.016147,75155029.000000,996342.000000,0.013257
961,751,63,0.016481,0.016042,74563501.000000,994870.000000,0.013343
962,752,63,0.016687,0.016301,75150043.000000,996086.000000,0.013255
963,753,63,0.016554,0.016165,74949259.000000,994840.000000,0.013274
964,754,63,0.016472,0.016112,75020667.000000,999761.000000,0.013326
965,755,63,0.016593,0.016173,75209232.000000,1000331.000000,0.013301
966,755,63,0.016955,0.016538,76101404.000000,1010240.000000,0.013275
967,756,63,0.016816,0.016449,75930853.000000,1008033.000000,0.013276
968,757,62,0.016831,0.016506,76001801.000000,1011000.000000,0.013302
969,758,62,0.016813,0.016361,76061478.000000,1010556.000000,0.013286
970,759,62,0.016825,0.016406,76789793.000000,1015609.000000,0.013226
971,760,62,0.016715,0.016306,76621470.000000,1014089.000000,0.013235
972,761,62,0.017028,0.016584,77187801.000000,1019537.000000,0.013209
973,762,62,0.017139,0.016699,77249462.000000,1020075.000000,0.013205
974,763,62,0.017274,0.016860,77917622.000000,1024471.000000,0.013148
975,764,62,0.017172,0.016756,77547518.000000,1025519.000000,0.013224
976,764,61,0.017090,0.016767,77454085.000000,1022560.000000,0.013202
977,765,61,0.016995,0.016537,77822269.000000,1027682.000000,0.013206
978,766,61,0.017668,0.017308,77752468.000000,1028739.000000,0.013231
979,766,61,0.017176,0.016763,77845523.000000,1030435.000000,0.013237
980,767,61,0.017367,0.016955,78495896.000000,1037432.000000,0.013216
981,768,61,0.017274,0.016848,78026079.000000,1034868.000000,0.013263
982,768,61,0.017093,0.016671,78086176.000000,1030622.000000,0.013199
983,769,61,0.017323,0.016915,78565038.000000,1035951.000000,0.013186
984,770,60,0.017586,0.017215,78806133.000000,1041971.000000,0.013222
985,771,60,0.017609,0.017243,79251265.000000,1049387.000000,0.013241
986,772,60,0.017471,0.017123,79225887.000000,1042761.000000,0.013162
987,772,60,0.017515,0.017158,79086508.000000,1045555.000000,0.013220
988,772,60,0.017452,0.017129,79067437.000000,1043815.000000,0.013202
989,773,60,0.017455,0.017076,79042676.000000,1047001.000000,0.013246
990,774,60,0.017864,0.017489,79979468.000000,1053642.000000,0.013174
991,775,60,0.017778,0.017402,79734795.000000,1056312.000000,0.013248
992,775,59,0.017710,0.017257,79747988.000000,1053848.000000,0.013215
