frame,nb of entities,FPS,frame length,physics length,L1-dcache-loads,L1-dcache-load-misses,L1-dcache-load-miss-ratio
0,3,302,0.001911,0.000030,453214.000000,31929.000000,0.070450
1,4,302,0.003317,0.000034,582027.000000,34937.000000,0.060026
2,5,302,0.003329,0.000033,614996.000000,34781.000000,0.056555
3,6,302,0.003318,0.000034,565166.000000,34495.000000,0.061035
4,7,302,0.003323,0.000041,562884.000000,34198.000000,0.060755
5,8,302,0.003324,0.000035,627408.000000,31981.000000,0.050973
6,9,302,0.003321,0.000031,598143.000000,35170.000000,0.058799
7,10,302,0.003328,0.000035,599148.000000,35911.000000,0.059937
8,11,302,0.003325,0.000036,637364.000000,36126.000000,0.056680
9,12,302,0.003318,0.000040,579121.000000,35103.000000,0.060614
10,13,302,0.003323,0.000043,553153.000000,31601.000000,0.057129
11,14,302,0.003327,0.000042,661741.000000,35933.000000,0.054301
12,15,302,0.003319,0.000044,586266.000000,34853.000000,0.059449
13,16,302,0.003322,0.000044,631802.000000,35620.000000,0.056378
14,17,302,0.003331,0.000038,665128.000000,36134.000000,0.054326
15,17,302,0.003315,0.000040,566248.000000,31294.000000,0.055266
16,18,302,0.003324,0.000044,602600.000000,35394.000000,0.058735
17,18,302,0.003327,0.000039,647925.000000,35359.000000,0.054573
18,19,302,0.003318,0.000047,610291.000000,35440.000000,0.058071
19,20,302,0.003324,0.000042,594978.000000,35089.000000,0.058975
20,21,302,0.003327,0.000049,611941.000000,31947.000000,0.052206
21,22,302,0.003319,0.000050,623004.000000,36360.000000,0.058362
22,23,302,0.003322,0.000051,613938.000000,35287.000000,0.057476
23,23,302,0.003328,0.000040,653766.000000,35297.000000,0.053990
24,24,302,0.003324,0.000052,598626.000000,35947.000000,0.060049
25,25,302,0.003315,0.000092,666885.000000,38166.000000,0.057230
26,26,302,0.003326,0.000070,740324.000000,40080.000000,0.054138
27,27,302,0.003322,0.000053,659232.000000,39183.000000,0.059437
28,28,302,0.003325,0.000062,652622.000000,39101.000000,0.059914
29,29,302,0.003327,0.000084,724516.000000,40714.000000,0.056195
30,30,302,0.003316,0.000061,658646.000000,37736.000000,0.057293
31,31,302,0.003317,0.000069,709203.000000,40345.000000,0.056888
32,32,302,0.003327,0.000061,719072.000000,39430.000000,0.054835
33,33,302,0.003322,0.000061,698198.000000,39091.000000,0.055988
34,34,302,0.003326,0.000063,695470.000000,39180.000000,0.056336
35,35,302,0.003328,0.000109,680302.000000,38690.000000,0.056872
36,36,302,0.003316,0.000082,716556.000000,39770.000000,0.055502
37,37,302,0.003322,0.000073,722835.000000,40301.000000,0.055754
38,38,302,0.003330,0.000091,710017.000000,39305.000000,0.055358
39,39,302,0.003318,0.000083,722129.000000,39370.000000,0.054519
40,40,302,0.003323,0.000121,702171.000000,37526.000000,0.053443
41,40,302,0.003327,0.000085,749180.000000,39601.000000,0.052859
42,40,302,0.003318,0.000092,747796.000000,40271.000000,0.053853
43,41,302,0.003326,0.000081,761619.000000,39073.000000,0.051303
44,42,302,0.003334,0.000212,751852.000000,42962.000000,0.057142
45,43,302,0.003309,0.000154,754795.000000,45740.000000,0.060599
46,44,302,0.003323,0.000086,767194.000000,40341.000000,0.052583
47,45,302,0.003328,0.000095,773252.000000,40385.000000,0.052227
48,45,302,0.003319,0.000091,752358.000000,39417.000000,0.052391
49,46,302,0.003324,0.000087,773645.000000,39630.000000,0.051225
50,47,302,0.003327,0.000091,776130.000000,37387.000000,0.048171
51,47,302,0.003323,0.000079,791964.000000,39956.000000,0.050452
52,48,302,0.003324,0.000094,781502.000000,39974.000000,0.051150
53,49,302,0.003325,0.000113,825553.000000,41984.000000,0.050856
54,50,303,0.003319,0.000108,799452.000000,40593.000000,0.050776
55,51,303,0.003321,0.000101,758260.000000,36929.000000,0.048702
56,52,303,0.003326,0.000159,821523.000000,42493.000000,0.051725
57,53,303,0.003317,0.000111,843394.000000,42052.000000,0.049860
58,54,303,0.003323,0.000100,811868.000000,40715.000000,0.050150
59,54,303,0.003331,0.000124,810411.000000,42741.000000,0.052740
60,55,300,0.003315,0.000155,817549.000000,40467.000000,0.049498
61,56,300,0.003325,0.000103,852180.000000,42824.000000,0.050252
62,57,300,0.003323,0.000125,855238.000000,43223.000000,0.050539
63,57,300,0.003324,0.000121,851451.000000,43868.000000,0.051521
64,58,300,0.003318,0.000156,883245.000000,54129.000000,0.061284
65,59,300,0.003324,0.000106,854699.000000,38975.000000,0.045601
66,60,300,0.003323,0.000097,848424.000000,41843.000000,0.049319
67,60,300,0.003322,0.000112,822628.000000,40785.000000,0.049579
68,60,300,0.003328,0.000124,819062.000000,41808.000000,0.051044
69,61,300,0.003320,0.000118,851750.000000,42659.000000,0.050084
70,62,300,0.003319,0.000124,865713.000000,38527.000000,0.044503
71,63,300,0.003326,0.000111,909361.000000,43268.000000,0.047581
72,64,300,0.003324,0.000103,876765.000000,42081.000000,0.047996
73,65,300,0.003321,0.000122,863952.000000,42074.000000,0.048699
74,65,300,0.003328,0.000148,897044.000000,43340.000000,0.048314
75,66,300,0.003319,0.000132,871720.000000,37907.000000,0.043485
76,67,300,0.003323,0.000140,911012.000000,42353.000000,0.046490
77,68,300,0.003325,0.000138,926230.000000,43372.000000,0.046826
78,68,300,0.003320,0.000161,870422.000000,43513.000000,0.049991
79,69,300,0.003322,0.000343,925108.000000,49756.000000,0.053784
80,70,300,0.003329,0.000140,899457.000000,42184.000000,0.046899
81,71,300,0.003316,0.000141,911853.000000,42648.000000,0.046771
82,72,300,0.003315,0.000147,939668.000000,42548.000000,0.045280
83,73,300,0.003327,0.000202,1005343.000000,49177.000000,0.048916
84,73,300,0.003315,0.000180,974840.000000,44870.000000,0.046028
85,74,300,0.003322,0.000187,983794.000000,44950.000000,0.045690
86,75,300,0.003324,0.000210,1015962.000000,53828.000000,0.052982
87,75,300,0.003320,0.000156,965251.000000,42871.000000,0.044414
88,76,300,0.003323,0.000193,1005194.000000,45116.000000,0.044883
89,76,300,0.003332,0.000192,994954.000000,46059.000000,0.046293
90,76,300,0.003316,0.000192,958791.000000,53105.000000,0.055387
91,77,300,0.003320,0.000206,1020681.000000,53446.000000,0.052363
92,77,300,0.003324,0.000204,1002816.000000,45429.000000,0.045301
93,77,300,0.003318,0.000188,1021118.000000,45203.000000,0.044268
94,78,300,0.003325,0.000132,1002247.000000,43479.000000,0.043382
95,79,300,0.003329,0.000183,982271.000000,42553.000000,0.043321
96,80,300,0.003313,0.000166,1028337.000000,43572.000000,0.042371
97,81,300,0.003328,0.000132,1030196.000000,43221.000000,0.041954
98,82,300,0.003320,0.000178,1024337.000000,43981.000000,0.042936
99,82,300,0.003321,0.000196,1025205.000000,47573.000000,0.046403
100,83,300,0.003319,0.000229,1049278.000000,56164.000000,0.053526
101,84,300,0.003326,0.000181,1093872.000000,44971.000000,0.041112
102,84,300,0.003324,0.000138,1040083.000000,44328.000000,0.042620
103,84,300,0.003332,0.000169,1001770.000000,43563.000000,0.043486
104,84,300,0.003322,0.000191,1092047.000000,48013.000000,0.043966
105,85,300,0.003318,0.000183,1045206.000000,41057.000000,0.039281
106,86,300,0.003320,0.000186,1108953.000000,45766.000000,0.041270
107,86,300,0.003329,0.000190,1115594.000000,46637.000000,0.041805
108,86,300,0.003319,0.000190,1098538.000000,45094.000000,0.041049
109,87,300,0.003321,0.000198,1148024.000000,45745.000000,0.039847
110,88,300,0.003328,0.000213,1110750.000000,42804.000000,0.038536
111,89,300,0.003318,0.000206,1162127.000000,45662.000000,0.039292
112,90,300,0.003324,0.000211,1188392.000000,46326.000000,0.038982
113,90,300,0.003324,0.000221,1175972.000000,46449.000000,0.039498
114,91,300,0.003320,0.000216,1177265.000000,45635.000000,0.038764
115,92,300,0.003321,0.000215,1172877.000000,42510.000000,0.036244
116,93,300,0.003332,0.000272,1234343.000000,47693.000000,0.038638
117,94,300,0.003314,0.000313,1301256.000000,63919.000000,0.049121
118,95,300,0.003321,0.000232,1255093.000000,47928.000000,0.038187
119,95,300,0.003327,0.000239,1247484.000000,47495.000000,0.038073
120,96,300,0.003320,0.000237,1217419.000000,43657.000000,0.035860
121,97,300,0.003321,0.000235,1284864.000000,47530.000000,0.036992
122,98,300,0.003327,0.000215,1278840.000000,48177.000000,0.037672
123,98,300,0.003321,0.000235,1296513.000000,48167.000000,0.037151
124,99,300,0.003321,0.000255,1338293.000000,48615.000000,0.036326
125,100,300,0.003327,0.000323,1393487.000000,58945.000000,0.042300
126,101,300,0.003323,0.000264,1345384.000000,49345.000000,0.036677
127,102,300,0.003317,0.000465,1454043.000000,69182.000000,0.047579
128,102,300,0.003320,0.000236,1419572.000000,50509.000000,0.035580
129,102,301,0.003318,0.000328,1471224.000000,63306.000000,0.043029
130,103,300,0.003322,0.000282,1398215.000000,49788.000000,0.035608
131,104,300,0.003325,0.000284,1442988.000000,49965.000000,0.034626
132,105,301,0.003318,0.000293,1450477.000000,49925.000000,0.034420
133,106,300,0.003328,0.000290,1479115.000000,51468.000000,0.034796
134,107,301,0.003319,0.000289,1502222.000000,55117.000000,0.036690
135,108,301,0.003317,0.000298,1483081.000000,47845.000000,0.032261
136,109,301,0.003325,0.000302,1496990.000000,51627.000000,0.034487
137,110,301,0.003326,0.000437,1600456.000000,74840.000000,0.046762
138,111,301,0.003317,0.000320,1550841.000000,51765.000000,0.033379
139,112,301,0.003324,0.000316,1601457.000000,53180.000000,0.033207
140,113,301,0.003326,0.000311,1557774.000000,49417.000000,0.031723
141,113,301,0.003318,0.000319,1560578.000000,51214.000000,0.032817
142,114,300,0.003325,0.000326,1591563.000000,53588.000000,0.033670
143,114,301,0.003323,0.000304,1575603.000000,53488.000000,0.033948
144,115,301,0.003317,0.000326,1570649.000000,51600.000000,0.032853
145,116,300,0.003326,0.000321,1555065.000000,49679.000000,0.031947
146,117,300,0.003325,0.000320,1620701.000000,54195.000000,0.033439
147,118,300,0.003318,0.000321,1673838.000000,54736.000000,0.032701
148,119,300,0.003323,0.000351,1673269.000000,54268.000000,0.032432
149,120,301,0.003328,0.000320,1722002.000000,54942.000000,0.031906
150,121,300,0.003320,0.000331,1720918.000000,51501.000000,0.029926
151,122,300,0.003324,0.000370,1790211.000000,56152.000000,0.031366
152,123,300,0.003327,0.000371,1858779.000000,58628.000000,0.031541
153,123,300,0.003321,0.000410,1877276.000000,64456.000000,0.034335
154,124,300,0.003324,0.000434,1841718.000000,57150.000000,0.031031
155,125,300,0.003323,0.000383,1878734.000000,53801.000000,0.028637
156,126,300,0.003323,0.000415,1918795.000000,58106.000000,0.030283
157,127,300,0.003322,0.000434,1978286.000000,58807.000000,0.029726
158,128,300,0.003324,0.000476,2129887.000000,75373.000000,0.035388
159,129,300,0.003325,0.000446,2042943.000000,59654.000000,0.029200
160,130,300,0.003317,0.000474,2041724.000000,58442.000000,0.028624
161,130,300,0.003330,0.000481,2084710.000000,63264.000000,0.030347
162,131,300,0.003313,0.000375,2079220.000000,60249.000000,0.028977
163,132,301,0.003319,0.000468,2113934.000000,61260.000000,0.028979
164,133,300,0.003331,0.000592,2130420.000000,66483.000000,0.031207
165,134,300,0.003316,0.000471,2115603.000000,57589.000000,0.027221
166,135,300,0.003324,0.000502,2150507.000000,61989.000000,0.028825
167,136,300,0.003325,0.000481,2241690.000000,62836.000000,0.028031
168,136,300,0.003322,0.000446,2238705.000000,67122.000000,0.029983
169,137,300,0.003322,0.000470,2276458.000000,65041.000000,0.028571
170,138,300,0.003326,0.000478,2246532.000000,61212.000000,0.027247
171,139,300,0.003321,0.000471,2319879.000000,63411.000000,0.027334
172,140,300,0.003327,0.000508,2380968.000000,66167.000000,0.027790
173,141,300,0.003324,0.000449,2417667.000000,68098.000000,0.028167
174,142,300,0.003316,0.000555,2404184.000000,65562.000000,0.027270
175,142,300,0.003322,0.000506,2356848.000000,62498.000000,0.026518
176,143,300,0.003329,0.000512,2453027.000000,66255.000000,0.027009
177,144,300,0.003321,0.000517,2467037.000000,66423.000000,0.026924
178,145,300,0.003325,0.000482,2492137.000000,71673.000000,0.028760
179,146,300,0.003325,0.000526,2498199.000000,67250.000000,0.026919
180,147,300,0.003320,0.000541,2474438.000000,64215.000000,0.025951
181,147,300,0.003324,0.000531,2489845.000000,67473.000000,0.027099
182,148,300,0.003331,0.000539,2564601.000000,68435.000000,0.026684
183,148,300,0.003318,0.000502,2610302.000000,68319.000000,0.026173
184,149,300,0.003323,0.000554,2550741.000000,68584.000000,0.026888
185,149,300,0.003329,0.000538,2526364.000000,64464.000000,0.025517
186,150,300,0.003321,0.000613,2582242.000000,69660.000000,0.026977
187,150,300,0.003327,0.000837,2716455.000000,89269.000000,0.032862
188,151,300,0.003325,0.000854,2800024.000000,113075.000000,0.040384
189,152,300,0.003370,0.000710,2786482.000000,92747.000000,0.033285
190,153,300,0.003365,0.000870,2752124.000000,104880.000000,0.038109
191,154,300,0.003374,0.000872,2853107.000000,110193.000000,0.038622
192,155,300,0.003375,0.000641,2698624.000000,70878.000000,0.026264
193,156,300,0.003376,0.000753,2811989.000000,81292.000000,0.028909
194,157,300,0.003372,0.000668,2816717.000000,80864.000000,0.028709
195,157,300,0.003324,0.000674,2841591.000000,70188.000000,0.024700
196,158,300,0.003321,0.000739,3044746.000000,81050.000000,0.026620
197,159,300,0.003326,0.000599,2972810.000000,75477.000000,0.025389
198,160,300,0.003318,0.000720,3015695.000000,74696.000000,0.024769
199,161,300,0.003322,0.000693,3023001.000000,72679.000000,0.024042
200,162,300,0.003324,0.000638,3018856.000000,76277.000000,0.025267
201,163,300,0.003320,0.000747,3063580.000000,77778.000000,0.025388
202,163,300,0.003323,0.000746,3148769.000000,79737.000000,0.025323
203,163,300,0.003326,0.000658,3104230.000000,76618.000000,0.024682
204,164,300,0.003325,0.000781,3078318.000000,76253.000000,0.024771
205,165,300,0.003314,0.000736,3162361.000000,80309.000000,0.025395
206,165,300,0.003326,0.000671,3141126.000000,77364.000000,0.024629
207,166,300,0.003319,0.000782,3223331.000000,80465.000000,0.024963
208,166,300,0.003326,0.000753,3228819.000000,79157.000000,0.024516
209,167,300,0.003318,0.001016,3315256.000000,83039.000000,0.025048
210,168,300,0.003324,0.000746,3299228.000000,81211.000000,0.024615
211,168,300,0.003327,0.000764,3323546.000000,80295.000000,0.024159
212,169,300,0.003315,0.000882,3492420.000000,93478.000000,0.026766
213,170,300,0.003327,0.000806,3365257.000000,81173.000000,0.024121
214,171,300,0.003320,0.000734,3494504.000000,84590.000000,0.024207
215,172,300,0.003324,0.000752,3537914.000000,86378.000000,0.024415
216,173,300,0.003317,0.000854,3449896.000000,81970.000000,0.023760
217,174,300,0.003326,0.000837,3604251.000000,93316.000000,0.025891
218,174,300,0.003330,0.000686,3465261.000000,84834.000000,0.024481
219,174,300,0.003307,0.000885,3578405.000000,89922.000000,0.025129
220,175,300,0.003325,0.000861,3531326.000000,85252.000000,0.024142
221,175,300,0.003325,0.000761,3549712.000000,82227.000000,0.023164
222,176,300,0.003319,0.000836,3619656.000000,86638.000000,0.023935
223,177,300,0.003320,0.000853,3632167.000000,84847.000000,0.023360
224,177,300,0.003325,0.000947,3735159.000000,91957.000000,0.024619
225,178,300,0.003319,0.000741,3756203.000000,85412.000000,0.022739
226,178,300,0.003325,0.000909,3676469.000000,85685.000000,0.023306
227,179,300,0.003384,0.001042,3745375.000000,89984.000000,0.024025
228,179,300,0.003378,0.000920,3688352.000000,88744.000000,0.024061
229,180,300,0.003384,0.000982,3799267.000000,89841.000000,0.023647
230,181,300,0.003369,0.000830,3828200.000000,91416.000000,0.023880
231,182,300,0.003365,0.000948,3906152.000000,91674.000000,0.023469
232,183,300,0.003373,0.000890,3902974.000000,90922.000000,0.023296
233,184,299,0.003388,0.000999,3952592.000000,92968.000000,0.023521
234,185,299,0.003389,0.001001,3891907.000000,93622.000000,0.024056
235,186,299,0.003371,0.000863,3989855.000000,90205.000000,0.022609
236,187,299,0.003383,0.001014,3983396.000000,91984.000000,0.023092
237,188,299,0.003376,0.000927,4048344.000000,91329.000000,0.022560
238,188,299,0.003377,0.001016,3993950.000000,93124.000000,0.023316
239,189,299,0.003391,0.001043,4088410.000000,94923.000000,0.023218
240,190,299,0.003375,0.000939,4204664.000000,95577.000000,0.022731
241,191,299,0.003396,0.001050,4254129.000000,96313.000000,0.022640
242,192,299,0.003386,0.001005,4256529.000000,95300.000000,0.022389
243,193,299,0.003395,0.001163,4513142.000000,122531.000000,0.027150
244,194,299,0.003324,0.000919,4377601.000000,96855.000000,0.022125
245,195,299,0.003315,0.001010,4486039.000000,97545.000000,0.021744
246,196,299,0.003323,0.000997,4596275.000000,102367.000000,0.022272
247,196,299,0.003326,0.001116,4589729.000000,101593.000000,0.022135
248,197,299,0.003318,0.001033,4501738.000000,98513.000000,0.021883
249,198,299,0.003326,0.000971,4521717.000000,96786.000000,0.021405
250,199,299,0.003324,0.001149,4555806.000000,100896.000000,0.022147
251,200,299,0.003318,0.001044,4631275.000000,100717.000000,0.021747
252,200,299,0.003321,0.001013,4748034.000000,102874.000000,0.021667
253,201,299,0.003333,0.001185,4843305.000000,105982.000000,0.021882
254,202,299,0.003313,0.001673,5080010.000000,136261.000000,0.026823
255,203,299,0.003400,0.001325,4913218.000000,108107.000000,0.022003
256,204,299,0.003375,0.001171,4870232.000000,106664.000000,0.021901
257,205,299,0.003315,0.001106,4984929.000000,106001.000000,0.021264
258,206,299,0.003324,0.001279,4927941.000000,106667.000000,0.021645
259,206,299,0.003327,0.001724,5230245.000000,137101.000000,0.026213
260,207,299,0.003321,0.001041,5009820.000000,106939.000000,0.021346
261,208,299,0.003323,0.001294,5078052.000000,107600.000000,0.021189
262,208,299,0.003330,0.001203,5054134.000000,108554.000000,0.021478
263,208,299,0.003315,0.001154,5198307.000000,109125.000000,0.020992
264,209,299,0.003324,0.001122,5283637.000000,107366.000000,0.020320
265,210,299,0.003324,0.001228,5181997.000000,109825.000000,0.021194
266,211,299,0.003320,0.001204,5382605.000000,112283.000000,0.020860
267,212,299,0.003322,0.001160,5487489.000000,113940.000000,0.020764
268,213,299,0.003323,0.001312,5544521.000000,114940.000000,0.020730
269,214,299,0.003323,0.001346,5557499.000000,114695.000000,0.020638
270,215,299,0.003321,0.001151,5580283.000000,114000.000000,0.020429
271,215,299,0.003327,0.001316,5522243.000000,112783.000000,0.020423
272,215,299,0.003323,0.001147,5544005.000000,117233.000000,0.021146
273,215,299,0.003324,0.001198,5668104.000000,117706.000000,0.020766
274,216,299,0.003326,0.001306,5759596.000000,116610.000000,0.020246
275,217,299,0.003321,0.001238,5729826.000000,122080.000000,0.021306
276,218,299,0.003320,0.001240,5837708.000000,119574.000000,0.020483
277,219,299,0.003409,0.001439,5863647.000000,122019.000000,0.020809
278,220,299,0.003390,0.001339,6008131.000000,124523.000000,0.020726
279,221,298,0.003417,0.001496,6028960.000000,122047.000000,0.020243
280,222,298,0.003406,0.001446,6140268.000000,126254.000000,0.020562
281,223,298,0.003397,0.001278,6166280.000000,124887.000000,0.020253
282,224,298,0.003404,0.001503,6208393.000000,124984.000000,0.020131
283,225,298,0.003404,0.001307,6333686.000000,125759.000000,0.019856
284,226,298,0.003401,0.001351,6415567.000000,127982.000000,0.019949
285,227,298,0.003399,0.001406,6406995.000000,131312.000000,0.020495
286,227,298,0.003396,0.001337,6484339.000000,131101.000000,0.020218
287,227,298,0.003405,0.001516,6478586.000000,130190.000000,0.020095
288,228,298,0.003412,0.001417,6580746.000000,131030.000000,0.019911
289,228,297,0.003420,0.001557,6793746.000000,146817.000000,0.021611
290,229,297,0.003401,0.001405,6479539.000000,133164.000000,0.020551
291,230,297,0.003347,0.001344,6573992.000000,131384.000000,0.019985
292,231,297,0.003406,0.001579,6615023.000000,130310.000000,0.019699
293,232,297,0.003403,0.001387,6737459.000000,129869.000000,0.019276
294,233,297,0.003414,0.001609,6673737.000000,130242.000000,0.019516
295,234,297,0.003401,0.001424,6801176.000000,137144.000000,0.020165
296,234,297,0.003408,0.001415,6760196.000000,136507.000000,0.020193
297,235,297,0.003407,0.001586,6850065.000000,135850.000000,0.019832
298,236,297,0.003413,0.001474,7012905.000000,139031.000000,0.019825
299,237,297,0.003419,0.001627,6892236.000000,134129.000000,0.019461
300,238,297,0.003407,0.001461,7028868.000000,141212.000000,0.020090
301,239,297,0.003427,0.001678,7012263.000000,140790.000000,0.020078
302,240,297,0.003407,0.001627,7025519.000000,137715.000000,0.019602
303,240,297,0.003382,0.001492,7064027.000000,139238.000000,0.019711
304,240,297,0.003422,0.001671,7099703.000000,137098.000000,0.019310
305,240,297,0.003403,0.001478,7056001.000000,141705.000000,0.020083
306,241,297,0.003414,0.001687,7073446.000000,142933.000000,0.020207
307,242,296,0.003408,0.001475,7119253.000000,141932.000000,0.019936
308,243,296,0.003407,0.001510,7253223.000000,140601.000000,0.019385
309,244,296,0.003415,0.001698,7331197.000000,143168.000000,0.019529
310,245,296,0.003407,0.001552,7395417.000000,144536.000000,0.019544
311,246,296,0.003422,0.001796,7475239.000000,146906.000000,0.019652
312,247,296,0.003404,0.001564,7451038.000000,146321.000000,0.019638
313,248,296,0.003417,0.001762,7670643.000000,156163.000000,0.020359
314,249,296,0.003412,0.001645,7652021.000000,152902.000000,0.019982
315,249,296,0.003366,0.001601,7618929.000000,150267.000000,0.019723
316,250,296,0.003422,0.001841,7672647.000000,152539.000000,0.019881
317,250,295,0.003413,0.001654,7636431.000000,150773.000000,0.019744
318,251,295,0.003423,0.001820,7617360.000000,148375.000000,0.019479
319,252,295,0.003412,0.001652,7783363.000000,154664.000000,0.019871
320,252,295,0.003416,0.001686,7875380.000000,154185.000000,0.019578
321,253,295,0.003433,0.002010,7824991.000000,153199.000000,0.019578
322,253,295,0.003402,0.001677,7794447.000000,156055.000000,0.020021
323,254,295,0.003425,0.001891,7863496.000000,153006.000000,0.019458
324,254,294,0.003418,0.001671,7981652.000000,155484.000000,0.019480
325,254,294,0.003418,0.001711,8052444.000000,158904.000000,0.019734
326,255,294,0.003418,0.001737,8094885.000000,157555.000000,0.019464
327,256,294,0.003419,0.001735,8257599.000000,161644.000000,0.019575
328,257,294,0.003430,0.001964,8095969.000000,159151.000000,0.019658
329,258,294,0.003409,0.001760,8151389.000000,160995.000000,0.019751
330,259,294,0.003435,0.001953,8188108.000000,161232.000000,0.019691
331,260,293,0.003414,0.001760,8301181.000000,162691.000000,0.019599
332,261,293,0.003420,0.001741,8377838.000000,160293.000000,0.019133
333,261,293,0.003424,0.001786,8485564.000000,162790.000000,0.019184
334,262,293,0.003423,0.001829,8609146.000000,168067.000000,0.019522
335,263,293,0.003424,0.001808,8642030.000000,169768.000000,0.019644
336,263,293,0.003431,0.001835,8736019.000000,169177.000000,0.019365
337,264,293,0.003423,0.001874,8834120.000000,171520.000000,0.019416
338,264,293,0.003424,0.001877,8865319.000000,168428.000000,0.018999
339,265,293,0.003428,0.001887,8870890.000000,175139.000000,0.019743
340,265,293,0.003423,0.001895,8928635.000000,176360.000000,0.019752
341,265,293,0.003426,0.001882,9001002.000000,174389.000000,0.019374
342,266,293,0.003355,0.002360,9280789.000000,183274.000000,0.019748
343,267,293,0.003332,0.001965,9144842.000000,180856.000000,0.019777
344,268,293,0.003336,0.001945,9190783.000000,175838.000000,0.019132
345,269,293,0.003329,0.001945,9222649.000000,178676.000000,0.019374
346,270,293,0.003335,0.001960,9201864.000000,180147.000000,0.019577
347,271,293,0.003333,0.002063,9273917.000000,177366.000000,0.019125
348,272,293,0.003345,0.002230,9361311.000000,182116.000000,0.019454
349,273,293,0.003331,0.001973,9451214.000000,181480.000000,0.019202
350,274,293,0.003360,0.002581,9845491.000000,198364.000000,0.020148
351,274,293,0.003338,0.002059,9509983.000000,186066.000000,0.019565
352,275,294,0.003337,0.002070,9436431.000000,179187.000000,0.018989
353,276,294,0.003334,0.002000,9523348.000000,183825.000000,0.019303
354,277,294,0.003353,0.002093,9657179.000000,188683.000000,0.019538
355,278,294,0.003374,0.002986,10209059.000000,208497.000000,0.020423
356,278,294,0.003337,0.002030,9699973.000000,181895.000000,0.018752
357,278,294,0.003339,0.002110,9663945.000000,182551.000000,0.018890
358,279,294,0.003341,0.002118,9817906.000000,189530.000000,0.019305
359,280,294,0.003357,0.002441,9880402.000000,189036.000000,0.019132
360,280,294,0.003337,0.002086,9845963.000000,185976.000000,0.018889
361,281,294,0.003342,0.002101,9972258.000000,188409.000000,0.018893
362,282,294,0.003350,0.002344,10041428.000000,187633.000000,0.018686
363,282,294,0.003345,0.002128,10171665.000000,191591.000000,0.018836
364,283,295,0.003342,0.002165,10205954.000000,192626.000000,0.018874
365,284,295,0.003353,0.002368,10263098.000000,193456.000000,0.018850
366,285,295,0.003343,0.002181,10281369.000000,195238.000000,0.018989
367,286,295,0.003342,0.002177,10280930.000000,192068.000000,0.018682
368,287,295,0.003343,0.002195,10345283.000000,195640.000000,0.018911
369,288,295,0.003344,0.002193,10428743.000000,196994.000000,0.018890
370,289,295,0.003347,0.002213,10574493.000000,198864.000000,0.018806
371,290,295,0.003346,0.002242,10629242.000000,199127.000000,0.018734
372,291,295,0.003352,0.002370,10626526.000000,198593.000000,0.018688
373,292,295,0.003347,0.002245,10684976.000000,200177.000000,0.018734
374,293,296,0.003347,0.002259,10652886.000000,201356.000000,0.018902
375,293,296,0.003349,0.002255,10796504.000000,200642.000000,0.018584
376,294,296,0.003352,0.002302,10966726.000000,206617.000000,0.018840
377,295,296,0.003346,0.002261,10749818.000000,198691.000000,0.018483
378,296,296,0.003348,0.002290,10814285.000000,203168.000000,0.018787
379,297,296,0.003349,0.002288,10938241.000000,203720.000000,0.018625
380,298,296,0.003325,0.002310,11016546.000000,205857.000000,0.018686
381,298,296,0.003351,0.002321,11070200.000000,206752.000000,0.018676
382,299,296,0.003349,0.002309,10992098.000000,202705.000000,0.018441
383,299,296,0.003352,0.002359,11220405.000000,209969.000000,0.018713
384,300,297,0.003353,0.002384,11298035.000000,212521.000000,0.018810
385,300,297,0.003354,0.002390,11344005.000000,211263.000000,0.018623
386,301,297,0.003353,0.002384,11204646.000000,211163.000000,0.018846
387,301,297,0.003350,0.002367,11139888.000000,206433.000000,0.018531
388,302,297,0.003353,0.002378,11278008.000000,210024.000000,0.018622
389,302,297,0.003353,0.002388,11250941.000000,210313.000000,0.018693
390,303,297,0.003353,0.002396,11284787.000000,210886.000000,0.018688
391,304,297,0.003356,0.002414,11439224.000000,212715.000000,0.018595
392,305,297,0.003358,0.002443,11556677.000000,212619.000000,0.018398
393,305,297,0.003354,0.002418,11354247.000000,213321.000000,0.018788
394,306,298,0.003355,0.002434,11404424.000000,215091.000000,0.018860
395,307,298,0.003357,0.002422,11477329.000000,216092.000000,0.018828
396,308,298,0.003359,0.002493,11649912.000000,214925.000000,0.018449
397,308,298,0.003358,0.002464,11623057.000000,211090.000000,0.018161
398,309,298,0.003358,0.002460,11494071.000000,214662.000000,0.018676
399,310,298,0.003357,0.002447,11628335.000000,217080.000000,0.018668
400,311,298,0.003360,0.002493,11775663.000000,217468.000000,0.018468
401,312,298,0.003377,0.002447,11679288.000000,216994.000000,0.018579
402,312,298,0.003359,0.002643,11977642.000000,222096.000000,0.018543
403,313,298,0.003359,0.002535,11855356.000000,218825.000000,0.018458
404,314,298,0.003361,0.002525,11911648.000000,221890.000000,0.018628
405,315,298,0.003381,0.002624,12063525.000000,225638.000000,0.018704
406,316,298,0.003362,0.002683,12189578.000000,226058.000000,0.018545
407,317,298,0.003364,0.002589,12240570.000000,220767.000000,0.018036
408,318,298,0.003366,0.002631,12297188.000000,226325.000000,0.018405
409,319,298,0.003367,0.002636,12458084.000000,228263.000000,0.018322
410,319,298,0.003364,0.002642,12346593.000000,226130.000000,0.018315
411,319,298,0.003367,0.002646,12345533.000000,220448.000000,0.017856
412,319,298,0.003365,0.002629,12404469.000000,222569.000000,0.017943
413,320,298,0.003370,0.002675,12660623.000000,229936.000000,0.018162
414,321,298,0.003368,0.002693,12603720.000000,230633.000000,0.018299
415,322,298,0.003369,0.002700,12650979.000000,230183.000000,0.018195
416,323,298,0.003371,0.002720,12738973.000000,231414.000000,0.018166
417,324,298,0.003368,0.002679,12632926.000000,227768.000000,0.018030
418,324,298,0.003360,0.002709,12804088.000000,231811.000000,0.018104
419,325,298,0.003372,0.002726,12936101.000000,236604.000000,0.018290
420,326,297,0.003372,0.002766,13003128.000000,235805.000000,0.018134
421,326,297,0.003374,0.002784,13004604.000000,235480.000000,0.018107
422,327,297,0.003374,0.002781,12988386.000000,231081.000000,0.017791
423,328,297,0.003372,0.002792,13163444.000000,237345.000000,0.018031
424,329,297,0.003377,0.002826,13345158.000000,241529.000000,0.018099
425,330,297,0.003380,0.002866,13375341.000000,242919.000000,0.018162
426,331,297,0.003380,0.002929,13546192.000000,243492.000000,0.017975
427,331,297,0.003378,0.002872,13559006.000000,241954.000000,0.017845
428,332,297,0.003382,0.002917,13669286.000000,247395.000000,0.018099
429,332,297,0.003377,0.002914,13611404.000000,245840.000000,0.018061
430,332,297,0.003378,0.002909,13593566.000000,244108.000000,0.017958
431,333,297,0.003488,0.003125,13926396.000000,249890.000000,0.017944
432,334,297,0.003414,0.003062,14018686.000000,247576.000000,0.017660
433,335,297,0.003390,0.003052,14258503.000000,252711.000000,0.017724
434,336,296,0.003471,0.003115,14193411.000000,256085.000000,0.018043
435,336,296,0.003353,0.003016,14129794.000000,247299.000000,0.017502
436,337,296,0.003389,0.003059,14276436.000000,253151.000000,0.017732
437,338,296,0.003359,0.003030,14232402.000000,251464.000000,0.017668
438,338,296,0.003381,0.003054,14374739.000000,252763.000000,0.017584
439,339,296,0.003384,0.003052,14471738.000000,256386.000000,0.017716
440,340,296,0.003389,0.003098,14415659.000000,256873.000000,0.017819
441,341,296,0.003472,0.003149,14575055.000000,258374.000000,0.017727
442,342,296,0.003428,0.003097,14635884.000000,258074.000000,0.017633
443,342,296,0.003430,0.003125,14638326.000000,260243.000000,0.017778
444,343,296,0.003418,0.003126,14591300.000000,260706.000000,0.017867
445,343,296,0.003399,0.003103,14557642.000000,252876.000000,0.017371
446,344,295,0.003923,0.003316,14773384.000000,260291.000000,0.017619
447,345,294,0.003868,0.003260,14865573.000000,266609.000000,0.017935
448,346,293,0.003837,0.003229,14935254.000000,264674.000000,0.017721
449,346,293,0.003896,0.003272,15067967.000000,267757.000000,0.017770
450,346,292,0.003817,0.003252,14978669.000000,267243.000000,0.017842
451,346,291,0.003828,0.003248,15018625.000000,265271.000000,0.017663
452,346,290,0.004079,0.003313,15078716.000000,269743.000000,0.017889
453,347,290,0.003851,0.003265,15180340.000000,269358.000000,0.017744
454,348,289,0.003967,0.003305,15434743.000000,273583.000000,0.017725
455,349,288,0.003911,0.003345,15401599.000000,273262.000000,0.017742
456,350,287,0.003795,0.003471,15585709.000000,278706.000000,0.017882
457,351,287,0.003686,0.003371,15653093.000000,272459.000000,0.017406
458,351,286,0.003612,0.003320,15499767.000000,268180.000000,0.017302
459,352,286,0.004040,0.003723,15789649.000000,279334.000000,0.017691
460,352,285,0.003800,0.003481,15826956.000000,270199.000000,0.017072
461,353,284,0.004344,0.003704,15844873.000000,276360.000000,0.017442
462,354,283,0.004067,0.003436,16072608.000000,277300.000000,0.017253
463,354,282,0.003993,0.003401,15980449.000000,276320.000000,0.017291
464,355,281,0.004029,0.003423,16113846.000000,280538.000000,0.017410
465,356,280,0.004044,0.003428,16020455.000000,278544.000000,0.017387
466,357,279,0.004033,0.003417,16144320.000000,283226.000000,0.017543
467,358,278,0.004085,0.003477,16217307.000000,280480.000000,0.017295
468,359,277,0.004090,0.003494,16436075.000000,287138.000000,0.017470
469,360,276,0.004129,0.003479,16409955.000000,286696.000000,0.017471
470,361,275,0.004062,0.003499,16353699.000000,285628.000000,0.017466
471,362,275,0.004124,0.003518,16503257.000000,286027.000000,0.017332
472,363,274,0.004131,0.003555,16506442.000000,283675.000000,0.017186
473,364,273,0.004150,0.003527,16715890.000000,288384.000000,0.017252
474,365,272,0.004217,0.003603,16822626.000000,292032.000000,0.017359
475,366,271,0.004175,0.003584,16864650.000000,291475.000000,0.017283
476,367,269,0.004231,0.003626,17067567.000000,292222.000000,0.017121
477,367,268,0.004285,0.003671,17162287.000000,297734.000000,0.017348
478,367,268,0.004093,0.003787,17121955.000000,297779.000000,0.017392
479,368,267,0.004038,0.003705,17257276.000000,298176.000000,0.017278
480,368,266,0.004014,0.003690,17326023.000000,298512.000000,0.017229
481,369,265,0.004030,0.003728,17382340.000000,296053.000000,0.017032
482,370,264,0.004067,0.003783,17468888.000000,301739.000000,0.017273
483,371,263,0.004246,0.003923,17723094.000000,307504.000000,0.017350
484,371,262,0.004251,0.003856,17711551.000000,305041.000000,0.017223
485,372,261,0.004148,0.003794,17783744.000000,307854.000000,0.017311
486,373,261,0.004199,0.003902,18009763.000000,309648.000000,0.017193
487,374,260,0.004211,0.003869,18088928.000000,309457.000000,0.017108
488,375,259,0.004244,0.003955,18127394.000000,309722.000000,0.017086
489,375,258,0.004276,0.003924,18341350.000000,314438.000000,0.017144
490,376,257,0.004295,0.003949,18439095.000000,316429.000000,0.017161
491,377,256,0.004277,0.003935,18382900.000000,311396.000000,0.016939
492,378,255,0.004270,0.003961,18349710.000000,313379.000000,0.017078
493,379,254,0.004333,0.003986,18564769.000000,316687.000000,0.017058
494,380,253,0.004305,0.003988,18616592.000000,319179.000000,0.017145
495,381,252,0.004355,0.003999,18570000.000000,314497.000000,0.016936
496,381,251,0.004379,0.004015,18755799.000000,318710.000000,0.016993
497,381,250,0.004400,0.004073,18928792.000000,322252.000000,0.017024
498,382,249,0.004463,0.004121,19094787.000000,325213.000000,0.017032
499,383,247,0.004459,0.004122,19127976.000000,322617.000000,0.016866
500,384,246,0.004475,0.004170,19196837.000000,324413.000000,0.016899
501,385,245,0.004439,0.004126,19276579.000000,325313.000000,0.016876
502,386,244,0.004556,0.004233,19460533.000000,329582.000000,0.016936
503,386,243,0.004501,0.004200,19523033.000000,328205.000000,0.016811
504,387,242,0.004510,0.004205,19377626.000000,330061.000000,0.017033
505,388,241,0.004522,0.004206,19449299.000000,330490.000000,0.016992
506,389,240,0.004793,0.004454,19787118.000000,332066.000000,0.016782
507,389,239,0.004615,0.004297,19595683.000000,327336.000000,0.016704
508,390,239,0.004592,0.004264,19720363.000000,328968.000000,0.016682
509,391,238,0.004576,0.004249,19775586.000000,330272.000000,0.016701
510,392,237,0.004592,0.004291,19696607.000000,328289.000000,0.016667
511,392,237,0.004610,0.004294,19714932.000000,332050.000000,0.016843
512,393,236,0.004610,0.004268,19874875.000000,335953.000000,0.016903
513,394,235,0.004730,0.004382,20118813.000000,336050.000000,0.016703
514,395,235,0.004692,0.004383,20251791.000000,335916.000000,0.016587
515,396,234,0.004753,0.004413,20413144.000000,339957.000000,0.016654
516,397,233,0.004721,0.004385,20414271.000000,341687.000000,0.016738
517,398,232,0.004696,0.004350,20342087.000000,334883.000000,0.016463
518,399,231,0.004721,0.004390,20434487.000000,339574.000000,0.016618
519,400,230,0.004808,0.004461,20730223.000000,346798.000000,0.016729
520,401,229,0.004830,0.004491,20749905.000000,346330.000000,0.016691
521,402,229,0.004868,0.004491,20936632.000000,343278.000000,0.016396
522,403,228,0.004879,0.004560,21006721.000000,349621.000000,0.016643
523,404,228,0.004922,0.004586,21111599.000000,349139.000000,0.016538
524,405,227,0.004858,0.004568,21037879.000000,346984.000000,0.016493
525,405,226,0.004929,0.004595,21186487.000000,351715.000000,0.016601
526,405,225,0.004895,0.004587,21156935.000000,349132.000000,0.016502
527,406,224,0.005167,0.004825,21475580.000000,357343.000000,0.016640
528,407,224,0.004973,0.004639,21470205.000000,346754.000000,0.016150
529,407,223,0.005030,0.004708,21438832.000000,351041.000000,0.016374
530,408,222,0.005033,0.004678,21648763.000000,358988.000000,0.016582
531,408,221,0.004944,0.004647,21465241.000000,352873.000000,0.016439
532,409,221,0.005042,0.004688,21739158.000000,358674.000000,0.016499
533,410,220,0.005003,0.004669,21739346.000000,358957.000000,0.016512
534,410,219,0.005006,0.004714,21661222.000000,356304.000000,0.016449
535,411,219,0.005101,0.004712,21787446.000000,361218.000000,0.016579
536,412,218,0.005095,0.004723,21955489.000000,360888.000000,0.016437
537,413,217,0.005084,0.004743,22009160.000000,361138.000000,0.016409
538,414,216,0.005108,0.004753,22188661.000000,362832.000000,0.016352
539,415,216,0.005133,0.004812,22156574.000000,364373.000000,0.016445
540,416,215,0.005081,0.004782,22115224.000000,363731.000000,0.016447
541,417,214,0.005185,0.004820,22410468.000000,365098.000000,0.016291
542,417,213,0.005207,0.004836,22624460.000000,368888.000000,0.016305
543,418,212,0.005217,0.004834,22583595.000000,369041.000000,0.016341
544,419,212,0.005213,0.004917,22626720.000000,366797.000000,0.016211
545,419,211,0.005243,0.004923,22655873.000000,369639.000000,0.016315
546,420,210,0.005243,0.004919,22651974.000000,364182.000000,0.016077
547,421,209,0.005493,0.005071,23006471.000000,371318.000000,0.016140
548,422,208,0.005363,0.004924,23106427.000000,370902.000000,0.016052
549,423,207,0.006300,0.005913,23621593.000000,386261.000000,0.016352
550,424,206,0.005462,0.004970,23390008.000000,380785.000000,0.016280
551,425,205,0.005957,0.005331,23332758.000000,380884.000000,0.016324
552,426,204,0.005792,0.005082,23475780.000000,385837.000000,0.016436
553,427,203,0.005682,0.005084,23527581.000000,381089.000000,0.016198
554,427,202,0.005723,0.005124,23534558.000000,384155.000000,0.016323
555,428,201,0.005726,0.005116,23636449.000000,386835.000000,0.016366
556,429,200,0.005736,0.005139,23808551.000000,384630.000000,0.016155
557,430,199,0.005605,0.005250,23879749.000000,389502.000000,0.016311
558,431,198,0.005497,0.005173,23921149.000000,389198.000000,0.016270
559,432,198,0.005668,0.005314,24112025.000000,389119.000000,0.016138
560,432,197,0.005579,0.005185,24215725.000000,390029.000000,0.016106
561,433,196,0.005689,0.005333,24383667.000000,396456.000000,0.016259
562,434,195,0.005631,0.005249,24483826.000000,390559.000000,0.015952
563,435,195,0.005824,0.005439,24923321.000000,399316.000000,0.016022
564,436,194,0.005899,0.005521,24774555.000000,402985.000000,0.016266
565,437,193,0.005715,0.005382,24686529.000000,396774.000000,0.016072
566,438,192,0.005790,0.005386,24833545.000000,401633.000000,0.016173
567,439,192,0.005695,0.005346,24876385.000000,403480.000000,0.016219
568,440,191,0.005784,0.005449,24951760.000000,401147.000000,0.016077
569,441,190,0.005783,0.005358,25014239.000000,403846.000000,0.016145
570,441,189,0.005794,0.005453,25069500.000000,398994.000000,0.015916
571,442,189,0.005865,0.005496,25418677.000000,409189.000000,0.016098
572,443,188,0.005794,0.005472,25193576.000000,408771.000000,0.016225
573,444,187,0.005877,0.005512,25557262.000000,407100.000000,0.015929
574,445,187,0.005937,0.005602,25763543.000000,414812.000000,0.016101
575,446,186,0.005992,0.005631,25748469.000000,411937.000000,0.015999
576,446,185,0.006023,0.005685,26031179.000000,413795.000000,0.015896
577,447,184,0.005942,0.005623,25739761.000000,412955.000000,0.016043
578,447,184,0.006088,0.005699,26004068.000000,415053.000000,0.015961
579,447,183,0.006392,0.006028,26459719.000000,418484.000000,0.015816
580,448,182,0.006009,0.005677,25973210.000000,416366.000000,0.016031
581,448,181,0.006507,0.005867,25935157.000000,416676.000000,0.016066
582,448,180,0.006215,0.005573,25957299.000000,413857.000000,0.015944
583,448,180,0.006262,0.005628,25990324.000000,421593.000000,0.016221
584,448,179,0.006123,0.005537,25785458.000000,412486.000000,0.015997
585,449,178,0.006244,0.005597,26117429.000000,418692.000000,0.016031
586,450,177,0.007003,0.006349,26576701.000000,426994.000000,0.016066
587,451,177,0.006223,0.005607,26229480.000000,418741.000000,0.015965
588,452,176,0.006302,0.005659,26454959.000000,422004.000000,0.015952
589,453,175,0.006436,0.005788,26814473.000000,429087.000000,0.016002
590,454,175,0.006408,0.005760,27083757.000000,432550.000000,0.015971
591,455,174,0.006418,0.005776,26916888.000000,430988.000000,0.016012
592,456,173,0.006370,0.005767,26796206.000000,427991.000000,0.015972
593,457,172,0.006407,0.005743,27081204.000000,431863.000000,0.015947
594,457,172,0.006515,0.005857,27315463.000000,435370.000000,0.015939
595,458,171,0.006432,0.005794,27185519.000000,433403.000000,0.015942
596,459,170,0.006488,0.005873,27333096.000000,434461.000000,0.015895
597,460,170,0.006736,0.006151,27486758.000000,429160.000000,0.015613
598,461,169,0.006483,0.005882,27382152.000000,437849.000000,0.015990
599,462,168,0.006595,0.005950,27614039.000000,437850.000000,0.015856
600,462,168,0.006564,0.005981,27532381.000000,430299.000000,0.015629
601,463,167,0.006535,0.005905,27620197.000000,439405.000000,0.015909
602,464,166,0.006580,0.006002,27588628.000000,439150.000000,0.015918
603,465,166,0.006442,0.006089,27735910.000000,444677.000000,0.016033
604,466,165,0.006954,0.006024,28041555.000000,447088.000000,0.015944
605,466,164,0.006375,0.006011,27990496.000000,439288.000000,0.015694
606,467,164,0.006436,0.006083,28218298.000000,436839.000000,0.015481
607,467,163,0.006348,0.006009,27965461.000000,438495.000000,0.015680
608,468,163,0.006426,0.006053,28287615.000000,439879.000000,0.015550
609,469,163,0.006486,0.006142,28446448.000000,443491.000000,0.015590
610,470,162,0.006473,0.006096,28482897.000000,445845.000000,0.015653
611,471,162,0.007082,0.006389,28667151.000000,453548.000000,0.015821
612,472,161,0.006988,0.006669,28964417.000000,456074.000000,0.015746
613,473,161,0.007031,0.006652,29245439.000000,463474.000000,0.015848
614,474,160,0.006689,0.006292,29231228.000000,459493.000000,0.015719
615,475,160,0.007122,0.006763,29416584.000000,463450.000000,0.015755
616,476,159,0.006690,0.006364,29235578.000000,461408.000000,0.015782
617,477,159,0.007160,0.006783,29791524.000000,467235.000000,0.015683
618,478,158,0.006768,0.006444,29395840.000000,461985.000000,0.015716
619,478,158,0.006632,0.006304,29244628.000000,458362.000000,0.015673
620,479,157,0.007144,0.006791,29768496.000000,464392.000000,0.015600
621,479,157,0.006744,0.006409,29526578.000000,459725.000000,0.015570
622,480,156,0.007172,0.006859,29952451.000000,467310.000000,0.015602
623,481,156,0.006948,0.006562,30086153.000000,466833.000000,0.015517
624,482,155,0.006727,0.006410,29737102.000000,460385.000000,0.015482
625,483,155,0.007303,0.006946,30296740.000000,477445.000000,0.015759
626,483,154,0.006973,0.006654,30033857.000000,463782.000000,0.015442
627,483,154,0.007183,0.006878,30138425.000000,470959.000000,0.015627
628,483,153,0.006788,0.006467,29889098.000000,466096.000000,0.015594
629,483,153,0.006996,0.006543,30085190.000000,467828.000000,0.015550
630,484,152,0.007368,0.006746,30014986.000000,463531.000000,0.015443
631,484,152,0.007109,0.006461,30077605.000000,468179.000000,0.015566
632,485,151,0.007138,0.006560,30152847.000000,468130.000000,0.015525
633,486,151,0.007147,0.006510,30356294.000000,472981.000000,0.015581
634,487,150,0.007218,0.006602,30495191.000000,466392.000000,0.015294
635,488,150,0.007246,0.006620,30653519.000000,476384.000000,0.015541
636,489,149,0.007274,0.006580,30779015.000000,472765.000000,0.015360
637,490,149,0.007079,0.006674,31087969.000000,480046.000000,0.015442
638,490,148,0.007051,0.006735,30997264.000000,479031.000000,0.015454
639,491,148,0.007043,0.006721,31059582.000000,478262.000000,0.015398
640,492,148,0.007195,0.006881,31248072.000000,482479.000000,0.015440
641,493,147,0.007159,0.006793,31394514.000000,483423.000000,0.015398
642,493,147,0.007148,0.006788,31406162.000000,482535.000000,0.015364
643,494,147,0.007176,0.006840,31538789.000000,483587.000000,0.015333
644,495,146,0.007131,0.006757,31546442.000000,485080.000000,0.015377
645,496,146,0.007277,0.006895,31952106.000000,487814.000000,0.015267
646,497,146,0.007176,0.006874,31739804.000000,485285.000000,0.015289
647,498,146,0.007255,0.006875,32019707.000000,495273.000000,0.015468
648,499,145,0.007329,0.006998,32267597.000000,493653.000000,0.015299
649,500,145,0.007420,0.007021,32460282.000000,495913.000000,0.015278
650,501,145,0.007397,0.007044,32535984.000000,494240.000000,0.015191
651,502,144,0.007409,0.007017,32718094.000000,496359.000000,0.015171
652,503,144,0.007369,0.007056,32565039.000000,494986.000000,0.015200
653,503,144,0.007478,0.007082,32850998.000000,498531.000000,0.015176
654,504,143,0.007597,0.007249,32943362.000000,501606.000000,0.015226
655,505,143,0.007482,0.007125,32926472.000000,490895.000000,0.014909
656,505,142,0.007567,0.007146,33261397.000000,499252.000000,0.015010
657,506,142,0.007599,0.007238,33394510.000000,499562.000000,0.014959
658,507,142,0.007689,0.007273,33720043.000000,507582.000000,0.015053
659,508,141,0.007693,0.007293,33946463.000000,513495.000000,0.015127
660,509,141,0.007815,0.007377,34303159.000000,510575.000000,0.014884
661,510,141,0.007739,0.007362,34174706.000000,503726.000000,0.014740
662,511,140,0.007856,0.007452,34564584.000000,520521.000000,0.015059
663,511,140,0.007764,0.007458,34301095.000000,514841.000000,0.015009
664,512,139,0.008016,0.007690,34623600.000000,528761.000000,0.015272
665,513,139,0.007852,0.007483,34598327.000000,522692.000000,0.015107
666,514,138,0.007955,0.007616,34743155.000000,529327.000000,0.015235
667,515,138,0.008140,0.007723,35092326.000000,525489.000000,0.014974
668,516,137,0.008015,0.007655,35120089.000000,525132.000000,0.014952
669,517,137,0.008059,0.007660,35540549.000000,537890.000000,0.015135
670,518,136,0.008044,0.007657,35596697.000000,528855.000000,0.014857
671,519,136,0.008150,0.007752,35550257.000000,538094.000000,0.015136
672,520,136,0.008156,0.007834,35545920.000000,534713.000000,0.015043
673,521,135,0.008505,0.007813,35768005.000000,542038.000000,0.015154
674,522,135,0.008449,0.007849,35675104.000000,535468.000000,0.015010
675,522,134,0.008290,0.007619,35579684.000000,535913.000000,0.015062
676,523,134,0.008395,0.007749,35958474.000000,537646.000000,0.014952
677,523,133,0.008419,0.007763,36104681.000000,544446.000000,0.015080
678,524,133,0.008342,0.007752,35799691.000000,538256.000000,0.015035
679,525,132,0.008622,0.007982,36200396.000000,544139.000000,0.015031
680,526,132,0.008462,0.007817,35975619.000000,536931.000000,0.014925
681,527,131,0.008346,0.007717,36009660.000000,541489.000000,0.015037
682,528,131,0.008352,0.007773,35997296.000000,535442.000000,0.014875
683,529,131,0.008440,0.007776,36246937.000000,541617.000000,0.014942
684,530,130,0.008457,0.007847,36396136.000000,543552.000000,0.014934
685,531,130,0.008495,0.007835,36454168.000000,544770.000000,0.014944
686,532,129,0.008433,0.007848,36284091.000000,543714.000000,0.014985
687,533,129,0.008468,0.007819,36554714.000000,545313.000000,0.014918
688,534,129,0.008607,0.007948,36988616.000000,549877.000000,0.014866
689,535,128,0.008607,0.007927,37038484.000000,549154.000000,0.014827
690,535,128,0.008668,0.007999,37336188.000000,554897.000000,0.014862
691,536,127,0.008536,0.008144,37197357.000000,550388.000000,0.014796
692,536,127,0.008398,0.007991,37255457.000000,549277.000000,0.014744
693,537,127,0.008597,0.008169,37532562.000000,566171.000000,0.015085
694,538,126,0.008450,0.008115,37470012.000000,557998.000000,0.014892
695,538,126,0.008559,0.008172,37796869.000000,558687.000000,0.014781
696,539,126,0.008555,0.008158,37997550.000000,558361.000000,0.014695
697,540,125,0.008635,0.008224,37873870.000000,557489.000000,0.014720
698,541,125,0.008662,0.008336,38168572.000000,565615.000000,0.014819
699,542,124,0.008609,0.008252,38145362.000000,560623.000000,0.014697
700,542,124,0.008741,0.008360,38590437.000000,559039.000000,0.014486
701,542,124,0.008695,0.008388,38517729.000000,566733.000000,0.014714
702,543,123,0.008959,0.008404,38613907.000000,572723.000000,0.014832
703,543,123,0.008687,0.008374,38416224.000000,567997.000000,0.014785
704,544,122,0.009664,0.009020,38783544.000000,577088.000000,0.014880
705,544,122,0.008995,0.008358,38616816.000000,565789.000000,0.014651
706,544,121,0.009782,0.009167,38638514.000000,570342.000000,0.014761
707,545,121,0.008845,0.008383,38679689.000000,567359.000000,0.014668
708,545,120,0.009464,0.008944,39582844.000000,577849.000000,0.014598
709,545,120,0.009033,0.008544,39451822.000000,579284.000000,0.014683
710,545,119,0.009513,0.009014,39942261.000000,581794.000000,0.014566
711,545,119,0.009373,0.008855,39518999.000000,586581.000000,0.014843
712,546,118,0.009081,0.008621,39404485.000000,571950.000000,0.014515
713,547,118,0.009107,0.008764,39683003.000000,579315.000000,0.014599
714,548,118,0.008936,0.008573,39863801.000000,582865.000000,0.014621
715,549,117,0.008985,0.008631,40041363.000000,588255.000000,0.014691
716,550,117,0.009043,0.008720,40280907.000000,586922.000000,0.014571
717,551,117,0.009083,0.008720,40312800.000000,588500.000000,0.014598
718,551,116,0.009057,0.008774,40299569.000000,586999.000000,0.014566
719,552,116,0.009076,0.008742,40388862.000000,585436.000000,0.014495
720,553,116,0.009158,0.008786,40752773.000000,594532.000000,0.014589
721,554,115,0.009142,0.008832,40622956.000000,590682.000000,0.014541
722,555,115,0.009192,0.008832,40736109.000000,596478.000000,0.014642
723,556,115,0.009201,0.008847,40939151.000000,590808.000000,0.014431
724,557,114,0.009569,0.009121,40959981.000000,594324.000000,0.014510
725,557,114,0.009259,0.008809,40698179.000000,591187.000000,0.014526
726,558,114,0.009387,0.008760,40753835.000000,594604.000000,0.014590
727,558,114,0.009209,0.008780,40653895.000000,590436.000000,0.014523
728,559,113,0.009328,0.008830,41061821.000000,594489.000000,0.014478
729,560,113,0.009337,0.008867,41225299.000000,601069.000000,0.014580
730,561,113,0.009322,0.008898,41124347.000000,596466.000000,0.014504
731,561,112,0.009281,0.008856,41041845.000000,596318.000000,0.014530
732,562,112,0.009280,0.008864,41002921.000000,594558.000000,0.014500
733,562,112,0.009328,0.008892,41168639.000000,600324.000000,0.014582
734,562,112,0.009276,0.008859,40992930.000000,594329.000000,0.014498
735,563,112,0.009455,0.009127,41300553.000000,598635.000000,0.014495
736,564,111,0.009357,0.009044,41459229.000000,606533.000000,0.014630
737,564,111,0.009276,0.008993,41374047.000000,599822.000000,0.014498
738,564,111,0.009201,0.008904,41229581.000000,599748.000000,0.014547
739,565,111,0.009364,0.008961,41667202.000000,605455.000000,0.014531
740,566,111,0.009479,0.009080,42223115.000000,616007.000000,0.014589
741,567,111,0.009440,0.009076,41930760.000000,611479.000000,0.014583
742,568,110,0.009436,0.009078,42169936.000000,620450.000000,0.014713
743,569,110,0.009544,0.009161,42399115.000000,619664.000000,0.014615
744,570,110,0.009539,0.009221,42541521.000000,618390.000000,0.014536
745,571,110,0.009659,0.009272,42761931.000000,623146.000000,0.014572
746,572,109,0.009639,0.009327,42660360.000000,619833.000000,0.014529
747,573,109,0.009650,0.009247,42894148.000000,627349.000000,0.014626
748,574,109,0.009644,0.009351,43016249.000000,628019.000000,0.014600
749,575,109,0.009728,0.009334,43380340.000000,633937.000000,0.014613
750,576,108,0.009784,0.009403,43582307.000000,633389.000000,0.014533
751,577,108,0.009963,0.009590,44108610.000000,640099.000000,0.014512
752,578,108,0.009924,0.009583,44031598.000000,642160.000000,0.014584
753,579,108,0.009899,0.009529,44288836.000000,641147.000000,0.014476
754,580,107,0.009924,0.009628,44406755.000000,645974.000000,0.014547
755,581,107,0.009933,0.009601,44510210.000000,645197.000000,0.014495
756,581,107,0.010321,0.009891,44684652.000000,652466.000000,0.014602
757,582,106,0.010132,0.009650,44800167.000000,658235.000000,0.014693
758,582,106,0.010160,0.009741,45015401.000000,657850.000000,0.014614
759,583,106,0.010221,0.009706,45239799.000000,661584.000000,0.014624
760,583,106,0.010167,0.009741,45044142.000000,658903.000000,0.014628
761,584,105,0.010194,0.009740,45171622.000000,660477.000000,0.014622
762,585,105,0.010297,0.009777,45587145.000000,666882.000000,0.014629
763,586,105,0.010257,0.009793,45490261.000000,663128.000000,0.014577
764,587,105,0.010270,0.009845,45538843.000000,663451.000000,0.014569
765,588,104,0.010332,0.009838,45789588.000000,666542.000000,0.014557
766,588,104,0.010719,0.010337,46511012.000000,675350.000000,0.014520
767,589,104,0.010444,0.010037,46442439.000000,676983.000000,0.014577
768,589,104,0.010434,0.010081,46679498.000000,672628.000000,0.014409
769,590,104,0.010465,0.010127,46803046.000000,676630.000000,0.014457
770,591,103,0.010428,0.010116,46659539.000000,680519.000000,0.014585
771,591,103,0.010416,0.010127,46645573.000000,675715.000000,0.014486
772,591,103,0.010571,0.010249,46906428.000000,678722.000000,0.014470
773,591,103,0.010507,0.010196,46807093.000000,682011.000000,0.014571
774,592,102,0.010704,0.010325,47305661.000000,684921.000000,0.014479
775,593,102,0.010840,0.010458,47546177.000000,690239.000000,0.014517
776,594,102,0.010632,0.010265,47196433.000000,683125.000000,0.014474
777,595,101,0.010769,0.010385,47604727.000000,684819.000000,0.014386
778,595,101,0.010771,0.010380,47736282.000000,688956.000000,0.014433
779,595,101,0.010720,0.010427,47594438.000000,688441.000000,0.014465
780,596,101,0.010717,0.010410,47603759.000000,687636.000000,0.014445
781,596,100,0.010687,0.010345,47783820.000000,692084.000000,0.014484
782,597,100,0.010799,0.010401,48180323.000000,694268.000000,0.014410
783,597,100,0.010839,0.010546,48252823.000000,695858.000000,0.014421
784,598,100,0.010923,0.010603,48245527.000000,698198.000000,0.014472
785,599,99,0.010981,0.010589,48539069.000000,699231.000000,0.014406
786,600,99,0.011186,0.010817,48939577.000000,701538.000000,0.014335
787,601,99,0.011190,0.010838,49046522.000000,707621.000000,0.014428
788,602,98,0.011321,0.011009,49430849.000000,707481.000000,0.014313
789,603,98,0.011091,0.010747,49128449.000000,706119.000000,0.014373
790,604,98,0.011091,0.010661,49405466.000000,709247.000000,0.014356
791,605,97,0.011126,0.010797,49733465.000000,711784.000000,0.014312
792,606,97,0.011240,0.010871,50111044.000000,713213.000000,0.014233
793,607,97,0.011222,0.010823,49818744.000000,713781.000000,0.014328
794,607,97,0.011406,0.010944,49959413.000000,714982.000000,0.014311
795,608,96,0.011324,0.010727,50085045.000000,726327.000000,0.014502
796,609,96,0.011207,0.010768,49853944.000000,719378.000000,0.014430
797,610,96,0.011272,0.010756,50106870.000000,717566.000000,0.014321
798,611,95,0.011323,0.010831,50368766.000000,720814.000000,0.014311
799,612,95,0.011384,0.010860,50509660.000000,725863.000000,0.014371
800,613,95,0.011384,0.010911,50662056.000000,724860.000000,0.014308
801,614,94,0.011438,0.010903,50863702.000000,725223.000000,0.014258
802,614,94,0.011801,0.011269,51665327.000000,736116.000000,0.014248
803,615,94,0.011817,0.011284,51875707.000000,740681.000000,0.014278
804,616,93,0.011744,0.011276,51941471.000000,734543.000000,0.014142
805,617,93,0.012055,0.011493,52793357.000000,742194.000000,0.014058
806,618,93,0.011874,0.011426,52447279.000000,747614.000000,0.014255
807,619,92,0.011882,0.011357,52623791.000000,743475.000000,0.014128
808,620,92,0.011954,0.011530,52792922.000000,750516.000000,0.014216
809,621,92,0.011981,0.011481,53002966.000000,754412.000000,0.014233
810,622,91,0.012072,0.011500,53244302.000000,756229.000000,0.014203
811,623,91,0.012004,0.011527,53193835.000000,755551.000000,0.014204
812,624,91,0.012027,0.011625,53752946.000000,751700.000000,0.013984
813,625,91,0.011948,0.011584,53543658.000000,759237.000000,0.014180
814,626,90,0.012043,0.011724,53578959.000000,755274.000000,0.014096
815,626,90,0.011881,0.011564,53243832.000000,751180.000000,0.014108
816,627,90,0.012081,0.011661,53819521.000000,759080.000000,0.014104
817,627,90,0.011976,0.011652,53497705.000000,752855.000000,0.014073
818,628,89,0.011994,0.011675,53516897.000000,756151.000000,0.014129
819,628,89,0.012158,0.011825,53593825.000000,755979.000000,0.014106
820,629,89,0.012176,0.011739,54027424.000000,763960.000000,0.014140
821,629,88,0.012097,0.011694,53952334.000000,757131.000000,0.014033
822,630,88,0.011997,0.011686,53567334.000000,759193.000000,0.014173
823,631,88,0.012129,0.011754,54010919.000000,758760.000000,0.014048
824,631,88,0.012136,0.011715,54103681.000000,761635.000000,0.014077
825,632,88,0.012227,0.011864,54528028.000000,764066.000000,0.014012
826,632,87,0.012218,0.011890,54381372.000000,765589.000000,0.014078
827,633,87,0.012513,0.012159,54652154.000000,771662.000000,0.014120
828,634,87,0.012432,0.012101,54659421.000000,768842.000000,0.014066
829,635,87,0.012234,0.011845,54702139.000000,769097.000000,0.014060
830,636,86,0.012376,0.012068,54893792.000000,769985.000000,0.014027
831,637,86,0.012452,0.012002,55293818.000000,775923.000000,0.014033
832,638,86,0.012345,0.012039,55050297.000000,771169.000000,0.014008
833,639,86,0.012449,0.012038,55363545.000000,773130.000000,0.013965
834,639,85,0.012309,0.011960,55236394.000000,770779.000000,0.013954
835,640,85,0.012711,0.012326,55970759.000000,785444.000000,0.014033
836,641,85,0.012485,0.012165,55802309.000000,769900.000000,0.013797
837,642,85,0.012607,0.012209,56102405.000000,782938.000000,0.013956
838,643,85,0.012604,0.012296,56098599.000000,784566.000000,0.013985
839,644,84,0.012688,0.012325,56324662.000000,791058.000000,0.014045
840,645,84,0.012659,0.012334,56244760.000000,786138.000000,0.013977
841,646,84,0.012583,0.012249,56347731.000000,787155.000000,0.013970
842,647,84,0.012739,0.012433,56628455.000000,789814.000000,0.013947
843,648,83,0.013156,0.012658,57019879.000000,798937.000000,0.014012
844,649,83,0.012785,0.012263,56966235.000000,792594.000000,0.013913
845,649,83,0.012781,0.012318,56854399.000000,792891.000000,0.013946
846,650,83,0.012902,0.012454,56730886.000000,791854.000000,0.013958
847,651,83,0.012713,0.012215,56832005.000000,791670.000000,0.013930
848,652,82,0.012783,0.012332,56961216.000000,796977.000000,0.013992
849,652,82,0.012686,0.012252,56740444.000000,791715.000000,0.013953
850,652,82,0.012731,0.012303,56898483.000000,791946.000000,0.013919
851,653,82,0.012899,0.012511,57174376.000000,799741.000000,0.013988
852,654,82,0.012890,0.012459,57559934.000000,801991.000000,0.013933
853,655,81,0.012754,0.012420,57433480.000000,796589.000000,0.013870
854,656,81,0.012803,0.012489,57414842.000000,797333.000000,0.013887
855,656,81,0.012805,0.012402,57541112.000000,799724.000000,0.013898
856,657,81,0.012916,0.012520,57593863.000000,801261.000000,0.013912
857,657,81,0.012846,0.012453,57490197.000000,792905.000000,0.013792
858,658,81,0.012989,0.012669,57892448.000000,802463.000000,0.013861
859,659,80,0.013143,0.012720,58269332.000000,804182.000000,0.013801
860,659,80,0.013057,0.012621,58174532.000000,803902.000000,0.013819
861,660,80,0.013055,0.012671,58318950.000000,810868.000000,0.013904
862,661,80,0.013108,0.012796,58280934.000000,810548.000000,0.013908
863,662,80,0.013187,0.012764,58760651.000000,812556.000000,0.013828
864,663,80,0.013167,0.012857,58616125.000000,814836.000000,0.013901
865,664,79,0.013188,0.012826,58882148.000000,813435.000000,0.013815
866,665,79,0.013726,0.013246,59054866.000000,824315.000000,0.013958
867,665,79,0.013362,0.012815,59083038.000000,814697.000000,0.013789
868,666,79,0.013347,0.012782,59235053.000000,820513.000000,0.013852
869,667,79,0.013189,0.012710,58806006.000000,814538.000000,0.013851
870,668,79,0.013203,0.012758,59017993.000000,822203.000000,0.013931
871,669,79,0.013483,0.012909,59498494.000000,831702.000000,0.013979
872,670,78,0.013363,0.012924,59436594.000000,828459.000000,0.013939
873,671,78,0.013479,0.012957,59825853.000000,829256.000000,0.013861
874,672,78,0.013737,0.013245,60316392.000000,838662.000000,0.013904
875,673,78,0.013741,0.013233,60708978.000000,853824.000000,0.014064
876,674,78,0.013773,0.013430,60848631.000000,846545.000000,0.013912
877,675,78,0.013703,0.013266,61009764.000000,842773.000000,0.013814
878,675,77,0.013662,0.013355,61056365.000000,846963.000000,0.013872
879,676,77,0.013677,0.013329,60982838.000000,844374.000000,0.013846
880,677,77,0.013754,0.013437,61337421.000000,848380.000000,0.013831
881,678,77,0.014071,0.013667,61818715.000000,852877.000000,0.013796
882,679,77,0.013811,0.013457,61511470.000000,858476.000000,0.013956
883,680,77,0.013830,0.013395,61754583.000000,854335.000000,0.013834
884,681,76,0.013935,0.013557,62052372.000000,852730.000000,0.013742
885,682,76,0.013925,0.013495,62302402.000000,865506.000000,0.013892
886,683,76,0.013986,0.013561,62550838.000000,864185.000000,0.013816
887,683,76,0.014112,0.013701,62998733.000000,870409.000000,0.013816
888,683,76,0.014283,0.013838,63466564.000000,876936.000000,0.013817
889,684,75,0.014249,0.013838,63415414.000000,877313.000000,0.013834
890,685,75,0.014091,0.013774,63037487.000000,870083.000000,0.013803
891,686,75,0.014183,0.013815,63412326.000000,876737.000000,0.013826
892,687,75,0.014097,0.013787,63272644.000000,873478.000000,0.013805
893,688,75,0.014282,0.013890,63547595.000000,879350.000000,0.013838
894,689,75,0.014269,0.013934,63793233.000000,882999.000000,0.013842
895,690,74,0.014506,0.014089,64261547.000000,884232.000000,0.013760
896,691,74,0.014429,0.014021,64489353.000000,887755.000000,0.013766
897,692,74,0.014335,0.013998,64068336.000000,883262.000000,0.013786
898,693,74,0.014374,0.013964,64390566.000000,885686.000000,0.013755
899,694,74,0.014511,0.014116,64823014.000000,888104.000000,0.013700
900,695,74,0.014437,0.014068,64616687.000000,890479.000000,0.013781
901,696,73,0.014532,0.014122,64993833.000000,887379.000000,0.013653
902,697,73,0.014802,0.014455,65247989.000000,897264.000000,0.013752
903,698,73,0.014618,0.014183,65238115.000000,894910.000000,0.013718
904,699,73,0.014493,0.014138,65107044.000000,893277.000000,0.013720
905,700,73,0.014693,0.014282,65535920.000000,897047.000000,0.013688
906,701,73,0.014638,0.014326,65385514.000000,897997.000000,0.013734
907,702,72,0.014748,0.014326,65762655.000000,899358.000000,0.013676
908,703,72,0.014819,0.014505,66160231.000000,902211.000000,0.013637
909,704,72,0.014932,0.014507,66244614.000000,899402.000000,0.013577
910,704,72,0.014807,0.014468,65846091.000000,903023.000000,0.013714
911,705,72,0.014587,0.014181,65965724.000000,901550.000000,0.013667
912,706,72,0.014691,0.014372,66092063.000000,903250.000000,0.013667
913,707,71,0.014769,0.014407,66310070.000000,905497.000000,0.013655
914,708,71,0.014741,0.014361,66371491.000000,902266.000000,0.013594
915,709,71,0.014793,0.014442,66453531.000000,901600.000000,0.013567
916,709,71,0.015615,0.015269,66967610.000000,906809.000000,0.013541
917,710,71,0.015284,0.014907,67031910.000000,909479.000000,0.013568
918,711,70,0.015463,0.015131,67558706.000000,918526.000000,0.013596
919,711,70,0.015347,0.015021,67343520.000000,920188.000000,0.013664
920,712,70,0.015424,0.015069,67365635.000000,922211.000000,0.013690
921,713,70,0.015484,0.014919,67665217.000000,926491.000000,0.013692
922,713,70,0.015880,0.015443,67966913.000000,924751.000000,0.013606
923,714,69,0.015983,0.015436,67744621.000000,917795.000000,0.013548
924,715,69,0.014997,0.014540,67391940.000000,917562.000000,0.013615
925,716,69,0.015045,0.014540,67544143.000000,917052.000000,0.013577
926,717,69,0.015109,0.014620,67909877.000000,922315.000000,0.013581
927,718,69,0.015182,0.014661,68173760.000000,925020.000000,0.013569
928,718,69,0.015414,0.014878,68427619.000000,928980.000000,0.013576
929,719,68,0.016008,0.015459,68879434.000000,932997.000000,0.013545
930,720,68,0.015304,0.014792,68727444.000000,929768.000000,0.013528
931,721,68,0.015290,0.014758,68786975.000000,929405.000000,0.013511
932,722,68,0.015274,0.014830,68657233.000000,930911.000000,0.013559
933,723,68,0.015407,0.014835,69151308.000000,932743.000000,0.013488
934,723,68,0.015459,0.014873,69471327.000000,940658.000000,0.013540
935,724,68,0.015640,0.015161,69770556.000000,943202.000000,0.013519
936,725,67,0.015538,0.015076,69694062.000000,941756.000000,0.013513
937,726,67,0.015483,0.014986,69693869.000000,941154.000000,0.013504
938,727,67,0.015497,0.015045,69666228.000000,941064.000000,0.013508
939,728,67,0.015523,0.015019,69902913.000000,942237.000000,0.013479
940,729,67,0.015626,0.015069,70288979.000000,947874.000000,0.013485
941,730,67,0.015663,0.015123,70369233.000000,952390.000000,0.013534
942,731,67,0.015860,0.015314,70926731.000000,954271.000000,0.013454
943,732,66,0.015790,0.015208,70795327.000000,968534.000000,0.013681
944,733,66,0.015695,0.015254,70701358.000000,954951.000000,0.013507
945,734,66,0.015819,0.015280,71075691.000000,960223.000000,0.013510
946,735,66,0.015911,0.015396,71486066.000000,963758.000000,0.013482
947,736,66,0.015908,0.015327,71564158.000000,964825.000000,0.013482
948,737,66,0.016266,0.015839,72478782.000000,973330.000000,0.013429
949,738,66,0.016177,0.015757,72415956.000000,964286.000000,0.013316
950,739,65,0.016058,0.015643,72420535.000000,973183.000000,0.013438
951,740,65,0.016124,0.015717,72531917.000000,975528.000000,0.013450
952,740,65,0.016129,0.015774,72522460.000000,976859.000000,0.013470
953,740,65,0.016084,0.015709,72547000.000000,976964.000000,0.013467
954,741,65,0.016253,0.015927,72672699.000000,968844.000000,0.013332
955,742,65,0.016190,0.015794,72917045.000000,966498.000000,0.013255
956,743,65,0.016407,0.016011,73691365.000000,986518.000000,0.013387
957,744,65,0.016321,0.015950,73399731.000000,986813.000000,0.013444
958,745,64,0.016487,0.016074,73838017.000000,986878.000000,0.013365
959,746,64,0.016618,0.016255,74418582.000000,996298.000000,0.013388
960,746,64,0.016604,0.016279,74136033.000000,992830.000000,0.013392
961,746,64,0.016423,0.016081,73957118.000000,987079.000000,0.013347
962,747,64,0.016590,0.016215,74406870.000000,997283.000000,0.013403
963,748,64,0.016605,0.016237,74506364.000000,997331.000000,0.013386
964,749,64,0.016515,0.016134,74522650.000000,998880.000000,0.013404
965,750,63,0.016765,0.016326,75089696.000000,1003053.000000,0.013358
966,751,63,0.016740,0.016406,74843654.000000,1003817.000000,0.013412
967,751,63,0.016599,0.016255,74779604.000000,1000229.000000,0.013376
968,752,63,0.016708,0.016380,74940627.000000,1004180.000000,0.013400
969,753,63,0.016806,0.016377,75383737.000000,1010424.000000,0.013404
970,754,63,0.016673,0.016318,75093720.000000,1006159.000000,0.013399
971,754,63,0.016686,0.016350,75050434.000000,1005530.000000,0.013398
972,755,62,0.016917,0.016573,75400072.000000,1006626.000000,0.013350
973,756,62,0.017208,0.016726,76190902.000000,1016505.000000,0.013342
974,757,62,0.016998,0.016541,76010810.000000,1013334.000000,0.013331
975,758,62,0.016762,0.016364,75799857.000000,1015677.000000,0.013399
976,759,62,0.017042,0.016641,76351591.000000,1016197.000000,0.013309
977,759,62,0.016969,0.016604,76080084.000000,1015869.000000,0.013353
978,760,62,0.017370,0.016928,77265553.000000,1024598.000000,0.013261
979,760,62,0.017118,0.016715,76691609.000000,1019658.000000,0.013296
980,761,61,0.017113,0.016644,76429868.000000,1021201.000000,0.013361
981,761,61,0.016957,0.016461,76503843.000000,1021494.000000,0.013352
982,762,61,0.016969,0.016523,76627853.000000,1022422.000000,0.013343
983,763,61,0.017019,0.016538,76746311.000000,1022008.000000,0.013317
984,764,61,0.017361,0.016901,77333347.000000,1031240.000000,0.013335
985,765,61,0.017150,0.016561,77220357.000000,1028650.000000,0.013321
986,766,61,0.017148,0.016689,77316285.000000,1033196.000000,0.013363
987,767,61,0.017563,0.016991,78084271.000000,1038701.000000,0.013302
988,768,61,0.017341,0.016881,78116671.000000,1038603.000000,0.013296
989,769,60,0.017367,0.016791,78357440.000000,1039024.000000,0.013260
990,770,60,0.017733,0.017402,78923284.000000,1047316.000000,0.013270
991,771,60,0.017538,0.017100,79269436.000000,1049760.000000,0.013243
992,771,60,0.017580,0.017162,79318844.000000,1046452.000000,0.013193
993,772,60,0.017743,0.017285,79746116.000000,1055495.000000,0.013236
994,773,60,0.017863,0.017382,79341927.000000,1054272.000000,0.013288
995,774,60,0.017956,0.017391,79527881.000000,1056984.000000,0.013291
996,775,59,0.017742,0.017244,79873706.000000,1059214.000000,0.013261
