frame,nb of entities,FPS,frame length,physics length,L1-dcache-loads,L1-dcache-load-misses,L1-dcache-load-miss-ratio
0,3,302,0.001404,0.000029,446536.000000,32591.000000,0.072986
1,4,302,0.003336,0.000027,490271.000000,35212.000000,0.071822
2,5,302,0.003327,0.000034,473989.000000,34315.000000,0.072396
3,6,302,0.003322,0.000035,586677.000000,35485.000000,0.060485
4,7,302,0.003326,0.000032,594617.000000,34470.000000,0.057970
5,8,302,0.003320,0.000039,553138.000000,31085.000000,0.056198
6,9,302,0.003322,0.000035,605712.000000,35534.000000,0.058665
7,9,302,0.003330,0.000024,576690.000000,34369.000000,0.059597
8,10,303,0.003316,0.000037,585941.000000,34613.000000,0.059073
9,11,303,0.003325,0.000039,600939.000000,35196.000000,0.058568
10,12,303,0.003326,0.000034,570681.000000,31550.000000,0.055285
11,13,303,0.003318,0.000039,617150.000000,35461.000000,0.057459
12,14,303,0.003326,0.000037,601662.000000,34739.000000,0.057738
13,15,303,0.003330,0.000038,610418.000000,35653.000000,0.058408
14,16,303,0.003316,0.000042,598529.000000,34547.000000,0.057720
15,17,303,0.003325,0.000037,565866.000000,31736.000000,0.056084
16,18,303,0.003329,0.000039,597192.000000,34878.000000,0.058403
17,19,303,0.003319,0.000044,614323.000000,35050.000000,0.057055
18,20,303,0.003328,0.000041,582970.000000,35508.000000,0.060909
19,21,303,0.003323,0.000046,660203.000000,35505.000000,0.053779
20,22,303,0.003321,0.000042,598759.000000,31452.000000,0.052529
21,23,303,0.003326,0.000046,655984.000000,36103.000000,0.055036
22,24,303,0.003324,0.000048,652462.000000,35017.000000,0.053669
23,24,303,0.003322,0.000037,641879.000000,34477.000000,0.053713
24,25,303,0.003325,0.000044,637462.000000,35506.000000,0.055699
25,26,303,0.003323,0.000048,623263.000000,31937.000000,0.051242
26,27,303,0.003322,0.000046,646407.000000,35521.000000,0.054951
27,27,303,0.003324,0.000044,627335.000000,35376.000000,0.056391
28,28,303,0.003327,0.000045,656172.000000,35303.000000,0.053801
29,28,303,0.003324,0.000039,638559.000000,35391.000000,0.055423
30,29,303,0.003323,0.000053,603796.000000,32083.000000,0.053135
31,30,303,0.003325,0.000052,664897.000000,35352.000000,0.053169
32,31,303,0.003321,0.000048,653550.000000,35238.000000,0.053918
33,32,303,0.003330,0.000081,640929.000000,39027.000000,0.060891
34,33,303,0.003320,0.000059,678648.000000,35978.000000,0.053014
35,33,303,0.003321,0.000044,617580.000000,32312.000000,0.052320
36,34,303,0.003317,0.000098,674714.000000,41668.000000,0.061757
37,35,303,0.003329,0.000056,676806.000000,36136.000000,0.053392
38,36,303,0.003320,0.000099,739944.000000,40442.000000,0.054655
39,36,303,0.003325,0.000055,654108.000000,37583.000000,0.057457
40,37,303,0.003323,0.000071,654314.000000,34218.000000,0.052296
41,38,303,0.003319,0.000069,697040.000000,37805.000000,0.054236
42,39,303,0.003324,0.000065,699176.000000,38514.000000,0.055085
43,40,303,0.003327,0.000065,694133.000000,37837.000000,0.054510
44,40,303,0.003317,0.000067,687093.000000,36884.000000,0.053681
45,41,303,0.003325,0.000067,688063.000000,35826.000000,0.052068
46,42,303,0.003329,0.000069,709806.000000,38376.000000,0.054065
47,42,303,0.003320,0.000072,702422.000000,37536.000000,0.053438
48,43,303,0.003329,0.000072,698723.000000,38597.000000,0.055239
49,43,303,0.003323,0.000072,696341.000000,37501.000000,0.053854
50,44,303,0.003321,0.000080,666486.000000,34205.000000,0.051321
51,45,303,0.003324,0.000079,729480.000000,38464.000000,0.052728
52,46,303,0.003328,0.000075,718599.000000,37882.000000,0.052716
53,46,303,0.003323,0.000075,736521.000000,38593.000000,0.052399
54,47,303,0.003324,0.000075,723412.000000,38658.000000,0.053438
55,48,303,0.003325,0.000080,695367.000000,34677.000000,0.049869
56,48,303,0.003321,0.000075,716745.000000,37479.000000,0.052291
57,49,303,0.003325,0.000075,743348.000000,39024.000000,0.052498
58,50,303,0.003328,0.000077,728978.000000,38091.000000,0.052253
59,51,303,0.003323,0.000086,769694.000000,38766.000000,0.050365
60,52,300,0.003330,0.000073,710403.000000,35421.000000,0.049860
61,53,300,0.003320,0.000088,812807.000000,40540.000000,0.049877
62,54,300,0.003320,0.000083,801343.000000,39218.000000,0.048940
63,55,300,0.003327,0.000092,804511.000000,40033.000000,0.049761
64,56,300,0.003321,0.000108,816207.000000,41226.000000,0.050509
65,57,300,0.003323,0.000087,775187.000000,36826.000000,0.047506
66,58,300,0.003322,0.000109,804201.000000,40929.000000,0.050894
67,58,300,0.003330,0.000104,802163.000000,39697.000000,0.049487
68,59,300,0.003317,0.000157,863655.000000,50891.000000,0.058925
69,60,300,0.003318,0.000161,876884.000000,57190.000000,0.065220
70,61,300,0.003326,0.000124,848750.000000,39505.000000,0.046545
71,62,300,0.003322,0.000097,860825.000000,40360.000000,0.046885
72,63,300,0.003321,0.000121,867295.000000,41253.000000,0.047565
73,64,300,0.003325,0.000113,875511.000000,40582.000000,0.046352
74,65,300,0.003320,0.000125,872084.000000,39931.000000,0.045788
75,66,300,0.003325,0.000111,838120.000000,37085.000000,0.044248
76,67,300,0.003328,0.000115,871160.000000,40473.000000,0.046459
77,68,300,0.003323,0.000126,888299.000000,41260.000000,0.046448
78,68,300,0.003324,0.000114,875071.000000,40233.000000,0.045977
79,69,300,0.003328,0.000119,890900.000000,40797.000000,0.045793
80,70,300,0.003319,0.000135,867208.000000,36862.000000,0.042507
81,71,300,0.003330,0.000121,889027.000000,40878.000000,0.045981
82,71,300,0.003322,0.000138,953469.000000,41437.000000,0.043459
83,71,300,0.003319,0.000110,924781.000000,41099.000000,0.044442
84,71,300,0.003325,0.000134,911813.000000,41093.000000,0.045067
85,72,300,0.003324,0.000144,914837.000000,38760.000000,0.042368
86,73,300,0.003320,0.000146,946731.000000,42558.000000,0.044953
87,74,300,0.003325,0.000144,933177.000000,42558.000000,0.045605
88,75,300,0.003326,0.000165,944954.000000,43718.000000,0.046265
89,76,300,0.003320,0.000148,949155.000000,42245.000000,0.044508
90,77,300,0.003325,0.000165,918484.000000,39466.000000,0.042969
91,78,300,0.003329,0.000151,954164.000000,41805.000000,0.043813
92,79,300,0.003319,0.000152,966502.000000,41933.000000,0.043386
93,80,300,0.003327,0.000155,976665.000000,43071.000000,0.044100
94,80,300,0.003325,0.000160,1000502.000000,42601.000000,0.042580
95,81,300,0.003318,0.000134,999982.000000,39571.000000,0.039572
96,82,300,0.003323,0.000177,1021202.000000,44302.000000,0.043382
97,83,300,0.003326,0.000168,1042597.000000,42970.000000,0.041214
98,84,300,0.003318,0.000175,1040497.000000,43546.000000,0.041851
99,85,300,0.003326,0.000155,1051202.000000,44203.000000,0.042050
100,86,300,0.003325,0.000190,1023201.000000,41204.000000,0.040270
101,87,300,0.003320,0.000177,1071924.000000,43626.000000,0.040699
102,88,300,0.003322,0.000172,1070442.000000,43773.000000,0.040892
103,88,300,0.003329,0.000159,1084032.000000,43399.000000,0.040035
104,88,300,0.003320,0.000180,1064364.000000,43580.000000,0.040945
105,88,300,0.003328,0.000161,1030108.000000,40476.000000,0.039293
106,89,300,0.003324,0.000169,1084459.000000,43734.000000,0.040328
107,90,300,0.003324,0.000185,1101430.000000,44296.000000,0.040217
108,91,300,0.003325,0.000219,1131706.000000,45362.000000,0.040083
109,92,300,0.003327,0.000182,1180965.000000,45429.000000,0.038468
110,93,300,0.003319,0.000200,1115448.000000,41163.000000,0.036903
111,94,300,0.003325,0.000190,1179468.000000,45858.000000,0.038880
112,95,300,0.003328,0.000188,1169632.000000,45063.000000,0.038528
113,96,300,0.003321,0.000203,1189374.000000,44665.000000,0.037553
114,97,300,0.003325,0.000199,1197452.000000,46123.000000,0.038518
115,98,300,0.003329,0.000199,1203532.000000,42616.000000,0.035409
116,98,300,0.003319,0.000213,1215365.000000,45947.000000,0.037805
117,98,300,0.003326,0.000205,1232335.000000,46563.000000,0.037784
118,99,300,0.003328,0.000206,1235197.000000,46017.000000,0.037255
119,99,300,0.003322,0.000212,1221333.000000,45148.000000,0.036966
120,100,300,0.003324,0.000213,1201083.000000,42838.000000,0.035666
121,101,300,0.003329,0.000206,1254892.000000,46151.000000,0.036777
122,102,300,0.003319,0.000240,1305127.000000,46661.000000,0.035752
123,103,300,0.003326,0.000229,1333686.000000,48525.000000,0.036384
124,104,300,0.003329,0.000226,1318554.000000,47015.000000,0.035656
125,105,300,0.003320,0.000236,1318133.000000,43828.000000,0.033250
126,106,300,0.003326,0.000244,1352512.000000,49289.000000,0.036443
127,107,300,0.003329,0.000235,1378816.000000,48296.000000,0.035027
128,108,300,0.003319,0.000237,1377143.000000,47973.000000,0.034835
129,108,300,0.003329,0.000248,1381268.000000,49740.000000,0.036010
130,109,300,0.003324,0.000276,1357173.000000,44942.000000,0.033114
131,110,300,0.003318,0.000244,1440199.000000,48201.000000,0.033468
132,111,300,0.003325,0.000260,1416133.000000,48765.000000,0.034435
133,111,300,0.003329,0.000247,1402981.000000,48072.000000,0.034264
134,112,300,0.003318,0.000255,1434339.000000,49118.000000,0.034244
135,113,300,0.003327,0.000270,1436694.000000,47403.000000,0.032994
136,114,300,0.003328,0.000264,1469113.000000,49637.000000,0.033787
137,115,300,0.003319,0.000272,1526502.000000,50408.000000,0.033022
138,116,300,0.003326,0.000283,1545235.000000,51552.000000,0.033362
139,117,300,0.003330,0.000287,1591363.000000,51727.000000,0.032505
140,117,300,0.003317,0.000295,1533815.000000,48022.000000,0.031309
141,118,300,0.003326,0.000301,1615947.000000,53509.000000,0.033113
142,119,300,0.003330,0.000298,1604568.000000,52315.000000,0.032604
143,120,300,0.003319,0.000304,1658215.000000,52852.000000,0.031873
144,121,300,0.003323,0.000329,1658017.000000,53997.000000,0.032567
145,122,300,0.003330,0.000314,1650861.000000,49539.000000,0.030008
146,123,300,0.003317,0.000329,1715806.000000,54066.000000,0.031511
147,124,300,0.003325,0.000342,1766234.000000,55358.000000,0.031342
148,125,300,0.003330,0.000338,1750920.000000,53362.000000,0.030477
149,126,300,0.003323,0.000349,1815612.000000,54889.000000,0.030232
150,127,300,0.003319,0.000373,1805797.000000,52402.000000,0.029019
151,127,300,0.003329,0.000347,1851698.000000,55722.000000,0.030092
152,128,300,0.003315,0.000502,2004676.000000,73047.000000,0.036438
153,128,300,0.003328,0.000474,1964104.000000,71703.000000,0.036507
154,129,300,0.003318,0.000417,1956517.000000,57080.000000,0.029174
155,130,300,0.003322,0.000595,2044925.000000,75575.000000,0.036957
156,131,300,0.003283,0.000405,2077935.000000,61556.000000,0.029624
157,132,300,0.003321,0.000590,2159128.000000,91848.000000,0.042539
158,133,300,0.003322,0.000379,2081198.000000,61241.000000,0.029426
159,134,300,0.003318,0.000412,2120664.000000,64039.000000,0.030198
160,135,300,0.003328,0.000374,2091185.000000,56363.000000,0.026953
161,135,300,0.003319,0.000440,2121554.000000,60095.000000,0.028326
162,136,300,0.003322,0.000530,2190835.000000,62013.000000,0.028306
163,137,300,0.003322,0.000489,2205550.000000,61369.000000,0.027825
164,138,300,0.003320,0.000467,2215904.000000,60039.000000,0.027095
165,138,300,0.003324,0.000543,2211455.000000,58905.000000,0.026636
166,139,300,0.003322,0.000517,2278879.000000,62553.000000,0.027449
167,139,300,0.003323,0.000405,2243626.000000,61096.000000,0.027231
168,140,300,0.003323,0.000544,2255256.000000,63810.000000,0.028294
169,141,300,0.003327,0.000524,2317034.000000,62122.000000,0.026811
170,142,300,0.003320,0.000509,2300832.000000,59115.000000,0.025693
171,143,300,0.003324,0.000525,2309957.000000,62620.000000,0.027109
172,144,300,0.003329,0.000527,2325246.000000,61978.000000,0.026654
173,144,300,0.003319,0.000509,2352247.000000,63691.000000,0.027077
174,144,300,0.003322,0.000547,2398961.000000,63344.000000,0.026405
175,144,300,0.003327,0.000545,2385677.000000,59747.000000,0.025044
176,145,300,0.003321,0.000538,2457741.000000,65555.000000,0.026673
177,146,300,0.003324,0.000579,2484976.000000,66267.000000,0.026667
178,147,300,0.003328,0.000579,2502520.000000,66546.000000,0.026592
179,148,300,0.003320,0.000564,2587084.000000,67937.000000,0.026260
180,148,300,0.003323,0.000610,2536925.000000,62014.000000,0.024445
181,149,300,0.003327,0.000608,2673904.000000,66731.000000,0.024956
182,150,300,0.003321,0.000514,2678996.000000,67874.000000,0.025336
183,151,300,0.003326,0.000637,2686292.000000,67580.000000,0.025157
184,152,300,0.003328,0.000640,2705417.000000,67731.000000,0.025035
185,152,300,0.003316,0.000525,2696390.000000,66198.000000,0.024551
186,152,300,0.003323,0.000551,2731028.000000,69932.000000,0.025606
187,152,300,0.003329,0.000637,2714327.000000,68013.000000,0.025057
188,153,300,0.003325,0.000527,2723160.000000,69799.000000,0.025632
189,153,300,0.003321,0.000540,2773288.000000,69232.000000,0.024964
190,154,300,0.003325,0.000637,2867941.000000,70857.000000,0.024707
191,155,300,0.003326,0.000549,2910394.000000,70741.000000,0.024306
192,156,300,0.003320,0.000602,2997055.000000,73545.000000,0.024539
193,157,300,0.003326,0.000714,2906980.000000,72065.000000,0.024790
194,158,300,0.003320,0.000671,2963522.000000,72148.000000,0.024345
195,159,300,0.003319,0.000716,2974114.000000,68704.000000,0.023101
196,159,300,0.003327,0.000704,2970736.000000,71142.000000,0.023948
197,160,300,0.003319,0.000687,2992379.000000,72023.000000,0.024069
198,161,300,0.003322,0.000704,3054342.000000,75527.000000,0.024728
199,162,300,0.003325,0.000721,3063074.000000,73469.000000,0.023985
200,163,300,0.003320,0.000700,2999747.000000,68984.000000,0.022997
201,164,300,0.003323,0.000632,3112358.000000,73288.000000,0.023547
202,165,300,0.003327,0.000741,3061154.000000,72948.000000,0.023830
203,165,300,0.003320,0.000707,3123531.000000,72542.000000,0.023224
204,166,300,0.003323,0.000655,3121726.000000,73805.000000,0.023642
205,167,300,0.003326,0.000749,3124713.000000,69546.000000,0.022257
206,168,300,0.003321,0.000727,3136205.000000,74611.000000,0.023790
207,169,300,0.003323,0.000663,3225784.000000,75447.000000,0.023389
208,170,300,0.003330,0.000783,3271130.000000,75323.000000,0.023027
209,171,301,0.003314,0.000738,3275432.000000,75892.000000,0.023170
210,171,300,0.003322,0.000709,3297699.000000,72280.000000,0.021918
211,172,301,0.003324,0.000823,3367002.000000,75215.000000,0.022339
212,173,300,0.003325,0.000689,3416274.000000,79548.000000,0.023285
213,174,301,0.003322,0.000755,3473419.000000,79638.000000,0.022928
214,174,300,0.003325,0.000839,3496262.000000,76908.000000,0.021997
215,175,300,0.003320,0.000768,3576501.000000,81343.000000,0.022744
216,176,300,0.003326,0.000741,3602703.000000,83574.000000,0.023198
217,177,300,0.003325,0.000878,3543330.000000,79469.000000,0.022428
218,178,300,0.003319,0.000829,3607451.000000,79452.000000,0.022024
219,179,300,0.003325,0.000773,3603485.000000,80292.000000,0.022282
220,180,300,0.003320,0.000739,3625762.000000,76483.000000,0.021094
221,181,300,0.003322,0.000726,3731049.000000,81039.000000,0.021720
222,182,300,0.003322,0.000802,3775173.000000,82151.000000,0.021761
223,183,300,0.003325,0.000919,3743908.000000,82965.000000,0.022160
224,184,300,0.003323,0.000737,3697448.000000,81988.000000,0.022174
225,184,300,0.003323,0.000807,3706426.000000,77559.000000,0.020926
226,185,300,0.003328,0.000932,3760369.000000,84041.000000,0.022349
227,186,300,0.003321,0.000876,3777991.000000,84106.000000,0.022262
228,187,300,0.003321,0.000976,3934287.000000,96828.000000,0.024611
229,188,300,0.003325,0.001176,4180049.000000,114533.000000,0.027400
230,189,300,0.003320,0.001198,4084505.000000,107044.000000,0.026207
231,190,300,0.003321,0.001299,4306226.000000,124821.000000,0.028986
232,190,300,0.003327,0.001320,4338380.000000,123160.000000,0.028388
233,191,300,0.003319,0.001354,4470822.000000,126687.000000,0.028336
234,192,300,0.003320,0.001102,4317748.000000,91775.000000,0.021255
235,192,300,0.003331,0.001019,4126199.000000,83048.000000,0.020127
236,193,300,0.003320,0.001078,4193855.000000,89150.000000,0.021257
237,194,300,0.003322,0.000936,4326768.000000,89199.000000,0.020616
238,195,300,0.003325,0.001078,4337971.000000,90588.000000,0.020883
239,195,300,0.003317,0.001010,4339024.000000,91486.000000,0.021084
240,196,300,0.003324,0.000967,4275490.000000,86448.000000,0.020219
241,196,300,0.003330,0.001079,4381957.000000,91244.000000,0.020823
242,197,300,0.003321,0.001055,4386538.000000,93345.000000,0.021280
243,198,300,0.003316,0.001177,4585363.000000,112948.000000,0.024632
244,199,300,0.003332,0.001120,4591647.000000,94288.000000,0.020535
245,200,300,0.003317,0.001082,4497098.000000,89136.000000,0.019821
246,201,300,0.003324,0.001031,4522036.000000,95426.000000,0.021102
247,202,300,0.003330,0.001038,4575294.000000,94653.000000,0.020688
248,203,300,0.003317,0.001101,4545053.000000,94477.000000,0.020787
249,204,300,0.003332,0.001043,4632234.000000,95763.000000,0.020673
250,205,300,0.003320,0.001075,4683672.000000,96131.000000,0.020525
251,206,300,0.003318,0.001113,4746086.000000,96278.000000,0.020286
252,207,300,0.003323,0.001043,4935984.000000,98365.000000,0.019928
253,208,300,0.003328,0.000994,4844965.000000,98574.000000,0.020346
254,209,300,0.003320,0.001167,4828815.000000,98570.000000,0.020413
255,210,300,0.003399,0.001365,4868080.000000,98079.000000,0.020147
256,210,300,0.003403,0.001112,4978817.000000,100555.000000,0.020197
257,211,300,0.003385,0.001148,4977775.000000,100076.000000,0.020105
258,212,300,0.003386,0.001128,5062741.000000,103061.000000,0.020357
259,212,300,0.003404,0.001128,5007302.000000,100521.000000,0.020075
260,213,300,0.003413,0.001151,4972731.000000,97265.000000,0.019560
261,214,300,0.003389,0.001141,5078085.000000,102761.000000,0.020236
262,215,300,0.003394,0.001144,5153477.000000,102983.000000,0.019983
263,215,299,0.003380,0.001036,5020092.000000,100069.000000,0.019934
264,216,299,0.003392,0.001159,5041206.000000,101045.000000,0.020044
265,217,299,0.003390,0.001111,5098777.000000,99017.000000,0.019420
266,218,299,0.003394,0.001175,5216903.000000,104049.000000,0.019945
267,219,299,0.003396,0.001161,5207813.000000,104118.000000,0.019993
268,220,299,0.003392,0.001126,5302770.000000,106068.000000,0.020002
269,220,299,0.003388,0.001198,5327110.000000,106038.000000,0.019905
270,221,299,0.003390,0.001199,5428699.000000,103276.000000,0.019024
271,222,299,0.003406,0.001337,5395451.000000,107778.000000,0.019976
272,222,299,0.003396,0.001224,5477690.000000,108493.000000,0.019806
273,223,298,0.003389,0.001183,5540666.000000,108371.000000,0.019559
274,224,298,0.003327,0.001459,5708842.000000,115143.000000,0.020169
275,224,298,0.003326,0.001263,5723763.000000,106993.000000,0.018693
276,225,298,0.003321,0.001233,5815835.000000,111448.000000,0.019163
277,226,298,0.003327,0.001375,5782524.000000,113177.000000,0.019572
278,227,298,0.003326,0.001307,5801146.000000,111777.000000,0.019268
279,227,298,0.003324,0.001248,5889859.000000,112780.000000,0.019148
280,228,298,0.003323,0.001489,5833715.000000,111509.000000,0.019115
281,229,298,0.003326,0.001306,5878699.000000,113331.000000,0.019278
282,230,298,0.003321,0.001281,5907181.000000,114481.000000,0.019380
283,230,298,0.003329,0.001413,5894593.000000,116255.000000,0.019722
284,231,298,0.003321,0.001340,6051798.000000,116700.000000,0.019284
285,232,298,0.003323,0.001290,6006572.000000,112001.000000,0.018646
286,233,298,0.003324,0.001425,6125448.000000,121449.000000,0.019827
287,234,298,0.003325,0.001379,6208704.000000,119768.000000,0.019290
288,235,298,0.003323,0.001345,6292170.000000,120060.000000,0.019081
289,236,298,0.003327,0.001601,6395728.000000,125983.000000,0.019698
290,237,298,0.003323,0.001414,6540337.000000,134971.000000,0.020637
291,238,298,0.003324,0.001324,6485880.000000,121830.000000,0.018784
292,239,298,0.003327,0.001579,6649516.000000,129479.000000,0.019472
293,240,298,0.003322,0.001463,6551013.000000,123309.000000,0.018823
294,241,298,0.003324,0.001363,6666481.000000,122773.000000,0.018416
295,242,298,0.003326,0.001599,6685931.000000,126113.000000,0.018862
296,242,298,0.003324,0.001482,6709216.000000,124152.000000,0.018505
297,243,298,0.003323,0.001484,6828263.000000,126492.000000,0.018525
298,244,298,0.003327,0.001591,6960906.000000,130747.000000,0.018783
299,245,298,0.003322,0.001565,7004176.000000,129478.000000,0.018486
300,245,298,0.003325,0.001462,6999892.000000,126027.000000,0.018004
301,246,298,0.003326,0.001643,7093157.000000,133559.000000,0.018829
302,247,298,0.003322,0.001591,7081471.000000,130219.000000,0.018389
303,248,298,0.003325,0.001483,7117481.000000,130493.000000,0.018334
304,249,298,0.003331,0.001621,7178752.000000,131638.000000,0.018337
305,250,298,0.003318,0.001689,7185050.000000,128779.000000,0.017923
306,251,298,0.003324,0.001519,7247012.000000,132725.000000,0.018314
307,252,298,0.003330,0.001639,7377324.000000,134118.000000,0.018180
308,253,298,0.003318,0.001740,7384964.000000,135573.000000,0.018358
309,254,298,0.003327,0.001549,7456918.000000,136280.000000,0.018276
310,254,298,0.003326,0.001575,7569453.000000,134647.000000,0.017788
311,254,298,0.003319,0.001750,7581100.000000,137260.000000,0.018106
312,255,298,0.003325,0.001564,7557502.000000,137184.000000,0.018152
313,255,298,0.003327,0.001710,7525281.000000,136562.000000,0.018147
314,256,298,0.003322,0.001780,7561786.000000,138106.000000,0.018264
315,257,298,0.003325,0.001586,7636761.000000,134586.000000,0.017623
316,258,299,0.003327,0.001640,7796885.000000,140643.000000,0.018038
317,259,299,0.003324,0.001807,7745749.000000,140619.000000,0.018154
318,260,299,0.003325,0.001618,7806605.000000,140522.000000,0.018000
319,261,299,0.003327,0.001636,7871687.000000,142405.000000,0.018091
320,261,299,0.003325,0.001854,7818162.000000,137948.000000,0.017645
321,262,299,0.003325,0.001665,8010269.000000,144333.000000,0.018018
322,263,299,0.003327,0.001680,8082659.000000,144719.000000,0.017905
323,264,299,0.003329,0.001906,8158163.000000,145537.000000,0.017839
324,265,299,0.003325,0.001704,8083411.000000,145661.000000,0.018020
325,266,299,0.003328,0.001706,8139791.000000,143609.000000,0.017643
326,267,300,0.003329,0.001935,8302049.000000,149072.000000,0.017956
327,268,300,0.003325,0.001752,8413808.000000,151434.000000,0.017998
328,269,300,0.003328,0.001787,8557016.000000,153693.000000,0.017961
329,270,300,0.003333,0.002013,8613107.000000,153792.000000,0.017856
330,270,300,0.003325,0.001816,8654810.000000,150370.000000,0.017374
331,271,300,0.003330,0.001852,8794852.000000,156841.000000,0.017833
332,272,300,0.003338,0.002086,8976016.000000,160217.000000,0.017849
333,273,300,0.003328,0.001880,8933676.000000,157954.000000,0.017681
334,274,300,0.003332,0.001909,8982275.000000,159131.000000,0.017716
335,275,300,0.003329,0.001930,9018005.000000,157688.000000,0.017486
336,276,300,0.003332,0.001938,9244316.000000,163636.000000,0.017701
337,277,300,0.003338,0.001951,9269115.000000,164956.000000,0.017796
338,277,300,0.003330,0.001988,9311824.000000,168072.000000,0.018049
339,277,300,0.003336,0.001967,9357589.000000,166628.000000,0.017807
340,278,300,0.003340,0.002088,9445856.000000,165123.000000,0.017481
341,279,300,0.003335,0.002018,9596997.000000,167470.000000,0.017450
342,280,300,0.003335,0.002069,9580665.000000,168562.000000,0.017594
343,281,300,0.003348,0.002040,9675667.000000,167768.000000,0.017339
344,282,300,0.003341,0.002239,9803173.000000,170663.000000,0.017409
345,283,300,0.003337,0.002075,9831305.000000,168390.000000,0.017128
346,284,300,0.003342,0.002092,9840069.000000,172786.000000,0.017559
347,284,300,0.003334,0.002080,9806232.000000,173301.000000,0.017673
348,285,300,0.003338,0.002111,9846894.000000,171978.000000,0.017465
349,286,300,0.003348,0.002094,9969120.000000,174550.000000,0.017509
350,287,300,0.003339,0.002115,9928971.000000,170565.000000,0.017179
351,287,300,0.003341,0.002130,10073611.000000,176189.000000,0.017490
352,288,300,0.003350,0.002326,10242431.000000,179738.000000,0.017548
353,289,300,0.003342,0.002148,10113313.000000,176614.000000,0.017464
354,290,300,0.003341,0.002155,10059653.000000,177405.000000,0.017635
355,291,300,0.003348,0.002301,10173692.000000,175802.000000,0.017280
356,292,300,0.003343,0.002180,10270649.000000,178615.000000,0.017391
357,292,300,0.003345,0.002181,10347770.000000,180575.000000,0.017451
358,293,300,0.003344,0.002241,10440878.000000,182605.000000,0.017489
359,294,300,0.003343,0.002180,10294602.000000,175019.000000,0.017001
360,294,300,0.003346,0.002191,10415848.000000,182228.000000,0.017495
361,295,300,0.003344,0.002218,10507879.000000,183285.000000,0.017443
362,296,300,0.003347,0.002247,10652833.000000,184255.000000,0.017296
363,297,299,0.003347,0.002269,10709844.000000,185659.000000,0.017335
364,298,299,0.003348,0.002316,10734260.000000,184150.000000,0.017155
365,298,299,0.003347,0.002289,10706700.000000,186510.000000,0.017420
366,299,299,0.003353,0.002304,10771834.000000,187241.000000,0.017382
367,300,299,0.003350,0.002317,10867377.000000,188706.000000,0.017364
368,301,299,0.003349,0.002335,10981173.000000,189611.000000,0.017267
369,302,299,0.003352,0.002365,10892329.000000,186059.000000,0.017082
370,303,299,0.003354,0.002398,11074900.000000,192824.000000,0.017411
371,304,299,0.003352,0.002363,11142842.000000,190761.000000,0.017120
372,305,299,0.003351,0.002363,11055688.000000,188591.000000,0.017058
373,305,299,0.003350,0.002342,11018752.000000,187847.000000,0.017048
374,306,299,0.003351,0.002362,11026976.000000,185117.000000,0.016788
375,307,299,0.003354,0.002356,11230879.000000,190204.000000,0.016936
376,308,299,0.003355,0.002401,11424576.000000,192348.000000,0.016836
377,309,299,0.003356,0.002421,11466378.000000,197973.000000,0.017266
378,310,299,0.003356,0.002435,11530794.000000,198428.000000,0.017209
379,310,299,0.003356,0.002455,11521917.000000,193267.000000,0.016774
380,311,299,0.003327,0.002487,11696243.000000,200883.000000,0.017175
381,312,299,0.003357,0.002452,11629612.000000,197747.000000,0.017004
382,313,299,0.003359,0.002495,11797064.000000,201816.000000,0.017107
383,314,299,0.003360,0.002530,11892889.000000,202981.000000,0.017067
384,315,299,0.003360,0.002551,11895958.000000,201564.000000,0.016944
385,316,299,0.003362,0.002552,11994192.000000,204943.000000,0.017087
386,317,299,0.003364,0.002581,12140160.000000,207387.000000,0.017083
387,318,298,0.003365,0.002601,12243514.000000,208960.000000,0.017067
388,319,298,0.003367,0.002621,12317475.000000,210745.000000,0.017109
389,320,298,0.003366,0.002614,12358667.000000,206944.000000,0.016745
390,321,298,0.003368,0.002635,12497717.000000,211310.000000,0.016908
391,321,298,0.003366,0.002608,12382613.000000,211868.000000,0.017110
392,322,298,0.003367,0.002658,12529003.000000,211867.000000,0.016910
393,323,298,0.003368,0.002639,12535535.000000,210893.000000,0.016824
394,324,298,0.003370,0.002725,12835563.000000,213485.000000,0.016632
395,325,298,0.003370,0.002702,12811918.000000,216892.000000,0.016929
396,325,298,0.003371,0.002719,12876836.000000,215762.000000,0.016756
397,325,298,0.003365,0.002727,12947396.000000,219123.000000,0.016924
398,326,298,0.003371,0.002731,12913896.000000,217668.000000,0.016855
399,326,298,0.003376,0.002794,12804800.000000,216126.000000,0.016879
400,327,298,0.003372,0.002805,12878547.000000,219171.000000,0.017018
401,327,298,0.003372,0.002739,12960898.000000,219274.000000,0.016918
402,328,298,0.003374,0.002806,13150233.000000,221127.000000,0.016815
403,329,298,0.003374,0.002796,13138624.000000,220296.000000,0.016767
404,330,298,0.003356,0.002815,13271105.000000,218281.000000,0.016448
405,331,298,0.003377,0.002835,13392808.000000,224811.000000,0.016786
406,332,297,0.003378,0.002897,13523891.000000,226557.000000,0.016752
407,333,297,0.003378,0.002893,13584790.000000,226863.000000,0.016700
408,333,297,0.003379,0.002915,13584542.000000,225197.000000,0.016577
409,334,297,0.003379,0.002910,13639918.000000,224004.000000,0.016423
410,335,297,0.003380,0.002919,13682218.000000,229585.000000,0.016780
411,335,297,0.003379,0.002920,13658290.000000,229407.000000,0.016796
412,336,297,0.003382,0.002937,13854136.000000,231463.000000,0.016707
413,336,297,0.003382,0.002957,13915948.000000,231615.000000,0.016644
414,337,297,0.003383,0.002983,13771828.000000,228298.000000,0.016577
415,338,297,0.003382,0.002944,13855079.000000,230894.000000,0.016665
416,339,297,0.003382,0.002965,13942449.000000,232796.000000,0.016697
417,339,297,0.003357,0.003021,14192561.000000,234308.000000,0.016509
418,340,297,0.003363,0.003045,14363858.000000,236886.000000,0.016492
419,341,297,0.003388,0.003027,14233041.000000,233533.000000,0.016408
420,342,297,0.003407,0.003065,14374303.000000,237850.000000,0.016547
421,343,297,0.003377,0.003061,14433140.000000,238080.000000,0.016495
422,344,297,0.003364,0.003096,14463764.000000,240047.000000,0.016596
423,344,297,0.003404,0.003116,14486736.000000,240238.000000,0.016583
424,345,297,0.003358,0.003100,14435724.000000,236159.000000,0.016359
425,345,296,0.003387,0.003088,14537873.000000,240410.000000,0.016537
426,346,296,0.003441,0.003144,14668037.000000,243522.000000,0.016602
427,347,296,0.003419,0.003094,14638613.000000,241532.000000,0.016500
428,348,296,0.003561,0.003241,14935464.000000,248778.000000,0.016657
429,349,296,0.003550,0.003251,14942838.000000,245183.000000,0.016408
430,350,295,0.003479,0.003201,14940891.000000,247164.000000,0.016543
431,350,295,0.003470,0.003193,14920461.000000,246187.000000,0.016500
432,351,295,0.003538,0.003201,15085909.000000,250080.000000,0.016577
433,352,295,0.003513,0.003224,15095590.000000,245054.000000,0.016233
434,353,295,0.003545,0.003263,15152985.000000,250551.000000,0.016535
435,354,294,0.003540,0.003241,15186585.000000,250072.000000,0.016467
436,355,294,0.003578,0.003262,15378484.000000,250883.000000,0.016314
437,355,294,0.003570,0.003295,15296967.000000,250873.000000,0.016400
438,356,293,0.003553,0.003284,15286414.000000,247358.000000,0.016182
439,356,293,0.003549,0.003273,15293930.000000,253303.000000,0.016562
440,357,293,0.003630,0.003316,15470651.000000,256475.000000,0.016578
441,358,292,0.003635,0.003334,15509011.000000,252549.000000,0.016284
442,358,292,0.003572,0.003299,15387568.000000,251108.000000,0.016319
443,359,292,0.003622,0.003318,15487323.000000,250089.000000,0.016148
444,360,291,0.003600,0.003326,15514590.000000,255609.000000,0.016475
445,361,291,0.003660,0.003333,15727989.000000,258416.000000,0.016430
446,362,290,0.003716,0.003405,15871167.000000,257177.000000,0.016204
447,363,290,0.003679,0.003357,15840998.000000,254473.000000,0.016064
448,364,289,0.003694,0.003421,15870648.000000,258529.000000,0.016290
449,365,289,0.003731,0.003392,16042620.000000,259945.000000,0.016203
450,366,288,0.003755,0.003456,16230634.000000,262963.000000,0.016202
451,367,288,0.003798,0.003453,16269967.000000,264027.000000,0.016228
452,368,287,0.003801,0.003502,16436894.000000,261832.000000,0.015930
453,369,286,0.003828,0.003520,16557854.000000,266623.000000,0.016103
454,370,286,0.003889,0.003604,16727653.000000,271091.000000,0.016206
455,371,285,0.003887,0.003575,16800045.000000,271742.000000,0.016175
456,372,284,0.004105,0.003803,17052374.000000,275960.000000,0.016183
457,373,283,0.004018,0.003676,17108468.000000,274627.000000,0.016052
458,374,282,0.003952,0.003666,17090766.000000,276074.000000,0.016153
459,374,282,0.004006,0.003668,17281993.000000,277202.000000,0.016040
460,375,281,0.004005,0.003718,17353007.000000,275087.000000,0.015852
461,376,280,0.003988,0.003686,17274927.000000,277342.000000,0.016055
462,377,279,0.004093,0.003747,17573412.000000,280628.000000,0.015969
463,377,278,0.004054,0.003751,17576559.000000,280210.000000,0.015942
464,378,277,0.004078,0.003785,17673331.000000,277245.000000,0.015687
465,379,276,0.004066,0.003750,17628758.000000,279852.000000,0.015875
466,379,275,0.004046,0.003765,17566619.000000,280526.000000,0.015969
467,380,275,0.004100,0.003781,17731475.000000,283138.000000,0.015968
468,381,274,0.004080,0.003814,17739761.000000,280214.000000,0.015796
469,382,273,0.004147,0.003820,17952450.000000,286595.000000,0.015964
470,383,272,0.004121,0.003835,17892819.000000,286541.000000,0.016014
471,383,271,0.004388,0.004084,18113895.000000,294970.000000,0.016284
472,384,270,0.004168,0.003865,18090555.000000,285896.000000,0.015804
473,385,269,0.004277,0.003926,18351087.000000,292548.000000,0.015942
474,386,267,0.004295,0.003965,18605838.000000,296334.000000,0.015927
475,387,266,0.004282,0.003948,18594635.000000,292737.000000,0.015743
476,388,265,0.004287,0.004015,18490365.000000,290686.000000,0.015721
477,389,264,0.004680,0.004283,18716590.000000,298266.000000,0.015936
478,390,263,0.004392,0.004075,18818902.000000,299937.000000,0.015938
479,391,261,0.004376,0.004036,18984441.000000,301906.000000,0.015903
480,392,260,0.004427,0.004124,19076117.000000,298938.000000,0.015671
481,393,259,0.004410,0.004098,19166477.000000,303944.000000,0.015858
482,394,258,0.004419,0.004110,19230071.000000,302005.000000,0.015705
483,395,257,0.004480,0.004139,19433829.000000,305942.000000,0.015743
484,396,255,0.004457,0.004145,19427880.000000,302264.000000,0.015558
485,397,254,0.004497,0.004173,19574063.000000,308330.000000,0.015752
486,398,253,0.004509,0.004193,19643493.000000,309672.000000,0.015765
487,399,252,0.004499,0.004166,19556444.000000,307401.000000,0.015719
488,400,251,0.004509,0.004211,19679733.000000,306910.000000,0.015595
489,401,250,0.004554,0.004208,19805553.000000,310994.000000,0.015702
490,402,249,0.004555,0.004232,19856356.000000,312967.000000,0.015762
491,402,248,0.004559,0.004251,19914545.000000,310080.000000,0.015571
492,403,247,0.004585,0.004303,20035221.000000,316640.000000,0.015804
493,404,245,0.004655,0.004321,20207978.000000,318038.000000,0.015738
494,405,244,0.004702,0.004369,20475041.000000,322381.000000,0.015745
495,406,243,0.004737,0.004418,20640927.000000,319623.000000,0.015485
496,407,242,0.004748,0.004445,20752481.000000,324054.000000,0.015615
497,408,241,0.004805,0.004476,20978137.000000,326964.000000,0.015586
498,409,240,0.004820,0.004527,21086269.000000,329220.000000,0.015613
499,410,238,0.004809,0.004489,21022021.000000,329211.000000,0.015660
500,410,237,0.004831,0.004533,21106385.000000,332234.000000,0.015741
501,410,236,0.005004,0.004623,21385097.000000,336966.000000,0.015757
502,411,235,0.004973,0.004594,21520970.000000,334588.000000,0.015547
503,412,233,0.005127,0.004745,21408221.000000,341003.000000,0.015929
504,412,232,0.005019,0.004644,21670917.000000,341853.000000,0.015775
505,412,231,0.004925,0.004629,21507275.000000,334841.000000,0.015569
506,413,230,0.004966,0.004644,21577754.000000,340868.000000,0.015797
507,414,229,0.005041,0.004661,21863784.000000,342934.000000,0.015685
508,415,227,0.005052,0.004737,22062662.000000,343005.000000,0.015547
509,416,226,0.005060,0.004725,22040870.000000,345052.000000,0.015655
510,417,225,0.005040,0.004740,22002626.000000,346549.000000,0.015750
511,417,224,0.005098,0.004728,22204948.000000,347439.000000,0.015647
512,418,223,0.005141,0.004794,22431802.000000,346790.000000,0.015460
513,419,222,0.005103,0.004739,22241461.000000,347749.000000,0.015635
514,420,221,0.005165,0.004847,22555760.000000,351485.000000,0.015583
515,421,220,0.005169,0.004826,22428852.000000,348074.000000,0.015519
516,422,219,0.005138,0.004807,22420557.000000,352060.000000,0.015703
517,423,218,0.005205,0.004852,22673657.000000,353817.000000,0.015605
518,424,217,0.005164,0.004859,22602933.000000,351604.000000,0.015556
519,425,216,0.005244,0.004876,22878975.000000,357189.000000,0.015612
520,426,215,0.005263,0.004897,22879426.000000,360481.000000,0.015756
521,426,214,0.005368,0.005016,23105305.000000,359056.000000,0.015540
522,427,213,0.005383,0.005031,23493847.000000,369401.000000,0.015723
523,428,212,0.005342,0.004972,23269571.000000,366719.000000,0.015760
524,429,211,0.005303,0.005006,23252165.000000,363489.000000,0.015632
525,430,210,0.005441,0.005074,23605084.000000,370233.000000,0.015684
526,430,209,0.005374,0.005076,23589926.000000,369736.000000,0.015673
527,431,208,0.005421,0.005102,23741717.000000,371557.000000,0.015650
528,432,207,0.005456,0.005136,23830497.000000,370362.000000,0.015542
529,433,206,0.005457,0.005138,23916292.000000,374811.000000,0.015672
530,434,205,0.005466,0.005162,23962430.000000,377387.000000,0.015749
531,434,205,0.005438,0.005149,23881183.000000,372781.000000,0.015610
532,435,204,0.005510,0.005195,24012055.000000,379385.000000,0.015800
533,436,203,0.005480,0.005158,24029761.000000,378265.000000,0.015742
534,437,202,0.005532,0.005176,24237341.000000,377838.000000,0.015589
535,438,201,0.005578,0.005238,24454209.000000,386205.000000,0.015793
536,438,200,0.005561,0.005260,24401229.000000,384325.000000,0.015750
537,439,200,0.005590,0.005255,24537590.000000,381875.000000,0.015563
538,440,199,0.005600,0.005288,24540736.000000,387253.000000,0.015780
539,440,198,0.005620,0.005307,24505089.000000,386668.000000,0.015779
540,440,197,0.005597,0.005272,24566359.000000,382802.000000,0.015582
541,440,196,0.005627,0.005315,24613036.000000,386933.000000,0.015721
542,441,196,0.005632,0.005328,24689199.000000,389080.000000,0.015759
543,442,195,0.005653,0.005311,24811066.000000,386617.000000,0.015582
544,443,194,0.005669,0.005371,24902593.000000,393134.000000,0.015787
545,444,193,0.005720,0.005361,25090749.000000,394152.000000,0.015709
546,444,193,0.005762,0.005367,25074370.000000,401263.000000,0.016003
547,444,192,0.005792,0.005415,25229418.000000,393479.000000,0.015596
548,445,191,0.005781,0.005491,25381916.000000,395457.000000,0.015580
549,445,190,0.005790,0.005452,25481808.000000,396800.000000,0.015572
550,446,189,0.005888,0.005578,25797875.000000,406950.000000,0.015775
551,447,189,0.005888,0.005531,25899263.000000,400934.000000,0.015481
552,448,188,0.005961,0.005580,26099215.000000,407995.000000,0.015632
553,449,187,0.006036,0.005667,26357896.000000,407743.000000,0.015469
554,450,186,0.005933,0.005635,26137604.000000,404261.000000,0.015467
555,450,186,0.006015,0.005662,26376471.000000,410414.000000,0.015560
556,451,185,0.006048,0.005667,26458187.000000,410182.000000,0.015503
557,452,184,0.006099,0.005734,26640607.000000,409414.000000,0.015368
558,452,183,0.006097,0.005741,26746497.000000,413723.000000,0.015468
559,453,183,0.006082,0.005746,26792813.000000,413066.000000,0.015417
560,454,182,0.006107,0.005815,26819694.000000,413018.000000,0.015400
561,455,181,0.006153,0.005785,27070969.000000,418263.000000,0.015451
562,456,181,0.006123,0.005830,26921207.000000,414244.000000,0.015387
563,457,180,0.006164,0.005845,27009562.000000,419520.000000,0.015532
564,458,179,0.006216,0.005886,27036711.000000,420703.000000,0.015560
565,459,179,0.006160,0.005849,27050551.000000,416587.000000,0.015400
566,460,178,0.006172,0.005854,27137920.000000,421229.000000,0.015522
567,461,177,0.006190,0.005875,27290008.000000,424103.000000,0.015541
568,462,177,0.006173,0.005881,27144113.000000,417168.000000,0.015369
569,463,176,0.006221,0.005855,27368389.000000,422782.000000,0.015448
570,464,176,0.006226,0.005934,27331112.000000,418835.000000,0.015324
571,465,175,0.006271,0.005916,27548930.000000,424472.000000,0.015408
572,466,174,0.006303,0.005954,27733907.000000,428550.000000,0.015452
573,467,174,0.006549,0.006215,28055136.000000,429618.000000,0.015313
574,467,173,0.006327,0.006007,27754964.000000,427659.000000,0.015408
575,468,173,0.006437,0.006021,28145155.000000,434982.000000,0.015455
576,469,172,0.006445,0.006114,28289562.000000,436254.000000,0.015421
577,470,171,0.006497,0.006150,28382359.000000,442884.000000,0.015604
578,471,171,0.006409,0.006080,28296362.000000,437665.000000,0.015467
579,472,170,0.006583,0.006242,28579884.000000,443508.000000,0.015518
580,473,169,0.006520,0.006204,28621951.000000,445695.000000,0.015572
581,474,169,0.006511,0.006158,28764373.000000,445281.000000,0.015480
582,474,168,0.006547,0.006242,28820688.000000,448351.000000,0.015557
583,475,168,0.006514,0.006209,28849509.000000,445454.000000,0.015441
584,476,167,0.006583,0.006272,28964149.000000,450235.000000,0.015545
585,476,167,0.006565,0.006260,28921515.000000,448871.000000,0.015520
586,476,166,0.006583,0.006225,29100663.000000,447604.000000,0.015381
587,477,165,0.006652,0.006327,29242235.000000,452678.000000,0.015480
588,477,165,0.007225,0.006859,29487256.000000,454931.000000,0.015428
589,478,164,0.006626,0.006285,29312393.000000,452487.000000,0.015437
590,478,164,0.006619,0.006300,29365181.000000,453363.000000,0.015439
591,479,163,0.006661,0.006351,29518334.000000,451695.000000,0.015302
592,480,163,0.006679,0.006375,29605907.000000,455402.000000,0.015382
593,481,162,0.006686,0.006356,29680734.000000,452938.000000,0.015260
594,481,161,0.006691,0.006385,29681724.000000,455464.000000,0.015345
595,482,161,0.006744,0.006383,29880861.000000,457942.000000,0.015326
596,483,160,0.006811,0.006476,30183157.000000,459528.000000,0.015225
597,483,160,0.006849,0.006472,30349215.000000,463421.000000,0.015270
598,484,159,0.006925,0.006587,30697699.000000,462956.000000,0.015081
599,485,159,0.006999,0.006615,30950201.000000,468181.000000,0.015127
600,486,158,0.007046,0.006662,31208087.000000,472178.000000,0.015130
601,487,158,0.007001,0.006618,31010689.000000,468041.000000,0.015093
602,487,157,0.006974,0.006677,31004869.000000,471488.000000,0.015207
603,488,156,0.007103,0.006722,31307531.000000,470727.000000,0.015036
604,489,156,0.007053,0.006749,31311956.000000,476337.000000,0.015213
605,490,155,0.007108,0.006763,31528924.000000,474910.000000,0.015063
606,491,155,0.007172,0.006814,31772036.000000,481143.000000,0.015144
607,492,154,0.007123,0.006756,31610942.000000,478775.000000,0.015146
608,493,154,0.007113,0.006820,31641210.000000,476039.000000,0.015045
609,493,153,0.007173,0.006800,31868078.000000,479860.000000,0.015058
610,493,153,0.007142,0.006854,31827489.000000,477115.000000,0.014991
611,494,152,0.007293,0.006916,32322154.000000,487969.000000,0.015097
612,495,152,0.007275,0.006949,32328710.000000,487117.000000,0.015068
613,496,151,0.007292,0.006934,32423046.000000,490227.000000,0.015120
614,497,151,0.007319,0.007001,32579065.000000,489827.000000,0.015035
615,497,150,0.007286,0.006987,32420937.000000,486621.000000,0.015009
616,497,150,0.007267,0.006968,32387452.000000,488681.000000,0.015089
617,498,149,0.007437,0.007079,32666926.000000,489333.000000,0.014979
618,499,149,0.007351,0.007038,32641861.000000,493673.000000,0.015124
619,500,148,0.007367,0.007029,32796105.000000,491851.000000,0.014997
620,501,148,0.007469,0.007062,33060956.000000,497742.000000,0.015055
621,502,147,0.007468,0.007113,33139012.000000,496607.000000,0.014986
622,503,147,0.007441,0.007112,33024263.000000,497946.000000,0.015078
623,504,146,0.007460,0.007131,33050257.000000,498338.000000,0.015078
624,505,146,0.007445,0.007128,33033055.000000,494989.000000,0.014985
625,506,145,0.007520,0.007128,33292636.000000,501011.000000,0.015049
626,507,145,0.007529,0.007180,33420408.000000,498340.000000,0.014911
627,508,144,0.007601,0.007208,33568591.000000,504688.000000,0.015035
628,509,144,0.007543,0.007196,33530274.000000,499427.000000,0.014895
629,510,143,0.007572,0.007187,33623190.000000,501451.000000,0.014914
630,511,143,0.007710,0.007329,33932258.000000,504054.000000,0.014855
631,511,142,0.007625,0.007255,33794365.000000,504658.000000,0.014933
632,512,142,0.007657,0.007265,33973929.000000,508508.000000,0.014968
633,513,142,0.007755,0.007353,34321026.000000,511335.000000,0.014899
634,514,141,0.007863,0.007490,34805345.000000,520493.000000,0.014954
635,515,141,0.007927,0.007559,35038823.000000,518429.000000,0.014796
636,516,140,0.007973,0.007560,35359939.000000,528072.000000,0.014934
637,517,140,0.008040,0.007659,35539365.000000,525405.000000,0.014784
638,518,139,0.008135,0.007706,35781841.000000,533718.000000,0.014916
639,519,138,0.008067,0.007704,35670094.000000,525197.000000,0.014724
640,520,138,0.008045,0.007673,35695972.000000,530064.000000,0.014849
641,520,138,0.008022,0.007704,35735210.000000,529740.000000,0.014824
642,521,137,0.008055,0.007722,35816225.000000,534402.000000,0.014921
643,521,137,0.008174,0.007784,36074277.000000,532262.000000,0.014755
644,522,136,0.008098,0.007753,36115767.000000,539103.000000,0.014927
645,522,136,0.008102,0.007773,36195138.000000,535359.000000,0.014791
646,523,135,0.008206,0.007828,36478837.000000,542760.000000,0.014879
647,524,135,0.008161,0.007777,36309783.000000,536781.000000,0.014783
648,525,134,0.008204,0.007806,36473611.000000,542652.000000,0.014878
649,526,134,0.008233,0.007867,36620631.000000,540987.000000,0.014773
650,526,133,0.008224,0.007859,36638686.000000,541806.000000,0.014788
651,527,133,0.008302,0.007924,36914659.000000,543705.000000,0.014729
652,528,132,0.008357,0.007981,37121383.000000,548235.000000,0.014769
653,528,132,0.008333,0.007965,37152338.000000,544211.000000,0.014648
654,529,131,0.008359,0.008011,37250925.000000,549864.000000,0.014761
655,530,131,0.008504,0.008154,37375847.000000,549674.000000,0.014707
656,531,130,0.008343,0.008018,37118671.000000,547596.000000,0.014753
657,532,130,0.008387,0.008015,37303799.000000,545874.000000,0.014633
658,533,130,0.008489,0.008100,37656737.000000,553593.000000,0.014701
659,534,129,0.008459,0.008127,37645681.000000,552743.000000,0.014683
660,535,129,0.008514,0.008190,37742994.000000,556048.000000,0.014732
661,536,128,0.008544,0.008174,37902651.000000,554271.000000,0.014624
662,537,128,0.008613,0.008248,38268820.000000,562619.000000,0.014702
663,538,127,0.008510,0.008198,37816229.000000,553021.000000,0.014624
664,539,127,0.008636,0.008265,38118658.000000,560757.000000,0.014711
665,540,127,0.008661,0.008262,38402475.000000,559915.000000,0.014580
666,541,126,0.008767,0.008414,38582348.000000,568118.000000,0.014725
667,542,126,0.008703,0.008312,38581034.000000,562869.000000,0.014589
668,542,125,0.008603,0.008287,38419446.000000,564603.000000,0.014696
669,543,125,0.008703,0.008323,38680489.000000,563563.000000,0.014570
670,543,125,0.008681,0.008309,38751691.000000,568638.000000,0.014674
671,544,124,0.008735,0.008404,38924869.000000,568189.000000,0.014597
672,545,124,0.008794,0.008495,39147101.000000,574557.000000,0.014677
673,546,123,0.008802,0.008430,39275856.000000,573274.000000,0.014596
674,547,123,0.008976,0.008611,39859272.000000,581267.000000,0.014583
675,548,123,0.008869,0.008496,39678459.000000,575997.000000,0.014517
676,549,122,0.008981,0.008649,40215364.000000,583135.000000,0.014500
677,549,122,0.008919,0.008563,39957966.000000,581059.000000,0.014542
678,550,121,0.009234,0.008928,40051463.000000,582592.000000,0.014546
679,550,121,0.008870,0.008570,39838661.000000,580654.000000,0.014575
680,551,121,0.008934,0.008596,40055402.000000,581471.000000,0.014517
681,552,120,0.008992,0.008648,40307912.000000,585894.000000,0.014535
682,553,120,0.009091,0.008659,40503012.000000,596382.000000,0.014724
683,554,119,0.009059,0.008657,40450996.000000,586910.000000,0.014509
684,555,119,0.009055,0.008736,40439134.000000,583325.000000,0.014425
685,556,119,0.009101,0.008721,40643675.000000,589755.000000,0.014510
686,557,118,0.009032,0.008732,40560895.000000,585691.000000,0.014440
687,558,118,0.009102,0.008755,40850562.000000,586976.000000,0.014369
688,559,118,0.009040,0.008751,40618109.000000,589059.000000,0.014502
689,560,117,0.009141,0.008833,40708162.000000,588503.000000,0.014457
690,561,117,0.009149,0.008848,40944881.000000,591748.000000,0.014452
691,562,117,0.009180,0.008805,41120483.000000,591154.000000,0.014376
692,563,116,0.009197,0.008899,41131692.000000,593826.000000,0.014437
693,564,116,0.009228,0.008872,41295130.000000,591050.000000,0.014313
694,565,116,0.009176,0.008883,41113388.000000,592709.000000,0.014416
695,565,115,0.009099,0.008821,40962337.000000,589274.000000,0.014386
696,566,115,0.009209,0.008915,41132200.000000,592620.000000,0.014408
697,567,115,0.009225,0.008889,41346240.000000,595985.000000,0.014414
698,567,115,0.009150,0.008866,41126478.000000,590547.000000,0.014359
699,568,114,0.009267,0.008924,41463613.000000,596680.000000,0.014390
700,568,114,0.009317,0.009018,41496949.000000,594359.000000,0.014323
701,568,114,0.009222,0.008923,41431164.000000,595738.000000,0.014379
702,568,114,0.009215,0.008935,41398142.000000,592232.000000,0.014306
703,569,113,0.009347,0.008977,41883317.000000,600282.000000,0.014332
704,569,113,0.009276,0.008971,41678933.000000,591832.000000,0.014200
705,570,113,0.009408,0.009031,42129219.000000,601298.000000,0.014273
706,571,112,0.009463,0.009105,42381120.000000,603763.000000,0.014246
707,572,112,0.009443,0.009115,42360805.000000,603094.000000,0.014237
708,572,112,0.009454,0.009095,42434957.000000,603928.000000,0.014232
709,573,112,0.009464,0.009114,42413988.000000,601778.000000,0.014188
710,574,111,0.009494,0.009187,42351575.000000,606951.000000,0.014331
711,574,111,0.009419,0.009125,42180242.000000,600528.000000,0.014237
712,575,111,0.009506,0.009126,42622112.000000,609141.000000,0.014292
713,576,111,0.009572,0.009199,42840904.000000,611866.000000,0.014282
714,577,110,0.009594,0.009240,42932702.000000,611762.000000,0.014249
715,578,110,0.009704,0.009294,43003584.000000,613415.000000,0.014264
716,579,110,0.009541,0.009245,42759694.000000,612065.000000,0.014314
717,580,110,0.009634,0.009261,43122116.000000,618512.000000,0.014343
718,580,109,0.009601,0.009280,43122792.000000,616710.000000,0.014301
719,580,109,0.009598,0.009230,43089951.000000,618744.000000,0.014359
720,580,109,0.009650,0.009339,43379419.000000,618590.000000,0.014260
721,581,109,0.009877,0.009495,43855900.000000,625538.000000,0.014263
722,582,108,0.009913,0.009505,44088621.000000,632613.000000,0.014349
723,582,108,0.009911,0.009531,44363862.000000,632121.000000,0.014249
724,583,108,0.009994,0.009621,44625745.000000,639378.000000,0.014328
725,584,108,0.009904,0.009505,44377170.000000,632878.000000,0.014261
726,585,107,0.010004,0.009665,44641117.000000,635541.000000,0.014237
727,585,107,0.010007,0.009658,44809554.000000,637504.000000,0.014227
728,585,107,0.010028,0.009684,45032679.000000,636970.000000,0.014145
729,586,107,0.010049,0.009714,45133339.000000,640801.000000,0.014198
730,586,106,0.010036,0.009714,45157038.000000,637489.000000,0.014117
731,586,106,0.010125,0.009809,45301175.000000,640682.000000,0.014143
732,587,106,0.010201,0.009820,45773093.000000,650318.000000,0.014207
733,588,106,0.010114,0.009802,45485954.000000,645214.000000,0.014185
734,589,105,0.010232,0.009907,45820412.000000,653014.000000,0.014252
735,590,105,0.010269,0.009910,46010779.000000,650632.000000,0.014141
736,591,105,0.010281,0.009935,46193164.000000,652671.000000,0.014129
737,591,105,0.010167,0.009866,45741447.000000,651987.000000,0.014254
738,592,104,0.010295,0.009936,46142275.000000,653463.000000,0.014162
739,592,104,0.010185,0.009897,45842460.000000,646273.000000,0.014098
740,592,104,0.010214,0.009888,45939458.000000,651402.000000,0.014180
741,592,104,0.010418,0.010101,46225485.000000,651472.000000,0.014093
742,593,103,0.010439,0.010019,46687157.000000,660684.000000,0.014151
743,594,103,0.010423,0.010102,46744725.000000,659740.000000,0.014114
744,595,103,0.010379,0.010083,46688737.000000,657979.000000,0.014093
745,596,103,0.010462,0.010080,47002137.000000,664352.000000,0.014135
746,597,103,0.010500,0.010116,47154163.000000,663509.000000,0.014071
747,598,102,0.010521,0.010185,47240824.000000,666106.000000,0.014100
748,598,102,0.010572,0.010163,47483167.000000,666306.000000,0.014032
749,599,102,0.010661,0.010293,47824687.000000,673388.000000,0.014080
750,600,101,0.010736,0.010321,47881431.000000,673056.000000,0.014057
751,600,101,0.010552,0.010258,47481785.000000,668781.000000,0.014085
752,601,101,0.010560,0.010265,47508205.000000,670291.000000,0.014109
753,602,101,0.010738,0.010330,48104340.000000,680108.000000,0.014138
754,603,100,0.010746,0.010454,48290925.000000,678818.000000,0.014057
755,604,100,0.010766,0.010439,48362147.000000,680039.000000,0.014061
756,605,100,0.010765,0.010456,48418167.000000,682435.000000,0.014095
757,605,100,0.010707,0.010416,48247023.000000,674915.000000,0.013989
758,606,99,0.010802,0.010510,48486204.000000,677989.000000,0.013983
759,606,99,0.010815,0.010420,48611455.000000,681460.000000,0.014019
760,607,99,0.010979,0.010675,48795538.000000,683972.000000,0.014017
761,608,99,0.010965,0.010552,49160779.000000,685088.000000,0.013936
762,609,98,0.010984,0.010596,49362444.000000,688593.000000,0.013950
763,609,98,0.010940,0.010619,49327128.000000,684813.000000,0.013883
764,610,98,0.011065,0.010731,49685679.000000,694442.000000,0.013977
765,611,97,0.011089,0.010702,49802029.000000,690361.000000,0.013862
766,612,97,0.011067,0.010776,49803101.000000,692853.000000,0.013912
767,613,97,0.011198,0.010773,50259374.000000,700159.000000,0.013931
768,614,97,0.011189,0.010837,50387182.000000,702538.000000,0.013943
769,615,96,0.011389,0.010988,50945655.000000,706359.000000,0.013865
770,615,96,0.011243,0.010945,50649112.000000,704386.000000,0.013907
771,616,96,0.011441,0.011036,51275519.000000,712799.000000,0.013901
772,617,95,0.011413,0.011059,51301529.000000,711860.000000,0.013876
773,618,95,0.011524,0.011129,51586789.000000,712657.000000,0.013815
774,619,95,0.011510,0.011200,51615455.000000,715841.000000,0.013869
775,619,95,0.011494,0.011097,51663657.000000,710397.000000,0.013750
776,620,94,0.011617,0.011245,52119109.000000,714203.000000,0.013703
777,621,94,0.011726,0.011292,52160360.000000,723610.000000,0.013873
778,622,94,0.011745,0.011334,52516537.000000,726317.000000,0.013830
779,622,93,0.011635,0.011321,52299687.000000,729747.000000,0.013953
780,623,93,0.011632,0.011319,52410919.000000,734897.000000,0.014022
781,624,93,0.011752,0.011334,52687887.000000,743120.000000,0.014104
782,625,93,0.011748,0.011446,52808023.000000,733822.000000,0.013896
783,626,92,0.011749,0.011384,52893291.000000,735772.000000,0.013910
784,627,92,0.011918,0.011529,53349893.000000,743107.000000,0.013929
785,627,92,0.011697,0.011393,52800122.000000,734328.000000,0.013908
786,628,91,0.011896,0.011582,53241046.000000,739503.000000,0.013890
787,629,91,0.011899,0.011505,53402629.000000,743980.000000,0.013932
788,630,91,0.011885,0.011576,53313346.000000,738982.000000,0.013861
789,630,91,0.011808,0.011456,53251390.000000,736599.000000,0.013832
790,631,90,0.012025,0.011638,53762447.000000,746022.000000,0.013876
791,631,90,0.011912,0.011573,53542209.000000,744010.000000,0.013896
792,632,90,0.012018,0.011723,53856990.000000,747802.000000,0.013885
793,633,90,0.012048,0.011652,54185521.000000,750033.000000,0.013842
794,634,89,0.012164,0.011847,54272649.000000,756554.000000,0.013940
795,635,89,0.012136,0.011735,54512478.000000,754973.000000,0.013850
796,636,89,0.012081,0.011771,54487671.000000,757323.000000,0.013899
797,636,89,0.012059,0.011749,54350225.000000,753678.000000,0.013867
798,637,88,0.012141,0.011828,54747949.000000,759325.000000,0.013869
799,637,88,0.012031,0.011724,54413186.000000,752242.000000,0.013825
800,638,88,0.012036,0.011742,54443755.000000,752430.000000,0.013820
801,639,88,0.012100,0.011756,54695253.000000,759058.000000,0.013878
802,640,87,0.012215,0.011881,55005364.000000,758466.000000,0.013789
803,641,87,0.012259,0.011931,55159343.000000,760671.000000,0.013790
804,642,87,0.012171,0.011797,55059748.000000,760282.000000,0.013808
805,643,87,0.012237,0.011899,55294392.000000,768430.000000,0.013897
806,644,87,0.012240,0.011948,55385880.000000,768876.000000,0.013882
807,645,86,0.012395,0.011994,55801510.000000,772415.000000,0.013842
808,645,86,0.012887,0.012424,55469495.000000,764510.000000,0.013783
809,646,86,0.012756,0.012202,56125954.000000,781648.000000,0.013927
810,647,86,0.012702,0.012251,55992000.000000,778344.000000,0.013901
811,648,85,0.012964,0.012550,56427328.000000,780697.000000,0.013835
812,649,85,0.012649,0.012333,56112855.000000,779903.000000,0.013899
813,650,85,0.012745,0.012319,56624986.000000,786455.000000,0.013889
814,651,85,0.012668,0.012350,56188102.000000,775057.000000,0.013794
815,652,84,0.012756,0.012348,56711512.000000,780522.000000,0.013763
816,653,84,0.012700,0.012391,56555292.000000,781290.000000,0.013815
817,654,84,0.012889,0.012461,57015121.000000,782058.000000,0.013717
818,655,84,0.012839,0.012508,56852777.000000,789690.000000,0.013890
819,655,83,0.012821,0.012507,56744880.000000,780251.000000,0.013750
820,655,83,0.012847,0.012449,57018835.000000,786197.000000,0.013788
821,656,83,0.012814,0.012456,57054993.000000,788473.000000,0.013820
822,656,83,0.013053,0.012589,57102111.000000,793145.000000,0.013890
823,656,82,0.012830,0.012383,56934385.000000,788681.000000,0.013852
824,657,82,0.012940,0.012427,57361800.000000,792571.000000,0.013817
825,658,82,0.013012,0.012532,57569431.000000,795486.000000,0.013818
826,659,82,0.013200,0.012722,58023508.000000,802880.000000,0.013837
827,660,82,0.013156,0.012623,58010349.000000,798985.000000,0.013773
828,661,81,0.013495,0.013001,58652754.000000,812842.000000,0.013859
829,662,81,0.013313,0.012789,58876772.000000,815074.000000,0.013844
830,663,81,0.013376,0.012889,59004863.000000,816839.000000,0.013844
831,664,81,0.013375,0.012867,59179733.000000,821438.000000,0.013880
832,665,80,0.013251,0.012800,58723923.000000,814346.000000,0.013867
833,666,80,0.013512,0.012991,59054928.000000,817873.000000,0.013849
834,667,80,0.013379,0.012927,59142615.000000,817834.000000,0.013828
835,668,80,0.013543,0.012981,59633317.000000,822659.000000,0.013795
836,668,80,0.013301,0.012807,59493926.000000,826348.000000,0.013890
837,668,79,0.013501,0.013055,59365381.000000,823347.000000,0.013869
838,669,79,0.013549,0.013105,59707820.000000,826926.000000,0.013850
839,670,79,0.013542,0.012994,60058496.000000,829249.000000,0.013807
840,671,79,0.013620,0.013099,60216101.000000,834226.000000,0.013854
841,672,79,0.013637,0.013141,60095604.000000,831837.000000,0.013842
842,673,78,0.013539,0.013062,59894779.000000,834860.000000,0.013939
843,673,78,0.013484,0.013040,59740757.000000,827729.000000,0.013855
844,673,78,0.013452,0.013005,59749243.000000,829690.000000,0.013886
845,673,78,0.013527,0.013010,60052727.000000,829630.000000,0.013815
846,674,78,0.013666,0.013215,60267112.000000,832255.000000,0.013809
847,674,78,0.013813,0.013277,60425841.000000,838820.000000,0.013882
848,675,77,0.013783,0.013378,60919019.000000,840976.000000,0.013805
849,675,77,0.013935,0.013410,60303941.000000,829774.000000,0.013760
850,676,77,0.013788,0.013242,60877163.000000,839813.000000,0.013795
851,677,77,0.013747,0.013266,60982264.000000,840649.000000,0.013785
852,677,77,0.013783,0.013339,61091935.000000,840213.000000,0.013753
853,677,76,0.013757,0.013250,61148069.000000,844949.000000,0.013818
854,678,76,0.013964,0.013482,61733421.000000,846302.000000,0.013709
855,679,76,0.013954,0.013412,61684362.000000,846805.000000,0.013728
856,679,76,0.014111,0.013651,61354965.000000,847019.000000,0.013805
857,680,76,0.013933,0.013402,61635964.000000,848844.000000,0.013772
858,680,75,0.013943,0.013384,61631178.000000,857713.000000,0.013917
859,681,75,0.014169,0.013623,62167317.000000,858992.000000,0.013817
860,682,75,0.013880,0.013428,61676439.000000,849639.000000,0.013776
861,682,75,0.013954,0.013501,61797719.000000,851459.000000,0.013778
862,682,75,0.014107,0.013666,61819841.000000,851295.000000,0.013771
863,683,75,0.014189,0.013753,62455690.000000,852198.000000,0.013645
864,684,74,0.013969,0.013619,62224151.000000,850498.000000,0.013668
865,685,74,0.013989,0.013572,62429567.000000,856729.000000,0.013723
866,686,74,0.014275,0.013829,62399909.000000,856067.000000,0.013719
867,687,74,0.013922,0.013445,62369711.000000,855188.000000,0.013712
868,687,74,0.013990,0.013550,62234524.000000,853915.000000,0.013721
869,688,74,0.014146,0.013628,62573317.000000,858145.000000,0.013714
870,689,74,0.014422,0.013921,63037702.000000,863128.000000,0.013692
871,690,73,0.014235,0.013762,63056505.000000,864499.000000,0.013710
872,691,73,0.014263,0.013760,63173696.000000,866510.000000,0.013716
873,692,73,0.014249,0.013762,63184199.000000,864968.000000,0.013690
874,693,73,0.014520,0.014055,63611402.000000,869118.000000,0.013663
875,694,73,0.014542,0.013959,64180143.000000,874266.000000,0.013622
876,695,73,0.014469,0.013954,64252334.000000,875722.000000,0.013629
877,695,73,0.014402,0.014047,63873406.000000,872008.000000,0.013652
878,696,72,0.014379,0.014051,64069101.000000,868593.000000,0.013557
879,697,72,0.014492,0.014064,64475288.000000,882250.000000,0.013684
880,698,72,0.014488,0.014027,64721810.000000,882552.000000,0.013636
881,699,72,0.014563,0.014152,65038128.000000,884832.000000,0.013605
882,699,72,0.014746,0.014298,64844620.000000,877591.000000,0.013534
883,700,72,0.014814,0.014241,65621936.000000,892409.000000,0.013599
884,701,71,0.014941,0.014539,65853013.000000,895279.000000,0.013595
885,702,71,0.014755,0.014296,65920547.000000,894332.000000,0.013567
886,703,71,0.014882,0.014454,66224830.000000,898743.000000,0.013571
887,704,71,0.014901,0.014506,66387481.000000,894128.000000,0.013468
888,705,71,0.014985,0.014535,66677603.000000,901102.000000,0.013514
889,706,71,0.014920,0.014539,66659714.000000,902004.000000,0.013531
890,707,71,0.014893,0.014569,66528767.000000,901438.000000,0.013550
891,708,70,0.015057,0.014595,66979254.000000,895905.000000,0.013376
892,709,70,0.015139,0.014723,67631737.000000,915419.000000,0.013535
893,709,70,0.015544,0.014981,67366252.000000,910756.000000,0.013519
894,710,70,0.015212,0.014648,67819335.000000,912804.000000,0.013459
895,710,70,0.015078,0.014505,67420861.000000,908958.000000,0.013482
896,711,70,0.015324,0.014869,67432246.000000,911647.000000,0.013519
897,711,70,0.015126,0.014765,67518933.000000,909173.000000,0.013465
898,711,69,0.015016,0.014695,67372529.000000,903341.000000,0.013408
899,712,69,0.015101,0.014658,67910507.000000,916427.000000,0.013495
900,713,69,0.015348,0.014961,68570574.000000,920834.000000,0.013429
901,714,69,0.015361,0.014901,68714966.000000,915629.000000,0.013325
902,715,69,0.015354,0.014998,68732632.000000,920388.000000,0.013391
903,716,69,0.015405,0.014999,68906392.000000,923175.000000,0.013398
904,717,69,0.015614,0.015183,69269583.000000,926395.000000,0.013374
905,717,68,0.015468,0.015141,69011972.000000,919892.000000,0.013329
906,718,68,0.015582,0.015030,69180899.000000,926788.000000,0.013397
907,719,68,0.015728,0.015144,69936926.000000,935300.000000,0.013373
908,720,68,0.015997,0.015459,70552344.000000,945138.000000,0.013396
909,721,68,0.015751,0.015188,70335990.000000,943508.000000,0.013414
910,722,68,0.015806,0.015303,70392924.000000,940174.000000,0.013356
911,723,67,0.015858,0.015335,70754546.000000,946907.000000,0.013383
912,724,67,0.015841,0.015377,70761083.000000,945602.000000,0.013363
913,725,67,0.015800,0.015301,70761592.000000,943906.000000,0.013339
914,726,67,0.015951,0.015479,71171848.000000,954576.000000,0.013412
915,727,67,0.015874,0.015399,71102634.000000,950852.000000,0.013373
916,728,67,0.015969,0.015615,71338121.000000,952107.000000,0.013346
917,729,67,0.015921,0.015570,71503449.000000,951869.000000,0.013312
918,730,66,0.015928,0.015541,71469543.000000,951023.000000,0.013307
919,731,66,0.016102,0.015755,71741327.000000,953101.000000,0.013285
920,732,66,0.016031,0.015709,71800071.000000,953610.000000,0.013281
921,733,66,0.016082,0.015663,72093881.000000,956583.000000,0.013269
922,734,66,0.016632,0.016175,72322174.000000,966062.000000,0.013358
923,735,66,0.016186,0.015730,72442307.000000,968362.000000,0.013367
924,735,65,0.016478,0.016000,72313086.000000,963410.000000,0.013323
925,736,65,0.016442,0.015767,73042518.000000,983223.000000,0.013461
926,737,65,0.016325,0.015871,72826272.000000,971692.000000,0.013343
927,738,65,0.016357,0.015779,73089392.000000,973565.000000,0.013320
928,739,65,0.016391,0.015919,73257315.000000,977977.000000,0.013350
929,740,65,0.016507,0.015954,73483193.000000,978783.000000,0.013320
930,741,64,0.016501,0.015959,73568975.000000,979598.000000,0.013315
931,741,64,0.016361,0.015840,73432380.000000,976995.000000,0.013305
932,742,64,0.016504,0.015985,73852763.000000,980313.000000,0.013274
933,743,64,0.016452,0.015950,73719716.000000,978691.000000,0.013276
934,744,64,0.016454,0.015985,73772322.000000,980470.000000,0.013290
935,745,64,0.016780,0.016279,74240359.000000,985744.000000,0.013278
936,746,64,0.016788,0.016327,74150627.000000,983198.000000,0.013259
937,747,63,0.016534,0.016036,74131084.000000,981612.000000,0.013242
938,748,63,0.016598,0.016080,74387274.000000,982635.000000,0.013210
939,749,63,0.016722,0.016199,74675749.000000,986648.000000,0.013212
940,749,63,0.016451,0.015937,74447366.000000,981160.000000,0.013179
941,750,63,0.016863,0.016473,75015217.000000,992022.000000,0.013224
942,750,63,0.016589,0.016260,74732957.000000,987714.000000,0.013217
943,751,63,0.016894,0.016481,75517678.000000,995444.000000,0.013182
944,752,62,0.016735,0.016307,75429216.000000,997196.000000,0.013220
945,752,62,0.016602,0.016276,75067439.000000,990815.000000,0.013199
946,753,62,0.016899,0.016573,75574744.000000,990350.000000,0.013104
947,754,62,0.016925,0.016486,75774316.000000,998695.000000,0.013180
948,755,62,0.017289,0.016706,76416399.000000,1009663.000000,0.013213
949,755,62,0.017564,0.016705,76095929.000000,1005615.000000,0.013215
950,756,62,0.017275,0.016823,76364587.000000,1007398.000000,0.013192
951,757,61,0.017076,0.016507,76468559.000000,1009761.000000,0.013205
952,757,61,0.016973,0.016508,76076465.000000,1003820.000000,0.013195
953,758,61,0.017148,0.016580,76823911.000000,1011925.000000,0.013172
954,759,61,0.017195,0.016681,76863299.000000,1011800.000000,0.013164
955,760,61,0.017157,0.016634,76866697.000000,1014596.000000,0.013199
956,761,61,0.017060,0.016609,76594757.000000,1008732.000000,0.013170
957,762,61,0.017110,0.016600,76884155.000000,1011540.000000,0.013157
958,762,61,0.017266,0.016753,77257436.000000,1014044.000000,0.013126
959,762,60,0.017545,0.016977,77612959.000000,1018531.000000,0.013123
960,763,60,0.017432,0.016870,78077491.000000,1023633.000000,0.013110
961,764,60,0.017171,0.016682,77400594.000000,1015183.000000,0.013116
962,765,60,0.017460,0.017003,78272553.000000,1025155.000000,0.013097
963,766,60,0.017217,0.016881,77768004.000000,1023970.000000,0.013167
964,767,60,0.017465,0.017020,78188807.000000,1017433.000000,0.013013
965,767,60,0.017380,0.016936,78385458.000000,1018926.000000,0.012999
966,768,60,0.017480,0.017101,78355238.000000,1026963.000000,0.013107
967,769,60,0.017475,0.017061,78697974.000000,1031907.000000,0.013112
968,770,59,0.017440,0.017106,78650306.000000,1029738.000000,0.013093
