frame,nb of entities,FPS,frame length,physics length,L1-dcache-loads,L1-dcache-load-misses,L1-dcache-load-miss-ratio
0,3,301,0.002099,0.000030,462916.000000,31790.000000,0.068673
1,4,301,0.003322,0.000034,582759.000000,34717.000000,0.059574
2,5,301,0.003322,0.000034,631680.000000,34731.000000,0.054982
3,6,301,0.003330,0.000028,601131.000000,34353.000000,0.057147
4,7,301,0.003320,0.000040,594399.000000,34964.000000,0.058822
5,8,301,0.003320,0.000034,593417.000000,31244.000000,0.052651
6,9,301,0.003333,0.000037,480432.000000,34728.000000,0.072285
7,10,301,0.003339,0.000043,520999.000000,36091.000000,0.069273
8,11,301,0.003324,0.000038,604127.000000,35738.000000,0.059156
9,12,301,0.003325,0.000038,620864.000000,35558.000000,0.057272
10,13,301,0.003320,0.000038,589068.000000,31495.000000,0.053466
11,14,301,0.003325,0.000034,630696.000000,36400.000000,0.057714
12,15,302,0.003323,0.000040,614075.000000,34784.000000,0.056645
13,16,302,0.003322,0.000039,629002.000000,35158.000000,0.055895
14,17,302,0.003327,0.000042,624656.000000,35450.000000,0.056751
15,18,302,0.003325,0.000043,580837.000000,31676.000000,0.054535
16,19,302,0.003326,0.000043,604744.000000,34713.000000,0.057401
17,20,302,0.003322,0.000044,623880.000000,35579.000000,0.057029
18,20,302,0.003324,0.000073,678955.000000,39860.000000,0.058708
19,21,302,0.003324,0.000057,652853.000000,37652.000000,0.057673
20,22,302,0.003326,0.000058,610045.000000,34187.000000,0.056040
21,23,302,0.003322,0.000059,674338.000000,38820.000000,0.057568
22,24,302,0.003325,0.000061,651219.000000,37486.000000,0.057563
23,25,302,0.003325,0.000076,667207.000000,38354.000000,0.057484
24,26,302,0.003327,0.000073,702743.000000,38954.000000,0.055431
25,27,302,0.003318,0.000074,650492.000000,34923.000000,0.053687
26,28,302,0.003323,0.000084,690246.000000,39226.000000,0.056829
27,29,302,0.003320,0.000103,704817.000000,41248.000000,0.058523
28,30,302,0.003327,0.000069,685075.000000,38683.000000,0.056465
29,31,302,0.003320,0.000084,718424.000000,40078.000000,0.055786
30,32,302,0.003329,0.000082,678222.000000,35972.000000,0.053039
31,33,302,0.003321,0.000079,699175.000000,38608.000000,0.055219
32,34,302,0.003322,0.000089,713974.000000,38300.000000,0.053643
33,35,302,0.003323,0.000097,731205.000000,39450.000000,0.053952
34,36,302,0.003325,0.000077,721418.000000,37857.000000,0.052476
35,36,302,0.003346,0.000199,594378.000000,34611.000000,0.058231
36,37,302,0.003387,0.000119,665503.000000,42677.000000,0.064127
37,38,302,0.003336,0.000101,665990.000000,39363.000000,0.059104
38,39,302,0.003331,0.000078,634392.000000,38376.000000,0.060493
39,39,302,0.003379,0.000110,632812.000000,40053.000000,0.063294
40,40,302,0.003352,0.000114,621350.000000,38621.000000,0.062157
41,40,302,0.003349,0.000080,625163.000000,38148.000000,0.061021
42,41,302,0.003340,0.000084,634501.000000,38441.000000,0.060585
43,42,302,0.003331,0.000077,638980.000000,38263.000000,0.059881
44,43,302,0.003334,0.000081,648825.000000,38558.000000,0.059427
45,44,302,0.003337,0.000086,633309.000000,35692.000000,0.056358
46,45,302,0.003337,0.000084,654130.000000,38319.000000,0.058580
47,45,302,0.003344,0.000078,642806.000000,38207.000000,0.059438
48,46,302,0.003331,0.000085,652926.000000,38351.000000,0.058737
49,46,302,0.003344,0.000078,640558.000000,38180.000000,0.059604
50,47,302,0.003341,0.000092,620244.000000,35034.000000,0.056484
51,47,302,0.003341,0.000078,641379.000000,37623.000000,0.058660
52,48,302,0.003339,0.000102,651733.000000,38642.000000,0.059291
53,49,302,0.003348,0.000084,665683.000000,38980.000000,0.058556
54,50,302,0.003336,0.000092,649638.000000,38503.000000,0.059268
55,51,301,0.003344,0.000085,634980.000000,35484.000000,0.055882
56,52,301,0.003345,0.000088,667400.000000,38572.000000,0.057794
57,53,301,0.003341,0.000096,681905.000000,39204.000000,0.057492
58,54,301,0.003339,0.000099,686205.000000,39441.000000,0.057477
59,54,301,0.003348,0.000085,662584.000000,38105.000000,0.057510
60,54,300,0.003343,0.000094,632907.000000,35012.000000,0.055319
61,54,300,0.003318,0.000150,825082.000000,42115.000000,0.051043
62,55,300,0.003325,0.000111,826928.000000,38850.000000,0.046981
63,56,300,0.003321,0.000086,821307.000000,40476.000000,0.049282
64,56,300,0.003323,0.000090,795850.000000,38565.000000,0.048458
65,57,300,0.003328,0.000096,775284.000000,35858.000000,0.046251
66,58,300,0.003320,0.000109,802571.000000,40086.000000,0.049947
67,58,300,0.003325,0.000103,808247.000000,39107.000000,0.048385
68,59,300,0.003327,0.000091,826421.000000,40271.000000,0.048729
69,60,300,0.003318,0.000111,845720.000000,40986.000000,0.048463
70,61,300,0.003323,0.000114,799518.000000,35898.000000,0.044900
71,62,300,0.003326,0.000106,880143.000000,41503.000000,0.047155
72,63,300,0.003322,0.000097,854908.000000,40514.000000,0.047390
73,64,300,0.003320,0.000111,879332.000000,40347.000000,0.045884
74,64,300,0.003328,0.000104,847349.000000,39229.000000,0.046296
75,65,300,0.003319,0.000121,834399.000000,36612.000000,0.043878
76,66,300,0.003325,0.000111,862430.000000,39989.000000,0.046368
77,67,300,0.003329,0.000111,865461.000000,40270.000000,0.046530
78,67,300,0.003333,0.000118,766290.000000,40397.000000,0.052718
79,67,300,0.003338,0.000110,776273.000000,40010.000000,0.051541
80,68,300,0.003347,0.000115,750001.000000,36685.000000,0.048913
81,69,299,0.003339,0.000125,785323.000000,40545.000000,0.051628
82,69,299,0.003324,0.000112,867967.000000,39843.000000,0.045904
83,69,299,0.003328,0.000127,887179.000000,39793.000000,0.044853
84,69,300,0.003319,0.000130,869058.000000,39745.000000,0.045733
85,70,299,0.003323,0.000131,882167.000000,37044.000000,0.041992
86,71,299,0.003323,0.000179,955132.000000,56981.000000,0.059658
87,72,299,0.003323,0.000112,950318.000000,42823.000000,0.045062
88,73,300,0.003318,0.000152,928549.000000,41893.000000,0.045117
89,74,299,0.003328,0.000166,926063.000000,44146.000000,0.047671
90,75,300,0.003319,0.000166,917758.000000,40615.000000,0.044255
91,76,300,0.003322,0.000115,960889.000000,41288.000000,0.042969
92,77,300,0.003327,0.000145,934705.000000,42116.000000,0.045058
93,78,300,0.003321,0.000153,945799.000000,42570.000000,0.045010
94,79,300,0.003323,0.000149,944222.000000,41667.000000,0.044128
95,80,300,0.003328,0.000148,934176.000000,39009.000000,0.041758
96,81,300,0.003320,0.000167,978259.000000,43169.000000,0.044128
97,81,300,0.003323,0.000152,962226.000000,41480.000000,0.043108
98,82,300,0.003327,0.000157,971591.000000,42969.000000,0.044225
99,83,300,0.003320,0.000166,1002717.000000,43524.000000,0.043406
100,84,300,0.003323,0.000163,973707.000000,38965.000000,0.040017
101,84,300,0.003327,0.000126,992040.000000,42006.000000,0.042343
102,85,300,0.003320,0.000173,990264.000000,43138.000000,0.043562
103,86,300,0.003324,0.000162,1017374.000000,42708.000000,0.041979
104,87,300,0.003326,0.000168,1011183.000000,42715.000000,0.042243
105,88,300,0.003320,0.000177,1003995.000000,40637.000000,0.040475
106,89,300,0.003324,0.000176,1035717.000000,43601.000000,0.042097
107,90,300,0.003325,0.000165,1066575.000000,44153.000000,0.041397
108,91,300,0.003320,0.000187,1051649.000000,44463.000000,0.042279
109,91,300,0.003325,0.000175,1041010.000000,43592.000000,0.041875
110,92,300,0.003324,0.000181,1018004.000000,39462.000000,0.038764
111,93,300,0.003321,0.000189,1067866.000000,44119.000000,0.041315
112,93,300,0.003323,0.000181,1072252.000000,43315.000000,0.040396
113,94,300,0.003327,0.000183,1122272.000000,44713.000000,0.039842
114,95,300,0.003320,0.000203,1131035.000000,45140.000000,0.039910
115,96,300,0.003324,0.000201,1119927.000000,41207.000000,0.036794
116,97,300,0.003327,0.000219,1152546.000000,45088.000000,0.039120
117,98,300,0.003320,0.000213,1186425.000000,45841.000000,0.038638
118,99,300,0.003323,0.000218,1182497.000000,44883.000000,0.037956
119,100,300,0.003327,0.000236,1216274.000000,48106.000000,0.039552
120,101,300,0.003321,0.000251,1210400.000000,43488.000000,0.035929
121,101,300,0.003323,0.000219,1220189.000000,45007.000000,0.036885
122,102,300,0.003323,0.000225,1227805.000000,45454.000000,0.037021
123,103,300,0.003324,0.000187,1262073.000000,47158.000000,0.037366
124,104,300,0.003320,0.000236,1280397.000000,46006.000000,0.035931
125,105,300,0.003330,0.000240,1281445.000000,43105.000000,0.033638
126,106,300,0.003317,0.000207,1311310.000000,47449.000000,0.036184
127,106,300,0.003323,0.000241,1287711.000000,46012.000000,0.035732
128,107,300,0.003329,0.000246,1298240.000000,47074.000000,0.036260
129,108,300,0.003319,0.000253,1336837.000000,48283.000000,0.036117
130,109,300,0.003322,0.000259,1328737.000000,43106.000000,0.032441
131,109,300,0.003331,0.000252,1409242.000000,50511.000000,0.035843
132,110,300,0.003316,0.000274,1366024.000000,48092.000000,0.035206
133,110,300,0.003323,0.000254,1347520.000000,46298.000000,0.034358
134,111,300,0.003325,0.000235,1358259.000000,46869.000000,0.034507
135,112,300,0.003321,0.000312,1389640.000000,45736.000000,0.032912
136,112,300,0.003325,0.000236,1398077.000000,47572.000000,0.034027
137,113,300,0.003326,0.000246,1454029.000000,49178.000000,0.033822
138,114,300,0.003320,0.000240,1469640.000000,49377.000000,0.033598
139,114,300,0.003327,0.000251,1424824.000000,47999.000000,0.033688
140,115,300,0.003323,0.000257,1413499.000000,44487.000000,0.031473
141,116,300,0.003321,0.000245,1523490.000000,49978.000000,0.032805
142,117,300,0.003321,0.000273,1536928.000000,49173.000000,0.031994
143,118,300,0.003330,0.000288,1585362.000000,50610.000000,0.031923
144,119,300,0.003319,0.000269,1559913.000000,50501.000000,0.032374
145,120,300,0.003325,0.000282,1575595.000000,46579.000000,0.029563
146,121,300,0.003331,0.000330,1687204.000000,52292.000000,0.030993
147,122,300,0.003319,0.000303,1781863.000000,53415.000000,0.029977
148,122,300,0.003323,0.000323,1715114.000000,51393.000000,0.029965
149,123,300,0.003327,0.000329,1791337.000000,53429.000000,0.029826
150,124,300,0.003319,0.000383,1775385.000000,49837.000000,0.028071
151,125,300,0.003327,0.000340,1820840.000000,52709.000000,0.028948
152,126,300,0.003361,0.000356,1785806.000000,54855.000000,0.030717
153,127,300,0.003346,0.000412,1833569.000000,55679.000000,0.030366
154,128,300,0.003362,0.000425,1890408.000000,56544.000000,0.029911
155,129,300,0.003363,0.000422,1886375.000000,52864.000000,0.028024
156,130,300,0.003354,0.000439,1966221.000000,57178.000000,0.029080
157,130,300,0.003325,0.000642,2117427.000000,74327.000000,0.035103
158,131,300,0.003320,0.000424,2100783.000000,58644.000000,0.027915
159,132,300,0.003329,0.000472,2139361.000000,58772.000000,0.027472
160,133,300,0.003314,0.000489,2126826.000000,55391.000000,0.026044
161,134,300,0.003325,0.000446,2218375.000000,65297.000000,0.029435
162,134,300,0.003323,0.000488,2194521.000000,60743.000000,0.027679
163,135,300,0.003320,0.000500,2241764.000000,60731.000000,0.027091
164,136,300,0.003327,0.000466,2224802.000000,60799.000000,0.027328
165,137,300,0.003321,0.000453,2234737.000000,57027.000000,0.025518
166,138,300,0.003323,0.000463,2255700.000000,60672.000000,0.026897
167,139,300,0.003326,0.000525,2343521.000000,62823.000000,0.026807
168,140,300,0.003323,0.000476,2315209.000000,61928.000000,0.026748
169,141,300,0.003321,0.000472,2347735.000000,61936.000000,0.026381
170,142,300,0.003329,0.000481,2292263.000000,58607.000000,0.025567
171,143,300,0.003321,0.000480,2353580.000000,62342.000000,0.026488
172,144,300,0.003325,0.000483,2350985.000000,62463.000000,0.026569
173,145,300,0.003332,0.000485,2372355.000000,63232.000000,0.026654
174,146,300,0.003317,0.000501,2388516.000000,61965.000000,0.025943
175,147,300,0.003325,0.000493,2369425.000000,58691.000000,0.024770
176,148,300,0.003332,0.000502,2460739.000000,65408.000000,0.026581
177,148,300,0.003321,0.000576,2499111.000000,66937.000000,0.026784
178,149,300,0.003325,0.000712,2586101.000000,87790.000000,0.033947
179,150,300,0.003315,0.000821,2652058.000000,98158.000000,0.037012
180,151,300,0.003322,0.000473,2561539.000000,62626.000000,0.024449
181,152,300,0.003320,0.000603,2583416.000000,66468.000000,0.025729
182,152,300,0.003324,0.000575,2657440.000000,68125.000000,0.025636
183,152,300,0.003320,0.000617,2683624.000000,66449.000000,0.024761
184,153,300,0.003325,0.000643,2726951.000000,67732.000000,0.024838
185,154,300,0.003326,0.000598,2654602.000000,64325.000000,0.024232
186,155,300,0.003321,0.000632,2672813.000000,67694.000000,0.025327
187,155,300,0.003326,0.000633,2657111.000000,67186.000000,0.025285
188,156,300,0.003325,0.000607,2723273.000000,69413.000000,0.025489
189,157,300,0.003322,0.000642,2725080.000000,68363.000000,0.025087
190,158,300,0.003327,0.000647,2668659.000000,63767.000000,0.023895
191,159,300,0.003334,0.000650,2697093.000000,72404.000000,0.026845
192,160,300,0.003361,0.000661,2730159.000000,70290.000000,0.025746
193,161,300,0.003367,0.000525,2775673.000000,69572.000000,0.025065
194,162,300,0.003379,0.000634,2869832.000000,71992.000000,0.025086
195,162,300,0.003369,0.000667,2782114.000000,65384.000000,0.023502
196,162,300,0.003364,0.000672,2828043.000000,70195.000000,0.024821
197,163,300,0.003371,0.000619,2915624.000000,71376.000000,0.024481
198,163,300,0.003370,0.000703,2904910.000000,72874.000000,0.025086
199,163,300,0.003377,0.000673,2888642.000000,71724.000000,0.024830
200,164,299,0.003378,0.000716,2912353.000000,68199.000000,0.023417
201,165,299,0.003372,0.000731,3011331.000000,73824.000000,0.024515
202,166,299,0.003375,0.000707,3084482.000000,78366.000000,0.025407
203,167,299,0.003379,0.000768,3124606.000000,77850.000000,0.024915
204,168,299,0.003373,0.000740,3064992.000000,76839.000000,0.025070
205,168,299,0.003370,0.000648,3012987.000000,70095.000000,0.023264
206,169,299,0.003323,0.000765,3111055.000000,75624.000000,0.024308
207,169,299,0.003332,0.000715,3199920.000000,77553.000000,0.024236
208,170,299,0.003308,0.001062,3481475.000000,108664.000000,0.031212
209,170,299,0.003323,0.001038,3470038.000000,109561.000000,0.031573
210,171,299,0.003359,0.000726,3281173.000000,79508.000000,0.024232
211,171,299,0.003367,0.000912,3437988.000000,94163.000000,0.027389
212,172,299,0.003376,0.000676,3385764.000000,82212.000000,0.024282
213,173,299,0.003365,0.000758,3355440.000000,81707.000000,0.024351
214,174,299,0.003383,0.000845,3513386.000000,81451.000000,0.023183
215,175,299,0.003381,0.000836,3478253.000000,79917.000000,0.022976
216,176,299,0.003371,0.000764,3524848.000000,84445.000000,0.023957
217,177,299,0.003373,0.000764,3698205.000000,90096.000000,0.024362
218,178,299,0.003385,0.000900,3717651.000000,89728.000000,0.024136
219,179,299,0.003322,0.000909,3848142.000000,87937.000000,0.022852
220,179,299,0.003324,0.000936,3834844.000000,85080.000000,0.022186
221,179,299,0.003319,0.000912,3902353.000000,90823.000000,0.023274
222,180,299,0.003323,0.000825,3847387.000000,87633.000000,0.022777
223,180,299,0.003323,0.000950,3898358.000000,87893.000000,0.022546
224,180,299,0.003321,0.000963,3955232.000000,92235.000000,0.023320
225,180,299,0.003323,0.000950,3765449.000000,81926.000000,0.021757
226,181,299,0.003323,0.000961,3826240.000000,87458.000000,0.022857
227,182,299,0.003322,0.000924,3952392.000000,92096.000000,0.023301
228,182,299,0.003323,0.000820,3891950.000000,86752.000000,0.022290
229,183,299,0.003325,0.000964,3979685.000000,90729.000000,0.022798
230,184,299,0.003323,0.000957,3941853.000000,88391.000000,0.022424
231,185,299,0.003319,0.000840,4075349.000000,89145.000000,0.021874
232,186,299,0.003326,0.000997,4090818.000000,89943.000000,0.021987
233,187,299,0.003321,0.001001,4217596.000000,93492.000000,0.022167
234,188,299,0.003322,0.000906,4197893.000000,93656.000000,0.022310
235,189,299,0.003324,0.001071,4269161.000000,89675.000000,0.021005
236,190,299,0.003325,0.000991,4281319.000000,94485.000000,0.022069
237,191,299,0.003320,0.000917,4270531.000000,92729.000000,0.021714
238,192,299,0.003325,0.001051,4253462.000000,93249.000000,0.021923
239,193,299,0.003321,0.001087,4378663.000000,96477.000000,0.022033
240,194,299,0.003323,0.000936,4291886.000000,89124.000000,0.020766
241,194,299,0.003324,0.001071,4400717.000000,94155.000000,0.021395
242,195,299,0.003325,0.001093,4572132.000000,100260.000000,0.021929
243,196,299,0.003322,0.001047,4496418.000000,96836.000000,0.021536
244,196,299,0.003326,0.001097,4519843.000000,94305.000000,0.020865
245,196,299,0.003323,0.001090,4506682.000000,93084.000000,0.020655
246,197,299,0.003320,0.000989,4557566.000000,97123.000000,0.021310
247,198,299,0.003324,0.001120,4595916.000000,96737.000000,0.021048
248,199,299,0.003324,0.001092,4703320.000000,99057.000000,0.021061
249,200,299,0.003321,0.001006,4654240.000000,97586.000000,0.020967
250,201,299,0.003328,0.001160,4648237.000000,96269.000000,0.020711
251,201,299,0.003321,0.001132,4704867.000000,99553.000000,0.021160
252,202,299,0.003321,0.001027,4690661.000000,97765.000000,0.020842
253,203,299,0.003324,0.001161,4743279.000000,98496.000000,0.020765
254,203,299,0.003323,0.001235,4750626.000000,100553.000000,0.021166
255,204,299,0.003326,0.000994,4869847.000000,98338.000000,0.020193
256,205,299,0.003322,0.001367,5115694.000000,126133.000000,0.024656
257,206,299,0.003320,0.001195,5032475.000000,107596.000000,0.021380
258,206,299,0.003320,0.001114,4943569.000000,105566.000000,0.021354
259,207,299,0.003406,0.001317,5018172.000000,103158.000000,0.020557
260,208,299,0.003394,0.001193,5096041.000000,104309.000000,0.020469
261,209,299,0.003388,0.001072,5276520.000000,110652.000000,0.020971
262,209,299,0.003394,0.001250,5195102.000000,107398.000000,0.020673
263,209,299,0.003394,0.001199,5301962.000000,109706.000000,0.020692
264,209,299,0.003407,0.001332,5243689.000000,108103.000000,0.020616
265,210,299,0.003391,0.001236,5309351.000000,105147.000000,0.019804
266,211,299,0.003396,0.001154,5399818.000000,112614.000000,0.020855
267,212,299,0.003404,0.001340,5455596.000000,113899.000000,0.020877
268,213,299,0.003394,0.001220,5416521.000000,110899.000000,0.020474
269,214,299,0.003404,0.001133,5467235.000000,108203.000000,0.019791
270,215,298,0.003394,0.001345,5548770.000000,116525.000000,0.021000
271,216,298,0.003400,0.001151,5583248.000000,112172.000000,0.020091
272,217,298,0.003351,0.001335,5644611.000000,113707.000000,0.020144
273,217,298,0.003389,0.001216,5599263.000000,113237.000000,0.020224
274,218,298,0.003409,0.001280,5591560.000000,109602.000000,0.019601
275,218,298,0.003394,0.001304,5642928.000000,112993.000000,0.020024
276,219,298,0.003323,0.001230,5689100.000000,113294.000000,0.019914
277,220,299,0.003330,0.001294,5771103.000000,114627.000000,0.019862
278,221,299,0.003308,0.001334,5879727.000000,117197.000000,0.019932
279,222,299,0.003325,0.001266,5857195.000000,113009.000000,0.019294
280,222,299,0.003341,0.001422,6025139.000000,122719.000000,0.020368
281,222,299,0.003304,0.001366,6039736.000000,118632.000000,0.019642
282,223,299,0.003326,0.001329,6171563.000000,121028.000000,0.019611
283,223,299,0.003331,0.001406,6110820.000000,119755.000000,0.019597
284,223,299,0.003303,0.001409,6063572.000000,115193.000000,0.018998
285,223,299,0.003326,0.001313,6116478.000000,122264.000000,0.019989
286,224,299,0.003331,0.001408,6159354.000000,120454.000000,0.019556
287,225,299,0.003305,0.001450,6278564.000000,123246.000000,0.019630
288,226,299,0.003326,0.001365,6304146.000000,124267.000000,0.019712
289,227,299,0.003340,0.001528,6570691.000000,139815.000000,0.021279
290,228,299,0.003305,0.001472,6391110.000000,126063.000000,0.019725
291,229,299,0.003325,0.001381,6411848.000000,124770.000000,0.019459
292,229,299,0.003341,0.001459,6342227.000000,124869.000000,0.019689
293,229,299,0.003303,0.001473,6361405.000000,124695.000000,0.019602
294,230,299,0.003326,0.001405,6550467.000000,122619.000000,0.018719
295,231,299,0.003343,0.001527,6772533.000000,132083.000000,0.019503
296,232,299,0.003305,0.001526,6679749.000000,128027.000000,0.019166
297,233,299,0.003326,0.001435,6716020.000000,129274.000000,0.019249
298,234,299,0.003340,0.001525,6835258.000000,129504.000000,0.018946
299,235,299,0.003308,0.001608,6933595.000000,125581.000000,0.018112
300,235,299,0.003325,0.001479,6920832.000000,128991.000000,0.018638
301,235,299,0.003340,0.001657,6866486.000000,129471.000000,0.018855
302,235,299,0.003308,0.001589,6987533.000000,128321.000000,0.018364
303,236,299,0.003326,0.001517,7095143.000000,132710.000000,0.018704
304,237,299,0.003340,0.001612,7124430.000000,131561.000000,0.018466
305,237,299,0.003308,0.001661,7104152.000000,135625.000000,0.019091
306,238,299,0.003325,0.001563,7158093.000000,136798.000000,0.019111
307,239,299,0.003341,0.001625,7165798.000000,136519.000000,0.019051
308,240,299,0.003304,0.001676,7230043.000000,134348.000000,0.018582
309,241,299,0.003326,0.001569,7294948.000000,131677.000000,0.018050
310,242,299,0.003340,0.001709,7330083.000000,139583.000000,0.019042
311,243,299,0.003309,0.001532,7376122.000000,135988.000000,0.018436
312,244,299,0.003323,0.001683,7452144.000000,137837.000000,0.018496
313,245,299,0.003342,0.001695,7429555.000000,137861.000000,0.018556
314,246,299,0.003304,0.001740,7484171.000000,134254.000000,0.017938
315,247,299,0.003325,0.001638,7624868.000000,141002.000000,0.018492
316,248,299,0.003342,0.001713,7556608.000000,139506.000000,0.018461
317,249,299,0.003304,0.001763,7648644.000000,139785.000000,0.018276
318,250,299,0.003326,0.001664,7758556.000000,142326.000000,0.018344
319,250,299,0.003337,0.001740,7635982.000000,136940.000000,0.017934
320,251,299,0.003308,0.001798,7675130.000000,138947.000000,0.018104
321,251,299,0.003326,0.001650,7670048.000000,140439.000000,0.018310
322,252,299,0.003336,0.001629,7690020.000000,142235.000000,0.018496
323,253,299,0.003313,0.001803,7786800.000000,141048.000000,0.018114
324,254,299,0.003326,0.001690,7865078.000000,139870.000000,0.017784
325,255,299,0.003335,0.001671,8027446.000000,143772.000000,0.017910
326,256,299,0.003316,0.001863,7936682.000000,144730.000000,0.018236
327,257,300,0.003326,0.001738,8026350.000000,147496.000000,0.018376
328,258,300,0.003337,0.001703,8017227.000000,146658.000000,0.018293
329,259,300,0.003314,0.001874,8021054.000000,141887.000000,0.017689
330,260,300,0.003326,0.001760,8135829.000000,147966.000000,0.018187
331,261,300,0.003336,0.001736,8225131.000000,149406.000000,0.018165
332,262,300,0.003317,0.001954,8306649.000000,149469.000000,0.017994
333,263,300,0.003326,0.001799,8325581.000000,150592.000000,0.018088
334,264,300,0.003337,0.001788,8369760.000000,145513.000000,0.017386
335,264,300,0.003325,0.001982,8385531.000000,151155.000000,0.018026
336,265,300,0.003326,0.001852,8439191.000000,150591.000000,0.017844
337,266,300,0.003332,0.001787,8492787.000000,150509.000000,0.017722
338,267,300,0.003330,0.002023,8621158.000000,153812.000000,0.017841
339,268,300,0.003327,0.001888,8596208.000000,150617.000000,0.017521
340,269,300,0.003329,0.001894,8661767.000000,155866.000000,0.017995
341,270,300,0.003324,0.001858,8721762.000000,154310.000000,0.017693
342,271,300,0.003331,0.001902,8842885.000000,156974.000000,0.017751
343,271,300,0.003329,0.001854,8760877.000000,153730.000000,0.017547
344,272,300,0.003332,0.002067,8836394.000000,152425.000000,0.017250
345,273,300,0.003334,0.001947,9088803.000000,159476.000000,0.017546
346,274,300,0.003337,0.001933,9214691.000000,162746.000000,0.017662
347,275,300,0.003328,0.001960,9285286.000000,165017.000000,0.017772
348,275,300,0.003335,0.002010,9217588.000000,164369.000000,0.017832
349,276,300,0.003338,0.001967,9302913.000000,162428.000000,0.017460
350,276,300,0.003328,0.001990,9353881.000000,165153.000000,0.017656
351,276,300,0.003336,0.002036,9365996.000000,165260.000000,0.017645
352,276,300,0.003340,0.001986,9437824.000000,165800.000000,0.017568
353,277,300,0.003331,0.002014,9563484.000000,168268.000000,0.017595
354,278,300,0.003337,0.002077,9482989.000000,163160.000000,0.017206
355,279,300,0.003341,0.002022,9627876.000000,168819.000000,0.017534
356,280,300,0.003332,0.002043,9720621.000000,170401.000000,0.017530
357,281,300,0.003343,0.002066,9749945.000000,173479.000000,0.017793
358,282,300,0.003341,0.002087,9738708.000000,174583.000000,0.017927
359,283,300,0.003337,0.002080,9775799.000000,171409.000000,0.017534
360,284,300,0.003336,0.002096,9805597.000000,178668.000000,0.018221
361,285,300,0.003346,0.002100,9989416.000000,179336.000000,0.017953
362,286,300,0.003427,0.002123,10009209.000000,180063.000000,0.017990
363,287,300,0.003408,0.002127,10081074.000000,181806.000000,0.018034
364,288,299,0.003438,0.002139,10052863.000000,178045.000000,0.017711
365,289,299,0.003446,0.002142,10163102.000000,183435.000000,0.018049
366,289,299,0.003436,0.002162,10372512.000000,183614.000000,0.017702
367,290,299,0.003444,0.002221,10414949.000000,187579.000000,0.018011
368,291,299,0.003446,0.002227,10550214.000000,187357.000000,0.017759
369,292,299,0.003445,0.002200,10427024.000000,182305.000000,0.017484
370,293,298,0.003448,0.002300,10572872.000000,190863.000000,0.018052
371,293,298,0.003444,0.002284,10525733.000000,186774.000000,0.017745
372,294,298,0.003444,0.002244,10538483.000000,187428.000000,0.017785
373,295,298,0.003447,0.002270,10653033.000000,191069.000000,0.017936
374,296,298,0.003440,0.002329,10663778.000000,188657.000000,0.017691
375,296,297,0.003445,0.002260,10652951.000000,190955.000000,0.017925
376,297,297,0.003449,0.002304,10860273.000000,194506.000000,0.017910
377,298,297,0.003449,0.002335,10762441.000000,192526.000000,0.017889
378,298,297,0.003445,0.002275,10728637.000000,189704.000000,0.017682
379,298,297,0.003447,0.002310,10704391.000000,186779.000000,0.017449
380,299,297,0.003449,0.002343,10891505.000000,192327.000000,0.017658
381,299,296,0.003448,0.002296,10918032.000000,191497.000000,0.017540
382,300,296,0.003449,0.002334,10792439.000000,192811.000000,0.017865
383,301,296,0.003450,0.002342,10852531.000000,188852.000000,0.017402
384,302,296,0.003447,0.002316,10912575.000000,194548.000000,0.017828
385,303,296,0.003438,0.002320,11047198.000000,196099.000000,0.017751
386,304,296,0.003451,0.002385,10990972.000000,196139.000000,0.017845
387,305,295,0.003452,0.002329,11100939.000000,197004.000000,0.017747
388,306,295,0.003441,0.002346,11124128.000000,193653.000000,0.017408
389,307,295,0.003455,0.002415,11263785.000000,198645.000000,0.017636
390,308,295,0.003455,0.002386,11340969.000000,200252.000000,0.017657
391,309,295,0.003453,0.002397,11321634.000000,199017.000000,0.017578
392,310,294,0.003452,0.002402,11352906.000000,200287.000000,0.017642
393,311,294,0.003454,0.002451,11410233.000000,200488.000000,0.017571
394,312,294,0.003456,0.002423,11373686.000000,204332.000000,0.017965
395,313,294,0.003454,0.002413,11501557.000000,205065.000000,0.017829
396,313,294,0.003417,0.002483,11530421.000000,207810.000000,0.018023
397,314,294,0.003458,0.002509,11624048.000000,210412.000000,0.018101
398,315,293,0.003461,0.002488,11648299.000000,208058.000000,0.017862
399,316,293,0.003458,0.002525,11809982.000000,215068.000000,0.018211
400,317,293,0.003462,0.002583,12012135.000000,216839.000000,0.018052
401,318,293,0.003461,0.002557,12144637.000000,219669.000000,0.018088
402,318,293,0.003461,0.002585,12010672.000000,218197.000000,0.018167
403,319,292,0.003464,0.002618,12118526.000000,215842.000000,0.017811
404,320,292,0.003461,0.002597,12172807.000000,221987.000000,0.018236
405,321,292,0.003467,0.002633,12366285.000000,223618.000000,0.018083
406,321,292,0.003470,0.002676,12478210.000000,224238.000000,0.017970
407,321,292,0.003462,0.002598,12216785.000000,222631.000000,0.018223
408,321,291,0.003465,0.002630,12336844.000000,219844.000000,0.017820
409,322,291,0.003472,0.002683,12560232.000000,225846.000000,0.017981
410,323,291,0.003454,0.002679,12655313.000000,229394.000000,0.018126
411,324,291,0.003456,0.002694,12720349.000000,228960.000000,0.018000
412,325,291,0.003469,0.002749,12646952.000000,224905.000000,0.017783
413,326,291,0.003341,0.002706,12829928.000000,230814.000000,0.017990
414,327,291,0.003461,0.002727,12786223.000000,230837.000000,0.018054
415,327,291,0.003353,0.002768,12857325.000000,230684.000000,0.017942
416,328,290,0.003407,0.002799,13088267.000000,236162.000000,0.018044
417,329,290,0.003423,0.002792,13218961.000000,234966.000000,0.017775
418,330,290,0.003457,0.002831,13434452.000000,239495.000000,0.017827
419,330,290,0.003503,0.002898,13586827.000000,243704.000000,0.017937
420,331,290,0.003530,0.002924,13582456.000000,241961.000000,0.017814
421,332,289,0.003502,0.002901,13742736.000000,243926.000000,0.017749
422,333,289,0.003569,0.002980,13906437.000000,241845.000000,0.017391
423,334,289,0.003607,0.002998,13960000.000000,247862.000000,0.017755
424,335,289,0.003568,0.002999,14030402.000000,248268.000000,0.017695
425,336,288,0.003640,0.003033,14225627.000000,250700.000000,0.017623
426,337,288,0.003670,0.003109,14300992.000000,256049.000000,0.017904
427,338,288,0.003886,0.003301,14371681.000000,255028.000000,0.017745
428,338,287,0.003684,0.003082,14529181.000000,258483.000000,0.017791
429,338,287,0.003737,0.003149,14617129.000000,259792.000000,0.017773
430,339,287,0.003687,0.003120,14427577.000000,258391.000000,0.017910
431,339,286,0.003736,0.003132,14547148.000000,256122.000000,0.017606
432,340,286,0.003723,0.003136,14776006.000000,260875.000000,0.017655
433,341,285,0.003758,0.003149,14721112.000000,261393.000000,0.017756
434,342,285,0.003807,0.003219,14868490.000000,262921.000000,0.017683
435,343,284,0.003742,0.003139,14814588.000000,261812.000000,0.017673
436,344,284,0.003768,0.003177,14932698.000000,258681.000000,0.017323
437,344,283,0.003808,0.003210,14886612.000000,262679.000000,0.017645
438,344,283,0.003801,0.003204,14966563.000000,262408.000000,0.017533
439,344,283,0.003805,0.003203,14895741.000000,261490.000000,0.017555
440,345,282,0.003789,0.003228,15067885.000000,261494.000000,0.017354
441,346,281,0.003894,0.003271,15329028.000000,269491.000000,0.017580
442,347,281,0.003947,0.003348,15488568.000000,272289.000000,0.017580
443,347,280,0.003897,0.003288,15344488.000000,269184.000000,0.017543
444,348,280,0.003940,0.003353,15497663.000000,268760.000000,0.017342
445,349,279,0.003906,0.003311,15579323.000000,272762.000000,0.017508
446,350,278,0.003951,0.003369,15591517.000000,274079.000000,0.017579
447,351,278,0.003812,0.003481,15713584.000000,275974.000000,0.017563
448,352,277,0.003763,0.003484,15757455.000000,271827.000000,0.017251
449,352,277,0.003679,0.003396,15761246.000000,274154.000000,0.017394
450,352,276,0.004111,0.003484,15931032.000000,276975.000000,0.017386
451,353,276,0.004050,0.003450,16024254.000000,280355.000000,0.017496
452,354,275,0.004108,0.003519,16202119.000000,281592.000000,0.017380
453,354,274,0.004015,0.003431,15916111.000000,273863.000000,0.017207
454,355,273,0.004057,0.003428,15977393.000000,278024.000000,0.017401
455,356,273,0.004049,0.003419,16150891.000000,278200.000000,0.017225
456,357,272,0.004180,0.003559,16384409.000000,287847.000000,0.017568
457,358,271,0.004117,0.003509,16191729.000000,279202.000000,0.017243
458,359,270,0.004140,0.003520,16422515.000000,286750.000000,0.017461
459,359,269,0.004146,0.003552,16389273.000000,282725.000000,0.017251
460,360,268,0.004284,0.003694,16426961.000000,285113.000000,0.017356
461,360,267,0.004179,0.003559,16583653.000000,283453.000000,0.017092
462,361,266,0.004239,0.003614,16761764.000000,289529.000000,0.017273
463,362,265,0.004189,0.003550,16656293.000000,287317.000000,0.017250
464,362,265,0.004211,0.003640,16703818.000000,288989.000000,0.017301
465,363,264,0.004219,0.003589,16905526.000000,289327.000000,0.017114
466,364,263,0.004338,0.003714,17180848.000000,295329.000000,0.017189
467,365,262,0.004247,0.003617,17095581.000000,293558.000000,0.017172
468,366,261,0.004296,0.003697,17205645.000000,296444.000000,0.017229
469,367,260,0.004343,0.003719,17200633.000000,292326.000000,0.016995
470,368,259,0.004337,0.003713,17359462.000000,298196.000000,0.017178
471,369,258,0.004362,0.003739,17327017.000000,297569.000000,0.017174
472,370,257,0.004409,0.003792,17695012.000000,302396.000000,0.017089
473,371,256,0.004417,0.003802,17563826.000000,298180.000000,0.016977
474,371,255,0.004364,0.003784,17728424.000000,304062.000000,0.017151
475,372,253,0.004506,0.003834,17859361.000000,305911.000000,0.017129
476,373,252,0.004434,0.003818,17927463.000000,302971.000000,0.016900
477,374,251,0.004279,0.003951,18091096.000000,312738.000000,0.017287
478,375,251,0.004253,0.003957,18084528.000000,310001.000000,0.017142
479,376,250,0.004278,0.003961,18122306.000000,311715.000000,0.017201
480,377,249,0.004274,0.003966,18222530.000000,309207.000000,0.016968
481,378,248,0.004253,0.003909,18247466.000000,312194.000000,0.017109
482,379,247,0.004281,0.003940,18325749.000000,313650.000000,0.017115
483,379,247,0.004224,0.003927,18281585.000000,311873.000000,0.017059
484,380,246,0.004305,0.004029,18292226.000000,312101.000000,0.017062
485,381,245,0.004339,0.004000,18503311.000000,317247.000000,0.017145
486,382,245,0.004354,0.004052,18437419.000000,316933.000000,0.017190
487,382,244,0.004304,0.003995,18459562.000000,317050.000000,0.017175
488,383,244,0.004364,0.004081,18528040.000000,315474.000000,0.017027
489,383,243,0.004344,0.004026,18588076.000000,320503.000000,0.017242
490,384,242,0.004293,0.004002,18593323.000000,316904.000000,0.017044
491,384,242,0.004368,0.004077,18601813.000000,315880.000000,0.016981
492,385,241,0.004385,0.004064,18728621.000000,317200.000000,0.016937
493,386,240,0.004451,0.004096,18929356.000000,320837.000000,0.016949
494,387,240,0.004440,0.004118,19025203.000000,324777.000000,0.017071
495,387,239,0.004429,0.004123,18872285.000000,317583.000000,0.016828
496,388,239,0.004433,0.004139,18981864.000000,322305.000000,0.016980
497,389,238,0.004408,0.004075,19064623.000000,326164.000000,0.017108
498,389,237,0.004509,0.004211,19033436.000000,326941.000000,0.017177
499,390,237,0.004488,0.004115,19189391.000000,324470.000000,0.016909
500,391,236,0.004512,0.004207,19149457.000000,329020.000000,0.017182
501,392,235,0.004526,0.004178,19343781.000000,329107.000000,0.017014
502,393,235,0.004543,0.004221,19349254.000000,327319.000000,0.016916
503,394,234,0.004529,0.004214,19405785.000000,327542.000000,0.016879
504,395,234,0.004592,0.004286,19486985.000000,332718.000000,0.017074
505,395,233,0.004562,0.004233,19563643.000000,331515.000000,0.016945
506,396,232,0.004625,0.004324,19628369.000000,332843.000000,0.016957
507,397,232,0.004585,0.004281,19653429.000000,328641.000000,0.016722
508,398,231,0.004565,0.004263,19662962.000000,329724.000000,0.016769
509,398,230,0.004722,0.004364,19643092.000000,334387.000000,0.017023
510,398,230,0.004497,0.004199,19562296.000000,328295.000000,0.016782
511,398,229,0.004572,0.004249,19628208.000000,334453.000000,0.017039
512,399,229,0.004583,0.004228,19844657.000000,336825.000000,0.016973
513,400,228,0.004594,0.004283,19815609.000000,337132.000000,0.017013
514,400,228,0.004594,0.004227,19914522.000000,333128.000000,0.016728
515,401,227,0.004661,0.004332,20164891.000000,341386.000000,0.016930
516,401,227,0.004691,0.004369,20415173.000000,346038.000000,0.016950
517,402,226,0.004747,0.004367,20494038.000000,344785.000000,0.016824
518,403,226,0.004803,0.004437,20875259.000000,351308.000000,0.016829
519,404,225,0.004802,0.004443,20803299.000000,350616.000000,0.016854
520,404,225,0.004772,0.004439,20772366.000000,351962.000000,0.016944
521,405,224,0.004906,0.004560,20953788.000000,350943.000000,0.016748
522,406,224,0.004817,0.004469,20914415.000000,354238.000000,0.016938
523,407,223,0.004867,0.004518,21118082.000000,355175.000000,0.016819
524,408,223,0.004897,0.004564,21248919.000000,356232.000000,0.016765
525,409,222,0.004961,0.004569,21469925.000000,361236.000000,0.016825
526,409,222,0.004970,0.004611,21729913.000000,362997.000000,0.016705
527,410,221,0.004950,0.004588,21590855.000000,361803.000000,0.016757
528,411,220,0.004932,0.004655,21625011.000000,359235.000000,0.016612
529,412,220,0.004980,0.004655,21817834.000000,365404.000000,0.016748
530,412,219,0.005006,0.004661,21932637.000000,366205.000000,0.016697
531,413,219,0.005094,0.004743,22315439.000000,369182.000000,0.016544
532,414,218,0.005121,0.004769,22456285.000000,374755.000000,0.016688
533,415,218,0.005059,0.004739,22214406.000000,371105.000000,0.016706
534,416,217,0.005124,0.004788,22497622.000000,370313.000000,0.016460
535,417,217,0.005157,0.004808,22634795.000000,375967.000000,0.016610
536,418,216,0.005156,0.004858,22641698.000000,377334.000000,0.016665
537,419,215,0.005188,0.004854,22800819.000000,378031.000000,0.016580
538,420,215,0.005165,0.004883,22711912.000000,376264.000000,0.016567
539,420,214,0.005273,0.004914,23006075.000000,381336.000000,0.016575
540,421,213,0.005279,0.004941,23191987.000000,385742.000000,0.016633
541,422,212,0.005355,0.005006,23106580.000000,381515.000000,0.016511
542,423,212,0.005243,0.004939,23009752.000000,383663.000000,0.016674
543,424,211,0.005227,0.004932,22986352.000000,382990.000000,0.016662
544,425,210,0.005257,0.004934,23130845.000000,381763.000000,0.016504
545,426,209,0.005324,0.004959,23332783.000000,388615.000000,0.016655
546,427,209,0.005304,0.005011,23343432.000000,387723.000000,0.016610
547,428,208,0.005411,0.005014,23688581.000000,398832.000000,0.016836
548,428,207,0.005327,0.005030,23454177.000000,390364.000000,0.016644
549,428,206,0.005318,0.005024,23435603.000000,388750.000000,0.016588
550,429,206,0.005320,0.005032,23475308.000000,386241.000000,0.016453
551,430,205,0.005545,0.005215,23808267.000000,394666.000000,0.016577
552,431,204,0.005365,0.005066,23602743.000000,391748.000000,0.016598
553,431,204,0.005373,0.005059,23650689.000000,389113.000000,0.016453
554,432,203,0.005441,0.005115,23935773.000000,395069.000000,0.016505
555,433,202,0.005406,0.005085,23809550.000000,393214.000000,0.016515
556,434,202,0.005419,0.005131,23889088.000000,391614.000000,0.016393
557,435,201,0.005437,0.005129,23976447.000000,396113.000000,0.016521
558,436,200,0.005522,0.005164,24277305.000000,398604.000000,0.016419
559,437,199,0.005513,0.005179,24247495.000000,394300.000000,0.016261
560,438,199,0.005576,0.005229,24294818.000000,400121.000000,0.016469
561,438,198,0.005505,0.005207,24267452.000000,399046.000000,0.016444
562,439,197,0.005535,0.005214,24407792.000000,396686.000000,0.016252
563,440,197,0.005577,0.005230,24561391.000000,400815.000000,0.016319
564,441,196,0.005552,0.005255,24483140.000000,401316.000000,0.016392
565,442,195,0.005577,0.005256,24601530.000000,399284.000000,0.016230
566,442,195,0.005569,0.005278,24608857.000000,401532.000000,0.016317
567,443,194,0.005643,0.005290,24824256.000000,403037.000000,0.016236
568,444,194,0.005650,0.005337,24892318.000000,402383.000000,0.016165
569,445,193,0.005693,0.005339,25106675.000000,409161.000000,0.016297
570,446,192,0.005663,0.005356,24985044.000000,407139.000000,0.016295
571,447,192,0.005691,0.005357,25126794.000000,405483.000000,0.016137
572,448,191,0.005726,0.005413,25309506.000000,410319.000000,0.016212
573,449,190,0.005774,0.005433,25506698.000000,414403.000000,0.016247
574,449,189,0.005782,0.005456,25510391.000000,409638.000000,0.016058
575,450,189,0.005851,0.005495,25818821.000000,417142.000000,0.016157
576,451,188,0.005866,0.005547,25934089.000000,419091.000000,0.016160
577,452,187,0.005907,0.005602,25995783.000000,416698.000000,0.016029
578,453,187,0.005902,0.005572,26073634.000000,422244.000000,0.016194
579,454,186,0.005953,0.005593,26299539.000000,423837.000000,0.016116
580,455,185,0.006002,0.005652,26515936.000000,423549.000000,0.015973
581,455,185,0.005945,0.005611,26325458.000000,423463.000000,0.016086
582,456,184,0.005998,0.005676,26536026.000000,427029.000000,0.016092
583,456,183,0.005951,0.005634,26396561.000000,420291.000000,0.015922
584,457,183,0.005983,0.005683,26436215.000000,425828.000000,0.016108
585,458,182,0.006025,0.005709,26523625.000000,424132.000000,0.015991
586,459,182,0.006056,0.005715,26702214.000000,428379.000000,0.016043
587,460,181,0.006070,0.005725,26842639.000000,431020.000000,0.016057
588,461,180,0.006096,0.005775,27023976.000000,429775.000000,0.015903
589,462,180,0.006051,0.005756,26784567.000000,431640.000000,0.016115
590,462,179,0.006039,0.005744,26765817.000000,431638.000000,0.016126
591,463,179,0.006086,0.005748,26940156.000000,429845.000000,0.015956
592,464,178,0.006122,0.005780,27024979.000000,435131.000000,0.016101
593,465,178,0.006157,0.005801,27251886.000000,436363.000000,0.016012
594,466,177,0.006481,0.006107,27636412.000000,438052.000000,0.015851
595,466,176,0.006213,0.005886,27512233.000000,439415.000000,0.015972
596,467,176,0.006214,0.005863,27465090.000000,436656.000000,0.015899
597,468,175,0.006202,0.005833,27408545.000000,436744.000000,0.015935
598,468,175,0.006247,0.005875,27583666.000000,442052.000000,0.016026
599,469,174,0.006293,0.005947,27864920.000000,440707.000000,0.015816
600,470,174,0.006340,0.005975,28030499.000000,443178.000000,0.015811
601,471,173,0.006282,0.005942,27784795.000000,442763.000000,0.015935
602,472,173,0.006313,0.006011,27997602.000000,442299.000000,0.015798
603,472,172,0.006285,0.005976,27859524.000000,443927.000000,0.015934
604,473,172,0.006293,0.006009,27916431.000000,440166.000000,0.015767
605,473,171,0.006383,0.005987,28220989.000000,447108.000000,0.015843
606,473,170,0.006402,0.006067,28409337.000000,446504.000000,0.015717
607,474,170,0.006417,0.006060,28390275.000000,445395.000000,0.015688
608,475,169,0.006465,0.006124,28639732.000000,451644.000000,0.015770
609,476,169,0.006515,0.006115,28689328.000000,450226.000000,0.015693
610,477,168,0.006649,0.006265,29132650.000000,454874.000000,0.015614
611,478,168,0.006542,0.006171,28944119.000000,455500.000000,0.015737
612,479,167,0.006546,0.006218,29075231.000000,452391.000000,0.015559
613,479,167,0.006568,0.006229,29166358.000000,459211.000000,0.015745
614,480,166,0.006859,0.006525,29429914.000000,463587.000000,0.015752
615,481,165,0.006625,0.006289,29290275.000000,457371.000000,0.015615
616,482,165,0.006666,0.006321,29561167.000000,462721.000000,0.015653
617,483,164,0.006716,0.006344,29709654.000000,462531.000000,0.015568
618,484,164,0.006726,0.006369,29796985.000000,466138.000000,0.015644
619,485,163,0.006753,0.006394,29974067.000000,468981.000000,0.015646
620,486,163,0.006749,0.006461,29866987.000000,464306.000000,0.015546
621,487,162,0.006798,0.006460,30074655.000000,469271.000000,0.015604
622,487,162,0.006788,0.006425,30137978.000000,465094.000000,0.015432
623,488,161,0.006880,0.006524,30395431.000000,475002.000000,0.015627
624,489,160,0.006908,0.006603,30185853.000000,468737.000000,0.015528
625,490,160,0.006841,0.006467,30338126.000000,470426.000000,0.015506
626,491,159,0.006802,0.006487,30225777.000000,472559.000000,0.015634
627,492,159,0.006858,0.006491,30443012.000000,472440.000000,0.015519
628,493,158,0.006839,0.006522,30435304.000000,475311.000000,0.015617
629,494,158,0.006901,0.006569,30597546.000000,473221.000000,0.015466
630,495,157,0.006969,0.006606,30960570.000000,481889.000000,0.015565
631,495,157,0.007001,0.006650,31177117.000000,485223.000000,0.015563
632,496,156,0.007008,0.006650,31095326.000000,480409.000000,0.015450
633,497,156,0.007033,0.006685,31254880.000000,488695.000000,0.015636
634,498,155,0.007083,0.006733,31407904.000000,484821.000000,0.015436
635,499,155,0.007108,0.006790,31488099.000000,492964.000000,0.015656
636,499,154,0.007100,0.006748,31424689.000000,485216.000000,0.015441
637,499,154,0.007143,0.006745,31644440.000000,490438.000000,0.015498
638,500,153,0.007256,0.006897,32148298.000000,498061.000000,0.015493
639,501,153,0.007332,0.006944,32013617.000000,491044.000000,0.015339
640,502,152,0.007241,0.006859,32166209.000000,496175.000000,0.015425
641,503,152,0.007249,0.006890,32296114.000000,496870.000000,0.015385
642,504,151,0.007232,0.006913,32208076.000000,500174.000000,0.015529
643,505,151,0.007269,0.006917,32385182.000000,497335.000000,0.015357
644,506,150,0.007322,0.006977,32625048.000000,503800.000000,0.015442
645,507,150,0.007340,0.006977,32649628.000000,502850.000000,0.015401
646,508,149,0.007329,0.007036,32712557.000000,500833.000000,0.015310
647,509,149,0.007382,0.007044,32867638.000000,505110.000000,0.015368
648,509,148,0.007347,0.007052,32793667.000000,501623.000000,0.015296
649,510,148,0.007488,0.007157,33177237.000000,508853.000000,0.015337
650,511,147,0.007430,0.007134,33146681.000000,504509.000000,0.015220
651,512,147,0.007508,0.007182,33382103.000000,509806.000000,0.015272
652,513,146,0.007631,0.007253,33568410.000000,510793.000000,0.015216
653,514,146,0.007614,0.007246,33914806.000000,518170.000000,0.015279
654,515,145,0.007677,0.007315,34148923.000000,522302.000000,0.015295
655,515,145,0.007551,0.007239,33633777.000000,512631.000000,0.015242
656,516,144,0.007558,0.007245,33710998.000000,518296.000000,0.015375
657,517,144,0.007651,0.007282,33967361.000000,515625.000000,0.015180
658,518,143,0.007783,0.007413,34482608.000000,522534.000000,0.015154
659,519,143,0.007747,0.007380,34391811.000000,518729.000000,0.015083
660,520,142,0.007821,0.007499,34718743.000000,527430.000000,0.015192
661,520,142,0.007828,0.007535,34713316.000000,522449.000000,0.015050
662,521,141,0.007784,0.007476,34696978.000000,528492.000000,0.015232
663,522,141,0.007853,0.007474,35001953.000000,529030.000000,0.015114
664,522,140,0.007804,0.007489,34825620.000000,532895.000000,0.015302
665,523,140,0.007976,0.007590,35134363.000000,532719.000000,0.015162
666,524,139,0.007951,0.007626,35393690.000000,539505.000000,0.015243
667,524,139,0.007866,0.007568,35168331.000000,530246.000000,0.015077
668,525,138,0.007965,0.007597,35503508.000000,538482.000000,0.015167
669,526,138,0.007975,0.007623,35564381.000000,537057.000000,0.015101
670,527,137,0.008000,0.007647,35717475.000000,537268.000000,0.015042
671,527,137,0.007910,0.007606,35354640.000000,538415.000000,0.015229
672,528,136,0.007964,0.007649,35512263.000000,535653.000000,0.015084
673,529,136,0.008046,0.007682,35895758.000000,545142.000000,0.015187
674,530,136,0.008115,0.007760,36122794.000000,540120.000000,0.014952
675,530,135,0.008003,0.007651,35755535.000000,535672.000000,0.014982
676,531,135,0.007996,0.007699,35785037.000000,534596.000000,0.014939
677,531,134,0.008091,0.007710,36088691.000000,541715.000000,0.015011
678,532,134,0.008396,0.008025,36468545.000000,544667.000000,0.014935
679,532,133,0.008093,0.007713,36078812.000000,543786.000000,0.015072
680,532,133,0.008148,0.007811,36308547.000000,541636.000000,0.014918
681,533,133,0.008172,0.007796,36476930.000000,550281.000000,0.015086
682,534,132,0.008207,0.007823,36625380.000000,548182.000000,0.014967
683,535,132,0.008264,0.007898,36876735.000000,556072.000000,0.015079
684,536,131,0.008279,0.007923,36972148.000000,554339.000000,0.014993
685,537,131,0.008350,0.007955,37188688.000000,560132.000000,0.015062
686,538,130,0.008352,0.008034,37154647.000000,555759.000000,0.014958
687,539,130,0.008392,0.008018,37451700.000000,562673.000000,0.015024
688,539,130,0.008342,0.008025,37240734.000000,555979.000000,0.014929
689,540,129,0.008437,0.008030,37630361.000000,564572.000000,0.015003
690,541,129,0.008773,0.008380,38259166.000000,571240.000000,0.014931
691,542,128,0.008498,0.008093,37880545.000000,564085.000000,0.014891
692,542,128,0.008519,0.008217,37949915.000000,564643.000000,0.014879
693,543,127,0.008575,0.008175,38230085.000000,570356.000000,0.014919
694,544,127,0.008629,0.008196,38476581.000000,583951.000000,0.015177
695,545,127,0.008578,0.008210,38279046.000000,574571.000000,0.015010
696,546,126,0.008726,0.008420,38487908.000000,576527.000000,0.014979
697,547,126,0.008670,0.008296,38713478.000000,579593.000000,0.014971
698,548,125,0.008689,0.008367,38840929.000000,577915.000000,0.014879
699,549,125,0.008689,0.008366,38817075.000000,579489.000000,0.014929
700,550,125,0.008649,0.008363,38780077.000000,575243.000000,0.014833
701,551,124,0.008711,0.008431,38821528.000000,576476.000000,0.014849
702,552,124,0.008807,0.008434,39159328.000000,578869.000000,0.014782
703,552,123,0.008783,0.008420,39226622.000000,577490.000000,0.014722
704,553,123,0.008771,0.008404,39115784.000000,578774.000000,0.014796
705,554,123,0.008734,0.008420,39189615.000000,580366.000000,0.014809
706,555,122,0.008717,0.008419,39082368.000000,585595.000000,0.014984
707,556,122,0.008782,0.008409,39364649.000000,583994.000000,0.014835
708,556,122,0.008867,0.008512,39824829.000000,592774.000000,0.014885
709,557,121,0.008904,0.008524,39773831.000000,588829.000000,0.014804
710,558,121,0.008908,0.008555,39981305.000000,592707.000000,0.014825
711,558,121,0.008862,0.008520,39777188.000000,588278.000000,0.014789
712,559,120,0.008913,0.008572,39948087.000000,590843.000000,0.014790
713,560,120,0.009034,0.008658,40317252.000000,593760.000000,0.014727
714,561,120,0.009007,0.008715,40435189.000000,599928.000000,0.014837
715,562,119,0.009152,0.008793,40771744.000000,596210.000000,0.014623
716,563,119,0.009089,0.008759,40833524.000000,602690.000000,0.014760
717,564,119,0.009114,0.008793,40947203.000000,603466.000000,0.014738
718,564,118,0.009172,0.008801,41186852.000000,608663.000000,0.014778
719,565,118,0.009223,0.008880,41443535.000000,615205.000000,0.014844
720,566,118,0.009240,0.008960,41397727.000000,614327.000000,0.014840
721,567,117,0.009271,0.008887,41594020.000000,618419.000000,0.014868
722,568,117,0.009266,0.008924,41620794.000000,613124.000000,0.014731
723,569,117,0.009291,0.008949,41764423.000000,620154.000000,0.014849
724,570,116,0.009330,0.009041,41758146.000000,613708.000000,0.014697
725,571,116,0.009359,0.008985,42002090.000000,622136.000000,0.014812
726,571,116,0.009426,0.009095,42335439.000000,621535.000000,0.014681
727,571,115,0.009420,0.009105,42418120.000000,625634.000000,0.014749
728,572,115,0.009414,0.009121,42339824.000000,628293.000000,0.014839
729,573,115,0.009459,0.009117,42520486.000000,625030.000000,0.014700
730,574,114,0.009533,0.009156,42798728.000000,634171.000000,0.014818
731,575,114,0.009574,0.009200,42942588.000000,631525.000000,0.014706
732,575,113,0.009585,0.009221,43114739.000000,632237.000000,0.014664
733,576,113,0.009614,0.009286,43231204.000000,634895.000000,0.014686
734,577,113,0.009689,0.009307,43406863.000000,634021.000000,0.014606
735,578,112,0.009714,0.009370,43704493.000000,645308.000000,0.014765
736,579,112,0.009758,0.009384,43713413.000000,639660.000000,0.014633
737,580,112,0.009805,0.009447,44030625.000000,647815.000000,0.014713
738,581,111,0.009718,0.009434,43752690.000000,640396.000000,0.014637
739,582,111,0.009786,0.009426,43913708.000000,642524.000000,0.014632
740,582,111,0.009762,0.009448,43943301.000000,646051.000000,0.014702
741,582,110,0.009770,0.009468,43918487.000000,641918.000000,0.014616
742,583,110,0.009904,0.009522,44441849.000000,651375.000000,0.014657
743,583,110,0.009889,0.009500,44415650.000000,646407.000000,0.014554
744,584,109,0.010060,0.009719,44911081.000000,660360.000000,0.014704
745,585,109,0.009942,0.009613,44635898.000000,651991.000000,0.014607
746,585,109,0.009962,0.009586,44702511.000000,646704.000000,0.014467
747,585,108,0.009996,0.009617,45007806.000000,657193.000000,0.014602
748,586,108,0.009975,0.009617,44900215.000000,652883.000000,0.014541
749,586,108,0.010029,0.009668,45166941.000000,659252.000000,0.014596
750,586,108,0.009989,0.009696,45033976.000000,659735.000000,0.014650
751,587,107,0.010060,0.009736,45253429.000000,662205.000000,0.014633
752,588,107,0.010122,0.009749,45543537.000000,668747.000000,0.014684
753,588,107,0.010062,0.009778,45390534.000000,662781.000000,0.014602
754,589,106,0.010229,0.009921,45572119.000000,669226.000000,0.014685
755,589,106,0.010130,0.009831,45536577.000000,665753.000000,0.014620
756,590,106,0.010101,0.009814,45447317.000000,664486.000000,0.014621
757,591,105,0.010246,0.009849,46003797.000000,673382.000000,0.014638
758,591,105,0.010161,0.009855,45747545.000000,667011.000000,0.014580
759,592,105,0.010271,0.009881,46131079.000000,671072.000000,0.014547
760,593,105,0.010227,0.009923,46100687.000000,677633.000000,0.014699
761,593,104,0.010210,0.009925,46009598.000000,673008.000000,0.014628
762,594,104,0.010313,0.009930,46430723.000000,680779.000000,0.014662
763,594,104,0.010316,0.009949,46515335.000000,674849.000000,0.014508
764,595,104,0.010416,0.010020,46548286.000000,678101.000000,0.014568
765,596,103,0.010390,0.009991,46767419.000000,683995.000000,0.014625
766,597,103,0.010523,0.010192,47284692.000000,686161.000000,0.014511
767,598,103,0.010499,0.010122,47279390.000000,685867.000000,0.014507
768,598,102,0.010453,0.010150,47144726.000000,687645.000000,0.014586
769,599,102,0.010500,0.010158,47321297.000000,686253.000000,0.014502
770,600,102,0.010494,0.010193,47324336.000000,689830.000000,0.014577
771,601,101,0.010551,0.010187,47549499.000000,690193.000000,0.014515
772,601,101,0.010574,0.010218,47720530.000000,691607.000000,0.014493
773,602,101,0.010623,0.010232,47856204.000000,694699.000000,0.014516
774,603,101,0.011191,0.010807,48115312.000000,699124.000000,0.014530
775,604,100,0.010575,0.010241,47690406.000000,695461.000000,0.014583
776,605,100,0.010731,0.010346,48237626.000000,705984.000000,0.014636
777,606,100,0.010734,0.010409,48314815.000000,702388.000000,0.014538
778,607,99,0.010714,0.010352,48339182.000000,703019.000000,0.014543
779,607,99,0.010765,0.010362,48542001.000000,706350.000000,0.014551
780,608,99,0.010859,0.010572,48929566.000000,713073.000000,0.014573
781,608,99,0.010877,0.010566,48795560.000000,712982.000000,0.014612
782,609,98,0.010811,0.010490,48700163.000000,709231.000000,0.014563
783,610,98,0.011520,0.011050,48829879.000000,712668.000000,0.014595
784,611,98,0.011125,0.010670,49028975.000000,717974.000000,0.014644
785,612,97,0.011124,0.010609,49089676.000000,714214.000000,0.014549
786,613,97,0.011107,0.010629,49180886.000000,715462.000000,0.014548
787,614,97,0.011278,0.010706,49696313.000000,722795.000000,0.014544
788,615,97,0.011321,0.010888,49836374.000000,721087.000000,0.014469
789,616,96,0.011335,0.010806,50112208.000000,722278.000000,0.014413
790,616,96,0.011358,0.010840,50255952.000000,728292.000000,0.014492
791,617,96,0.011468,0.011048,50708714.000000,736452.000000,0.014523
792,618,95,0.011631,0.011166,50656062.000000,732185.000000,0.014454
793,619,95,0.011574,0.011022,51148878.000000,736794.000000,0.014405
794,620,95,0.011641,0.011127,51385481.000000,743625.000000,0.014472
795,621,95,0.011684,0.011117,51618251.000000,754344.000000,0.014614
796,621,94,0.011531,0.011094,51165201.000000,735604.000000,0.014377
797,622,94,0.011687,0.011185,51598467.000000,746067.000000,0.014459
798,622,94,0.011663,0.011212,51502943.000000,743425.000000,0.014435
799,623,93,0.011765,0.011279,51899911.000000,747420.000000,0.014401
800,624,93,0.011788,0.011283,51923242.000000,752492.000000,0.014492
801,624,93,0.011607,0.011171,51501396.000000,744332.000000,0.014453
802,625,93,0.011648,0.011224,51626899.000000,744570.000000,0.014422
803,625,92,0.011621,0.011183,51527168.000000,743648.000000,0.014432
804,626,92,0.011843,0.011329,51947708.000000,755369.000000,0.014541
805,627,92,0.011812,0.011305,52095758.000000,749042.000000,0.014378
806,628,92,0.011878,0.011431,52154709.000000,750599.000000,0.014392
807,629,91,0.011850,0.011314,52306500.000000,755670.000000,0.014447
808,629,91,0.011944,0.011483,52543325.000000,752992.000000,0.014331
809,630,91,0.011965,0.011447,52647610.000000,751238.000000,0.014269
810,630,90,0.011885,0.011444,52446025.000000,753250.000000,0.014362
811,631,90,0.012010,0.011426,52896055.000000,762966.000000,0.014424
812,632,90,0.012021,0.011573,53040009.000000,761759.000000,0.014362
813,632,90,0.012844,0.012314,53460584.000000,786583.000000,0.014713
814,633,89,0.012134,0.011657,53253367.000000,767420.000000,0.014411
815,633,89,0.011969,0.011503,53170824.000000,763699.000000,0.014363
816,634,89,0.012082,0.011598,53196676.000000,766736.000000,0.014413
817,635,89,0.012211,0.011688,53626246.000000,768911.000000,0.014338
818,635,88,0.012140,0.011681,53414990.000000,767805.000000,0.014374
819,635,88,0.012003,0.011564,53264011.000000,763500.000000,0.014334
820,635,88,0.011960,0.011522,53246293.000000,762160.000000,0.014314
821,635,88,0.012137,0.011683,53467005.000000,767245.000000,0.014350
822,636,87,0.012225,0.011750,53931176.000000,774181.000000,0.014355
823,637,87,0.012170,0.011644,53761368.000000,767768.000000,0.014281
824,638,87,0.012149,0.011714,53824414.000000,770729.000000,0.014319
825,639,87,0.012272,0.011831,54158563.000000,778127.000000,0.014368
826,640,86,0.012325,0.011936,54870028.000000,781160.000000,0.014237
827,641,86,0.012164,0.011803,54424186.000000,777075.000000,0.014278
828,642,86,0.012256,0.011923,54834686.000000,781766.000000,0.014257
829,643,86,0.012541,0.011972,54967464.000000,784970.000000,0.014281
830,644,86,0.012401,0.011950,54984637.000000,783286.000000,0.014246
831,645,85,0.012946,0.012408,55300723.000000,786033.000000,0.014214
832,646,85,0.012878,0.012159,55881808.000000,791316.000000,0.014161
833,647,85,0.012329,0.011958,55369240.000000,787797.000000,0.014228
834,647,85,0.012320,0.011953,55509736.000000,781322.000000,0.014075
835,648,84,0.012335,0.011940,55628773.000000,784444.000000,0.014101
836,649,84,0.012409,0.012034,56055933.000000,790048.000000,0.014094
837,650,84,0.012441,0.012055,56311554.000000,796734.000000,0.014149
838,651,84,0.012573,0.012275,56472769.000000,792990.000000,0.014042
839,651,84,0.012396,0.012099,56162429.000000,791226.000000,0.014088
840,652,83,0.012457,0.012162,56321399.000000,793231.000000,0.014084
841,653,83,0.012726,0.012308,56922783.000000,801585.000000,0.014082
842,654,83,0.012822,0.012505,57101684.000000,805567.000000,0.014108
843,654,83,0.012681,0.012290,57008116.000000,799571.000000,0.014026
844,655,83,0.012641,0.012340,56900754.000000,801206.000000,0.014081
845,655,82,0.012688,0.012368,57023023.000000,809215.000000,0.014191
846,656,82,0.012658,0.012275,57184865.000000,803507.000000,0.014051
847,656,82,0.012707,0.012316,57486315.000000,807352.000000,0.014044
848,657,82,0.012773,0.012380,57716039.000000,810778.000000,0.014048
849,658,82,0.013029,0.012628,57945409.000000,814431.000000,0.014055
850,659,82,0.012762,0.012423,57586878.000000,813352.000000,0.014124
851,660,81,0.012805,0.012473,57855319.000000,812437.000000,0.014043
852,661,81,0.012782,0.012444,57831218.000000,814091.000000,0.014077
853,662,81,0.012929,0.012550,58383918.000000,817098.000000,0.013995
854,663,81,0.013033,0.012667,58722108.000000,828927.000000,0.014116
855,663,81,0.012856,0.012493,58265236.000000,820816.000000,0.014088
856,663,81,0.012836,0.012443,58155410.000000,818142.000000,0.014068
857,664,81,0.013057,0.012664,58459725.000000,823384.000000,0.014085
858,665,80,0.013040,0.012662,58927002.000000,829072.000000,0.014069
859,666,80,0.013017,0.012603,58852461.000000,825100.000000,0.014020
860,666,80,0.013059,0.012727,59080968.000000,830428.000000,0.014056
861,666,80,0.013150,0.012812,59170857.000000,828116.000000,0.013995
862,667,80,0.013060,0.012701,59069603.000000,829463.000000,0.014042
863,668,80,0.013201,0.012777,59645013.000000,838259.000000,0.014054
864,669,80,0.013155,0.012857,59505216.000000,833485.000000,0.014007
865,670,79,0.013400,0.012991,59950277.000000,837148.000000,0.013964
866,671,79,0.013292,0.012899,59964884.000000,838109.000000,0.013977
867,672,79,0.013201,0.012845,59811878.000000,834899.000000,0.013959
868,673,79,0.013458,0.013034,60458320.000000,840520.000000,0.013902
869,674,79,0.013316,0.012991,60261953.000000,838982.000000,0.013922
870,675,79,0.013302,0.012999,60152719.000000,839473.000000,0.013956
871,676,78,0.013416,0.013086,60397708.000000,846539.000000,0.014016
872,677,78,0.013568,0.013215,60824815.000000,848399.000000,0.013948
873,678,78,0.013644,0.013299,61246972.000000,857345.000000,0.013998
874,679,78,0.013797,0.013368,61593723.000000,857038.000000,0.013914
875,680,78,0.014526,0.014047,62785237.000000,882537.000000,0.014056
876,681,78,0.013938,0.013525,62083556.000000,862829.000000,0.013898
877,681,77,0.013611,0.013287,61443369.000000,856485.000000,0.013939
878,681,77,0.013723,0.013309,61788754.000000,854497.000000,0.013829
879,682,77,0.013988,0.013569,62658527.000000,869365.000000,0.013875
880,683,77,0.013889,0.013563,62071304.000000,865488.000000,0.013943
881,684,77,0.013753,0.013353,62174564.000000,863687.000000,0.013891
882,685,77,0.014376,0.013815,62938522.000000,870967.000000,0.013838
883,686,76,0.014436,0.014016,63151703.000000,876334.000000,0.013877
884,687,76,0.014309,0.013886,63624966.000000,882516.000000,0.013871
885,688,76,0.014374,0.013804,63438368.000000,880848.000000,0.013885
886,688,76,0.014266,0.013796,63297316.000000,883227.000000,0.013954
887,689,75,0.014264,0.013779,63545022.000000,882838.000000,0.013893
888,690,75,0.014404,0.013949,63898936.000000,885165.000000,0.013853
889,691,75,0.014369,0.013872,63881611.000000,887340.000000,0.013890
890,691,75,0.014337,0.013847,63964131.000000,885700.000000,0.013847
891,692,75,0.014629,0.014280,64374766.000000,890807.000000,0.013838
892,693,75,0.014279,0.013958,63934383.000000,886181.000000,0.013861
893,694,74,0.014655,0.014244,64790068.000000,893547.000000,0.013791
894,695,74,0.014579,0.014208,64810765.000000,893907.000000,0.013793
895,696,74,0.014381,0.014020,64572716.000000,893553.000000,0.013838
896,697,74,0.014491,0.014156,64619121.000000,892774.000000,0.013816
897,697,74,0.014634,0.014273,64674897.000000,892908.000000,0.013806
898,698,73,0.014601,0.014208,65084522.000000,901265.000000,0.013848
899,698,73,0.014703,0.014166,65002439.000000,897485.000000,0.013807
900,699,73,0.014641,0.014310,64825155.000000,897016.000000,0.013837
901,700,73,0.014645,0.014182,65060155.000000,901843.000000,0.013862
902,701,73,0.014460,0.014134,64941285.000000,899111.000000,0.013845
903,702,73,0.014853,0.014280,65394095.000000,902342.000000,0.013799
904,703,72,0.014818,0.014360,65685247.000000,904896.000000,0.013776
905,704,72,0.014844,0.014261,66069091.000000,906586.000000,0.013722
906,705,72,0.014986,0.014422,66609080.000000,912207.000000,0.013695
907,706,72,0.014856,0.014283,65948376.000000,906178.000000,0.013741
908,707,72,0.014974,0.014420,66564733.000000,913690.000000,0.013726
909,707,71,0.014906,0.014358,66368572.000000,912340.000000,0.013747
910,708,71,0.014869,0.014401,66054957.000000,912974.000000,0.013821
911,709,71,0.015055,0.014477,66801701.000000,915966.000000,0.013712
912,709,71,0.014958,0.014397,66812500.000000,914579.000000,0.013689
913,710,71,0.015359,0.014942,67027613.000000,919397.000000,0.013717
914,711,70,0.015085,0.014759,67184446.000000,918968.000000,0.013678
915,712,70,0.015069,0.014693,67266050.000000,919994.000000,0.013677
916,713,70,0.015341,0.014843,67469568.000000,922926.000000,0.013679
917,714,70,0.015245,0.014763,67356971.000000,922582.000000,0.013697
918,714,70,0.015175,0.014604,67533024.000000,924868.000000,0.013695
919,714,70,0.015074,0.014602,67348505.000000,925682.000000,0.013745
920,715,69,0.015340,0.014853,67851584.000000,934636.000000,0.013775
921,716,69,0.015344,0.014818,68070845.000000,931166.000000,0.013679
922,717,69,0.015276,0.014764,68010510.000000,931448.000000,0.013696
923,718,69,0.015358,0.014790,68291286.000000,937140.000000,0.013723
924,719,69,0.015400,0.014922,68539399.000000,937048.000000,0.013672
925,720,68,0.015511,0.014958,68937269.000000,942593.000000,0.013673
926,721,68,0.015967,0.015385,69183333.000000,947712.000000,0.013699
927,721,68,0.015720,0.015136,68981908.000000,944201.000000,0.013688
928,722,68,0.015613,0.015153,69335529.000000,947929.000000,0.013672
929,723,68,0.015543,0.015091,69360418.000000,947842.000000,0.013665
930,724,68,0.015622,0.015289,69139463.000000,946251.000000,0.013686
931,725,67,0.015476,0.015028,69474977.000000,947375.000000,0.013636
932,726,67,0.015765,0.015357,70286494.000000,957864.000000,0.013628
933,726,67,0.015505,0.015174,69230989.000000,944719.000000,0.013646
934,727,67,0.015590,0.015142,69613558.000000,948007.000000,0.013618
935,728,67,0.015636,0.015222,69981975.000000,956551.000000,0.013669
936,729,67,0.015656,0.015248,70145779.000000,953859.000000,0.013598
937,729,67,0.015652,0.015236,70155508.000000,956659.000000,0.013636
938,730,66,0.015780,0.015455,70427780.000000,958326.000000,0.013607
939,731,66,0.015840,0.015416,70376112.000000,954325.000000,0.013560
940,731,66,0.015715,0.015385,70446868.000000,956938.000000,0.013584
941,732,66,0.016364,0.015987,70655124.000000,964492.000000,0.013651
942,732,66,0.015689,0.015194,70876015.000000,977071.000000,0.013786
943,732,66,0.015618,0.015249,70703798.000000,964025.000000,0.013635
944,733,66,0.015669,0.015286,70926296.000000,965056.000000,0.013606
945,734,66,0.015814,0.015431,71425093.000000,970786.000000,0.013592
946,735,65,0.015974,0.015611,71455679.000000,972319.000000,0.013607
947,735,65,0.015814,0.015357,71280316.000000,969082.000000,0.013595
948,735,65,0.016269,0.015551,71787638.000000,973485.000000,0.013561
949,736,65,0.015868,0.015410,71706774.000000,971980.000000,0.013555
950,736,65,0.015887,0.015421,71899369.000000,976662.000000,0.013584
951,736,65,0.015892,0.015519,72036728.000000,976706.000000,0.013558
952,736,65,0.015929,0.015542,71880257.000000,975121.000000,0.013566
953,736,65,0.015883,0.015529,71885236.000000,976271.000000,0.013581
954,737,65,0.016114,0.015716,72662963.000000,982713.000000,0.013524
955,738,64,0.016097,0.015630,72805002.000000,984888.000000,0.013528
956,739,64,0.016041,0.015655,72601411.000000,985706.000000,0.013577
957,740,64,0.016253,0.015768,73351322.000000,989338.000000,0.013488
958,741,64,0.016346,0.015938,73801766.000000,995188.000000,0.013485
959,742,64,0.016321,0.015864,73793312.000000,993395.000000,0.013462
960,743,64,0.016331,0.015870,73944150.000000,993684.000000,0.013438
961,744,64,0.016475,0.016030,74457045.000000,1000324.000000,0.013435
962,745,64,0.016527,0.016182,74673158.000000,1000385.000000,0.013397
963,745,64,0.016303,0.015858,74567539.000000,1001547.000000,0.013431
964,746,63,0.016342,0.015992,74756210.000000,1007416.000000,0.013476
965,746,63,0.016596,0.016117,74765103.000000,1004196.000000,0.013431
966,747,63,0.016619,0.016260,75155314.000000,1011294.000000,0.013456
967,747,63,0.017281,0.016808,75202703.000000,1015205.000000,0.013500
968,748,63,0.016629,0.016160,75036556.000000,1012940.000000,0.013499
969,749,63,0.017134,0.016559,75705397.000000,1018445.000000,0.013453
970,749,63,0.016942,0.016355,75704527.000000,1019679.000000,0.013469
971,749,62,0.016792,0.016326,75360108.000000,1016446.000000,0.013488
972,749,62,0.016830,0.016370,75352900.000000,1013542.000000,0.013451
973,749,62,0.016785,0.016327,75348466.000000,1016640.000000,0.013493
974,750,62,0.017710,0.017157,76176500.000000,1024349.000000,0.013447
975,751,62,0.016929,0.016374,75988047.000000,1022014.000000,0.013450
976,752,62,0.017130,0.016636,76354966.000000,1024680.000000,0.013420
977,753,62,0.017383,0.016817,76818665.000000,1030592.000000,0.013416
978,753,62,0.017060,0.016540,76549339.000000,1026526.000000,0.013410
979,754,61,0.017213,0.016625,77035219.000000,1029465.000000,0.013364
980,755,61,0.017229,0.016641,77155667.000000,1030309.000000,0.013354
981,756,61,0.017351,0.016765,77744272.000000,1038137.000000,0.013353
982,757,61,0.017430,0.016836,77837381.000000,1039425.000000,0.013354
983,758,61,0.017530,0.016970,78410845.000000,1045496.000000,0.013334
984,759,61,0.017471,0.017003,78319028.000000,1045148.000000,0.013345
985,759,61,0.017396,0.016933,78152575.000000,1042166.000000,0.013335
986,759,61,0.017449,0.016951,78300538.000000,1041063.000000,0.013296
987,759,60,0.017576,0.017087,78586349.000000,1047570.000000,0.013330
988,760,60,0.017747,0.017262,78726871.000000,1052526.000000,0.013369
989,760,60,0.017382,0.016885,78157388.000000,1040924.000000,0.013318
990,761,60,0.017659,0.017117,79064955.000000,1048978.000000,0.013267
991,762,60,0.017551,0.017141,78770202.000000,1046072.000000,0.013280
992,763,60,0.017897,0.017375,79226697.000000,1052790.000000,0.013288
993,764,60,0.017641,0.017104,79004427.000000,1049248.000000,0.013281
994,765,60,0.017946,0.017415,79968003.000000,1058948.000000,0.013242
995,766,59,0.017796,0.017287,79909896.000000,1056403.000000,0.013220
