frame,nb of entities,FPS,frame length,physics length,L1-dcache-loads,L1-dcache-load-misses,L1-dcache-load-miss-ratio
0,3,302,0.002001,0.000030,462694.000000,32577.000000,0.070407
1,4,302,0.003323,0.000028,588330.000000,35311.000000,0.060019
2,5,302,0.003322,0.000039,563280.000000,35049.000000,0.062223
3,6,302,0.003322,0.000035,576927.000000,34862.000000,0.060427
4,7,302,0.003320,0.000035,581909.000000,34694.000000,0.059621
5,8,302,0.003325,0.000032,543805.000000,31542.000000,0.058002
6,9,302,0.003328,0.000034,578999.000000,35081.000000,0.060589
7,10,302,0.003321,0.000035,589050.000000,35577.000000,0.060397
8,11,302,0.003322,0.000037,589450.000000,35789.000000,0.060716
9,12,302,0.003328,0.000036,596043.000000,35447.000000,0.059471
10,12,302,0.003319,0.000032,576620.000000,31252.000000,0.054199
11,13,302,0.003324,0.000035,637929.000000,36342.000000,0.056969
12,14,302,0.003328,0.000037,633933.000000,35617.000000,0.056184
13,15,302,0.003321,0.000037,634712.000000,35850.000000,0.056482
14,16,302,0.003322,0.000043,619542.000000,36241.000000,0.058496
15,17,302,0.003325,0.000043,598092.000000,31940.000000,0.053403
16,18,302,0.003322,0.000040,617990.000000,35203.000000,0.056964
17,18,302,0.003324,0.000038,616486.000000,35824.000000,0.058110
18,19,302,0.003327,0.000041,632649.000000,35536.000000,0.056170
19,20,302,0.003321,0.000041,647018.000000,36093.000000,0.055784
20,21,302,0.003324,0.000042,589494.000000,32427.000000,0.055008
21,22,302,0.003327,0.000047,685106.000000,37099.000000,0.054151
22,23,302,0.003320,0.000044,644067.000000,36053.000000,0.055977
23,24,302,0.003324,0.000049,640046.000000,36002.000000,0.056249
24,25,302,0.003329,0.000049,651011.000000,35757.000000,0.054925
25,25,302,0.003326,0.000044,571523.000000,32082.000000,0.056134
26,26,302,0.003314,0.000084,647286.000000,40465.000000,0.062515
27,26,302,0.003322,0.000044,642796.000000,35999.000000,0.056004
28,27,302,0.003323,0.000077,647725.000000,40949.000000,0.063220
29,28,302,0.003322,0.000051,662083.000000,37772.000000,0.057050
30,29,302,0.003326,0.000052,632512.000000,32546.000000,0.051455
31,30,302,0.003324,0.000055,674537.000000,36575.000000,0.054222
32,31,302,0.003321,0.000050,657699.000000,36710.000000,0.055816
33,32,302,0.003323,0.000055,686399.000000,36666.000000,0.053418
34,33,302,0.003324,0.000058,665961.000000,36549.000000,0.054882
35,34,302,0.003321,0.000059,656541.000000,33362.000000,0.050815
36,35,302,0.003328,0.000054,702919.000000,37361.000000,0.053151
37,36,302,0.003322,0.000062,711119.000000,37951.000000,0.053368
38,37,302,0.003323,0.000063,700985.000000,37512.000000,0.053513
39,37,302,0.003326,0.000050,697216.000000,36722.000000,0.052669
40,38,302,0.003323,0.000064,670307.000000,33433.000000,0.049877
41,39,302,0.003325,0.000057,708083.000000,37796.000000,0.053378
42,40,302,0.003326,0.000066,700771.000000,37619.000000,0.053682
43,41,302,0.003318,0.000072,707191.000000,37600.000000,0.053168
44,42,302,0.003326,0.000068,693047.000000,37769.000000,0.054497
45,43,302,0.003327,0.000075,687762.000000,34865.000000,0.050693
46,44,302,0.003318,0.000074,709858.000000,38027.000000,0.053570
47,45,302,0.003323,0.000078,730290.000000,38935.000000,0.053314
48,45,302,0.003328,0.000101,782727.000000,42584.000000,0.054405
49,46,302,0.003320,0.000093,759686.000000,40672.000000,0.053538
50,47,302,0.003325,0.000086,723479.000000,37349.000000,0.051624
51,48,302,0.003332,0.000080,764082.000000,40504.000000,0.053010
52,49,302,0.003315,0.000094,793053.000000,40467.000000,0.051027
53,49,302,0.003324,0.000079,785690.000000,41148.000000,0.052372
54,49,302,0.003327,0.000078,754274.000000,39993.000000,0.053022
55,50,302,0.003319,0.000096,746406.000000,36816.000000,0.049324
56,51,302,0.003324,0.000088,792365.000000,41507.000000,0.052384
57,52,302,0.003326,0.000092,825620.000000,42104.000000,0.050997
58,53,302,0.003317,0.000109,825064.000000,41748.000000,0.050600
59,54,302,0.003327,0.000087,813740.000000,42485.000000,0.052210
60,54,300,0.003325,0.000098,783041.000000,37286.000000,0.047617
61,55,300,0.003316,0.000139,881835.000000,48603.000000,0.055116
62,55,300,0.003343,0.000092,813750.000000,46022.000000,0.056555
63,56,300,0.003317,0.000133,929071.000000,56094.000000,0.060376
64,57,300,0.003314,0.000155,882945.000000,51380.000000,0.058192
65,58,300,0.003322,0.000094,809477.000000,39784.000000,0.049148
66,59,300,0.003329,0.000096,860338.000000,42925.000000,0.049893
67,59,300,0.003318,0.000107,859337.000000,41901.000000,0.048760
68,60,300,0.003325,0.000094,844890.000000,43040.000000,0.050942
69,60,300,0.003324,0.000109,875447.000000,42797.000000,0.048886
70,60,300,0.003323,0.000088,838386.000000,38451.000000,0.045863
71,60,300,0.003331,0.000120,864674.000000,46973.000000,0.054325
72,60,300,0.003319,0.000092,873792.000000,42213.000000,0.048310
73,61,300,0.003316,0.000157,914068.000000,57527.000000,0.062935
74,61,300,0.003324,0.000101,868664.000000,43963.000000,0.050610
75,62,300,0.003327,0.000130,865360.000000,39834.000000,0.046032
76,63,300,0.003318,0.000116,866549.000000,45569.000000,0.052587
77,64,300,0.003328,0.000132,934620.000000,49832.000000,0.053318
78,64,300,0.003318,0.000174,939317.000000,47452.000000,0.050518
79,65,300,0.003324,0.000106,918590.000000,43590.000000,0.047453
80,66,300,0.003319,0.000135,903475.000000,40766.000000,0.045121
81,67,300,0.003327,0.000110,960159.000000,44156.000000,0.045988
82,68,300,0.003317,0.000190,991729.000000,53760.000000,0.054208
83,69,300,0.003330,0.000118,937734.000000,44932.000000,0.047916
84,70,300,0.003314,0.000256,984853.000000,54233.000000,0.055067
85,70,300,0.003321,0.000120,1002980.000000,44898.000000,0.044765
86,71,300,0.003324,0.000143,941635.000000,44342.000000,0.047090
87,72,300,0.003323,0.000145,969567.000000,43930.000000,0.045309
88,73,300,0.003316,0.000149,967755.000000,44450.000000,0.045931
89,74,300,0.003324,0.000146,932392.000000,40046.000000,0.042950
90,75,300,0.003327,0.000186,962925.000000,44313.000000,0.046019
91,75,300,0.003364,0.000178,947880.000000,45281.000000,0.047771
92,76,300,0.003248,0.000182,977601.000000,46369.000000,0.047431
93,77,300,0.003325,0.000157,983226.000000,44456.000000,0.045214
94,78,300,0.003321,0.000162,950242.000000,40667.000000,0.042796
95,79,300,0.003325,0.000167,996977.000000,45434.000000,0.045572
96,80,300,0.003326,0.000169,1010461.000000,44318.000000,0.043859
97,81,300,0.003320,0.000168,1017112.000000,45354.000000,0.044591
98,81,300,0.003324,0.000164,1004743.000000,44866.000000,0.044654
99,82,300,0.003327,0.000170,990046.000000,41651.000000,0.042070
100,83,300,0.003323,0.000173,1056302.000000,45176.000000,0.042768
101,83,300,0.003325,0.000146,1090215.000000,46896.000000,0.043015
102,84,300,0.003323,0.000187,1092070.000000,46608.000000,0.042679
103,85,300,0.003320,0.000183,1079873.000000,46135.000000,0.042723
104,85,300,0.003321,0.000191,1031077.000000,42289.000000,0.041014
105,86,300,0.003324,0.000188,1140333.000000,47281.000000,0.041462
106,87,300,0.003324,0.000160,1124349.000000,47348.000000,0.042111
107,88,300,0.003322,0.000238,1147407.000000,50346.000000,0.043878
108,89,300,0.003328,0.000208,1145223.000000,47792.000000,0.041732
109,90,300,0.003318,0.000209,1142677.000000,44309.000000,0.038776
110,91,300,0.003318,0.000294,1251026.000000,62606.000000,0.050044
111,92,300,0.003331,0.000172,1226005.000000,48750.000000,0.039763
112,93,300,0.003319,0.000291,1283458.000000,58435.000000,0.045529
113,94,300,0.003324,0.000296,1286451.000000,59821.000000,0.046501
114,95,300,0.003326,0.000294,1268907.000000,55119.000000,0.043438
115,96,300,0.003319,0.000295,1333542.000000,60021.000000,0.045009
116,97,300,0.003321,0.000315,1338555.000000,60353.000000,0.045088
117,97,300,0.003328,0.000307,1330465.000000,59672.000000,0.044850
118,98,300,0.003318,0.000310,1337797.000000,59953.000000,0.044815
119,98,300,0.003322,0.000307,1293107.000000,58808.000000,0.045478
120,99,300,0.003330,0.000193,1318251.000000,49808.000000,0.037783
121,100,300,0.003320,0.000318,1382820.000000,65832.000000,0.047607
122,101,301,0.003321,0.000245,1419641.000000,53835.000000,0.037922
123,102,301,0.003323,0.000326,1475742.000000,64162.000000,0.043478
124,102,300,0.003327,0.000213,1359987.000000,47816.000000,0.035159
125,103,301,0.003314,0.000302,1466184.000000,59021.000000,0.040255
126,103,300,0.003335,0.000222,1453140.000000,52678.000000,0.036251
127,104,301,0.003310,0.000473,1570811.000000,70841.000000,0.045098
128,104,301,0.003321,0.000327,1519767.000000,62258.000000,0.040965
129,105,301,0.003321,0.000301,1526599.000000,50157.000000,0.032855
130,106,301,0.003327,0.000342,1586869.000000,55630.000000,0.035056
131,107,301,0.003320,0.000303,1644528.000000,58982.000000,0.035866
132,108,301,0.003324,0.000444,1746496.000000,76465.000000,0.043782
133,109,301,0.003318,0.000440,1764051.000000,78456.000000,0.044475
134,109,301,0.003320,0.000423,1712734.000000,67697.000000,0.039526
135,110,301,0.003329,0.000355,1701201.000000,56185.000000,0.033027
136,111,301,0.003318,0.000363,1708302.000000,57335.000000,0.033563
137,112,301,0.003326,0.000339,1715593.000000,59104.000000,0.034451
138,112,301,0.003324,0.000330,1759643.000000,56481.000000,0.032098
139,113,301,0.003317,0.000379,1759268.000000,53455.000000,0.030385
140,114,301,0.003325,0.000361,1804230.000000,61092.000000,0.033860
141,115,301,0.003328,0.000346,1803034.000000,57688.000000,0.031995
142,116,301,0.003318,0.000389,1819936.000000,58129.000000,0.031940
143,117,301,0.003324,0.000367,1855459.000000,61197.000000,0.032982
144,118,300,0.003329,0.000357,1800601.000000,54372.000000,0.030197
145,119,300,0.003322,0.000357,1887614.000000,59696.000000,0.031625
146,120,300,0.003320,0.000388,1900668.000000,61564.000000,0.032391
147,121,300,0.003329,0.000369,1896451.000000,59139.000000,0.031184
148,122,300,0.003318,0.000420,1912808.000000,59545.000000,0.031130
149,123,300,0.003327,0.000397,1926185.000000,59073.000000,0.030668
150,124,300,0.003328,0.000402,1998648.000000,60870.000000,0.030456
151,125,301,0.003321,0.000513,2016545.000000,63437.000000,0.031458
152,125,300,0.003320,0.000433,1994446.000000,61516.000000,0.030844
153,126,300,0.003328,0.000449,2050109.000000,61489.000000,0.029993
154,127,300,0.003318,0.000460,2020262.000000,58284.000000,0.028850
155,128,300,0.003330,0.000453,2096160.000000,64117.000000,0.030588
156,129,300,0.003316,0.000659,2187885.000000,95705.000000,0.043743
157,130,300,0.003320,0.000397,2186045.000000,64544.000000,0.029525
158,131,300,0.003322,0.000462,2154061.000000,63954.000000,0.029690
159,132,300,0.003327,0.000472,2142148.000000,60405.000000,0.028198
160,132,300,0.003323,0.000636,2275214.000000,85905.000000,0.037757
161,133,300,0.003323,0.000516,2288825.000000,76959.000000,0.033624
162,133,300,0.003330,0.000496,2207121.000000,64496.000000,0.029222
163,134,300,0.003319,0.000527,2259974.000000,66614.000000,0.029476
164,134,300,0.003320,0.000728,2351033.000000,92541.000000,0.039362
165,135,300,0.003319,0.000727,2440142.000000,99780.000000,0.040891
166,136,300,0.003322,0.000753,2496363.000000,99151.000000,0.039718
167,136,300,0.003322,0.000530,2379056.000000,67643.000000,0.028433
168,137,300,0.003326,0.000549,2381658.000000,66816.000000,0.028054
169,138,300,0.003319,0.000558,2373317.000000,63955.000000,0.026948
170,138,300,0.003323,0.000525,2396408.000000,67048.000000,0.027979
171,139,300,0.003328,0.000498,2421907.000000,67138.000000,0.027721
172,140,300,0.003320,0.000573,2432746.000000,68208.000000,0.028037
173,141,300,0.003328,0.000596,2515750.000000,74237.000000,0.029509
174,142,300,0.003322,0.000483,2479619.000000,65432.000000,0.026388
175,143,300,0.003322,0.000537,2547872.000000,70119.000000,0.027521
176,144,300,0.003325,0.000540,2548950.000000,70546.000000,0.027676
177,144,300,0.003327,0.000528,2528409.000000,68453.000000,0.027074
178,144,300,0.003322,0.000536,2530080.000000,69620.000000,0.027517
179,145,300,0.003325,0.000542,2540673.000000,66793.000000,0.026289
180,146,300,0.003328,0.000542,2620159.000000,70542.000000,0.026923
181,146,300,0.003323,0.000552,2588782.000000,70926.000000,0.027397
182,147,300,0.003325,0.000556,2598055.000000,71286.000000,0.027438
183,147,300,0.003329,0.000541,2579353.000000,69370.000000,0.026894
184,148,300,0.003320,0.000560,2631025.000000,67921.000000,0.025815
185,149,300,0.003324,0.000566,2667093.000000,71557.000000,0.026830
186,150,300,0.003327,0.000569,2713316.000000,72139.000000,0.026587
187,151,300,0.003323,0.000582,2762822.000000,72939.000000,0.026400
188,152,300,0.003324,0.000607,2868489.000000,74120.000000,0.025839
189,153,300,0.003329,0.000612,2851022.000000,70528.000000,0.024738
190,154,300,0.003324,0.000629,2888549.000000,75152.000000,0.026017
191,155,300,0.003324,0.000664,2984022.000000,80368.000000,0.026933
192,155,300,0.003325,0.000916,3143982.000000,99346.000000,0.031599
193,156,300,0.003315,0.000990,3240550.000000,118949.000000,0.036706
194,157,300,0.003320,0.001020,3218346.000000,113437.000000,0.035247
195,157,300,0.003330,0.000581,3031676.000000,75949.000000,0.025052
196,158,300,0.003315,0.000704,3177438.000000,85374.000000,0.026869
197,159,300,0.003322,0.000743,3148996.000000,79907.000000,0.025375
198,160,300,0.003326,0.000693,3115130.000000,80437.000000,0.025821
199,161,300,0.003323,0.000753,3096126.000000,75571.000000,0.024408
200,162,300,0.003322,0.000761,3177191.000000,80180.000000,0.025236
201,163,300,0.003328,0.000672,3213257.000000,79242.000000,0.024661
202,164,300,0.003317,0.000782,3241288.000000,79608.000000,0.024561
203,164,300,0.003324,0.000779,3220954.000000,80490.000000,0.024989
204,164,300,0.003325,0.000682,3177694.000000,74707.000000,0.023510
205,165,300,0.003324,0.000834,3302489.000000,81712.000000,0.024743
206,166,300,0.003326,0.000818,3351995.000000,83182.000000,0.024816
207,167,300,0.003324,0.001177,3607527.000000,126243.000000,0.034994
208,167,300,0.003317,0.001200,3700251.000000,127875.000000,0.034558
209,167,300,0.003320,0.001190,3693382.000000,118494.000000,0.032083
210,167,300,0.003325,0.001191,3636858.000000,125219.000000,0.034431
211,168,300,0.003317,0.001204,3733346.000000,126760.000000,0.033953
212,169,300,0.003403,0.001252,3809206.000000,127684.000000,0.033520
213,170,300,0.003238,0.000783,3566150.000000,87713.000000,0.024596
214,171,300,0.003321,0.000870,3480394.000000,80236.000000,0.023054
215,171,300,0.003322,0.001135,3810782.000000,119905.000000,0.031465
216,172,300,0.003327,0.000894,3639527.000000,97707.000000,0.026846
217,173,300,0.003315,0.000768,3598258.000000,89281.000000,0.024812
218,174,300,0.003322,0.000850,3583627.000000,84615.000000,0.023612
219,175,300,0.003326,0.000778,3529264.000000,80619.000000,0.022843
220,176,300,0.003323,0.000882,3548035.000000,84922.000000,0.023935
221,177,300,0.003321,0.001032,3696880.000000,95122.000000,0.025730
222,178,300,0.003324,0.000778,3609161.000000,84724.000000,0.023475
223,179,300,0.003317,0.000895,3649368.000000,85094.000000,0.023317
224,180,300,0.003323,0.000899,3623861.000000,82769.000000,0.022840
225,181,300,0.003328,0.000810,3724355.000000,87487.000000,0.023491
226,182,300,0.003319,0.000930,3713428.000000,87300.000000,0.023509
227,183,300,0.003323,0.000911,3777680.000000,88798.000000,0.023506
228,184,300,0.003329,0.000855,3862215.000000,90877.000000,0.023530
229,185,300,0.003318,0.000983,3870314.000000,86085.000000,0.022242
230,186,300,0.003324,0.000963,3941297.000000,90154.000000,0.022874
231,187,300,0.003329,0.000887,3989726.000000,90267.000000,0.022625
232,187,300,0.003318,0.001020,4114617.000000,91878.000000,0.022330
233,188,300,0.003324,0.001007,4186228.000000,93293.000000,0.022286
234,189,300,0.003328,0.000955,4238130.000000,91372.000000,0.021560
235,190,300,0.003318,0.001072,4305517.000000,95207.000000,0.022113
236,191,300,0.003324,0.001066,4427394.000000,98067.000000,0.022150
237,192,300,0.003326,0.001052,4344658.000000,95895.000000,0.022072
238,193,300,0.003322,0.001068,4432414.000000,97170.000000,0.021923
239,194,300,0.003323,0.001094,4432262.000000,94641.000000,0.021353
240,195,300,0.003325,0.001008,4454375.000000,97963.000000,0.021993
241,195,300,0.003322,0.001076,4422624.000000,97712.000000,0.022094
242,196,300,0.003322,0.001103,4452045.000000,99277.000000,0.022299
243,197,300,0.003326,0.001012,4484658.000000,98628.000000,0.021992
244,198,300,0.003322,0.001091,4495570.000000,95749.000000,0.021299
245,199,300,0.003324,0.001127,4631102.000000,102043.000000,0.022034
246,200,300,0.003326,0.001179,4706103.000000,109482.000000,0.023264
247,201,300,0.003322,0.001131,4709595.000000,102530.000000,0.021770
248,202,300,0.003323,0.001191,4880856.000000,106273.000000,0.021773
249,203,300,0.003326,0.001105,4884457.000000,102092.000000,0.020901
250,204,300,0.003317,0.001033,4844365.000000,104066.000000,0.021482
251,204,300,0.003326,0.001328,4877176.000000,110783.000000,0.022715
252,205,300,0.003336,0.001111,4901626.000000,105648.000000,0.021554
253,206,300,0.003328,0.001823,5373368.000000,162459.000000,0.030234
254,207,300,0.003333,0.001820,5321855.000000,155650.000000,0.029247
255,208,300,0.003339,0.001819,5440332.000000,159513.000000,0.029320
256,208,300,0.003315,0.001207,5182194.000000,116733.000000,0.022526
257,209,300,0.003323,0.001262,5209278.000000,112152.000000,0.021529
258,209,300,0.003328,0.001175,5182073.000000,109998.000000,0.021227
259,210,300,0.003316,0.001124,5237648.000000,108792.000000,0.020771
260,211,300,0.003327,0.001281,5236323.000000,111283.000000,0.021252
261,212,300,0.003328,0.001202,5283637.000000,112472.000000,0.021287
262,213,300,0.003317,0.001149,5299741.000000,112893.000000,0.021302
263,213,300,0.003328,0.001293,5268728.000000,113551.000000,0.021552
264,214,300,0.003328,0.001228,5256931.000000,110188.000000,0.020961
265,214,300,0.003317,0.001146,5289804.000000,113292.000000,0.021417
266,215,300,0.003327,0.001303,5287450.000000,114409.000000,0.021638
267,216,300,0.003329,0.001225,5332755.000000,114898.000000,0.021546
268,217,300,0.003317,0.001171,5392835.000000,114184.000000,0.021173
269,217,300,0.003327,0.001333,5346823.000000,111185.000000,0.020795
270,217,300,0.003329,0.001242,5445971.000000,114103.000000,0.020952
271,217,300,0.003317,0.001183,5428988.000000,113856.000000,0.020972
272,218,300,0.003331,0.001342,5432418.000000,114981.000000,0.021166
273,219,300,0.003323,0.001341,5525960.000000,116436.000000,0.021071
274,219,300,0.003316,0.001204,5491268.000000,113170.000000,0.020609
275,220,300,0.003327,0.001369,5593571.000000,119624.000000,0.021386
276,220,300,0.003328,0.001299,5586444.000000,117627.000000,0.021056
277,221,300,0.003317,0.001234,5661721.000000,119598.000000,0.021124
278,222,300,0.003327,0.001394,5707260.000000,120981.000000,0.021198
279,222,300,0.003328,0.001340,5762844.000000,117804.000000,0.020442
280,223,300,0.003317,0.001275,5849115.000000,122763.000000,0.020988
281,223,300,0.003327,0.001508,5863669.000000,126574.000000,0.021586
282,224,300,0.003327,0.001349,5819197.000000,120783.000000,0.020756
283,225,300,0.003319,0.001281,5920442.000000,122899.000000,0.020758
284,226,300,0.003326,0.001451,5937895.000000,120863.000000,0.020355
285,227,300,0.003327,0.001370,5959456.000000,124179.000000,0.020837
286,227,300,0.003317,0.001321,6091493.000000,125509.000000,0.020604
287,228,300,0.003327,0.001477,6126935.000000,126221.000000,0.020601
288,229,300,0.003324,0.001419,6104153.000000,126145.000000,0.020665
289,230,300,0.003322,0.001273,6376465.000000,141709.000000,0.022224
290,231,300,0.003327,0.001497,6249710.000000,128661.000000,0.020587
291,231,300,0.003325,0.001448,6220948.000000,128995.000000,0.020736
292,232,300,0.003320,0.001297,6303860.000000,129808.000000,0.020592
293,233,300,0.003327,0.001512,6337926.000000,130394.000000,0.020574
294,233,300,0.003323,0.001478,6387835.000000,127162.000000,0.019907
295,234,300,0.003325,0.001340,6491598.000000,131272.000000,0.020222
296,234,300,0.003326,0.001560,6490877.000000,132581.000000,0.020426
297,234,300,0.003320,0.001513,6495836.000000,134053.000000,0.020637
298,235,300,0.003324,0.001361,6519912.000000,133552.000000,0.020484
299,235,300,0.003327,0.001564,6527003.000000,130283.000000,0.019961
300,235,300,0.003321,0.001529,6623243.000000,134591.000000,0.020321
301,236,300,0.003324,0.001360,6573088.000000,133086.000000,0.020247
302,237,300,0.003327,0.001583,6632658.000000,134180.000000,0.020230
303,238,300,0.003322,0.001564,6743450.000000,136295.000000,0.020211
304,238,300,0.003324,0.001418,6834346.000000,133783.000000,0.019575
305,239,300,0.003327,0.001604,6707825.000000,136707.000000,0.020380
306,240,300,0.003321,0.001581,6795474.000000,137473.000000,0.020230
307,241,300,0.003325,0.001421,6845756.000000,137748.000000,0.020122
308,242,300,0.003329,0.001779,7050862.000000,144207.000000,0.020452
309,243,300,0.003321,0.001685,7056670.000000,139749.000000,0.019804
310,244,300,0.003324,0.001494,7110505.000000,142853.000000,0.020090
311,244,300,0.003330,0.001840,7270545.000000,149970.000000,0.020627
312,245,300,0.003323,0.001544,7349780.000000,149757.000000,0.020376
313,246,300,0.003325,0.001506,7205864.000000,145084.000000,0.020134
314,247,300,0.003325,0.001723,7191233.000000,142646.000000,0.019836
315,248,300,0.003325,0.001738,7316758.000000,148542.000000,0.020302
316,249,300,0.003325,0.001547,7413202.000000,147362.000000,0.019878
317,250,300,0.003325,0.001543,7432575.000000,148675.000000,0.020003
318,251,300,0.003326,0.001801,7497462.000000,152501.000000,0.020340
319,252,300,0.003325,0.001570,7523698.000000,147116.000000,0.019554
320,253,300,0.003325,0.001597,7638014.000000,152601.000000,0.019979
321,254,300,0.003330,0.001866,7778889.000000,159104.000000,0.020453
322,255,300,0.003325,0.001628,7803962.000000,154846.000000,0.019842
323,256,300,0.003325,0.001638,7849175.000000,156661.000000,0.019959
324,257,300,0.003331,0.001910,7924289.000000,158142.000000,0.019957
325,257,300,0.003325,0.001679,8049260.000000,161047.000000,0.020008
326,258,300,0.003325,0.001656,7932228.000000,158994.000000,0.020044
327,259,300,0.003334,0.001938,8095562.000000,165012.000000,0.020383
328,260,300,0.003325,0.001699,8036207.000000,162833.000000,0.020262
329,261,300,0.003325,0.001694,8061254.000000,159120.000000,0.019739
330,262,300,0.003335,0.001984,8311271.000000,169856.000000,0.020437
331,262,300,0.003325,0.001762,8416485.000000,170108.000000,0.020211
332,263,300,0.003325,0.001757,8347939.000000,169071.000000,0.020253
333,264,300,0.003335,0.002009,8373007.000000,169770.000000,0.020276
334,265,300,0.003325,0.001784,8434729.000000,165981.000000,0.019678
335,266,300,0.003325,0.001793,8527341.000000,171334.000000,0.020092
336,267,300,0.003337,0.002050,8524832.000000,173255.000000,0.020324
337,268,300,0.003325,0.001804,8592641.000000,172014.000000,0.020019
338,268,300,0.003326,0.001840,8729998.000000,174208.000000,0.019955
339,269,300,0.003338,0.002067,8795788.000000,174188.000000,0.019804
340,270,300,0.003327,0.001861,8804987.000000,175981.000000,0.019987
341,271,300,0.003338,0.001980,9037917.000000,185702.000000,0.020547
342,272,300,0.003335,0.002055,9192927.000000,185068.000000,0.020132
343,273,300,0.003330,0.001894,9029416.000000,179285.000000,0.019856
344,274,300,0.003329,0.001909,8994734.000000,177150.000000,0.019695
345,274,300,0.003340,0.002129,9149861.000000,181581.000000,0.019845
346,275,300,0.003329,0.001937,9126490.000000,182689.000000,0.020017
347,276,300,0.003332,0.001926,9215343.000000,184288.000000,0.019998
348,277,300,0.003343,0.002154,9292414.000000,184904.000000,0.019898
349,278,300,0.003332,0.001963,9347263.000000,181381.000000,0.019405
350,279,300,0.003336,0.002014,9595588.000000,189656.000000,0.019765
351,280,300,0.003344,0.002196,9524100.000000,188419.000000,0.019783
352,280,300,0.003338,0.002039,9614140.000000,189277.000000,0.019687
353,280,300,0.003335,0.002032,9637194.000000,189479.000000,0.019661
354,281,300,0.003347,0.002254,9762128.000000,187688.000000,0.019226
355,282,300,0.003326,0.002071,9906960.000000,193208.000000,0.019502
356,283,300,0.003340,0.002118,10071674.000000,195090.000000,0.019370
357,284,300,0.003340,0.002120,10049982.000000,195174.000000,0.019420
358,285,300,0.003341,0.002118,10107793.000000,195814.000000,0.019373
359,286,300,0.003351,0.002337,10074304.000000,192348.000000,0.019093
360,286,300,0.003343,0.002179,10154153.000000,198071.000000,0.019506
361,287,300,0.003343,0.002169,10242196.000000,199469.000000,0.019475
362,288,300,0.003351,0.002360,10173720.000000,197431.000000,0.019406
363,289,300,0.003343,0.002169,10303913.000000,200895.000000,0.019497
364,290,300,0.003343,0.002186,10345725.000000,198021.000000,0.019140
365,291,300,0.003354,0.002401,10438931.000000,203380.000000,0.019483
366,291,300,0.003344,0.002190,10448312.000000,202649.000000,0.019395
367,292,300,0.003346,0.002226,10590738.000000,207126.000000,0.019557
368,292,300,0.003346,0.002238,10625000.000000,205978.000000,0.019386
369,293,299,0.003347,0.002261,10666470.000000,203734.000000,0.019100
370,294,299,0.003343,0.002260,10769619.000000,208047.000000,0.019318
371,294,299,0.003355,0.002406,10868791.000000,210612.000000,0.019378
372,295,299,0.003328,0.002301,10835191.000000,210688.000000,0.019445
373,295,299,0.003345,0.002287,10776560.000000,210627.000000,0.019545
374,296,299,0.003348,0.002301,10760091.000000,208934.000000,0.019417
375,297,299,0.003351,0.002296,10933183.000000,212591.000000,0.019445
376,298,299,0.003349,0.002331,11066833.000000,214943.000000,0.019422
377,299,299,0.003351,0.002313,10980775.000000,213589.000000,0.019451
378,300,299,0.003353,0.002333,10950847.000000,214099.000000,0.019551
379,300,299,0.003355,0.002325,10908651.000000,210772.000000,0.019322
380,301,299,0.003346,0.002378,11132504.000000,217188.000000,0.019509
381,302,299,0.003356,0.002372,11205979.000000,219240.000000,0.019565
382,302,299,0.003354,0.002379,11269914.000000,219794.000000,0.019503
383,303,299,0.003361,0.002428,11517306.000000,229291.000000,0.019908
384,304,299,0.003362,0.002512,11430457.000000,215287.000000,0.018835
385,305,299,0.003354,0.002489,11500681.000000,214522.000000,0.018653
386,306,299,0.003355,0.002444,11452328.000000,214563.000000,0.018735
387,307,299,0.003365,0.002431,11582110.000000,216046.000000,0.018653
388,308,299,0.003359,0.002483,11560018.000000,217891.000000,0.018849
389,309,299,0.003362,0.002593,11628543.000000,213390.000000,0.018351
390,309,299,0.003359,0.002480,11803846.000000,218325.000000,0.018496
391,310,299,0.003359,0.002484,11679063.000000,217446.000000,0.018618
392,311,299,0.003358,0.002487,11714079.000000,218990.000000,0.018695
393,311,299,0.003361,0.002499,11907461.000000,221409.000000,0.018594
394,312,298,0.003361,0.002531,11915330.000000,218552.000000,0.018342
395,313,298,0.003362,0.002537,12059216.000000,223732.000000,0.018553
396,314,298,0.003365,0.002578,12237118.000000,225933.000000,0.018463
397,315,298,0.003365,0.002622,12307714.000000,226517.000000,0.018404
398,315,298,0.003366,0.002651,12432810.000000,230329.000000,0.018526
399,316,298,0.003369,0.002653,12571774.000000,228353.000000,0.018164
400,317,298,0.003379,0.002680,12655660.000000,233338.000000,0.018437
401,317,298,0.003361,0.002702,12664844.000000,231193.000000,0.018255
402,318,298,0.003370,0.002721,12700328.000000,232657.000000,0.018319
403,319,298,0.003371,0.002706,12820222.000000,233423.000000,0.018207
404,320,298,0.003369,0.002729,12727331.000000,230362.000000,0.018100
405,321,298,0.003372,0.002725,12879510.000000,236291.000000,0.018346
406,322,298,0.003371,0.002746,12848943.000000,236340.000000,0.018394
407,323,298,0.003371,0.002745,12954081.000000,238696.000000,0.018426
408,323,298,0.003373,0.002747,13039015.000000,237593.000000,0.018222
409,324,298,0.003373,0.002779,13078462.000000,234747.000000,0.017949
410,325,298,0.003373,0.002798,13091668.000000,238717.000000,0.018234
411,326,298,0.003374,0.002787,13185734.000000,238796.000000,0.018110
412,327,297,0.003374,0.002813,13169441.000000,238795.000000,0.018133
413,327,297,0.003377,0.002819,13160184.000000,239229.000000,0.018178
414,328,297,0.003374,0.002816,13273300.000000,237731.000000,0.017910
415,328,297,0.003368,0.002827,13333092.000000,240658.000000,0.018050
416,328,297,0.003379,0.002844,13447928.000000,243261.000000,0.018089
417,328,297,0.003374,0.002829,13252362.000000,241619.000000,0.018232
418,329,297,0.003377,0.002839,13369776.000000,242835.000000,0.018163
419,330,297,0.003377,0.002876,13486377.000000,242510.000000,0.017982
420,330,297,0.003377,0.002850,13401238.000000,242557.000000,0.018100
421,330,297,0.003377,0.002844,13439211.000000,242790.000000,0.018066
422,330,297,0.003378,0.002867,13556324.000000,244925.000000,0.018067
423,331,297,0.003379,0.002892,13585197.000000,244328.000000,0.017985
424,332,297,0.003378,0.002914,13580807.000000,241409.000000,0.017776
425,333,297,0.003385,0.002914,13667230.000000,246519.000000,0.018037
426,333,297,0.003380,0.002922,13695358.000000,247066.000000,0.018040
427,334,297,0.003382,0.002929,13867352.000000,249863.000000,0.018018
428,335,297,0.003348,0.002971,14011762.000000,254128.000000,0.018137
429,336,297,0.003384,0.003002,14170612.000000,251061.000000,0.017717
430,337,296,0.003778,0.003407,14443506.000000,264477.000000,0.018311
431,338,296,0.003588,0.003207,14435732.000000,258896.000000,0.017934
432,339,295,0.003580,0.003268,14344738.000000,259610.000000,0.018098
433,339,295,0.003349,0.003057,14337306.000000,254326.000000,0.017739
434,340,295,0.003445,0.003114,14523849.000000,261622.000000,0.018013
435,341,295,0.003434,0.003074,14446743.000000,257660.000000,0.017835
436,341,295,0.003474,0.003136,14419370.000000,260695.000000,0.018080
437,341,294,0.003792,0.003399,14644832.000000,265267.000000,0.018113
438,342,294,0.003422,0.003141,14656413.000000,259614.000000,0.017713
439,342,294,0.003475,0.003179,14748333.000000,264799.000000,0.017955
440,343,294,0.003458,0.003160,14823191.000000,265828.000000,0.017933
441,344,294,0.003449,0.003130,14791063.000000,264660.000000,0.017893
442,345,293,0.003488,0.003175,14940494.000000,265975.000000,0.017802
443,346,293,0.003464,0.003167,14890123.000000,262513.000000,0.017630
444,347,293,0.003483,0.003197,14921715.000000,266890.000000,0.017886
445,348,293,0.003491,0.003189,15003701.000000,266737.000000,0.017778
446,349,293,0.003521,0.003214,15085114.000000,269411.000000,0.017859
447,349,293,0.003502,0.003221,15077459.000000,268222.000000,0.017790
448,350,292,0.003500,0.003232,15056920.000000,264791.000000,0.017586
449,351,292,0.003541,0.003227,15179809.000000,267442.000000,0.017618
450,352,292,0.003571,0.003274,15353473.000000,272361.000000,0.017739
451,353,291,0.003543,0.003244,15234488.000000,269736.000000,0.017706
452,354,291,0.003564,0.003283,15258207.000000,268071.000000,0.017569
453,355,291,0.003618,0.003282,15484929.000000,274686.000000,0.017739
454,356,290,0.003637,0.003312,15609101.000000,276787.000000,0.017732
455,357,290,0.003651,0.003344,15661552.000000,276057.000000,0.017626
456,358,290,0.003634,0.003348,15656372.000000,276193.000000,0.017641
457,359,289,0.003667,0.003348,15808693.000000,274632.000000,0.017372
458,359,288,0.003976,0.003629,16137146.000000,288171.000000,0.017858
459,360,288,0.003763,0.003430,16076821.000000,284978.000000,0.017726
460,361,287,0.003762,0.003448,16138854.000000,285966.000000,0.017719
461,362,287,0.003752,0.003427,16050346.000000,281830.000000,0.017559
462,363,286,0.003764,0.003456,16204842.000000,287812.000000,0.017761
463,364,286,0.003800,0.003471,16203197.000000,287879.000000,0.017767
464,365,285,0.003791,0.003500,16248434.000000,287275.000000,0.017680
465,366,284,0.003802,0.003478,16354536.000000,288043.000000,0.017612
466,367,284,0.003788,0.003508,16297363.000000,284322.000000,0.017446
467,367,283,0.003824,0.003508,16438096.000000,288740.000000,0.017565
468,368,283,0.003886,0.003527,16623804.000000,291360.000000,0.017527
469,369,282,0.003927,0.003587,16824134.000000,294609.000000,0.017511
470,370,281,0.003867,0.003566,16585044.000000,288112.000000,0.017372
471,371,281,0.003922,0.003580,16773603.000000,295073.000000,0.017592
472,372,280,0.003952,0.003601,16890458.000000,296069.000000,0.017529
473,373,279,0.003950,0.003606,16921934.000000,296442.000000,0.017518
474,374,278,0.003948,0.003630,16953873.000000,293625.000000,0.017319
475,375,277,0.004004,0.003648,17158822.000000,299277.000000,0.017442
476,376,277,0.004034,0.003691,17308904.000000,303153.000000,0.017514
477,377,276,0.004069,0.003716,17463665.000000,304777.000000,0.017452
478,378,275,0.004047,0.003737,17372677.000000,300451.000000,0.017294
479,379,274,0.004108,0.003743,17610237.000000,306560.000000,0.017408
480,380,273,0.004153,0.003803,17826065.000000,310295.000000,0.017407
481,381,272,0.004191,0.003824,17966583.000000,311776.000000,0.017353
482,382,271,0.004174,0.003847,17902697.000000,309827.000000,0.017306
483,383,270,0.004322,0.003865,18057378.000000,310550.000000,0.017198
484,384,269,0.004278,0.003898,18202513.000000,313146.000000,0.017203
485,385,268,0.004192,0.003857,18122736.000000,312183.000000,0.017226
486,386,267,0.004177,0.003887,18088838.000000,310141.000000,0.017145
487,387,266,0.004201,0.003876,18218219.000000,313814.000000,0.017225
488,387,265,0.004209,0.003888,18289968.000000,314686.000000,0.017205
489,388,264,0.004318,0.003918,18500294.000000,317331.000000,0.017153
490,388,263,0.004343,0.004013,18495199.000000,315339.000000,0.017050
491,388,262,0.004252,0.003961,18489483.000000,318030.000000,0.017201
492,388,261,0.004519,0.004172,18767414.000000,322503.000000,0.017184
493,389,260,0.004642,0.004218,18804193.000000,324774.000000,0.017271
494,390,259,0.004568,0.004255,18909276.000000,322222.000000,0.017040
495,391,257,0.004335,0.004018,18798078.000000,323101.000000,0.017188
496,392,257,0.004377,0.004041,18979661.000000,325030.000000,0.017125
497,393,256,0.004378,0.004053,19034786.000000,326278.000000,0.017141
498,394,255,0.004467,0.004086,19127453.000000,322417.000000,0.016856
499,395,253,0.004805,0.004440,19136081.000000,328854.000000,0.017185
500,395,252,0.004639,0.004316,19255834.000000,331910.000000,0.017237
501,396,251,0.004819,0.004382,19483038.000000,333501.000000,0.017118
502,397,249,0.004744,0.004381,19536577.000000,330090.000000,0.016896
503,398,248,0.004770,0.004382,19891013.000000,334403.000000,0.016812
504,399,247,0.004585,0.004274,19783257.000000,335424.000000,0.016955
505,400,245,0.004918,0.004538,19939895.000000,336252.000000,0.016863
506,401,244,0.005245,0.004908,20186127.000000,343717.000000,0.017027
507,401,242,0.004708,0.004295,20207589.000000,340844.000000,0.016867
508,402,241,0.004907,0.004590,20179042.000000,336554.000000,0.016678
509,403,240,0.004869,0.004507,20341957.000000,342080.000000,0.016816
510,404,239,0.004651,0.004345,20270963.000000,340442.000000,0.016795
511,405,238,0.004700,0.004342,20422222.000000,342339.000000,0.016763
512,406,237,0.004742,0.004416,20722691.000000,344478.000000,0.016623
513,406,235,0.004756,0.004407,20750358.000000,348671.000000,0.016803
514,407,234,0.004732,0.004430,20666299.000000,347163.000000,0.016799
515,408,233,0.004765,0.004432,20839012.000000,344441.000000,0.016529
516,409,232,0.004827,0.004480,21077151.000000,352949.000000,0.016746
517,409,231,0.004742,0.004445,20747932.000000,347930.000000,0.016769
518,410,231,0.004757,0.004454,20820156.000000,348620.000000,0.016744
519,411,230,0.004840,0.004508,21121608.000000,351417.000000,0.016638
520,412,229,0.004841,0.004506,21170571.000000,353626.000000,0.016704
521,412,228,0.004818,0.004520,21072393.000000,353759.000000,0.016788
522,413,227,0.004870,0.004523,21268377.000000,352017.000000,0.016551
523,414,226,0.004921,0.004596,21488825.000000,361469.000000,0.016821
524,414,225,0.004891,0.004587,21403629.000000,358524.000000,0.016751
525,414,224,0.004948,0.004582,21623234.000000,360537.000000,0.016674
526,415,223,0.005062,0.004702,21647976.000000,362822.000000,0.016760
527,416,222,0.005493,0.005078,22131494.000000,375198.000000,0.016953
528,417,221,0.005094,0.004771,22139663.000000,371177.000000,0.016765
529,417,220,0.004975,0.004688,21824223.000000,365472.000000,0.016746
530,417,219,0.005059,0.004758,21897001.000000,367149.000000,0.016767
531,418,218,0.005043,0.004685,22078926.000000,370240.000000,0.016769
532,419,217,0.005120,0.004792,22281990.000000,370110.000000,0.016610
533,420,216,0.005117,0.004760,22397675.000000,374803.000000,0.016734
534,421,215,0.005107,0.004785,22384476.000000,375067.000000,0.016756
535,421,214,0.005079,0.004794,22371542.000000,372400.000000,0.016646
536,422,213,0.005152,0.004822,22535685.000000,379671.000000,0.016848
537,423,213,0.005183,0.004836,22726386.000000,378337.000000,0.016647
538,424,212,0.005251,0.004954,22797494.000000,382018.000000,0.016757
539,425,211,0.005485,0.005092,22900472.000000,381689.000000,0.016667
540,425,210,0.005297,0.004946,23136883.000000,386334.000000,0.016698
541,426,209,0.005250,0.004895,22942460.000000,384056.000000,0.016740
542,427,208,0.005244,0.004944,22959136.000000,379946.000000,0.016549
543,427,208,0.005261,0.004936,23053920.000000,383882.000000,0.016651
544,428,207,0.005268,0.004964,23100434.000000,384909.000000,0.016662
545,429,206,0.005306,0.004961,23251937.000000,381871.000000,0.016423
546,430,205,0.005538,0.005189,23694114.000000,394891.000000,0.016666
547,431,204,0.005381,0.005046,23481947.000000,390647.000000,0.016636
548,432,203,0.005375,0.005048,23557288.000000,387589.000000,0.016453
549,433,203,0.005427,0.005096,23795254.000000,395569.000000,0.016624
550,434,202,0.005452,0.005138,23828410.000000,396143.000000,0.016625
551,435,201,0.005551,0.005116,24011998.000000,406060.000000,0.016911
552,436,200,0.005473,0.005168,23930586.000000,396916.000000,0.016586
553,437,200,0.005454,0.005139,23975286.000000,395848.000000,0.016511
554,438,199,0.005467,0.005166,23981161.000000,393052.000000,0.016390
555,438,199,0.005457,0.005153,23987420.000000,394919.000000,0.016464
556,438,198,0.005484,0.005152,24085924.000000,396077.000000,0.016444
557,439,197,0.005539,0.005184,24313501.000000,395243.000000,0.016256
558,440,196,0.005577,0.005243,24432117.000000,401977.000000,0.016453
559,440,196,0.005569,0.005235,24485358.000000,402681.000000,0.016446
560,441,195,0.005561,0.005273,24458006.000000,399560.000000,0.016337
561,442,195,0.005678,0.005302,24786060.000000,408119.000000,0.016466
562,443,194,0.005635,0.005324,24736622.000000,406896.000000,0.016449
563,444,194,0.005716,0.005356,24907663.000000,405627.000000,0.016285
564,445,193,0.005830,0.005501,25042362.000000,413336.000000,0.016505
565,446,192,0.005777,0.005404,25194344.000000,413798.000000,0.016424
566,446,192,0.005697,0.005416,25050427.000000,407493.000000,0.016267
567,447,191,0.005784,0.005435,25270209.000000,410380.000000,0.016240
568,448,191,0.005829,0.005459,25453350.000000,415537.000000,0.016325
569,449,190,0.005827,0.005465,25453238.000000,411469.000000,0.016166
570,450,189,0.005823,0.005511,25511412.000000,416418.000000,0.016323
571,450,189,0.005913,0.005507,25683545.000000,417120.000000,0.016241
572,451,188,0.005926,0.005561,25784470.000000,416018.000000,0.016134
573,452,187,0.005921,0.005536,25718204.000000,418872.000000,0.016287
574,453,187,0.005922,0.005573,25751902.000000,420089.000000,0.016313
575,454,186,0.005925,0.005552,25883500.000000,417871.000000,0.016144
576,455,185,0.005986,0.005623,26111011.000000,421109.000000,0.016128
577,456,185,0.005929,0.005598,26014298.000000,418325.000000,0.016081
578,457,184,0.006007,0.005685,26197787.000000,424244.000000,0.016194
579,457,183,0.005972,0.005662,26161630.000000,423198.000000,0.016176
580,457,183,0.006015,0.005647,26356129.000000,420074.000000,0.015938
581,457,182,0.006199,0.005866,26535883.000000,428264.000000,0.016139
582,457,181,0.006089,0.005732,26537745.000000,427699.000000,0.016117
583,458,181,0.006053,0.005703,26682339.000000,427220.000000,0.016011
584,459,180,0.006154,0.005786,26890260.000000,433071.000000,0.016105
585,459,179,0.006070,0.005707,26731187.000000,428670.000000,0.016036
586,460,179,0.006048,0.005745,26690924.000000,426667.000000,0.015985
587,461,178,0.006150,0.005784,27056989.000000,434630.000000,0.016064
588,462,178,0.006166,0.005846,27180681.000000,433688.000000,0.015956
589,462,177,0.006180,0.005861,27254292.000000,437788.000000,0.016063
590,462,177,0.006213,0.005883,27300851.000000,436285.000000,0.015981
591,463,176,0.006268,0.005910,27561292.000000,434778.000000,0.015775
592,464,175,0.006314,0.005948,27793229.000000,442089.000000,0.015906
593,465,175,0.006287,0.005929,27661512.000000,441367.000000,0.015956
594,466,174,0.006261,0.005956,27551815.000000,440518.000000,0.015989
595,467,173,0.006325,0.005957,27766960.000000,442885.000000,0.015950
596,468,173,0.006255,0.005959,27667907.000000,436899.000000,0.015791
597,469,172,0.006498,0.006136,27992487.000000,449339.000000,0.016052
598,470,172,0.006369,0.006051,27889762.000000,447985.000000,0.016063
599,471,171,0.006375,0.006012,28053607.000000,447099.000000,0.015937
600,472,171,0.006444,0.006072,28321533.000000,453818.000000,0.016024
601,472,170,0.006460,0.006113,28436256.000000,454782.000000,0.015993
602,473,170,0.006457,0.006094,28427279.000000,450081.000000,0.015833
603,474,169,0.006530,0.006175,28655414.000000,455579.000000,0.015899
604,474,168,0.006501,0.006141,28654013.000000,451448.000000,0.015755
605,474,168,0.006584,0.006203,28924882.000000,459580.000000,0.015889
606,475,167,0.006574,0.006237,28971889.000000,459511.000000,0.015861
607,476,167,0.006581,0.006269,29017259.000000,458953.000000,0.015817
608,477,166,0.006622,0.006292,29174912.000000,463730.000000,0.015895
609,478,166,0.006631,0.006320,29202780.000000,460432.000000,0.015767
610,479,165,0.006639,0.006320,29298067.000000,469090.000000,0.016011
611,480,164,0.006684,0.006319,29516648.000000,468378.000000,0.015868
612,481,164,0.006874,0.006575,29583858.000000,464560.000000,0.015703
613,481,163,0.006697,0.006346,29630764.000000,466924.000000,0.015758
614,482,163,0.006754,0.006414,29750135.000000,465770.000000,0.015656
615,483,162,0.006694,0.006331,29635295.000000,464673.000000,0.015680
616,484,162,0.006667,0.006352,29549070.000000,465806.000000,0.015764
617,485,161,0.006643,0.006350,29498122.000000,461506.000000,0.015645
618,486,161,0.006722,0.006382,29626703.000000,467148.000000,0.015768
619,487,160,0.006749,0.006370,29750029.000000,464676.000000,0.015619
620,488,160,0.006772,0.006380,29875534.000000,467096.000000,0.015635
621,488,159,0.006804,0.006462,30101769.000000,468041.000000,0.015549
622,489,159,0.006755,0.006439,29886827.000000,464328.000000,0.015536
623,490,158,0.006747,0.006430,29916466.000000,467669.000000,0.015632
624,491,158,0.006787,0.006439,30082038.000000,465344.000000,0.015469
625,492,157,0.006824,0.006462,30177931.000000,470895.000000,0.015604
626,493,157,0.006955,0.006632,30294785.000000,476273.000000,0.015721
627,494,156,0.007047,0.006704,30377580.000000,471379.000000,0.015517
628,494,156,0.006936,0.006542,30596989.000000,479065.000000,0.015657
629,495,155,0.006929,0.006579,30743509.000000,475939.000000,0.015481
630,496,155,0.007025,0.006660,31157857.000000,482291.000000,0.015479
631,497,155,0.007024,0.006657,31202072.000000,479445.000000,0.015366
632,498,154,0.007060,0.006752,31371807.000000,486184.000000,0.015497
633,499,154,0.007122,0.006746,31613669.000000,487988.000000,0.015436
634,500,153,0.007154,0.006829,31851959.000000,486083.000000,0.015261
635,501,153,0.007210,0.006828,31994198.000000,492528.000000,0.015394
636,502,152,0.007175,0.006876,31916670.000000,489193.000000,0.015327
637,503,152,0.007272,0.006879,32274253.000000,495064.000000,0.015339
638,504,151,0.007318,0.006980,32533687.000000,495895.000000,0.015243
639,505,151,0.007323,0.006947,32523931.000000,497045.000000,0.015282
640,506,150,0.007280,0.006973,32423469.000000,496979.000000,0.015328
641,506,150,0.007412,0.007108,32476348.000000,493854.000000,0.015207
642,506,149,0.007294,0.006971,32425694.000000,496803.000000,0.015321
643,507,149,0.007343,0.007003,32658802.000000,496884.000000,0.015214
644,508,148,0.007325,0.007011,32590293.000000,500745.000000,0.015365
645,508,148,0.007315,0.007018,32585000.000000,496076.000000,0.015224
646,509,147,0.007383,0.007004,32855515.000000,500453.000000,0.015232
647,509,147,0.007387,0.007025,32924389.000000,497557.000000,0.015112
648,510,146,0.007346,0.007001,32665385.000000,500886.000000,0.015334
649,511,146,0.007410,0.007029,32982778.000000,503045.000000,0.015252
650,512,146,0.007492,0.007119,33309698.000000,506578.000000,0.015208
651,513,145,0.007476,0.007094,33221873.000000,508850.000000,0.015317
652,514,145,0.007463,0.007150,33179610.000000,505815.000000,0.015245
653,515,144,0.007523,0.007123,33445452.000000,510433.000000,0.015262
654,516,144,0.007724,0.007296,33915996.000000,515094.000000,0.015187
655,517,143,0.007820,0.007375,34098538.000000,519463.000000,0.015234
656,518,143,0.007677,0.007304,34208868.000000,516233.000000,0.015091
657,519,142,0.007642,0.007265,34032012.000000,516633.000000,0.015181
658,519,142,0.007616,0.007297,33972728.000000,514127.000000,0.015134
659,520,142,0.007704,0.007328,34324372.000000,520622.000000,0.015168
660,521,141,0.007737,0.007386,34485116.000000,523279.000000,0.015174
661,522,141,0.007816,0.007436,34781205.000000,522714.000000,0.015029
662,522,140,0.007883,0.007506,35136243.000000,528470.000000,0.015041
663,523,140,0.007848,0.007472,34991730.000000,525672.000000,0.015023
664,523,139,0.007936,0.007561,35415038.000000,533315.000000,0.015059
665,524,139,0.007938,0.007595,35450378.000000,529431.000000,0.014934
666,524,138,0.007924,0.007588,35308646.000000,532901.000000,0.015093
667,524,138,0.008128,0.007754,35730618.000000,535557.000000,0.014989
668,525,137,0.008023,0.007634,35731079.000000,538655.000000,0.015075
669,525,137,0.007961,0.007593,35539378.000000,531185.000000,0.014946
670,526,137,0.008011,0.007657,35763036.000000,535727.000000,0.014980
671,527,136,0.008062,0.007685,36018820.000000,536722.000000,0.014901
672,528,136,0.008084,0.007773,36050326.000000,544282.000000,0.015098
673,529,135,0.008101,0.007785,36115652.000000,544078.000000,0.015065
674,530,135,0.008179,0.007846,36388840.000000,550438.000000,0.015127
675,531,134,0.008224,0.007914,36516851.000000,549537.000000,0.015049
676,532,134,0.008238,0.007882,36661144.000000,553703.000000,0.015103
677,533,134,0.008306,0.007938,36968768.000000,555299.000000,0.015021
678,534,133,0.008277,0.007938,36787880.000000,555094.000000,0.015089
679,535,133,0.008325,0.007935,37031103.000000,554169.000000,0.014965
680,535,132,0.008707,0.008304,37353954.000000,562665.000000,0.015063
681,536,132,0.008505,0.008078,37473118.000000,558438.000000,0.014902
682,537,131,0.008551,0.008205,37763741.000000,567471.000000,0.015027
683,538,130,0.008501,0.008126,37717306.000000,563267.000000,0.014934
684,539,130,0.008657,0.008320,37986415.000000,570802.000000,0.015026
685,540,129,0.008652,0.008292,38089181.000000,566234.000000,0.014866
686,541,129,0.008744,0.008369,38330173.000000,573818.000000,0.014970
687,541,129,0.008607,0.008247,38002266.000000,565509.000000,0.014881
688,542,128,0.008686,0.008293,38368448.000000,570891.000000,0.014879
689,543,128,0.008662,0.008298,38274378.000000,567817.000000,0.014835
690,544,127,0.008735,0.008370,38589367.000000,576888.000000,0.014949
691,545,127,0.008865,0.008516,38971384.000000,577410.000000,0.014816
692,546,126,0.008847,0.008515,38836362.000000,580986.000000,0.014960
693,547,126,0.008845,0.008486,39112873.000000,578928.000000,0.014801
694,548,125,0.008858,0.008545,39110965.000000,583498.000000,0.014919
695,549,125,0.008928,0.008495,39258978.000000,589740.000000,0.015022
696,550,124,0.008925,0.008554,39417939.000000,584098.000000,0.014818
697,551,124,0.008954,0.008634,39441678.000000,584082.000000,0.014809
698,552,123,0.008970,0.008604,39776617.000000,587284.000000,0.014765
699,553,123,0.008978,0.008670,39832981.000000,591462.000000,0.014849
700,554,123,0.008906,0.008616,39782091.000000,588252.000000,0.014787
701,555,122,0.009033,0.008689,39969855.000000,594095.000000,0.014864
702,556,122,0.009250,0.008951,40149211.000000,595982.000000,0.014844
703,556,121,0.009185,0.008836,40238991.000000,597496.000000,0.014849
704,556,121,0.009072,0.008742,40246471.000000,591433.000000,0.014695
705,556,120,0.008993,0.008675,39943622.000000,590498.000000,0.014783
706,557,120,0.009135,0.008743,40352001.000000,594038.000000,0.014721
707,557,120,0.009125,0.008756,40424226.000000,599204.000000,0.014823
708,558,119,0.009156,0.008797,40526769.000000,597210.000000,0.014736
709,559,119,0.009144,0.008777,40547293.000000,593711.000000,0.014642
710,560,118,0.009188,0.008852,40707666.000000,605053.000000,0.014863
711,561,118,0.009273,0.008895,41084210.000000,609230.000000,0.014829
712,562,117,0.009206,0.008838,41092508.000000,597411.000000,0.014538
713,562,117,0.009463,0.009109,41065879.000000,597138.000000,0.014541
714,563,117,0.009272,0.008955,40933872.000000,598376.000000,0.014618
715,564,116,0.009297,0.008951,41182662.000000,597618.000000,0.014511
716,565,116,0.009287,0.008975,41189198.000000,602412.000000,0.014625
717,565,116,0.009214,0.008918,40972557.000000,594042.000000,0.014499
718,566,115,0.009282,0.008930,41241201.000000,596555.000000,0.014465
719,566,115,0.009256,0.008940,41337329.000000,602638.000000,0.014579
720,566,115,0.009231,0.008939,41294683.000000,597158.000000,0.014461
721,567,114,0.009300,0.008945,41510117.000000,602985.000000,0.014526
722,568,114,0.009304,0.008972,41675362.000000,602300.000000,0.014452
723,569,114,0.009315,0.008981,41619802.000000,600525.000000,0.014429
724,570,113,0.009583,0.009274,41567975.000000,601415.000000,0.014468
725,571,113,0.009367,0.008981,41764492.000000,605223.000000,0.014491
726,571,113,0.009282,0.008992,41732236.000000,602623.000000,0.014440
727,572,112,0.009382,0.009056,42012136.000000,606258.000000,0.014431
728,573,112,0.009503,0.009103,42466893.000000,615911.000000,0.014503
729,573,112,0.009540,0.009225,42653755.000000,617925.000000,0.014487
730,574,111,0.009558,0.009212,42634283.000000,622714.000000,0.014606
731,575,111,0.009508,0.009178,42582671.000000,615721.000000,0.014459
732,575,111,0.009714,0.009337,43224874.000000,628385.000000,0.014538
733,575,110,0.009584,0.009233,42771074.000000,616550.000000,0.014415
734,576,110,0.009645,0.009225,43029065.000000,621355.000000,0.014440
735,577,110,0.009730,0.009281,43228580.000000,631832.000000,0.014616
736,577,110,0.009638,0.009246,43310033.000000,621545.000000,0.014351
737,577,109,0.009640,0.009337,43434799.000000,629683.000000,0.014497
738,578,109,0.009634,0.009349,43428936.000000,626837.000000,0.014434
739,579,109,0.009863,0.009469,44031688.000000,636926.000000,0.014465
740,579,109,0.009808,0.009504,43917923.000000,634118.000000,0.014439
741,580,108,0.009830,0.009457,44203422.000000,635682.000000,0.014381
742,581,108,0.009830,0.009529,44225207.000000,643115.000000,0.014542
743,582,108,0.009876,0.009516,44446233.000000,641353.000000,0.014430
744,583,107,0.009945,0.009552,44694565.000000,647128.000000,0.014479
745,584,107,0.010312,0.009952,44914721.000000,653028.000000,0.014539
746,584,107,0.010058,0.009674,44885673.000000,648095.000000,0.014439
747,585,107,0.010064,0.009683,45070218.000000,653551.000000,0.014501
748,585,106,0.010086,0.009774,45249645.000000,653655.000000,0.014446
749,586,106,0.010065,0.009708,45133127.000000,656257.000000,0.014540
750,587,106,0.010124,0.009749,45372854.000000,654890.000000,0.014434
751,588,106,0.010187,0.009828,45623228.000000,659664.000000,0.014459
752,588,105,0.010196,0.009886,45636314.000000,662301.000000,0.014513
753,589,105,0.010228,0.009882,45802062.000000,660870.000000,0.014429
754,590,105,0.010227,0.009900,45888963.000000,660633.000000,0.014396
755,591,105,0.010486,0.010151,46204837.000000,670301.000000,0.014507
756,592,104,0.010286,0.009951,46058091.000000,661205.000000,0.014356
757,593,104,0.010335,0.009989,46358712.000000,670109.000000,0.014455
758,594,104,0.010321,0.010019,46214059.000000,667070.000000,0.014434
759,595,104,0.010378,0.009978,46556032.000000,668081.000000,0.014350
760,596,103,0.010483,0.010146,47044773.000000,678199.000000,0.014416
761,597,103,0.010480,0.010087,47014882.000000,673289.000000,0.014321
762,598,103,0.010503,0.010202,47022047.000000,675848.000000,0.014373
763,599,103,0.010599,0.010201,47341026.000000,683587.000000,0.014440
764,600,102,0.011024,0.010621,47832095.000000,691537.000000,0.014458
765,600,102,0.010670,0.010325,47487122.000000,693092.000000,0.014595
766,601,102,0.010726,0.010379,47654104.000000,690438.000000,0.014489
767,602,101,0.010732,0.010361,47667000.000000,692600.000000,0.014530
768,603,101,0.010768,0.010438,47709190.000000,695721.000000,0.014583
769,603,101,0.010759,0.010388,47774571.000000,693058.000000,0.014507
770,604,100,0.010804,0.010428,47954450.000000,693650.000000,0.014465
771,605,100,0.010850,0.010492,48160371.000000,700589.000000,0.014547
772,606,100,0.010840,0.010536,48045232.000000,694657.000000,0.014458
773,606,100,0.011021,0.010607,48297745.000000,696287.000000,0.014417
774,606,99,0.010965,0.010544,48614266.000000,701695.000000,0.014434
775,606,99,0.010795,0.010493,48187169.000000,690499.000000,0.014330
776,607,99,0.010758,0.010460,48087682.000000,689580.000000,0.014340
777,608,99,0.010809,0.010454,48190796.000000,693745.000000,0.014396
778,609,98,0.010846,0.010497,48174959.000000,695063.000000,0.014428
779,610,98,0.010896,0.010504,48491466.000000,697515.000000,0.014384
780,611,98,0.010898,0.010550,48629419.000000,699526.000000,0.014385
781,612,98,0.010948,0.010592,48826996.000000,701305.000000,0.014363
782,613,97,0.010994,0.010603,49075530.000000,704051.000000,0.014346
783,613,97,0.011265,0.010872,49472895.000000,710807.000000,0.014368
784,614,97,0.011240,0.010836,49947163.000000,712785.000000,0.014271
785,615,96,0.011072,0.010672,49366002.000000,702668.000000,0.014234
786,616,96,0.011122,0.010800,49561545.000000,712895.000000,0.014384
787,617,96,0.011246,0.010809,49917525.000000,714334.000000,0.014310
788,618,96,0.011383,0.010992,50618616.000000,719344.000000,0.014211
789,618,95,0.011363,0.010949,50604746.000000,723832.000000,0.014304
790,619,95,0.011350,0.011039,50547898.000000,724098.000000,0.014325
791,619,95,0.011604,0.011262,50868370.000000,725112.000000,0.014255
792,619,94,0.011424,0.011095,50772420.000000,727298.000000,0.014325
793,620,94,0.011407,0.011038,50813734.000000,719535.000000,0.014160
794,620,94,0.011492,0.011074,51055323.000000,736497.000000,0.014425
795,620,94,0.011507,0.011108,51097952.000000,727810.000000,0.014243
796,621,93,0.011568,0.011212,51299451.000000,729010.000000,0.014211
797,622,93,0.011445,0.011092,51078024.000000,724915.000000,0.014192
798,623,93,0.011387,0.011061,50892624.000000,727392.000000,0.014293
799,624,93,0.011404,0.011048,51008226.000000,723844.000000,0.014191
800,625,92,0.011693,0.011304,51445337.000000,729098.000000,0.014172
801,626,92,0.011435,0.011083,51397738.000000,730968.000000,0.014222
802,627,92,0.011574,0.011175,51906251.000000,735176.000000,0.014164
803,627,92,0.011558,0.011216,51915215.000000,734902.000000,0.014156
804,627,91,0.011632,0.011287,52118205.000000,737619.000000,0.014153
805,628,91,0.011619,0.011242,52134837.000000,740297.000000,0.014200
806,628,91,0.011583,0.011239,52172337.000000,734190.000000,0.014072
807,629,91,0.011676,0.011335,52431832.000000,738388.000000,0.014083
808,630,91,0.011805,0.011394,52887989.000000,745209.000000,0.014090
809,630,90,0.011896,0.011571,52624040.000000,745513.000000,0.014167
810,630,90,0.011750,0.011433,52502600.000000,741295.000000,0.014119
811,631,90,0.011924,0.011501,53036589.000000,744842.000000,0.014044
812,631,90,0.011845,0.011498,53015571.000000,743833.000000,0.014030
813,632,89,0.012091,0.011667,53705736.000000,751338.000000,0.013990
814,633,89,0.012055,0.011720,53406051.000000,751454.000000,0.014071
815,634,89,0.012166,0.011739,54105717.000000,762598.000000,0.014095
816,635,89,0.012135,0.011819,53885222.000000,763199.000000,0.014163
817,636,88,0.012377,0.011961,54313869.000000,762497.000000,0.014039
818,637,88,0.012302,0.011971,54481422.000000,764117.000000,0.014025
819,638,88,0.012304,0.011892,54852010.000000,769207.000000,0.014023
820,638,88,0.012210,0.011853,54740250.000000,761126.000000,0.013904
821,639,87,0.012249,0.011863,54769137.000000,761403.000000,0.013902
822,640,87,0.012358,0.012035,55100442.000000,772538.000000,0.014021
823,641,87,0.012447,0.012074,55500892.000000,774566.000000,0.013956
824,642,87,0.012547,0.012178,55871211.000000,780697.000000,0.013973
825,642,87,0.012587,0.012269,55399483.000000,780186.000000,0.014083
826,643,86,0.012403,0.012077,55417780.000000,779397.000000,0.014064
827,643,86,0.012357,0.012008,55294922.000000,771293.000000,0.013949
828,644,86,0.012501,0.012155,55745526.000000,776959.000000,0.013938
829,645,86,0.012578,0.012160,56178577.000000,781682.000000,0.013914
830,646,85,0.012533,0.012098,56172265.000000,780414.000000,0.013893
831,646,85,0.012485,0.012096,56239954.000000,778882.000000,0.013849
832,647,85,0.012492,0.012177,56171973.000000,779373.000000,0.013875
833,647,85,0.012548,0.012236,56154242.000000,779343.000000,0.013879
834,648,85,0.012457,0.012127,56105266.000000,781959.000000,0.013937
835,649,84,0.012526,0.012122,56433722.000000,780336.000000,0.013827
836,650,84,0.012611,0.012255,56712893.000000,785983.000000,0.013859
837,651,84,0.012656,0.012317,56827155.000000,786251.000000,0.013836
838,652,84,0.012617,0.012228,56808814.000000,785087.000000,0.013820
839,653,84,0.012666,0.012314,57108084.000000,792371.000000,0.013875
840,654,83,0.012714,0.012369,57299090.000000,792768.000000,0.013836
841,655,83,0.013033,0.012617,57743126.000000,797441.000000,0.013810
842,656,83,0.013026,0.012624,58120511.000000,809342.000000,0.013925
843,657,83,0.013114,0.012691,58266278.000000,812561.000000,0.013946
844,658,83,0.012953,0.012624,57910667.000000,804882.000000,0.013899
845,659,82,0.012932,0.012564,58021279.000000,801132.000000,0.013808
846,659,82,0.012954,0.012572,58198961.000000,803301.000000,0.013803
847,660,82,0.013140,0.012785,58695105.000000,818639.000000,0.013947
848,661,82,0.013072,0.012675,58508322.000000,806352.000000,0.013782
849,661,81,0.013397,0.012997,59188402.000000,820778.000000,0.013867
850,662,81,0.013256,0.012938,58996823.000000,818523.000000,0.013874
851,663,81,0.013082,0.012754,58693930.000000,809276.000000,0.013788
852,664,81,0.013243,0.012824,59232098.000000,817752.000000,0.013806
853,665,81,0.013185,0.012844,58982538.000000,814097.000000,0.013802
854,666,80,0.013181,0.012868,59153270.000000,814698.000000,0.013773
855,666,80,0.013136,0.012823,58956819.000000,814012.000000,0.013807
856,666,80,0.013334,0.013015,59115170.000000,819001.000000,0.013854
857,667,80,0.013200,0.012821,59404101.000000,820209.000000,0.013807
858,667,80,0.013143,0.012756,59327829.000000,816798.000000,0.013768
859,667,80,0.013108,0.012800,59265963.000000,814262.000000,0.013739
860,668,79,0.013406,0.012990,59609414.000000,819060.000000,0.013740
861,669,79,0.013309,0.012884,59859427.000000,818289.000000,0.013670
862,670,79,0.013269,0.012943,59981509.000000,823800.000000,0.013734
863,671,79,0.013249,0.012862,60037714.000000,819718.000000,0.013653
864,672,79,0.013779,0.013411,60231933.000000,830192.000000,0.013783
865,673,78,0.013499,0.013105,60542922.000000,824563.000000,0.013619
866,674,78,0.013450,0.013131,60424371.000000,827644.000000,0.013697
867,675,78,0.013479,0.013086,60635347.000000,834101.000000,0.013756
868,676,78,0.013449,0.013129,60664590.000000,832063.000000,0.013716
869,676,78,0.013531,0.013214,60896899.000000,832719.000000,0.013674
870,677,78,0.013424,0.013114,60617776.000000,830664.000000,0.013703
871,678,77,0.014055,0.013634,61075248.000000,839452.000000,0.013745
872,679,77,0.013836,0.013469,61157476.000000,845717.000000,0.013829
873,680,77,0.013903,0.013489,61391897.000000,841497.000000,0.013707
874,681,77,0.013837,0.013332,61486706.000000,851609.000000,0.013850
875,682,77,0.013652,0.013287,61429659.000000,838729.000000,0.013653
876,683,76,0.013702,0.013367,61679521.000000,842076.000000,0.013652
877,684,76,0.013896,0.013552,61924613.000000,844789.000000,0.013642
878,685,76,0.013699,0.013334,61607378.000000,845851.000000,0.013730
879,686,76,0.014003,0.013582,61915222.000000,845760.000000,0.013660
880,687,76,0.013648,0.013340,61792070.000000,841999.000000,0.013626
881,688,76,0.013747,0.013333,62160993.000000,842957.000000,0.013561
882,689,76,0.013694,0.013382,61962772.000000,842748.000000,0.013601
883,689,75,0.013700,0.013396,61957088.000000,844619.000000,0.013632
884,689,75,0.013771,0.013450,61991720.000000,846202.000000,0.013650
885,690,75,0.013787,0.013385,62339637.000000,844181.000000,0.013542
886,690,75,0.014401,0.014078,62335224.000000,857685.000000,0.013759
887,691,75,0.014150,0.013736,62872688.000000,855700.000000,0.013610
888,692,75,0.013987,0.013658,62570259.000000,851182.000000,0.013604
889,693,75,0.014132,0.013699,62949823.000000,859315.000000,0.013651
890,694,74,0.014253,0.013894,63221551.000000,865658.000000,0.013692
891,695,74,0.014126,0.013738,63097720.000000,859461.000000,0.013621
892,696,74,0.014147,0.013799,63053719.000000,861161.000000,0.013658
893,697,74,0.014265,0.013872,63287832.000000,863046.000000,0.013637
894,698,74,0.014264,0.013913,63575601.000000,870669.000000,0.013695
895,699,74,0.014229,0.013842,63758313.000000,870679.000000,0.013656
896,699,73,0.014320,0.014002,63831950.000000,869961.000000,0.013629
897,700,73,0.014262,0.013853,63915340.000000,870398.000000,0.013618
898,701,73,0.014126,0.013801,63604631.000000,864803.000000,0.013597
899,702,73,0.014268,0.013912,64051614.000000,870788.000000,0.013595
900,703,73,0.014444,0.014099,64245164.000000,871943.000000,0.013572
901,703,73,0.014330,0.013981,64297273.000000,877169.000000,0.013642
902,704,73,0.014328,0.013978,64335413.000000,872465.000000,0.013561
903,705,73,0.014333,0.013984,64583654.000000,876198.000000,0.013567
904,705,72,0.014466,0.014098,64901658.000000,886066.000000,0.013652
905,706,72,0.014597,0.014165,65415252.000000,886481.000000,0.013552
906,707,72,0.014516,0.014199,65244863.000000,887654.000000,0.013605
907,707,72,0.014677,0.014343,65295362.000000,888368.000000,0.013605
908,708,72,0.014626,0.014302,65319271.000000,886811.000000,0.013577
909,709,72,0.014730,0.014302,65560146.000000,894545.000000,0.013645
910,709,72,0.014635,0.014308,65490890.000000,890469.000000,0.013597
911,710,71,0.014790,0.014336,66130223.000000,895492.000000,0.013541
912,711,71,0.014787,0.014342,66400607.000000,900779.000000,0.013566
913,711,71,0.014639,0.014321,65730863.000000,889743.000000,0.013536
914,712,71,0.014791,0.014470,65728495.000000,895506.000000,0.013624
915,713,71,0.014716,0.014337,66050988.000000,893842.000000,0.013533
916,714,71,0.014854,0.014400,66525703.000000,898162.000000,0.013501
917,715,71,0.014945,0.014531,67089107.000000,905046.000000,0.013490
918,715,71,0.014931,0.014507,67098127.000000,906462.000000,0.013509
919,716,70,0.015151,0.014726,68005822.000000,916537.000000,0.013477
920,717,70,0.015387,0.015035,68366847.000000,922391.000000,0.013492
921,718,70,0.015276,0.014922,68430153.000000,919806.000000,0.013442
922,719,70,0.015203,0.014797,68436298.000000,924010.000000,0.013502
923,720,70,0.015309,0.014879,68769926.000000,922455.000000,0.013414
924,721,70,0.015393,0.015013,69279306.000000,930154.000000,0.013426
925,721,69,0.015453,0.015081,69443880.000000,931833.000000,0.013419
926,722,69,0.015610,0.015201,69882551.000000,935756.000000,0.013390
927,723,69,0.015701,0.015251,70080331.000000,937606.000000,0.013379
928,724,69,0.015483,0.015161,70116561.000000,936101.000000,0.013351
929,725,69,0.015564,0.015138,70458312.000000,938057.000000,0.013314
930,726,69,0.015628,0.015250,70724368.000000,940569.000000,0.013299
931,727,68,0.015635,0.015240,70618994.000000,940981.000000,0.013325
932,728,68,0.015670,0.015305,70906617.000000,945622.000000,0.013336
933,729,68,0.015942,0.015553,71314841.000000,952338.000000,0.013354
934,730,68,0.015708,0.015307,71158277.000000,943540.000000,0.013260
935,731,68,0.015780,0.015369,71391495.000000,946820.000000,0.013262
936,732,68,0.015894,0.015518,71916825.000000,952461.000000,0.013244
937,733,67,0.015818,0.015441,71684234.000000,953972.000000,0.013308
938,733,67,0.015929,0.015547,72085811.000000,953630.000000,0.013229
939,734,67,0.015959,0.015597,72100322.000000,954436.000000,0.013238
940,735,67,0.016307,0.015983,72669689.000000,965986.000000,0.013293
941,736,67,0.016073,0.015634,72699774.000000,960090.000000,0.013206
942,737,67,0.016124,0.015724,72840035.000000,972881.000000,0.013356
943,738,66,0.016200,0.015833,73000971.000000,965890.000000,0.013231
944,739,66,0.016029,0.015701,72693823.000000,962647.000000,0.013242
945,740,66,0.016182,0.015748,73164553.000000,968572.000000,0.013238
946,740,66,0.016408,0.016042,73201080.000000,970656.000000,0.013260
947,741,66,0.016305,0.015889,73351948.000000,973020.000000,0.013265
948,742,66,0.016360,0.015969,73692462.000000,977658.000000,0.013267
949,743,65,0.016543,0.016077,74356639.000000,983189.000000,0.013223
950,744,65,0.016441,0.016117,73720047.000000,975765.000000,0.013236
951,744,65,0.016504,0.016150,74199039.000000,981631.000000,0.013230
952,745,65,0.016632,0.016269,74295097.000000,990028.000000,0.013326
953,745,65,0.016414,0.016083,74015614.000000,983196.000000,0.013284
954,745,65,0.016450,0.016032,74298131.000000,981604.000000,0.013212
955,745,64,0.016437,0.016105,74181898.000000,979613.000000,0.013206
956,746,64,0.016488,0.016111,74662761.000000,986391.000000,0.013211
957,747,64,0.016485,0.016091,74781860.000000,982336.000000,0.013136
958,748,64,0.016690,0.016281,75115066.000000,991057.000000,0.013194
959,749,64,0.017140,0.016698,75687163.000000,996107.000000,0.013161
960,750,64,0.016643,0.016317,75618548.000000,998552.000000,0.013205
961,750,63,0.016599,0.016275,75502777.000000,990633.000000,0.013120
962,750,63,0.016596,0.016279,75408326.000000,995153.000000,0.013197
963,750,63,0.016586,0.016273,75359646.000000,989973.000000,0.013137
964,751,63,0.016902,0.016569,75805688.000000,1000638.000000,0.013200
965,751,63,0.016826,0.016436,76100858.000000,1001416.000000,0.013159
966,752,63,0.016806,0.016416,76163584.000000,1000375.000000,0.013135
967,753,63,0.016886,0.016487,76191566.000000,1001669.000000,0.013147
968,754,62,0.016912,0.016546,76502174.000000,1001524.000000,0.013091
969,755,62,0.016859,0.016497,76414782.000000,1000923.000000,0.013099
970,756,62,0.016912,0.016585,76278491.000000,1001060.000000,0.013124
971,756,62,0.017006,0.016630,76764604.000000,1005710.000000,0.013101
972,757,62,0.016933,0.016613,76687849.000000,1006106.000000,0.013119
973,758,62,0.016972,0.016535,77013249.000000,1007888.000000,0.013087
974,759,62,0.017025,0.016659,77407852.000000,1013523.000000,0.013093
975,760,61,0.016980,0.016586,77266869.000000,1011093.000000,0.013086
976,761,61,0.017233,0.016858,77544262.000000,1018248.000000,0.013131
977,761,61,0.017032,0.016665,77538988.000000,1017163.000000,0.013118
978,762,61,0.017145,0.016707,77840041.000000,1019526.000000,0.013098
979,763,61,0.017121,0.016685,77836760.000000,1018790.000000,0.013089
980,763,61,0.017180,0.016805,78212208.000000,1025334.000000,0.013110
981,764,61,0.017279,0.016894,78693628.000000,1029227.000000,0.013079
982,765,60,0.017513,0.017138,78977222.000000,1033350.000000,0.013084
983,766,60,0.017441,0.016999,79279958.000000,1037990.000000,0.013093
984,767,60,0.017523,0.017205,79598397.000000,1044813.000000,0.013126
985,768,60,0.017596,0.017226,79865694.000000,1045697.000000,0.013093
986,769,60,0.017581,0.017261,79954080.000000,1047282.000000,0.013099
987,770,60,0.017781,0.017435,80249786.000000,1050561.000000,0.013091
988,771,60,0.017639,0.017320,80184729.000000,1051069.000000,0.013108
989,772,60,0.017742,0.017298,80596508.000000,1053858.000000,0.013076
990,773,59,0.017788,0.017385,80762609.000000,1057152.000000,0.013090
