frame,nb of entities,FPS,frame length,physics length,L1-dcache-loads,L1-dcache-load-misses,L1-dcache-load-miss-ratio
0,3,302,0.001965,0.000040,507798.000000,33991.000000,0.066938
1,4,302,0.003325,0.000027,584804.000000,35058.000000,0.059948
2,4,302,0.003325,0.000021,556162.000000,33217.000000,0.059725
3,5,302,0.003320,0.000033,556606.000000,34330.000000,0.061677
4,6,302,0.003321,0.000032,590040.000000,34130.000000,0.057844
5,7,302,0.003340,0.000030,496573.000000,31594.000000,0.063624
6,8,302,0.003319,0.000034,570059.000000,34455.000000,0.060441
7,9,302,0.003322,0.000043,585813.000000,36289.000000,0.061946
8,10,302,0.003328,0.000036,602865.000000,34901.000000,0.057892
9,11,302,0.003316,0.000038,597033.000000,34611.000000,0.057972
10,12,302,0.003324,0.000034,565624.000000,31306.000000,0.055348
11,13,302,0.003328,0.000036,595387.000000,34723.000000,0.058320
12,14,302,0.003319,0.000048,600624.000000,34459.000000,0.057372
13,15,302,0.003324,0.000047,616134.000000,35119.000000,0.056999
14,16,302,0.003327,0.000039,592969.000000,34461.000000,0.058116
15,17,302,0.003319,0.000044,578440.000000,31318.000000,0.054142
16,18,302,0.003322,0.000054,628476.000000,35614.000000,0.056667
17,19,302,0.003330,0.000075,685608.000000,39664.000000,0.057852
18,20,302,0.003311,0.000063,662245.000000,37045.000000,0.055939
19,21,302,0.003325,0.000064,655522.000000,37227.000000,0.056790
20,22,302,0.003329,0.000054,608254.000000,33609.000000,0.055255
21,22,302,0.003321,0.000057,637018.000000,36864.000000,0.057870
22,23,302,0.003365,0.000198,574607.000000,38996.000000,0.067866
23,24,302,0.003333,0.000065,573577.000000,37540.000000,0.065449
24,25,302,0.003333,0.000054,571454.000000,37723.000000,0.066012
25,26,302,0.003334,0.000057,537096.000000,34503.000000,0.064240
26,27,302,0.003340,0.000063,579360.000000,38177.000000,0.065895
27,28,302,0.003323,0.000059,672949.000000,38516.000000,0.057235
28,29,302,0.003322,0.000082,715130.000000,39776.000000,0.055621
29,29,302,0.003328,0.000068,692922.000000,38022.000000,0.054872
30,30,302,0.003318,0.000076,667158.000000,34434.000000,0.051613
31,31,302,0.003325,0.000070,687846.000000,38429.000000,0.055869
32,32,302,0.003326,0.000073,693944.000000,38236.000000,0.055100
33,33,302,0.003319,0.000080,693583.000000,37672.000000,0.054315
34,33,302,0.003321,0.000082,699396.000000,38849.000000,0.055547
35,34,302,0.003324,0.000076,672701.000000,34959.000000,0.051968
36,35,302,0.003319,0.000080,716703.000000,38843.000000,0.054197
37,36,302,0.003327,0.000075,725762.000000,39537.000000,0.054477
38,36,302,0.003325,0.000077,701263.000000,38139.000000,0.054386
39,37,302,0.003319,0.000083,714702.000000,38281.000000,0.053562
40,38,302,0.003325,0.000075,691435.000000,35416.000000,0.051221
41,39,302,0.003329,0.000088,722971.000000,38753.000000,0.053602
42,40,302,0.003320,0.000085,731158.000000,38479.000000,0.052627
43,41,302,0.003326,0.000081,730457.000000,39194.000000,0.053657
44,42,302,0.003327,0.000087,731728.000000,38528.000000,0.052653
45,43,302,0.003323,0.000091,710869.000000,35749.000000,0.050289
46,44,302,0.003323,0.000092,763883.000000,40000.000000,0.052364
47,45,302,0.003329,0.000087,752490.000000,39369.000000,0.052318
48,45,302,0.003321,0.000091,750389.000000,38890.000000,0.051826
49,46,302,0.003326,0.000087,751191.000000,39227.000000,0.052220
50,47,302,0.003327,0.000095,727156.000000,35381.000000,0.048657
51,48,302,0.003322,0.000098,755967.000000,38622.000000,0.051090
52,48,302,0.003324,0.000093,760647.000000,38737.000000,0.050926
53,49,302,0.003329,0.000090,782506.000000,39228.000000,0.050131
54,50,302,0.003321,0.000116,788162.000000,39697.000000,0.050367
55,51,302,0.003325,0.000092,753445.000000,35864.000000,0.047600
56,52,302,0.003328,0.000093,798506.000000,39267.000000,0.049176
57,53,302,0.003321,0.000108,798091.000000,39509.000000,0.049504
58,54,302,0.003325,0.000096,830951.000000,40619.000000,0.048883
59,55,302,0.003330,0.000099,814484.000000,39684.000000,0.048723
60,56,300,0.003319,0.000109,789446.000000,36433.000000,0.046150
61,57,300,0.003328,0.000103,825785.000000,40576.000000,0.049136
62,58,300,0.003325,0.000115,835343.000000,40139.000000,0.048051
63,59,300,0.003320,0.000097,838635.000000,40480.000000,0.048269
64,60,300,0.003319,0.000125,884627.000000,41114.000000,0.046476
65,61,300,0.003323,0.000112,838245.000000,36764.000000,0.043858
66,62,300,0.003325,0.000125,859919.000000,41453.000000,0.048206
67,63,300,0.003323,0.000127,864079.000000,41399.000000,0.047911
68,64,300,0.003328,0.000126,874710.000000,41184.000000,0.047083
69,65,300,0.003319,0.000107,936133.000000,42208.000000,0.045088
70,66,300,0.003326,0.000107,864963.000000,38104.000000,0.044053
71,66,300,0.003325,0.000131,915756.000000,41216.000000,0.045008
72,66,300,0.003320,0.000107,937208.000000,41102.000000,0.043856
73,67,300,0.003324,0.000113,931897.000000,41998.000000,0.045067
74,67,300,0.003328,0.000118,907907.000000,40987.000000,0.045144
75,67,300,0.003330,0.000129,765186.000000,37634.000000,0.049183
76,68,300,0.003338,0.000128,857333.000000,43068.000000,0.050235
77,69,300,0.003345,0.000128,850704.000000,42059.000000,0.049440
78,70,300,0.003343,0.000140,841080.000000,42323.000000,0.050320
79,71,300,0.003340,0.000131,835866.000000,41154.000000,0.049235
80,72,300,0.003346,0.000130,810326.000000,37813.000000,0.046664
81,73,300,0.003332,0.000148,860230.000000,42168.000000,0.049019
82,74,300,0.003349,0.000149,878088.000000,44952.000000,0.051193
83,75,300,0.003349,0.000153,873000.000000,41843.000000,0.047930
84,76,300,0.003344,0.000162,894279.000000,42788.000000,0.047846
85,77,300,0.003322,0.000157,952328.000000,39018.000000,0.040971
86,77,300,0.003326,0.000124,996281.000000,42111.000000,0.042268
87,77,300,0.003324,0.000130,1025564.000000,42627.000000,0.041564
88,77,300,0.003323,0.000151,966709.000000,41389.000000,0.042814
89,78,300,0.003323,0.000161,988962.000000,42416.000000,0.042889
90,79,300,0.003324,0.000136,1021406.000000,39249.000000,0.038426
91,80,300,0.003322,0.000164,1011803.000000,42744.000000,0.042245
92,81,300,0.003325,0.000168,1061641.000000,42922.000000,0.040430
93,81,300,0.003323,0.000143,1107755.000000,43113.000000,0.038919
94,82,300,0.003325,0.000140,1043044.000000,43078.000000,0.041300
95,83,300,0.003323,0.000178,1011624.000000,39234.000000,0.038783
96,84,300,0.003323,0.000149,1107303.000000,43957.000000,0.039697
97,85,300,0.003323,0.000187,1081577.000000,43585.000000,0.040298
98,86,300,0.003337,0.000186,1021117.000000,43722.000000,0.042818
99,87,300,0.003344,0.000208,1039236.000000,44808.000000,0.043116
100,88,300,0.003347,0.000194,1004892.000000,40590.000000,0.040392
101,89,300,0.003354,0.000202,1056933.000000,45104.000000,0.042674
102,90,300,0.003347,0.000202,1071373.000000,45086.000000,0.042082
103,91,300,0.003345,0.000207,1063357.000000,44319.000000,0.041678
104,92,300,0.003347,0.000205,1103558.000000,45216.000000,0.040973
105,93,300,0.003338,0.000217,1093775.000000,41798.000000,0.038214
106,94,300,0.003337,0.000228,1173031.000000,46137.000000,0.039331
107,94,300,0.003350,0.000205,1153452.000000,46498.000000,0.040312
108,95,300,0.003335,0.000234,1175649.000000,46970.000000,0.039952
109,95,300,0.003337,0.000209,1182719.000000,46103.000000,0.038981
110,96,300,0.003341,0.000230,1202340.000000,44133.000000,0.036706
111,97,300,0.003337,0.000258,1274362.000000,47652.000000,0.037393
112,98,300,0.003346,0.000227,1267300.000000,47922.000000,0.037814
113,99,300,0.003357,0.000245,1293908.000000,48931.000000,0.037816
114,99,300,0.003344,0.000263,1266073.000000,47601.000000,0.037597
115,100,300,0.003343,0.000244,1252718.000000,44780.000000,0.035746
116,100,300,0.003358,0.000245,1276326.000000,48736.000000,0.038185
117,101,299,0.003345,0.000270,1289965.000000,48532.000000,0.037623
118,102,299,0.003346,0.000244,1312946.000000,49142.000000,0.037429
119,103,299,0.003359,0.000267,1331331.000000,51082.000000,0.038369
120,104,299,0.003345,0.000276,1299504.000000,45806.000000,0.035249
121,104,299,0.003355,0.000249,1334021.000000,49573.000000,0.037161
122,105,299,0.003350,0.000255,1364620.000000,49656.000000,0.036388
123,106,299,0.003343,0.000290,1358954.000000,50287.000000,0.037004
124,107,299,0.003341,0.000259,1405273.000000,51317.000000,0.036517
125,108,299,0.003349,0.000273,1391825.000000,47285.000000,0.033973
126,109,299,0.003346,0.000248,1478025.000000,51846.000000,0.035078
127,110,299,0.003349,0.000295,1455349.000000,52189.000000,0.035860
128,110,299,0.003358,0.000279,1444233.000000,51275.000000,0.035503
129,111,299,0.003347,0.000317,1476480.000000,52543.000000,0.035587
130,112,299,0.003346,0.000300,1473775.000000,48043.000000,0.032599
131,113,299,0.003356,0.000265,1516022.000000,51526.000000,0.033988
132,114,299,0.003351,0.000337,1563974.000000,51745.000000,0.033086
133,114,299,0.003349,0.000336,1537739.000000,51443.000000,0.033454
134,115,299,0.003358,0.000277,1614647.000000,52891.000000,0.032757
135,116,299,0.003347,0.000344,1565006.000000,49466.000000,0.031608
136,116,299,0.003352,0.000316,1629722.000000,52493.000000,0.032210
137,117,299,0.003361,0.000329,1641606.000000,53049.000000,0.032315
138,118,299,0.003335,0.000361,1678580.000000,54353.000000,0.032380
139,119,299,0.003351,0.000335,1660430.000000,52970.000000,0.031901
140,120,299,0.003361,0.000335,1664213.000000,49373.000000,0.029667
141,121,299,0.003349,0.000366,1686897.000000,54122.000000,0.032084
142,122,299,0.003353,0.000341,1740015.000000,54672.000000,0.031420
143,123,299,0.003354,0.000357,1728574.000000,54325.000000,0.031428
144,124,299,0.003349,0.000358,1745943.000000,53826.000000,0.030829
145,125,299,0.003354,0.000361,1757344.000000,51466.000000,0.029286
146,125,299,0.003361,0.000371,1800365.000000,55240.000000,0.030683
147,125,299,0.003343,0.000372,1804371.000000,54426.000000,0.030163
148,126,299,0.003353,0.000377,1858728.000000,56071.000000,0.030166
149,127,298,0.003352,0.000390,1922488.000000,57265.000000,0.029787
150,128,298,0.003351,0.000403,1927042.000000,54038.000000,0.028042
151,128,298,0.003355,0.000400,1949046.000000,57403.000000,0.029452
152,129,298,0.003329,0.000408,2099440.000000,58778.000000,0.027997
153,130,298,0.003323,0.000438,2210259.000000,68540.000000,0.031010
154,131,298,0.003318,0.000685,2342909.000000,98577.000000,0.042075
155,132,298,0.003328,0.000406,2212099.000000,56717.000000,0.025639
156,132,298,0.003316,0.000644,2346728.000000,85834.000000,0.036576
157,133,298,0.003324,0.000405,2246955.000000,60571.000000,0.026957
158,133,298,0.003325,0.000413,2236456.000000,60398.000000,0.027006
159,134,298,0.003322,0.000838,2342437.000000,88412.000000,0.037744
160,135,298,0.003326,0.000448,2299784.000000,60367.000000,0.026249
161,136,298,0.003323,0.000564,2307131.000000,67458.000000,0.029239
162,137,299,0.003318,0.000509,2292648.000000,59920.000000,0.026136
163,138,299,0.003324,0.000537,2330050.000000,61086.000000,0.026217
164,138,299,0.003322,0.000496,2355326.000000,60641.000000,0.025746
165,139,299,0.003323,0.000537,2292566.000000,57056.000000,0.024887
166,140,299,0.003327,0.000547,2351723.000000,62618.000000,0.026626
167,141,299,0.003318,0.000643,2493762.000000,78333.000000,0.031412
168,142,299,0.003324,0.000559,2486358.000000,64637.000000,0.025997
169,143,299,0.003321,0.000711,2607967.000000,78859.000000,0.030238
170,144,299,0.003322,0.000549,2536432.000000,60894.000000,0.024008
171,145,299,0.003324,0.000584,2552269.000000,63035.000000,0.024698
172,146,299,0.003321,0.000660,2626360.000000,66123.000000,0.025177
173,147,299,0.003329,0.000577,2687397.000000,66241.000000,0.024649
174,148,299,0.003317,0.000656,2720466.000000,68352.000000,0.025125
175,149,299,0.003323,0.000636,2619885.000000,62231.000000,0.023753
176,150,299,0.003328,0.000583,2732177.000000,66523.000000,0.024348
177,151,299,0.003320,0.000673,2733238.000000,68463.000000,0.025048
178,152,299,0.003321,0.000647,2786598.000000,68942.000000,0.024741
179,153,299,0.003326,0.000617,2783178.000000,68264.000000,0.024527
180,154,299,0.003320,0.000653,2774018.000000,64119.000000,0.023114
181,155,299,0.003324,0.000670,2788803.000000,67153.000000,0.024080
182,156,299,0.003327,0.000624,2867102.000000,67371.000000,0.023498
183,157,299,0.003326,0.000682,2911245.000000,67252.000000,0.023101
184,157,299,0.003319,0.000773,2968111.000000,74523.000000,0.025108
185,158,299,0.003326,0.000645,2833440.000000,64240.000000,0.022672
186,159,299,0.003327,0.001010,3075015.000000,94860.000000,0.030849
187,160,299,0.003314,0.000926,3106756.000000,86129.000000,0.027723
188,161,299,0.003330,0.000583,3083297.000000,71874.000000,0.023311
189,162,299,0.003319,0.000951,3192141.000000,94637.000000,0.029647
190,163,300,0.003323,0.000951,3247206.000000,96136.000000,0.029606
191,164,300,0.003326,0.000945,3267532.000000,102040.000000,0.031228
192,165,300,0.003318,0.000981,3291472.000000,97524.000000,0.029629
193,166,300,0.003324,0.000921,3240396.000000,77706.000000,0.023980
194,166,300,0.003328,0.000609,3132578.000000,72100.000000,0.023016
195,167,300,0.003319,0.000767,3123523.000000,68071.000000,0.021793
196,168,300,0.003321,0.000800,3230571.000000,75320.000000,0.023315
197,169,300,0.003324,0.000762,3216754.000000,73584.000000,0.022875
198,169,300,0.003322,0.000780,3237067.000000,73541.000000,0.022718
199,169,300,0.003321,0.000775,3179249.000000,71847.000000,0.022599
200,170,300,0.003326,0.000743,3221237.000000,69810.000000,0.021672
201,171,300,0.003322,0.000671,3337282.000000,74585.000000,0.022349
202,171,300,0.003318,0.000804,3311683.000000,76283.000000,0.023035
203,171,300,0.003329,0.000746,3273081.000000,73801.000000,0.022548
204,171,300,0.003321,0.000673,3267162.000000,74968.000000,0.022946
205,172,300,0.003319,0.000815,3268807.000000,72571.000000,0.022201
206,173,300,0.003328,0.000766,3387165.000000,75848.000000,0.022393
207,174,300,0.003319,0.000708,3456630.000000,77872.000000,0.022528
208,175,300,0.003321,0.000824,3421271.000000,77056.000000,0.022523
209,176,300,0.003328,0.000803,3551402.000000,77655.000000,0.021866
210,177,300,0.003320,0.000764,3630959.000000,76018.000000,0.020936
211,178,300,0.003322,0.000914,3748360.000000,80911.000000,0.021586
212,179,300,0.003325,0.000863,3632625.000000,79198.000000,0.021802
213,180,300,0.003320,0.000772,3640968.000000,77724.000000,0.021347
214,181,300,0.003324,0.000915,3696940.000000,80622.000000,0.021808
215,181,300,0.003324,0.001025,3800215.000000,91264.000000,0.024015
216,181,300,0.003322,0.000811,3791002.000000,82781.000000,0.021836
217,182,300,0.003325,0.000786,3793287.000000,82197.000000,0.021669
218,182,300,0.003328,0.000743,3838628.000000,82644.000000,0.021530
219,183,300,0.003318,0.000831,3809794.000000,85132.000000,0.022346
220,184,300,0.003321,0.000954,3842251.000000,80574.000000,0.020971
221,185,300,0.003329,0.000907,3838935.000000,84637.000000,0.022047
222,186,300,0.003316,0.000864,3956135.000000,85236.000000,0.021545
223,187,300,0.003324,0.000990,3997707.000000,86499.000000,0.021637
224,187,300,0.003322,0.001043,4009683.000000,94111.000000,0.023471
225,188,300,0.003322,0.000924,3943363.000000,82482.000000,0.020917
226,189,300,0.003323,0.000995,4069927.000000,86351.000000,0.021217
227,190,300,0.003325,0.000958,4156147.000000,88867.000000,0.021382
228,191,300,0.003322,0.000908,4241580.000000,90228.000000,0.021272
229,192,300,0.003326,0.001071,4220728.000000,94864.000000,0.022476
230,193,300,0.003323,0.001309,4545818.000000,119222.000000,0.026227
231,194,300,0.003320,0.001328,4582551.000000,121982.000000,0.026619
232,195,300,0.003326,0.000908,4443934.000000,95457.000000,0.021480
233,196,300,0.003326,0.001030,4375111.000000,92199.000000,0.021074
234,197,300,0.003317,0.000970,4498411.000000,92050.000000,0.020463
235,198,300,0.003323,0.001125,4452221.000000,87234.000000,0.019593
236,199,300,0.003325,0.001058,4543594.000000,93056.000000,0.020481
237,200,300,0.003321,0.001003,4583409.000000,94964.000000,0.020719
238,201,300,0.003323,0.001144,4661998.000000,95953.000000,0.020582
239,201,300,0.003324,0.001095,4613417.000000,95174.000000,0.020630
240,202,300,0.003326,0.001038,4653330.000000,93502.000000,0.020094
241,203,300,0.003324,0.001180,4677980.000000,96705.000000,0.020672
242,203,300,0.003326,0.001108,4730710.000000,97466.000000,0.020603
243,204,300,0.003327,0.001061,4743071.000000,97065.000000,0.020465
244,205,300,0.003318,0.001637,5204092.000000,134041.000000,0.025757
245,205,300,0.003324,0.001247,4919844.000000,114101.000000,0.023192
246,206,300,0.003322,0.001211,4922968.000000,100149.000000,0.020343
247,207,300,0.003327,0.001158,4940111.000000,104196.000000,0.021092
248,207,300,0.003324,0.001095,4877924.000000,100621.000000,0.020628
249,208,300,0.003323,0.001067,4908717.000000,101433.000000,0.020664
250,208,300,0.003325,0.001115,4821786.000000,95859.000000,0.019880
251,208,300,0.003326,0.001093,4855383.000000,98758.000000,0.020340
252,209,300,0.003324,0.001070,4986312.000000,99315.000000,0.019918
253,210,300,0.003325,0.001142,4944666.000000,100383.000000,0.020301
254,211,300,0.003400,0.001267,5007729.000000,105700.000000,0.021107
255,212,300,0.003386,0.001143,5022432.000000,100092.000000,0.019929
256,213,300,0.003387,0.001152,5095274.000000,102697.000000,0.020155
257,214,300,0.003389,0.001167,5208532.000000,107287.000000,0.020598
258,215,300,0.003387,0.001125,5229452.000000,104946.000000,0.020068
259,215,300,0.003385,0.001184,5190607.000000,103561.000000,0.019952
260,216,300,0.003389,0.001184,5236902.000000,103145.000000,0.019696
261,217,300,0.003401,0.001260,5294976.000000,106402.000000,0.020095
262,218,300,0.003384,0.001177,5294556.000000,105448.000000,0.019916
263,219,299,0.003389,0.001187,5344059.000000,109543.000000,0.020498
264,219,299,0.003398,0.001268,5287022.000000,104330.000000,0.019733
265,220,299,0.003385,0.001172,5315296.000000,105963.000000,0.019935
266,221,299,0.003450,0.001274,5481151.000000,110483.000000,0.020157
267,221,299,0.003385,0.001228,5514602.000000,109764.000000,0.019904
268,222,299,0.003390,0.001151,5627275.000000,113930.000000,0.020246
269,223,299,0.003405,0.001321,5739625.000000,112091.000000,0.019529
270,224,299,0.003393,0.001251,5808641.000000,115027.000000,0.019803
271,225,298,0.003392,0.001306,5803061.000000,115691.000000,0.019936
272,225,298,0.003401,0.001354,5933980.000000,120664.000000,0.020334
273,225,298,0.003395,0.001254,5912901.000000,120409.000000,0.020364
274,226,298,0.003407,0.001410,5902325.000000,114448.000000,0.019390
275,227,298,0.003392,0.001236,6050535.000000,119540.000000,0.019757
276,228,298,0.003389,0.001378,6132881.000000,120088.000000,0.019581
277,229,298,0.003402,0.001362,6104626.000000,119888.000000,0.019639
278,229,298,0.003393,0.001268,6086425.000000,119502.000000,0.019634
279,230,298,0.003404,0.001390,6069829.000000,116184.000000,0.019141
280,231,297,0.003402,0.001335,6190934.000000,119651.000000,0.019327
281,232,297,0.003406,0.001518,6329253.000000,124480.000000,0.019667
282,233,297,0.003396,0.001292,6265117.000000,122659.000000,0.019578
283,233,297,0.003401,0.001313,6309582.000000,123218.000000,0.019529
284,234,297,0.003408,0.001509,6412547.000000,121007.000000,0.018870
285,235,297,0.003400,0.001358,6596441.000000,126618.000000,0.019195
286,235,297,0.003419,0.001466,6435569.000000,124373.000000,0.019326
287,236,297,0.003402,0.001482,6563863.000000,125942.000000,0.019187
288,237,297,0.003403,0.001395,6682502.000000,128294.000000,0.019198
289,238,296,0.003412,0.001475,6817252.000000,142297.000000,0.020873
290,239,296,0.003403,0.001382,6672670.000000,127428.000000,0.019097
291,239,296,0.003413,0.001514,6814682.000000,127205.000000,0.018666
292,240,296,0.003325,0.001513,7023731.000000,133164.000000,0.018959
293,240,296,0.003415,0.001827,7070014.000000,135646.000000,0.019186
294,241,296,0.003404,0.001475,7050419.000000,128713.000000,0.018256
295,242,296,0.003410,0.001524,7260369.000000,136565.000000,0.018810
296,243,296,0.003417,0.001687,7318919.000000,137209.000000,0.018747
297,243,295,0.003407,0.001519,7260888.000000,136461.000000,0.018794
298,244,295,0.003372,0.001562,7295819.000000,138666.000000,0.019006
299,245,295,0.003415,0.001686,7361440.000000,134846.000000,0.018318
300,246,295,0.003409,0.001544,7379229.000000,139915.000000,0.018961
301,246,295,0.003418,0.001681,7446983.000000,141141.000000,0.018953
302,247,295,0.003417,0.001612,7460601.000000,139268.000000,0.018667
303,248,295,0.003422,0.001678,7545551.000000,139887.000000,0.018539
304,249,295,0.003417,0.001781,7549758.000000,140252.000000,0.018577
305,249,294,0.003405,0.001637,7598967.000000,141998.000000,0.018686
306,249,294,0.003421,0.001786,7573866.000000,142226.000000,0.018779
307,249,294,0.003414,0.001623,7698846.000000,146063.000000,0.018972
308,250,294,0.003421,0.001789,7705935.000000,141732.000000,0.018393
309,251,294,0.003412,0.001626,7722822.000000,144646.000000,0.018730
310,252,294,0.003420,0.001666,7861610.000000,148582.000000,0.018900
311,253,294,0.003417,0.001746,7935949.000000,147254.000000,0.018555
312,254,294,0.003426,0.001670,8060349.000000,148798.000000,0.018460
313,255,293,0.003426,0.001919,8220971.000000,149809.000000,0.018223
314,256,293,0.003419,0.001725,8274244.000000,155406.000000,0.018782
315,257,293,0.003428,0.001840,8180605.000000,153953.000000,0.018819
316,257,293,0.003417,0.001720,8292222.000000,153719.000000,0.018538
317,258,293,0.003418,0.001741,8246626.000000,153298.000000,0.018589
318,259,293,0.003427,0.001843,8195326.000000,149920.000000,0.018293
319,260,293,0.003415,0.001757,8360658.000000,155377.000000,0.018584
320,261,293,0.003425,0.001868,8375817.000000,155170.000000,0.018526
321,262,293,0.003425,0.001752,8401150.000000,156918.000000,0.018678
322,263,293,0.003420,0.001761,8495634.000000,157136.000000,0.018496
323,264,293,0.003421,0.001799,8514570.000000,154957.000000,0.018199
324,265,293,0.003423,0.001797,8625208.000000,159377.000000,0.018478
325,266,293,0.003426,0.001883,8708420.000000,162022.000000,0.018605
326,267,293,0.003417,0.001840,8854101.000000,162024.000000,0.018299
327,268,293,0.003433,0.002018,8878682.000000,164364.000000,0.018512
328,269,293,0.003428,0.001922,8912884.000000,161301.000000,0.018098
329,270,293,0.003427,0.001886,8986318.000000,166159.000000,0.018490
330,270,293,0.003439,0.002134,9011179.000000,168668.000000,0.018718
331,270,293,0.003432,0.001951,8995895.000000,166952.000000,0.018559
332,271,293,0.003426,0.001905,9128911.000000,168203.000000,0.018425
333,272,293,0.003397,0.001953,9162492.000000,166647.000000,0.018188
334,273,293,0.003432,0.001983,9248413.000000,168899.000000,0.018262
335,274,292,0.003431,0.001948,9352974.000000,172622.000000,0.018456
336,275,292,0.003434,0.001996,9412337.000000,173685.000000,0.018453
337,276,292,0.003434,0.002032,9358158.000000,172800.000000,0.018465
338,277,292,0.003432,0.001980,9480560.000000,169263.000000,0.017854
339,278,292,0.003434,0.002047,9513652.000000,174170.000000,0.018307
340,279,292,0.003438,0.002063,9692141.000000,174951.000000,0.018051
341,280,292,0.003434,0.002054,9694811.000000,174878.000000,0.018038
342,281,292,0.003475,0.002094,9768670.000000,174517.000000,0.017865
343,282,292,0.003431,0.002074,9783614.000000,180261.000000,0.018425
344,283,292,0.003443,0.002068,9831246.000000,180173.000000,0.018327
345,284,292,0.003431,0.002091,9987220.000000,180154.000000,0.018038
346,284,292,0.003436,0.002099,9946098.000000,181027.000000,0.018201
347,285,292,0.003442,0.002124,9958636.000000,178774.000000,0.017952
348,286,292,0.003439,0.002115,10107084.000000,183145.000000,0.018120
349,287,292,0.003438,0.002141,10070214.000000,182971.000000,0.018170
350,288,292,0.003443,0.002131,10097378.000000,183767.000000,0.018199
351,289,292,0.003411,0.002151,10142196.000000,184527.000000,0.018194
352,289,292,0.003439,0.002144,10227640.000000,182053.000000,0.017800
353,290,292,0.003447,0.002173,10245986.000000,185647.000000,0.018119
354,291,291,0.003438,0.002221,10331153.000000,188482.000000,0.018244
355,292,291,0.003442,0.002182,10387981.000000,186515.000000,0.017955
356,293,291,0.003446,0.002238,10504496.000000,188984.000000,0.017991
357,294,291,0.003446,0.002300,10557980.000000,185138.000000,0.017535
358,294,291,0.003444,0.002247,10572727.000000,187513.000000,0.017736
359,295,291,0.003448,0.002286,10720999.000000,190375.000000,0.017757
360,296,291,0.003381,0.002321,10791250.000000,190926.000000,0.017693
361,296,291,0.003347,0.002392,10811906.000000,190181.000000,0.017590
362,296,291,0.003346,0.002276,10710832.000000,186679.000000,0.017429
363,297,292,0.003350,0.002294,10937225.000000,192060.000000,0.017560
364,298,292,0.003350,0.002295,10993454.000000,193388.000000,0.017591
365,299,292,0.003350,0.002332,10984693.000000,194709.000000,0.017725
366,300,292,0.003352,0.002334,11100906.000000,195517.000000,0.017613
367,301,292,0.003349,0.002345,11008478.000000,189434.000000,0.017208
368,302,292,0.003353,0.002354,11200581.000000,194769.000000,0.017389
369,302,292,0.003352,0.002373,11196188.000000,196005.000000,0.017506
370,303,292,0.003353,0.002379,11280262.000000,195765.000000,0.017355
371,304,292,0.003326,0.002401,11435975.000000,198288.000000,0.017339
372,305,292,0.003354,0.002410,11405565.000000,196190.000000,0.017201
373,306,292,0.003354,0.002427,11426613.000000,203644.000000,0.017822
374,306,293,0.003356,0.002428,11557624.000000,204561.000000,0.017699
375,307,293,0.003464,0.002492,11700027.000000,207288.000000,0.017717
376,307,292,0.003454,0.002481,11792747.000000,208194.000000,0.017654
377,308,293,0.003379,0.002907,11872939.000000,209894.000000,0.017678
378,309,293,0.003359,0.002524,11848006.000000,211864.000000,0.017882
379,310,293,0.003361,0.002543,11929386.000000,211708.000000,0.017747
380,310,293,0.003362,0.002583,11938163.000000,208352.000000,0.017453
381,311,293,0.003368,0.002700,11953854.000000,212748.000000,0.017797
382,311,293,0.003359,0.002529,11857847.000000,205179.000000,0.017303
383,311,293,0.003360,0.002523,11897875.000000,209689.000000,0.017624
384,311,293,0.003364,0.002528,11888086.000000,209143.000000,0.017593
385,312,293,0.003360,0.002535,11920277.000000,209628.000000,0.017586
386,313,293,0.003363,0.002529,12109113.000000,213026.000000,0.017592
387,314,293,0.003365,0.002590,12312547.000000,212292.000000,0.017242
388,314,294,0.003361,0.002543,12091321.000000,209858.000000,0.017356
389,314,294,0.003363,0.002561,12208799.000000,212504.000000,0.017406
390,315,294,0.003370,0.002686,12279589.000000,217595.000000,0.017720
391,316,294,0.003364,0.002590,12331524.000000,211729.000000,0.017170
392,317,294,0.003367,0.002627,12482890.000000,216955.000000,0.017380
393,318,294,0.003362,0.002656,12663551.000000,219582.000000,0.017340
394,319,294,0.003372,0.002722,12948404.000000,223575.000000,0.017267
395,320,294,0.003373,0.002755,13060311.000000,227631.000000,0.017429
396,321,294,0.003370,0.002708,12864671.000000,218315.000000,0.016970
397,322,294,0.003372,0.002771,12996866.000000,228320.000000,0.017567
398,322,294,0.003374,0.002764,13042467.000000,227693.000000,0.017458
399,323,294,0.003374,0.002790,13157320.000000,230211.000000,0.017497
400,323,295,0.003362,0.002763,13050766.000000,229008.000000,0.017547
401,324,295,0.003375,0.002784,13165767.000000,226800.000000,0.017226
402,325,295,0.003373,0.002807,13277851.000000,232360.000000,0.017500
403,325,295,0.003388,0.002875,13436674.000000,235097.000000,0.017497
404,325,295,0.003373,0.002884,13440910.000000,235114.000000,0.017492
405,326,295,0.003378,0.002897,13454664.000000,232889.000000,0.017309
406,326,295,0.003386,0.002958,13464509.000000,234414.000000,0.017410
407,327,295,0.003378,0.002915,13475025.000000,234728.000000,0.017419
408,327,295,0.003376,0.002856,13416496.000000,233332.000000,0.017391
409,328,295,0.003390,0.002865,13436264.000000,232313.000000,0.017290
410,329,296,0.003322,0.002980,13662737.000000,235265.000000,0.017219
411,330,296,0.003384,0.002932,13749015.000000,234549.000000,0.017059
412,330,296,0.003386,0.002876,13582453.000000,235621.000000,0.017347
413,331,296,0.003334,0.003025,13719035.000000,240459.000000,0.017527
414,332,296,0.003383,0.002897,13791036.000000,238276.000000,0.017278
415,333,296,0.003389,0.002952,13729110.000000,239682.000000,0.017458
416,333,296,0.003378,0.002956,13850824.000000,235947.000000,0.017035
417,333,296,0.003382,0.002958,13788092.000000,239497.000000,0.017370
418,334,296,0.003448,0.003072,14014406.000000,246557.000000,0.017593
419,335,296,0.003381,0.003018,14014533.000000,243889.000000,0.017403
420,336,296,0.003414,0.003078,14230342.000000,247366.000000,0.017383
421,337,296,0.003550,0.003255,14274863.000000,250197.000000,0.017527
422,338,296,0.003389,0.003056,14357870.000000,249630.000000,0.017386
423,339,296,0.003359,0.003074,14274515.000000,250620.000000,0.017557
424,340,295,0.003583,0.003254,14523300.000000,255468.000000,0.017590
425,340,295,0.003380,0.003092,14324862.000000,248193.000000,0.017326
426,341,295,0.003376,0.003051,14446856.000000,245439.000000,0.016989
427,342,295,0.003603,0.003305,14669088.000000,255744.000000,0.017434
428,343,295,0.003432,0.003104,14655074.000000,254242.000000,0.017348
429,344,295,0.003421,0.003141,14674202.000000,254143.000000,0.017319
430,345,295,0.003490,0.003158,14857816.000000,257053.000000,0.017301
431,346,294,0.003474,0.003176,14969940.000000,253534.000000,0.016936
432,347,294,0.003444,0.003148,14822899.000000,255487.000000,0.017236
433,348,294,0.003517,0.003193,15021537.000000,257680.000000,0.017154
434,349,294,0.003489,0.003187,14998724.000000,256694.000000,0.017114
435,350,294,0.003500,0.003205,15104378.000000,254561.000000,0.016853
436,351,294,0.003616,0.003282,15299506.000000,262985.000000,0.017189
437,352,293,0.003547,0.003264,15283780.000000,260500.000000,0.017044
438,353,293,0.003571,0.003260,15377393.000000,264461.000000,0.017198
439,353,293,0.003594,0.003315,15382536.000000,262359.000000,0.017056
440,354,292,0.003578,0.003294,15443374.000000,260312.000000,0.016856
441,354,292,0.003662,0.003379,15594640.000000,268078.000000,0.017190
442,355,292,0.003652,0.003337,15712501.000000,266647.000000,0.016970
443,356,291,0.003632,0.003358,15656433.000000,265457.000000,0.016955
444,357,291,0.003766,0.003430,15914171.000000,272239.000000,0.017107
445,358,290,0.003710,0.003401,15976441.000000,268135.000000,0.016783
446,359,290,0.003739,0.003402,16108951.000000,273384.000000,0.016971
447,360,289,0.003814,0.003491,16220631.000000,275685.000000,0.016996
448,361,288,0.003837,0.003500,16350230.000000,275837.000000,0.016871
449,362,288,0.003869,0.003544,16420744.000000,273793.000000,0.016674
450,363,287,0.003835,0.003496,16520959.000000,277379.000000,0.016790
451,364,286,0.003834,0.003554,16513917.000000,278115.000000,0.016841
452,365,286,0.003885,0.003567,16626226.000000,280156.000000,0.016850
453,365,285,0.003864,0.003546,16711292.000000,278065.000000,0.016639
454,365,284,0.003896,0.003597,16702436.000000,279557.000000,0.016737
455,366,284,0.003862,0.003572,16695952.000000,280086.000000,0.016776
456,367,283,0.003878,0.003579,16780931.000000,280044.000000,0.016688
457,368,282,0.004016,0.003678,17066799.000000,286983.000000,0.016815
458,369,281,0.003936,0.003637,17006557.000000,280930.000000,0.016519
459,370,280,0.003959,0.003621,17054043.000000,285955.000000,0.016768
460,371,280,0.004043,0.003698,17230362.000000,286666.000000,0.016637
461,372,279,0.004025,0.003697,17384436.000000,289789.000000,0.016669
462,373,278,0.004091,0.003804,17408068.000000,288665.000000,0.016582
463,374,277,0.004057,0.003740,17545048.000000,292474.000000,0.016670
464,374,276,0.004091,0.003796,17591376.000000,295425.000000,0.016794
465,375,275,0.004053,0.003763,17579389.000000,295218.000000,0.016793
466,376,274,0.004070,0.003755,17686108.000000,292073.000000,0.016514
467,376,273,0.004120,0.003839,17784988.000000,295713.000000,0.016627
468,377,272,0.004093,0.003814,17774956.000000,295990.000000,0.016652
469,378,272,0.004125,0.003847,17791649.000000,296870.000000,0.016686
470,379,271,0.004118,0.003812,17888344.000000,292918.000000,0.016375
471,379,270,0.004094,0.003819,17848124.000000,295121.000000,0.016535
472,380,269,0.004194,0.003876,18049413.000000,298493.000000,0.016538
473,381,268,0.004209,0.003906,18019786.000000,303543.000000,0.016845
474,381,267,0.004193,0.003911,17991511.000000,297244.000000,0.016521
475,381,266,0.004152,0.003851,18048251.000000,300612.000000,0.016656
476,381,265,0.004223,0.003893,18172544.000000,303062.000000,0.016677
477,381,264,0.004146,0.003861,17966102.000000,299293.000000,0.016659
478,382,263,0.004189,0.003861,18155925.000000,298902.000000,0.016463
479,383,262,0.004285,0.003984,18340477.000000,306226.000000,0.016697
480,384,261,0.004253,0.003912,18406863.000000,304651.000000,0.016551
481,385,260,0.004332,0.003994,18606005.000000,309239.000000,0.016620
482,386,259,0.004219,0.003910,18360555.000000,300944.000000,0.016391
483,386,258,0.004281,0.003960,18623783.000000,308497.000000,0.016565
484,387,257,0.004301,0.003976,18581837.000000,307706.000000,0.016560
485,388,256,0.004322,0.004005,18746522.000000,311751.000000,0.016630
486,389,255,0.004372,0.004041,18881929.000000,310324.000000,0.016435
487,390,254,0.004417,0.004093,19238534.000000,316620.000000,0.016458
488,390,253,0.004486,0.004138,19312565.000000,320561.000000,0.016599
489,391,252,0.004376,0.004096,19093872.000000,315972.000000,0.016548
490,391,251,0.004425,0.004149,19075225.000000,312955.000000,0.016406
491,392,250,0.004415,0.004111,19235005.000000,318882.000000,0.016578
492,393,249,0.004427,0.004126,19284071.000000,318697.000000,0.016526
493,394,248,0.004496,0.004193,19345801.000000,316312.000000,0.016350
494,394,247,0.004461,0.004160,19453132.000000,317619.000000,0.016327
495,395,246,0.004543,0.004250,19516669.000000,322670.000000,0.016533
496,396,245,0.004581,0.004209,19647374.000000,322399.000000,0.016409
497,396,244,0.004584,0.004290,19876712.000000,322173.000000,0.016209
498,397,243,0.004599,0.004278,19975336.000000,326562.000000,0.016348
499,397,242,0.004635,0.004293,20030010.000000,326925.000000,0.016322
500,397,241,0.004569,0.004280,19903462.000000,324927.000000,0.016325
501,398,240,0.004606,0.004319,19988954.000000,324300.000000,0.016224
502,399,239,0.004657,0.004320,20256499.000000,328468.000000,0.016215
503,400,238,0.004663,0.004323,20347308.000000,330877.000000,0.016261
504,401,237,0.004711,0.004371,20489254.000000,330590.000000,0.016135
505,402,236,0.004718,0.004407,20551271.000000,337978.000000,0.016446
506,402,236,0.004704,0.004393,20446776.000000,334295.000000,0.016350
507,403,235,0.004711,0.004415,20488767.000000,336714.000000,0.016434
508,404,234,0.004770,0.004448,20663942.000000,335458.000000,0.016234
509,404,233,0.004781,0.004452,20817068.000000,338143.000000,0.016244
510,405,232,0.004800,0.004467,20792048.000000,338679.000000,0.016289
511,406,231,0.004800,0.004517,20886768.000000,338318.000000,0.016198
512,407,230,0.004878,0.004551,21128788.000000,343257.000000,0.016246
513,408,229,0.004902,0.004600,21323354.000000,346060.000000,0.016229
514,409,229,0.004934,0.004591,21443872.000000,347492.000000,0.016205
515,410,228,0.004875,0.004605,21395695.000000,341172.000000,0.015946
516,411,227,0.005015,0.004662,21702328.000000,347878.000000,0.016030
517,412,226,0.005242,0.004879,21777627.000000,353388.000000,0.016227
518,413,225,0.005236,0.004899,21938812.000000,350058.000000,0.015956
519,414,224,0.004992,0.004702,21910097.000000,354893.000000,0.016198
520,415,223,0.005042,0.004698,22062200.000000,355200.000000,0.016100
521,416,222,0.004991,0.004720,21955111.000000,351322.000000,0.016002
522,417,221,0.005040,0.004715,22130748.000000,356262.000000,0.016098
523,418,220,0.005018,0.004741,22090733.000000,357017.000000,0.016161
524,419,220,0.005071,0.004740,22269957.000000,358376.000000,0.016092
525,420,219,0.005042,0.004760,22171953.000000,355391.000000,0.016029
526,420,218,0.005067,0.004751,22249400.000000,359199.000000,0.016144
527,421,217,0.005070,0.004785,22305958.000000,360259.000000,0.016151
528,422,217,0.005055,0.004783,22264611.000000,356090.000000,0.015994
529,423,216,0.005088,0.004785,22404774.000000,360003.000000,0.016068
530,424,215,0.005160,0.004808,22639819.000000,362911.000000,0.016030
531,425,214,0.005134,0.004850,22601293.000000,359389.000000,0.015901
532,425,213,0.005136,0.004849,22626865.000000,361368.000000,0.015971
533,426,213,0.005136,0.004857,22639082.000000,362461.000000,0.016010
534,427,212,0.005158,0.004848,22727051.000000,360210.000000,0.015849
535,427,211,0.005148,0.004868,22724220.000000,363388.000000,0.015991
536,428,211,0.005219,0.004878,22938376.000000,366140.000000,0.015962
537,428,209,0.005633,0.005262,23153643.000000,370926.000000,0.016020
538,428,209,0.005247,0.004956,22838273.000000,360561.000000,0.015788
539,429,208,0.005527,0.005160,23195637.000000,371582.000000,0.016019
540,429,207,0.005363,0.005002,23298474.000000,371254.000000,0.015935
541,430,206,0.005487,0.005140,23552789.000000,368630.000000,0.015651
542,431,205,0.005430,0.005108,23428589.000000,370642.000000,0.015820
543,432,204,0.005480,0.005172,23391288.000000,372470.000000,0.015923
544,433,204,0.005346,0.005042,23404544.000000,370556.000000,0.015833
545,434,203,0.005470,0.005160,23491874.000000,377428.000000,0.016066
546,434,202,0.005397,0.005046,23643008.000000,376062.000000,0.015906
547,434,201,0.005993,0.005269,23951333.000000,390807.000000,0.016317
548,435,200,0.005868,0.005071,23575157.000000,379506.000000,0.016098
549,436,199,0.005700,0.005120,23596444.000000,379389.000000,0.016078
550,437,198,0.005776,0.005094,23730297.000000,379675.000000,0.016000
551,437,198,0.005647,0.005070,23657948.000000,378974.000000,0.016019
552,438,197,0.005813,0.005175,23925836.000000,383461.000000,0.016027
553,439,196,0.005708,0.005137,23899162.000000,378959.000000,0.015857
554,440,195,0.005903,0.005250,24199342.000000,386758.000000,0.015982
555,441,194,0.005826,0.005241,24189471.000000,384518.000000,0.015896
556,442,193,0.005889,0.005241,24397158.000000,390080.000000,0.015989
557,443,193,0.005937,0.005294,24530779.000000,391384.000000,0.015955
558,443,192,0.005811,0.005225,24411481.000000,385375.000000,0.015787
559,444,191,0.005980,0.005343,24626208.000000,392514.000000,0.015939
560,445,190,0.005917,0.005264,24568823.000000,391419.000000,0.015932
561,446,189,0.005905,0.005337,24489759.000000,387656.000000,0.015829
562,447,189,0.006054,0.005385,24859178.000000,395238.000000,0.015899
563,448,188,0.006040,0.005382,25288514.000000,400329.000000,0.015830
564,449,187,0.006025,0.005387,24849391.000000,389564.000000,0.015677
565,450,186,0.005971,0.005377,24879856.000000,394512.000000,0.015857
566,451,185,0.006075,0.005421,25172277.000000,394722.000000,0.015681
567,452,185,0.006169,0.005540,25534140.000000,401569.000000,0.015727
568,453,184,0.005993,0.005381,25224527.000000,397186.000000,0.015746
569,453,183,0.006139,0.005506,25380163.000000,396737.000000,0.015632
570,454,182,0.006128,0.005474,25567435.000000,402615.000000,0.015747
571,454,182,0.006067,0.005690,25742551.000000,401125.000000,0.015582
572,455,181,0.006034,0.005664,25993042.000000,400695.000000,0.015415
573,456,180,0.006008,0.005640,26336634.000000,407974.000000,0.015491
574,457,180,0.006095,0.005725,26215657.000000,409243.000000,0.015611
575,458,179,0.006087,0.005744,26381083.000000,405274.000000,0.015362
576,458,179,0.006002,0.005707,26281474.000000,406710.000000,0.015475
577,459,178,0.006167,0.005798,26575004.000000,410455.000000,0.015445
578,460,178,0.006208,0.005806,26753725.000000,415861.000000,0.015544
579,461,177,0.006197,0.005806,26956107.000000,417006.000000,0.015470
580,462,176,0.006288,0.005921,27060105.000000,416862.000000,0.015405
581,463,176,0.006219,0.005891,27367293.000000,424237.000000,0.015502
582,464,175,0.006451,0.006061,27542006.000000,428591.000000,0.015561
583,465,174,0.006365,0.006008,27522062.000000,426401.000000,0.015493
584,466,174,0.006371,0.006020,27743140.000000,431920.000000,0.015569
585,467,173,0.006762,0.006106,27655277.000000,433376.000000,0.015671
586,467,172,0.006592,0.005963,27725745.000000,428105.000000,0.015441
587,468,171,0.006682,0.006098,27895024.000000,436203.000000,0.015637
588,468,170,0.006684,0.006052,27975035.000000,433044.000000,0.015480
589,469,170,0.006688,0.006036,28140302.000000,439920.000000,0.015633
590,470,169,0.006626,0.006021,27916514.000000,435464.000000,0.015599
591,470,168,0.006725,0.006098,28186356.000000,437975.000000,0.015539
592,470,167,0.006661,0.006036,28143999.000000,439093.000000,0.015602
593,470,167,0.006706,0.006083,28254685.000000,436563.000000,0.015451
594,471,166,0.006819,0.006188,28587256.000000,447426.000000,0.015651
595,471,165,0.006811,0.006154,28615303.000000,444196.000000,0.015523
596,472,164,0.006817,0.006151,28937876.000000,451780.000000,0.015612
597,472,164,0.006852,0.006260,28789358.000000,450693.000000,0.015655
598,472,163,0.006838,0.006260,28748748.000000,448290.000000,0.015593
599,473,163,0.006768,0.006177,28761145.000000,451606.000000,0.015702
600,474,162,0.006866,0.006261,28864434.000000,449946.000000,0.015588
601,475,161,0.006918,0.006322,29054920.000000,455717.000000,0.015685
602,475,161,0.006978,0.006369,29110428.000000,454869.000000,0.015626
603,476,160,0.006966,0.006376,29071296.000000,453464.000000,0.015598
604,477,159,0.006825,0.006446,29319839.000000,455614.000000,0.015539
605,478,159,0.006831,0.006463,29777368.000000,455933.000000,0.015311
606,478,158,0.006717,0.006368,29423959.000000,451833.000000,0.015356
607,478,158,0.006814,0.006474,29618860.000000,453529.000000,0.015312
608,478,158,0.006764,0.006439,29555137.000000,452683.000000,0.015317
609,479,157,0.006765,0.006456,29699491.000000,459206.000000,0.015462
610,479,157,0.006941,0.006587,29987105.000000,459703.000000,0.015330
611,480,156,0.006906,0.006574,30091271.000000,458559.000000,0.015239
612,481,156,0.006887,0.006525,30145827.000000,465920.000000,0.015456
613,482,155,0.006944,0.006614,30185142.000000,464904.000000,0.015402
614,483,155,0.006999,0.006610,30271515.000000,466903.000000,0.015424
615,483,154,0.006879,0.006538,30447561.000000,462478.000000,0.015189
616,484,154,0.007128,0.006730,30809781.000000,471097.000000,0.015291
617,484,153,0.007158,0.006803,31036221.000000,471205.000000,0.015182
618,485,153,0.007466,0.006803,30991071.000000,476179.000000,0.015365
619,486,152,0.007372,0.006722,31196884.000000,482226.000000,0.015458
620,487,151,0.007782,0.007136,31195958.000000,480340.000000,0.015398
621,488,151,0.007452,0.006802,31484647.000000,485739.000000,0.015428
622,489,150,0.007391,0.006721,31387560.000000,482309.000000,0.015366
623,490,150,0.007538,0.006869,31863230.000000,489511.000000,0.015363
624,491,149,0.007502,0.006863,31627211.000000,485441.000000,0.015349
625,492,149,0.007698,0.007095,31691669.000000,489655.000000,0.015451
626,493,148,0.007432,0.006836,31693261.000000,486509.000000,0.015351
627,494,148,0.007557,0.006881,32053938.000000,492882.000000,0.015377
628,495,147,0.007592,0.006938,32170937.000000,491982.000000,0.015293
629,496,146,0.007621,0.006941,32211775.000000,495200.000000,0.015373
630,497,146,0.007657,0.006971,32277957.000000,501491.000000,0.015537
631,498,145,0.007488,0.006913,32123374.000000,493038.000000,0.015348
632,499,145,0.007638,0.006996,32411426.000000,499951.000000,0.015425
633,500,144,0.007608,0.007027,32291734.000000,493716.000000,0.015289
634,501,144,0.007688,0.006979,32550890.000000,500814.000000,0.015386
635,502,143,0.007586,0.006972,32563156.000000,499632.000000,0.015343
636,503,143,0.007727,0.007071,32853899.000000,503666.000000,0.015330
637,504,142,0.007760,0.007171,32908284.000000,501715.000000,0.015246
638,504,141,0.007795,0.007131,33087702.000000,505641.000000,0.015282
639,505,141,0.007771,0.007146,33213038.000000,505466.000000,0.015219
640,506,140,0.007874,0.007201,33563277.000000,512010.000000,0.015255
641,507,140,0.008121,0.007511,33684097.000000,512840.000000,0.015225
642,508,139,0.007934,0.007291,33719859.000000,516147.000000,0.015307
643,509,139,0.007942,0.007352,33681867.000000,514913.000000,0.015288
644,510,138,0.007899,0.007267,33826885.000000,518099.000000,0.015316
645,511,138,0.007939,0.007341,33937397.000000,518628.000000,0.015282
646,511,138,0.007952,0.007369,33894935.000000,513665.000000,0.015155
647,512,137,0.007985,0.007376,33973873.000000,518419.000000,0.015259
648,513,137,0.008073,0.007387,34252111.000000,518689.000000,0.015143
649,514,136,0.008091,0.007424,34648466.000000,528302.000000,0.015247
650,514,136,0.008065,0.007413,34404171.000000,518015.000000,0.015057
651,515,135,0.008022,0.007670,34604527.000000,525693.000000,0.015191
652,516,135,0.007929,0.007560,34541954.000000,519177.000000,0.015030
653,516,135,0.007889,0.007551,34427753.000000,520991.000000,0.015133
654,517,134,0.007875,0.007499,34655550.000000,520129.000000,0.015009
655,518,134,0.007877,0.007538,34696806.000000,525284.000000,0.015139
656,519,134,0.008017,0.007661,34966807.000000,526258.000000,0.015050
657,520,133,0.008028,0.007636,35107472.000000,528933.000000,0.015066
658,521,133,0.007985,0.007646,35078328.000000,526743.000000,0.015016
659,522,133,0.007948,0.007631,34961172.000000,528519.000000,0.015117
660,523,132,0.007926,0.007579,35082037.000000,527092.000000,0.015025
661,524,132,0.008084,0.007676,35408514.000000,530085.000000,0.014971
662,525,132,0.008138,0.007764,35692097.000000,530245.000000,0.014856
663,526,131,0.008204,0.007857,35794133.000000,539003.000000,0.015058
664,527,131,0.008170,0.007785,36068733.000000,534717.000000,0.014825
665,528,130,0.008239,0.007848,36375016.000000,544151.000000,0.014959
666,529,130,0.008301,0.007970,36386166.000000,539081.000000,0.014816
667,530,130,0.008278,0.007920,36219714.000000,543433.000000,0.015004
668,530,129,0.008596,0.007992,36144300.000000,540741.000000,0.014961
669,530,129,0.008542,0.007849,36454192.000000,546640.000000,0.014995
670,531,128,0.008455,0.007852,36412257.000000,544150.000000,0.014944
671,531,128,0.008575,0.007850,36618801.000000,549236.000000,0.014999
672,531,127,0.008550,0.007945,36782556.000000,548239.000000,0.014905
673,531,127,0.008611,0.007935,36852927.000000,551356.000000,0.014961
674,532,126,0.008628,0.007978,36973863.000000,550609.000000,0.014892
675,533,126,0.008614,0.008007,36900195.000000,555009.000000,0.015041
676,534,125,0.008684,0.008006,37167886.000000,554193.000000,0.014911
677,535,125,0.008726,0.008042,37362896.000000,560528.000000,0.015002
678,536,125,0.008662,0.008056,37332127.000000,559368.000000,0.014984
679,537,124,0.008750,0.008083,37598742.000000,563499.000000,0.014987
680,538,124,0.008814,0.008160,37821478.000000,564013.000000,0.014913
681,539,124,0.008772,0.008167,37627669.000000,565566.000000,0.015031
682,540,123,0.008774,0.008166,37658897.000000,561327.000000,0.014906
683,541,123,0.008893,0.008193,38134312.000000,567447.000000,0.014880
684,542,123,0.008987,0.008311,38521202.000000,571383.000000,0.014833
685,543,122,0.008816,0.008294,38550248.000000,573164.000000,0.014868
686,543,122,0.008805,0.008317,38648298.000000,582468.000000,0.015071
687,543,122,0.008866,0.008355,38779761.000000,575412.000000,0.014838
688,544,121,0.008871,0.008386,38991655.000000,575993.000000,0.014772
689,545,121,0.008927,0.008500,38950145.000000,574410.000000,0.014747
690,546,121,0.008983,0.008459,39270284.000000,580789.000000,0.014790
691,546,120,0.008917,0.008494,39094767.000000,580162.000000,0.014840
692,547,120,0.009069,0.008545,39519143.000000,587775.000000,0.014873
693,548,120,0.008978,0.008537,39350586.000000,578926.000000,0.014712
694,548,119,0.009044,0.008554,39624555.000000,584067.000000,0.014740
695,548,119,0.009048,0.008522,39697753.000000,582318.000000,0.014669
696,549,119,0.009032,0.008569,39799157.000000,585299.000000,0.014706
697,550,118,0.009021,0.008607,39626430.000000,582392.000000,0.014697
698,550,118,0.009011,0.008564,39718620.000000,585020.000000,0.014729
699,551,118,0.009099,0.008638,39931754.000000,588288.000000,0.014732
700,552,118,0.009106,0.008645,39957959.000000,587335.000000,0.014699
701,553,117,0.009141,0.008707,40071937.000000,592466.000000,0.014785
702,553,117,0.009284,0.008911,40232847.000000,583731.000000,0.014509
703,554,117,0.009189,0.008878,40415832.000000,592651.000000,0.014664
704,555,116,0.009231,0.008844,40656017.000000,591128.000000,0.014540
705,556,116,0.009344,0.008945,41124351.000000,596412.000000,0.014503
706,557,116,0.009289,0.008921,40840344.000000,594671.000000,0.014561
707,558,115,0.009523,0.008987,40986767.000000,602386.000000,0.014697
708,558,115,0.009532,0.008846,41302378.000000,606681.000000,0.014689
709,559,115,0.009731,0.009332,41478584.000000,613719.000000,0.014796
710,560,115,0.009300,0.008927,41741722.000000,616884.000000,0.014779
711,561,114,0.009237,0.008950,41591406.000000,612870.000000,0.014735
712,562,114,0.009407,0.009020,41930786.000000,618388.000000,0.014748
713,563,114,0.009275,0.008983,41738322.000000,611367.000000,0.014648
714,564,113,0.009326,0.008974,41980973.000000,617157.000000,0.014701
715,565,113,0.009379,0.009053,42011882.000000,616596.000000,0.014677
716,566,113,0.009401,0.009012,42246933.000000,619813.000000,0.014671
717,567,112,0.009388,0.009102,42177348.000000,619395.000000,0.014685
718,567,112,0.009422,0.009080,42327748.000000,618079.000000,0.014602
719,567,112,0.009420,0.009073,42417135.000000,622228.000000,0.014669
720,568,111,0.009413,0.009087,42325475.000000,620085.000000,0.014650
721,569,111,0.009443,0.009084,42443808.000000,624235.000000,0.014707
722,570,111,0.009591,0.009238,42595432.000000,622605.000000,0.014617
723,571,111,0.009541,0.009235,42669006.000000,627812.000000,0.014714
724,572,110,0.009552,0.009170,42902795.000000,625388.000000,0.014577
725,573,110,0.009577,0.009262,43140276.000000,626557.000000,0.014524
726,573,110,0.009518,0.009203,42913698.000000,625788.000000,0.014582
727,573,110,0.009507,0.009225,42902816.000000,623759.000000,0.014539
728,574,109,0.009615,0.009290,43258798.000000,631473.000000,0.014598
729,575,109,0.009606,0.009326,43322603.000000,629328.000000,0.014527
730,576,109,0.009646,0.009312,43496729.000000,632626.000000,0.014544
731,577,109,0.009629,0.009352,43445608.000000,629819.000000,0.014497
732,578,108,0.009739,0.009388,43728180.000000,632386.000000,0.014462
733,578,108,0.009914,0.009526,44106872.000000,641242.000000,0.014538
734,579,108,0.009809,0.009427,44062136.000000,635586.000000,0.014425
735,580,108,0.009877,0.009472,44337615.000000,642334.000000,0.014487
736,580,107,0.009936,0.009562,44563828.000000,642682.000000,0.014422
737,581,107,0.009863,0.009574,44148638.000000,639701.000000,0.014490
738,582,107,0.009894,0.009513,44436914.000000,643439.000000,0.014480
739,583,107,0.009905,0.009580,44530770.000000,645987.000000,0.014507
740,583,107,0.009998,0.009648,44822268.000000,645943.000000,0.014411
741,584,106,0.009933,0.009582,44647378.000000,643735.000000,0.014418
742,584,106,0.009940,0.009597,44470060.000000,643261.000000,0.014465
743,585,106,0.010066,0.009701,44901126.000000,649822.000000,0.014472
744,585,106,0.009945,0.009558,44702388.000000,643744.000000,0.014401
745,586,105,0.010113,0.009722,45423165.000000,652603.000000,0.014367
746,586,105,0.009940,0.009591,44749789.000000,643627.000000,0.014383
747,587,105,0.010086,0.009755,45236128.000000,648844.000000,0.014343
748,587,105,0.010054,0.009745,45063502.000000,648482.000000,0.014390
749,588,105,0.010071,0.009720,45282072.000000,648365.000000,0.014318
750,588,104,0.010091,0.009726,45409525.000000,652250.000000,0.014364
751,589,104,0.010158,0.009860,45539863.000000,654866.000000,0.014380
752,589,104,0.010134,0.009776,45521155.000000,650704.000000,0.014295
753,590,104,0.010336,0.010001,45825590.000000,662892.000000,0.014466
754,590,104,0.010136,0.009841,45511495.000000,652723.000000,0.014342
755,591,103,0.010257,0.009882,45946625.000000,662581.000000,0.014421
756,592,103,0.010240,0.009870,45967001.000000,658923.000000,0.014335
757,592,103,0.010255,0.009959,45974150.000000,661813.000000,0.014395
758,593,103,0.010334,0.009958,46377447.000000,669337.000000,0.014432
759,593,102,0.010259,0.009966,46148644.000000,662724.000000,0.014361
760,593,102,0.010299,0.009977,46278940.000000,664551.000000,0.014360
761,594,102,0.010367,0.010060,46515005.000000,670530.000000,0.014415
762,595,102,0.010479,0.010100,46821902.000000,667021.000000,0.014246
763,596,102,0.010589,0.010202,46972497.000000,666088.000000,0.014180
764,597,101,0.010454,0.010107,46873603.000000,664979.000000,0.014187
765,598,101,0.010395,0.010098,46705884.000000,666126.000000,0.014262
766,598,101,0.010448,0.010102,46816830.000000,670198.000000,0.014315
767,599,101,0.010988,0.010632,47510335.000000,680118.000000,0.014315
768,599,101,0.010462,0.010120,47060959.000000,669357.000000,0.014223
769,600,100,0.010547,0.010156,47289860.000000,676556.000000,0.014307
770,601,100,0.010537,0.010180,47342648.000000,677617.000000,0.014313
771,602,100,0.010623,0.010227,47516259.000000,683254.000000,0.014379
772,602,100,0.010627,0.010260,47608382.000000,680829.000000,0.014301
773,603,100,0.010696,0.010326,47949241.000000,686648.000000,0.014320
774,604,99,0.010670,0.010330,48001251.000000,690639.000000,0.014388
775,605,99,0.010652,0.010352,48016449.000000,686643.000000,0.014300
776,606,99,0.010711,0.010349,48267503.000000,688579.000000,0.014266
777,607,99,0.010774,0.010431,48532104.000000,696388.000000,0.014349
778,608,98,0.010770,0.010374,48510314.000000,692372.000000,0.014273
779,608,98,0.010712,0.010421,48398207.000000,688387.000000,0.014223
780,609,98,0.010840,0.010452,48825426.000000,697857.000000,0.014293
781,610,98,0.010972,0.010612,49405503.000000,704102.000000,0.014251
782,611,98,0.011125,0.010741,49717455.000000,707348.000000,0.014227
783,612,97,0.010962,0.010654,49415838.000000,706742.000000,0.014302
784,613,97,0.011025,0.010643,49689095.000000,705492.000000,0.014198
785,613,97,0.011063,0.010705,49837290.000000,708682.000000,0.014220
786,614,97,0.011097,0.010713,49899486.000000,714529.000000,0.014319
787,615,96,0.011111,0.010732,49978843.000000,721510.000000,0.014436
788,616,96,0.011100,0.010723,50083410.000000,711076.000000,0.014198
789,617,96,0.011156,0.010810,50294547.000000,717612.000000,0.014268
790,618,96,0.011221,0.010835,50564357.000000,719079.000000,0.014221
791,619,95,0.011409,0.010979,50886521.000000,721953.000000,0.014188
792,619,95,0.011252,0.010838,50651584.000000,721534.000000,0.014245
793,620,95,0.011256,0.010959,50673132.000000,720367.000000,0.014216
794,621,95,0.011234,0.010904,50637454.000000,718972.000000,0.014198
795,622,94,0.011406,0.011097,50945800.000000,725904.000000,0.014249
796,622,94,0.011256,0.010956,50599862.000000,717039.000000,0.014171
797,623,94,0.011278,0.010982,50783559.000000,721878.000000,0.014215
798,624,94,0.011325,0.010983,50964120.000000,725540.000000,0.014236
799,625,94,0.011464,0.011071,51401223.000000,727044.000000,0.014144
800,626,93,0.011649,0.011258,51753348.000000,734013.000000,0.014183
801,627,93,0.011492,0.011107,51696201.000000,737762.000000,0.014271
802,628,93,0.011523,0.011134,51826910.000000,732717.000000,0.014138
803,629,93,0.011426,0.011125,51386788.000000,732314.000000,0.014251
804,630,92,0.011482,0.011131,51588444.000000,736977.000000,0.014286
805,631,92,0.011626,0.011216,52067046.000000,738170.000000,0.014177
806,631,92,0.011581,0.011193,52110738.000000,735128.000000,0.014107
807,632,92,0.011644,0.011293,52344819.000000,739866.000000,0.014134
808,632,92,0.011586,0.011277,52002136.000000,732637.000000,0.014089
809,633,91,0.011616,0.011235,52330258.000000,735517.000000,0.014055
810,633,91,0.011609,0.011235,52402579.000000,739135.000000,0.014105
811,634,91,0.011750,0.011356,52563307.000000,737679.000000,0.014034
812,635,91,0.011772,0.011390,52706073.000000,739303.000000,0.014027
813,636,91,0.011680,0.011370,52485497.000000,730321.000000,0.013915
814,637,90,0.011680,0.011366,52470565.000000,738018.000000,0.014065
815,638,90,0.011659,0.011359,52407565.000000,730347.000000,0.013936
816,638,90,0.011674,0.011312,52527835.000000,733567.000000,0.013965
817,638,90,0.011867,0.011497,52909437.000000,738825.000000,0.013964
818,639,89,0.011856,0.011503,53149755.000000,751400.000000,0.014137
819,640,89,0.011774,0.011405,53012822.000000,746133.000000,0.014075
820,641,89,0.011788,0.011420,53151218.000000,749513.000000,0.014102
821,642,89,0.011906,0.011492,53655782.000000,755263.000000,0.014076
822,643,89,0.011921,0.011601,53840984.000000,757388.000000,0.014067
823,643,89,0.011954,0.011564,53903698.000000,756860.000000,0.014041
824,644,88,0.012044,0.011627,54329344.000000,765216.000000,0.014085
825,644,88,0.012217,0.011825,54665294.000000,763720.000000,0.013971
826,645,88,0.012163,0.011793,54644175.000000,764689.000000,0.013994
827,646,88,0.012161,0.011858,54628218.000000,764782.000000,0.014000
828,646,87,0.012073,0.011736,54491135.000000,767524.000000,0.014085
829,647,87,0.012241,0.011839,55015255.000000,770514.000000,0.014005
830,648,87,0.012181,0.011844,54946760.000000,771743.000000,0.014045
831,649,87,0.012185,0.011787,55000571.000000,771322.000000,0.014024
832,649,87,0.012120,0.011802,54789502.000000,772877.000000,0.014106
833,650,86,0.012259,0.011944,55070521.000000,771828.000000,0.014015
834,651,86,0.012273,0.011863,55294933.000000,774303.000000,0.014003
835,651,86,0.012152,0.011853,54959809.000000,770773.000000,0.014024
836,652,86,0.012292,0.011890,55425454.000000,779476.000000,0.014064
837,652,86,0.012284,0.011958,55443209.000000,774533.000000,0.013970
838,653,85,0.012253,0.011903,55373244.000000,772033.000000,0.013942
839,654,85,0.012541,0.012163,55688292.000000,780724.000000,0.014020
840,655,85,0.012362,0.012022,55783136.000000,781188.000000,0.014004
841,655,85,0.012255,0.011950,55440117.000000,774029.000000,0.013962
842,655,85,0.012364,0.011970,55780099.000000,775235.000000,0.013898
843,656,85,0.012454,0.012051,56106473.000000,785792.000000,0.014005
844,657,84,0.012561,0.012138,56378681.000000,785573.000000,0.013934
845,658,84,0.012587,0.012213,56751263.000000,793491.000000,0.013982
846,659,84,0.012494,0.012112,56403863.000000,784484.000000,0.013908
847,660,84,0.012650,0.012267,57051844.000000,796597.000000,0.013963
848,660,84,0.012652,0.012254,57070039.000000,797358.000000,0.013972
849,661,84,0.012587,0.012285,56836838.000000,793168.000000,0.013955
850,662,83,0.012704,0.012370,56933139.000000,794334.000000,0.013952
851,663,83,0.012769,0.012363,57337118.000000,802677.000000,0.013999
852,664,83,0.012782,0.012348,57474787.000000,801411.000000,0.013944
853,664,83,0.013186,0.012768,57956465.000000,805576.000000,0.013900
854,664,83,0.012817,0.012416,57946997.000000,806317.000000,0.013915
855,665,82,0.012940,0.012534,58146952.000000,812367.000000,0.013971
856,666,82,0.013008,0.012557,58587982.000000,820110.000000,0.013998
857,667,82,0.013010,0.012680,58759104.000000,819564.000000,0.013948
858,668,82,0.013071,0.012645,58997285.000000,822657.000000,0.013944
859,669,82,0.013235,0.012849,59500342.000000,829290.000000,0.013938
860,669,81,0.013107,0.012716,59219924.000000,825123.000000,0.013933
861,669,81,0.012973,0.012654,58709901.000000,821827.000000,0.013998
862,669,81,0.013051,0.012691,58908686.000000,818317.000000,0.013891
863,670,81,0.013174,0.012783,59452754.000000,825905.000000,0.013892
864,670,81,0.013100,0.012769,59166952.000000,822184.000000,0.013896
865,671,81,0.013338,0.012926,59823232.000000,835639.000000,0.013968
866,672,80,0.013209,0.012807,59472197.000000,827930.000000,0.013921
867,673,80,0.013228,0.012869,59785128.000000,830045.000000,0.013884
868,674,80,0.013337,0.012963,60019528.000000,833785.000000,0.013892
869,675,80,0.013580,0.013127,60456835.000000,849934.000000,0.014059
870,676,80,0.013429,0.013018,60308516.000000,842554.000000,0.013971
871,676,79,0.013412,0.013023,60497670.000000,833710.000000,0.013781
872,676,79,0.013498,0.013099,60548450.000000,839006.000000,0.013857
873,677,79,0.013572,0.013229,60792351.000000,843983.000000,0.013883
874,677,79,0.013521,0.013096,60960105.000000,840506.000000,0.013788
875,678,79,0.013528,0.013181,60915989.000000,849661.000000,0.013948
876,679,78,0.013513,0.013155,60927716.000000,844935.000000,0.013868
877,680,78,0.013552,0.013158,61200735.000000,848411.000000,0.013863
878,681,78,0.013654,0.013268,61553522.000000,852344.000000,0.013847
879,681,78,0.013658,0.013311,61693534.000000,856948.000000,0.013890
880,681,78,0.013686,0.013342,61463164.000000,853450.000000,0.013886
881,682,78,0.013694,0.013370,61811111.000000,861572.000000,0.013939
882,683,77,0.013865,0.013438,62240693.000000,863542.000000,0.013874
883,684,77,0.013783,0.013440,62156782.000000,861017.000000,0.013852
884,685,77,0.013902,0.013463,62643684.000000,865413.000000,0.013815
885,686,77,0.013899,0.013556,62617851.000000,868957.000000,0.013877
886,686,77,0.013916,0.013518,62863923.000000,866817.000000,0.013789
887,687,76,0.014175,0.013757,63433583.000000,878945.000000,0.013856
888,688,76,0.013925,0.013598,62709215.000000,868562.000000,0.013851
889,688,76,0.013852,0.013540,62490046.000000,862446.000000,0.013801
890,689,76,0.014009,0.013607,63096432.000000,871211.000000,0.013808
891,690,76,0.014015,0.013678,63259715.000000,873366.000000,0.013806
892,690,76,0.014021,0.013608,63228317.000000,872975.000000,0.013807
893,690,75,0.014055,0.013634,63520595.000000,880933.000000,0.013868
894,691,75,0.014356,0.013944,64325234.000000,888301.000000,0.013810
895,692,75,0.014286,0.013950,64228204.000000,887478.000000,0.013818
896,692,75,0.014216,0.013881,64210187.000000,885304.000000,0.013788
897,693,75,0.014380,0.014071,64384983.000000,891453.000000,0.013846
898,694,74,0.014300,0.013959,64432216.000000,889957.000000,0.013812
899,695,74,0.014257,0.013883,64465893.000000,891519.000000,0.013829
900,695,74,0.014276,0.013890,64599504.000000,895925.000000,0.013869
901,696,74,0.014456,0.014122,64683642.000000,892984.000000,0.013805
902,697,74,0.014350,0.013960,64744484.000000,891607.000000,0.013771
903,698,74,0.014432,0.014066,65028623.000000,883935.000000,0.013593
904,699,73,0.014469,0.014061,65095796.000000,894403.000000,0.013740
905,699,73,0.014429,0.014018,65276657.000000,896683.000000,0.013737
906,699,73,0.014606,0.014183,65676625.000000,900005.000000,0.013704
907,700,73,0.014499,0.014162,65756648.000000,904714.000000,0.013759
908,701,73,0.014501,0.014089,65871334.000000,899288.000000,0.013652
909,702,72,0.014509,0.014195,65877195.000000,903397.000000,0.013713
910,703,72,0.014525,0.014127,66017838.000000,903387.000000,0.013684
911,703,72,0.014453,0.014148,65792998.000000,903183.000000,0.013728
912,704,72,0.014607,0.014251,66298128.000000,909525.000000,0.013719
913,705,72,0.014597,0.014290,66275439.000000,910831.000000,0.013743
914,706,72,0.014670,0.014309,66513606.000000,911225.000000,0.013700
915,707,72,0.014762,0.014379,66957549.000000,918792.000000,0.013722
916,707,71,0.014713,0.014407,66848114.000000,911780.000000,0.013640
917,708,71,0.014803,0.014423,67192707.000000,916087.000000,0.013634
918,709,71,0.014811,0.014445,67316541.000000,917790.000000,0.013634
919,710,71,0.014927,0.014508,67714330.000000,924130.000000,0.013647
920,710,71,0.014712,0.014403,66977865.000000,915361.000000,0.013667
921,711,71,0.015026,0.014510,67591934.000000,922331.000000,0.013646
922,712,70,0.015526,0.015028,67837693.000000,929700.000000,0.013705
923,713,70,0.015406,0.015058,67574473.000000,927758.000000,0.013729
924,713,70,0.014823,0.014503,67424997.000000,922895.000000,0.013688
925,714,70,0.014924,0.014591,67650519.000000,931303.000000,0.013766
926,715,70,0.015023,0.014621,68115179.000000,928104.000000,0.013626
927,716,70,0.014966,0.014634,67905119.000000,931030.000000,0.013711
928,717,70,0.015570,0.014883,68240342.000000,935969.000000,0.013716
929,718,69,0.015827,0.015252,68540459.000000,933940.000000,0.013626
930,719,69,0.015807,0.015207,68958662.000000,937019.000000,0.013588
931,719,69,0.015869,0.015304,69424118.000000,946457.000000,0.013633
932,720,69,0.015852,0.015278,69173850.000000,942783.000000,0.013629
933,720,69,0.015844,0.015344,69200220.000000,945134.000000,0.013658
934,721,68,0.015895,0.015342,69548045.000000,947264.000000,0.013620
935,721,68,0.016085,0.015511,70028860.000000,952085.000000,0.013596
936,722,68,0.015956,0.015469,69898027.000000,951174.000000,0.013608
937,723,68,0.016094,0.015525,70238089.000000,958971.000000,0.013653
938,723,68,0.016177,0.015567,70417938.000000,968039.000000,0.013747
939,724,67,0.016206,0.015672,70897953.000000,964151.000000,0.013599
940,725,67,0.016185,0.015685,70844946.000000,962680.000000,0.013589
941,726,67,0.016095,0.015756,70970547.000000,954464.000000,0.013449
942,727,67,0.015924,0.015559,71405244.000000,959756.000000,0.013441
943,728,67,0.015802,0.015469,71267783.000000,971421.000000,0.013631
944,729,67,0.015789,0.015375,71450858.000000,966535.000000,0.013527
945,730,66,0.015949,0.015542,71959977.000000,970886.000000,0.013492
946,730,66,0.015790,0.015417,71429326.000000,967121.000000,0.013540
947,731,66,0.015940,0.015502,71903087.000000,971936.000000,0.013517
948,732,66,0.016768,0.016200,72604192.000000,981986.000000,0.013525
949,733,66,0.016513,0.015931,72215726.000000,980790.000000,0.013581
950,734,66,0.016450,0.015974,71952216.000000,973750.000000,0.013533
951,734,65,0.016534,0.015987,72347080.000000,979634.000000,0.013541
952,735,65,0.016582,0.016005,72633150.000000,979918.000000,0.013491
953,736,65,0.016660,0.016174,72780010.000000,987282.000000,0.013565
954,737,65,0.016713,0.016124,73144263.000000,989175.000000,0.013524
955,738,65,0.016937,0.016361,73432518.000000,991623.000000,0.013504
956,738,64,0.016695,0.016241,73190207.000000,990253.000000,0.013530
957,739,64,0.016738,0.016281,73224435.000000,992751.000000,0.013558
958,740,64,0.016784,0.016215,73625432.000000,995317.000000,0.013519
959,741,64,0.016897,0.016525,73863106.000000,999516.000000,0.013532
960,741,64,0.016433,0.016033,73926984.000000,987397.000000,0.013356
961,741,64,0.016246,0.015851,73697480.000000,996241.000000,0.013518
962,742,64,0.016279,0.015954,73709209.000000,998324.000000,0.013544
963,743,63,0.016294,0.015949,73852205.000000,993801.000000,0.013457
964,744,63,0.016539,0.016172,74440715.000000,1000321.000000,0.013438
965,745,63,0.016513,0.016074,74409625.000000,997784.000000,0.013409
966,746,63,0.016783,0.016318,74667619.000000,993229.000000,0.013302
967,747,63,0.016806,0.016345,74859614.000000,994636.000000,0.013287
968,748,63,0.016658,0.016240,75112602.000000,1010389.000000,0.013452
969,749,63,0.016770,0.016342,75364786.000000,1013131.000000,0.013443
970,750,62,0.016840,0.016345,75629999.000000,1006995.000000,0.013315
971,751,62,0.016870,0.016528,75828094.000000,1017217.000000,0.013415
972,752,62,0.016827,0.016384,75999441.000000,1012438.000000,0.013322
973,753,62,0.017026,0.016677,76677327.000000,1018550.000000,0.013284
974,753,62,0.016881,0.016554,75910688.000000,1012001.000000,0.013331
975,754,62,0.017058,0.016703,76403859.000000,1019619.000000,0.013345
976,755,62,0.017011,0.016645,76479000.000000,1020545.000000,0.013344
977,755,61,0.017033,0.016580,76579892.000000,1018508.000000,0.013300
978,755,61,0.017021,0.016687,76807251.000000,1015453.000000,0.013221
979,756,61,0.016982,0.016658,76820123.000000,1024815.000000,0.013340
980,757,61,0.017079,0.016700,77148995.000000,1027891.000000,0.013323
981,757,61,0.017006,0.016660,77220141.000000,1032028.000000,0.013365
982,758,61,0.017155,0.016712,77752511.000000,1037577.000000,0.013345
983,759,61,0.017333,0.016920,77941397.000000,1038004.000000,0.013318
984,760,60,0.017309,0.016869,78241578.000000,1039815.000000,0.013290
985,761,60,0.017352,0.016989,78358377.000000,1045611.000000,0.013344
986,762,60,0.017498,0.017033,78759987.000000,1043928.000000,0.013255
987,762,60,0.017428,0.016968,78699232.000000,1036711.000000,0.013173
988,762,60,0.017226,0.016905,78029367.000000,1035035.000000,0.013265
989,763,60,0.017505,0.017125,78693321.000000,1042631.000000,0.013249
990,764,60,0.017388,0.016965,78642192.000000,1038368.000000,0.013204
991,765,60,0.017610,0.017252,79239115.000000,1045868.000000,0.013199
992,766,59,0.017494,0.017116,79201093.000000,1053820.000000,0.013306
