frame,nb of entities,FPS,frame length,physics length,L1-dcache-loads,L1-dcache-load-misses,L1-dcache-load-miss-ratio
0,3,302,0.001914,0.000029,488261.000000,34609.000000,0.070882
1,4,302,0.003315,0.000043,604976.000000,39754.000000,0.065712
2,5,302,0.003328,0.000045,587569.000000,38989.000000,0.066356
3,6,302,0.003312,0.000035,594761.000000,34562.000000,0.058111
4,7,302,0.003323,0.000028,588871.000000,34320.000000,0.058281
5,8,302,0.003331,0.000033,561336.000000,31713.000000,0.056496
6,9,302,0.003314,0.000034,601657.000000,35131.000000,0.058390
7,10,302,0.003324,0.000031,579221.000000,34747.000000,0.059989
8,11,302,0.003337,0.000038,588214.000000,35971.000000,0.061153
9,12,302,0.003308,0.000040,595392.000000,35796.000000,0.060122
10,13,302,0.003322,0.000034,552022.000000,31140.000000,0.056411
11,14,302,0.003331,0.000042,614344.000000,36319.000000,0.059118
12,15,302,0.003314,0.000038,611460.000000,34748.000000,0.056828
13,16,302,0.003322,0.000036,623665.000000,34966.000000,0.056065
14,17,302,0.003336,0.000041,618459.000000,35812.000000,0.057905
15,18,302,0.003315,0.000043,586962.000000,31270.000000,0.053274
16,19,302,0.003319,0.000037,614196.000000,34669.000000,0.056446
17,20,302,0.003336,0.000045,620635.000000,35331.000000,0.056927
18,21,302,0.003317,0.000044,623257.000000,34789.000000,0.055818
19,22,302,0.003313,0.000053,622405.000000,34903.000000,0.056078
20,23,302,0.003333,0.000047,600411.000000,32046.000000,0.053373
21,24,302,0.003317,0.000049,650318.000000,35326.000000,0.054321
22,24,302,0.003320,0.000047,619628.000000,34146.000000,0.055107
23,25,302,0.003329,0.000049,644696.000000,35191.000000,0.054585
24,26,302,0.003325,0.000044,645195.000000,35269.000000,0.054664
25,27,302,0.003319,0.000047,604580.000000,31745.000000,0.052508
26,28,302,0.003331,0.000058,655997.000000,36224.000000,0.055220
27,29,302,0.003323,0.000060,645712.000000,35412.000000,0.054842
28,30,302,0.003320,0.000059,651202.000000,35720.000000,0.054852
29,31,302,0.003322,0.000066,689571.000000,37203.000000,0.053951
30,32,302,0.003325,0.000063,666109.000000,32691.000000,0.049078
31,33,302,0.003319,0.000056,689457.000000,35376.000000,0.051310
32,34,302,0.003330,0.000061,691315.000000,36433.000000,0.052701
33,35,302,0.003322,0.000095,751391.000000,40515.000000,0.053920
34,36,302,0.003319,0.000081,704277.000000,37713.000000,0.053549
35,37,302,0.003323,0.000089,678880.000000,35419.000000,0.052173
36,38,302,0.003325,0.000083,724984.000000,38603.000000,0.053247
37,39,302,0.003321,0.000074,728904.000000,38865.000000,0.053320
38,40,302,0.003326,0.000099,738081.000000,40840.000000,0.055333
39,41,302,0.003321,0.000081,738269.000000,38607.000000,0.052294
40,41,302,0.003320,0.000076,693685.000000,34038.000000,0.049068
41,41,302,0.003326,0.000085,736409.000000,39120.000000,0.053123
42,42,302,0.003326,0.000082,745999.000000,38440.000000,0.051528
43,43,302,0.003318,0.000088,750681.000000,38195.000000,0.050880
44,44,302,0.003326,0.000109,773648.000000,41898.000000,0.054156
45,44,302,0.003322,0.000082,733573.000000,35847.000000,0.048866
46,45,302,0.003321,0.000091,777104.000000,39540.000000,0.050881
47,46,302,0.003326,0.000105,799585.000000,41961.000000,0.052478
48,47,302,0.003325,0.000090,777188.000000,39434.000000,0.050739
49,48,302,0.003319,0.000104,785480.000000,39610.000000,0.050428
50,48,302,0.003327,0.000095,745836.000000,35692.000000,0.047855
51,49,302,0.003323,0.000094,791093.000000,39275.000000,0.049647
52,50,302,0.003321,0.000094,800714.000000,39127.000000,0.048865
53,51,302,0.003326,0.000118,827085.000000,41968.000000,0.050742
54,52,302,0.003325,0.000098,816663.000000,39618.000000,0.048512
55,53,303,0.003319,0.000113,783985.000000,36226.000000,0.046208
56,54,303,0.003328,0.000126,849611.000000,42681.000000,0.050236
57,54,303,0.003323,0.000101,816434.000000,39805.000000,0.048755
58,55,303,0.003320,0.000117,833494.000000,40366.000000,0.048430
59,56,303,0.003322,0.000154,842980.000000,43324.000000,0.051394
60,57,300,0.003327,0.000135,883562.000000,39718.000000,0.044952
61,58,300,0.003319,0.000163,911914.000000,49404.000000,0.054176
62,59,300,0.003322,0.000129,884871.000000,41545.000000,0.046950
63,60,300,0.003325,0.000118,880918.000000,41185.000000,0.046752
64,61,300,0.003320,0.000129,879889.000000,41088.000000,0.046697
65,61,300,0.003325,0.000158,859867.000000,41014.000000,0.047698
66,62,300,0.003323,0.000129,882998.000000,41434.000000,0.046924
67,62,300,0.003319,0.000126,866929.000000,40865.000000,0.047138
68,63,300,0.003323,0.000125,934697.000000,44062.000000,0.047140
69,63,300,0.003328,0.000133,918956.000000,42212.000000,0.045935
70,63,300,0.003317,0.000133,861462.000000,37276.000000,0.043271
71,64,300,0.003324,0.000150,901889.000000,42169.000000,0.046756
72,65,300,0.003327,0.000141,915179.000000,41795.000000,0.045669
73,66,300,0.003317,0.000144,926970.000000,41366.000000,0.044625
74,67,300,0.003439,0.000137,938829.000000,43715.000000,0.046563
75,68,300,0.003242,0.000137,846280.000000,39022.000000,0.046110
76,69,300,0.003335,0.000148,865009.000000,42649.000000,0.049305
77,70,300,0.003345,0.000383,921860.000000,44011.000000,0.047742
78,71,300,0.003352,0.000141,897662.000000,42553.000000,0.047404
79,72,300,0.003335,0.000155,870118.000000,42081.000000,0.048362
80,73,300,0.003354,0.000141,861281.000000,39453.000000,0.045807
81,74,300,0.003334,0.000143,886369.000000,42583.000000,0.048042
82,74,300,0.003468,0.000204,946571.000000,52743.000000,0.055720
83,75,300,0.003181,0.000133,1019676.000000,43144.000000,0.042311
84,76,300,0.003322,0.000178,1036954.000000,43420.000000,0.041873
85,77,300,0.003320,0.000166,1011249.000000,39912.000000,0.039468
86,78,300,0.003327,0.000215,1055600.000000,44163.000000,0.041837
87,78,300,0.003321,0.000189,1062595.000000,44424.000000,0.041807
88,78,300,0.003322,0.000136,1054301.000000,43182.000000,0.040958
89,79,300,0.003325,0.000216,1055504.000000,44141.000000,0.041820
90,80,300,0.003324,0.000179,1066554.000000,39880.000000,0.037391
91,81,300,0.003324,0.000147,1067037.000000,43410.000000,0.040683
92,82,300,0.003321,0.000189,1086704.000000,44233.000000,0.040704
93,82,300,0.003328,0.000177,1055617.000000,42168.000000,0.039946
94,83,300,0.003319,0.000185,1097366.000000,43562.000000,0.039697
95,83,300,0.003323,0.000197,1054123.000000,40870.000000,0.038772
96,83,300,0.003329,0.000185,1079736.000000,43267.000000,0.040072
97,84,300,0.003318,0.000195,1116948.000000,44038.000000,0.039427
98,84,300,0.003323,0.000201,1116828.000000,44270.000000,0.039639
99,85,300,0.003328,0.000179,1115541.000000,43593.000000,0.039078
100,86,300,0.003321,0.000199,1125490.000000,40587.000000,0.036062
101,87,300,0.003324,0.000205,1212264.000000,46560.000000,0.038407
102,88,300,0.003326,0.000198,1247974.000000,46071.000000,0.036917
103,89,300,0.003323,0.000182,1227699.000000,46489.000000,0.037867
104,90,300,0.003322,0.000214,1244443.000000,47003.000000,0.037770
105,91,300,0.003327,0.000207,1214434.000000,42147.000000,0.034705
106,91,300,0.003324,0.000181,1227146.000000,46348.000000,0.037769
107,92,300,0.003321,0.000218,1249475.000000,47435.000000,0.037964
108,93,300,0.003330,0.000208,1251045.000000,46845.000000,0.037445
109,94,300,0.003318,0.000236,1251615.000000,46780.000000,0.037376
110,95,300,0.003326,0.000244,1254122.000000,43681.000000,0.034830
111,96,300,0.003324,0.000254,1331453.000000,47053.000000,0.035340
112,96,300,0.003322,0.000199,1316125.000000,47217.000000,0.035876
113,97,300,0.003325,0.000238,1322527.000000,47918.000000,0.036232
114,97,300,0.003327,0.000222,1317781.000000,46696.000000,0.035435
115,98,300,0.003324,0.000205,1292359.000000,43516.000000,0.033672
116,99,300,0.003322,0.000239,1370457.000000,49210.000000,0.035908
117,99,300,0.003327,0.000229,1348611.000000,47451.000000,0.035185
118,99,300,0.003325,0.000204,1323489.000000,47137.000000,0.035616
119,100,300,0.003320,0.000268,1344949.000000,48992.000000,0.036427
120,101,300,0.003328,0.000234,1358685.000000,44488.000000,0.032743
121,102,300,0.003322,0.000214,1372444.000000,48390.000000,0.035258
122,103,300,0.003327,0.000249,1388780.000000,48997.000000,0.035281
123,103,300,0.003326,0.000241,1390165.000000,48286.000000,0.034734
124,104,300,0.003322,0.000219,1417107.000000,48807.000000,0.034441
125,105,300,0.003323,0.000263,1381502.000000,46137.000000,0.033396
126,106,300,0.003327,0.000250,1452257.000000,48923.000000,0.033688
127,107,300,0.003322,0.000234,1464256.000000,49183.000000,0.033589
128,108,300,0.003325,0.000271,1487847.000000,50282.000000,0.033795
129,109,300,0.003327,0.000267,1503234.000000,50015.000000,0.033272
130,109,300,0.003323,0.000239,1462778.000000,45725.000000,0.031259
131,110,300,0.003323,0.000285,1509093.000000,50682.000000,0.033584
132,111,300,0.003327,0.000274,1553985.000000,50344.000000,0.032397
133,111,300,0.003322,0.000249,1573603.000000,50509.000000,0.032098
134,111,300,0.003325,0.000300,1579514.000000,51747.000000,0.032761
135,112,300,0.003328,0.000298,1569794.000000,47916.000000,0.030524
136,112,300,0.003323,0.000261,1588673.000000,52704.000000,0.033175
137,112,300,0.003323,0.000300,1582201.000000,51994.000000,0.032862
138,113,300,0.003328,0.000297,1650103.000000,52459.000000,0.031791
139,113,300,0.003322,0.000265,1608405.000000,52698.000000,0.032764
140,114,300,0.003325,0.000314,1639494.000000,50355.000000,0.030714
141,115,300,0.003328,0.000317,1678182.000000,53193.000000,0.031697
142,115,301,0.003323,0.000277,1671788.000000,52962.000000,0.031680
143,116,300,0.003322,0.000317,1676157.000000,53954.000000,0.032189
144,117,300,0.003328,0.000317,1733937.000000,54254.000000,0.031289
145,118,300,0.003322,0.000299,1750478.000000,52380.000000,0.029923
146,118,300,0.003324,0.000340,1737129.000000,54960.000000,0.031638
147,119,300,0.003328,0.000337,1757381.000000,54280.000000,0.030887
148,120,300,0.003323,0.000299,1809741.000000,56390.000000,0.031159
149,121,300,0.003325,0.000311,1774683.000000,55390.000000,0.031211
150,122,300,0.003326,0.000380,1807769.000000,51768.000000,0.028636
151,123,300,0.003351,0.000318,1744564.000000,56525.000000,0.032401
152,124,300,0.003320,0.000553,1965696.000000,90138.000000,0.045856
153,125,300,0.003324,0.000551,2018674.000000,82257.000000,0.040748
154,125,300,0.003317,0.000560,2055196.000000,85775.000000,0.041736
155,126,300,0.003326,0.000361,2019223.000000,55227.000000,0.027351
156,126,300,0.003321,0.000447,2097028.000000,61533.000000,0.029343
157,127,300,0.003327,0.000408,2080588.000000,60699.000000,0.029174
158,128,300,0.003315,0.000700,2251982.000000,94077.000000,0.041775
159,129,300,0.003325,0.000588,2233650.000000,80716.000000,0.036136
160,130,300,0.003313,0.000521,2173608.000000,59949.000000,0.027580
161,131,300,0.003321,0.000453,2190948.000000,62200.000000,0.028390
162,131,300,0.003323,0.000491,2161112.000000,59930.000000,0.027731
163,132,300,0.003321,0.000501,2168401.000000,60908.000000,0.028089
164,133,300,0.003326,0.000443,2213668.000000,61497.000000,0.027781
165,133,300,0.003325,0.000497,2170524.000000,57672.000000,0.026571
166,134,300,0.003323,0.000521,2285354.000000,63012.000000,0.027572
167,135,300,0.003319,0.000572,2269852.000000,63476.000000,0.027965
168,135,300,0.003327,0.000531,2262160.000000,62485.000000,0.027622
169,136,300,0.003319,0.000530,2267854.000000,62589.000000,0.027598
170,137,300,0.003324,0.000489,2279613.000000,58666.000000,0.025735
171,138,300,0.003328,0.000592,2339554.000000,66417.000000,0.028389
172,139,300,0.003325,0.000542,2376115.000000,64049.000000,0.026955
173,139,300,0.003322,0.000509,2394182.000000,64248.000000,0.026835
174,139,300,0.003325,0.000591,2380793.000000,65404.000000,0.027472
175,140,300,0.003320,0.000563,2400052.000000,60805.000000,0.025335
176,141,300,0.003324,0.000522,2474529.000000,65233.000000,0.026362
177,142,300,0.003326,0.000626,2467448.000000,68151.000000,0.027620
178,143,300,0.003319,0.000576,2481872.000000,64438.000000,0.025963
179,144,300,0.003325,0.000529,2556629.000000,69875.000000,0.027331
180,145,300,0.003326,0.000655,2556521.000000,66274.000000,0.025924
181,146,300,0.003320,0.000618,2579534.000000,66511.000000,0.025784
182,147,300,0.003324,0.000572,2600038.000000,66639.000000,0.025630
183,147,300,0.003323,0.000673,2668848.000000,69785.000000,0.026148
184,148,300,0.003324,0.000514,2750806.000000,67943.000000,0.024699
185,148,300,0.003321,0.000768,2905061.000000,83220.000000,0.028647
186,149,300,0.003328,0.000532,2796694.000000,70330.000000,0.025148
187,150,300,0.003322,0.000681,2791787.000000,71201.000000,0.025504
188,151,300,0.003370,0.000664,2798840.000000,71100.000000,0.025403
189,152,300,0.003377,0.000692,2788427.000000,71864.000000,0.025772
190,153,300,0.003370,0.000682,2791636.000000,67291.000000,0.024105
191,153,300,0.003355,0.000609,2831210.000000,70630.000000,0.024947
192,154,300,0.003326,0.000949,3032027.000000,81884.000000,0.027006
193,155,300,0.003317,0.000686,2979040.000000,77182.000000,0.025908
194,156,300,0.003322,0.000619,3021789.000000,71318.000000,0.023601
195,157,300,0.003326,0.000738,2979289.000000,68923.000000,0.023134
196,158,300,0.003321,0.000710,3064298.000000,74666.000000,0.024366
197,159,300,0.003318,0.000682,3157496.000000,75919.000000,0.024044
198,160,300,0.003326,0.000761,3178530.000000,75444.000000,0.023736
199,161,300,0.003321,0.000627,3179994.000000,76183.000000,0.023957
200,162,300,0.003323,0.000689,3199273.000000,71892.000000,0.022471
201,163,300,0.003328,0.000792,3202838.000000,75296.000000,0.023509
202,163,300,0.003320,0.000755,3218055.000000,76061.000000,0.023636
203,164,300,0.003324,0.000701,3236156.000000,73889.000000,0.022832
204,165,300,0.003328,0.000799,3292007.000000,77196.000000,0.023450
205,166,300,0.003320,0.000788,3315170.000000,73552.000000,0.022186
206,167,300,0.003324,0.000720,3369465.000000,78195.000000,0.023207
207,168,300,0.003328,0.000849,3395974.000000,79076.000000,0.023285
208,169,300,0.003385,0.000813,3440824.000000,80461.000000,0.023384
209,170,300,0.003366,0.000703,3496248.000000,80347.000000,0.022981
210,171,300,0.003389,0.000885,3507142.000000,76431.000000,0.021793
211,172,300,0.003375,0.000822,3579330.000000,79862.000000,0.022312
212,173,300,0.003366,0.000752,3674700.000000,82580.000000,0.022473
213,174,300,0.003372,0.000913,3718828.000000,82545.000000,0.022197
214,175,300,0.003322,0.000747,3829283.000000,83624.000000,0.021838
215,176,300,0.003320,0.000966,3806049.000000,80102.000000,0.021046
216,176,300,0.003329,0.000942,3828947.000000,86755.000000,0.022658
217,176,300,0.003318,0.000849,3903220.000000,84393.000000,0.021621
218,177,300,0.003323,0.000987,3962899.000000,87377.000000,0.022049
219,178,300,0.003328,0.000953,3912425.000000,88455.000000,0.022609
220,179,300,0.003317,0.000883,3988134.000000,82817.000000,0.020766
221,179,300,0.003325,0.001030,3939543.000000,86747.000000,0.022020
222,180,300,0.003321,0.000971,4076385.000000,88040.000000,0.021598
223,181,300,0.003319,0.000912,4138148.000000,88514.000000,0.021390
224,182,300,0.003323,0.001018,4101056.000000,88061.000000,0.021473
225,183,300,0.003328,0.001005,4135444.000000,85378.000000,0.020645
226,183,300,0.003317,0.000935,4122403.000000,88786.000000,0.021537
227,184,300,0.003326,0.001059,4219860.000000,91165.000000,0.021604
228,185,300,0.003324,0.001316,4573130.000000,124516.000000,0.027228
229,186,300,0.003320,0.001350,4535405.000000,123587.000000,0.027249
230,186,300,0.003320,0.001107,4415573.000000,102994.000000,0.023325
231,187,300,0.003322,0.001049,4365162.000000,93095.000000,0.021327
232,188,300,0.003324,0.000891,4423665.000000,93290.000000,0.021089
233,189,300,0.003321,0.000926,4399483.000000,91457.000000,0.020788
234,190,300,0.003326,0.001097,4507776.000000,95018.000000,0.021079
235,191,300,0.003323,0.000909,4425093.000000,88630.000000,0.020029
236,191,300,0.003322,0.000948,4446589.000000,93351.000000,0.020994
237,192,300,0.003324,0.001111,4562911.000000,97454.000000,0.021358
238,192,300,0.003324,0.000923,4548425.000000,95163.000000,0.020922
239,193,300,0.003323,0.001157,4664056.000000,105325.000000,0.022582
240,194,300,0.003352,0.001114,4618351.000000,92468.000000,0.020022
241,195,300,0.003325,0.000952,4648416.000000,96993.000000,0.020866
242,195,300,0.003323,0.001047,4670514.000000,99365.000000,0.021275
243,196,300,0.003322,0.001143,4680685.000000,97046.000000,0.020733
244,196,300,0.003323,0.000946,4635005.000000,96793.000000,0.020883
245,196,300,0.003320,0.000995,4598614.000000,91421.000000,0.019880
246,196,300,0.003330,0.001134,4637066.000000,95903.000000,0.020682
247,197,300,0.003318,0.001069,4651874.000000,96799.000000,0.020809
248,197,300,0.003323,0.000980,4630561.000000,96024.000000,0.020737
249,197,300,0.003328,0.001053,4631304.000000,94934.000000,0.020498
250,198,300,0.003320,0.001028,4647428.000000,92256.000000,0.019851
251,199,300,0.003323,0.001010,4809301.000000,98904.000000,0.020565
252,200,300,0.003365,0.001201,4803475.000000,101302.000000,0.021089
253,200,300,0.003381,0.001108,4877343.000000,100523.000000,0.020610
254,201,300,0.003384,0.000989,4840803.000000,99216.000000,0.020496
255,202,300,0.003392,0.001099,4782267.000000,95098.000000,0.019886
256,203,299,0.003380,0.001047,4884133.000000,99404.000000,0.020352
257,204,299,0.003381,0.001141,4918774.000000,101418.000000,0.020619
258,205,299,0.003394,0.001098,4986656.000000,101192.000000,0.020293
259,206,299,0.003385,0.001081,4963543.000000,102309.000000,0.020612
260,207,299,0.003390,0.001140,5014226.000000,100269.000000,0.019997
261,208,299,0.003387,0.001104,5106565.000000,104378.000000,0.020440
262,209,299,0.003390,0.001169,5142024.000000,103907.000000,0.020207
263,210,299,0.003390,0.001146,5109185.000000,105541.000000,0.020657
264,210,299,0.003388,0.001130,5206347.000000,106483.000000,0.020453
265,211,299,0.003396,0.001195,5184654.000000,102543.000000,0.019778
266,212,299,0.003386,0.001141,5248558.000000,106082.000000,0.020212
267,213,298,0.003392,0.001237,5282638.000000,110245.000000,0.020869
268,214,298,0.003394,0.001189,5336287.000000,109018.000000,0.020430
269,214,298,0.003386,0.001105,5284549.000000,103926.000000,0.019666
270,215,298,0.003407,0.001542,5467349.000000,116031.000000,0.021223
271,216,298,0.003391,0.001136,5559167.000000,109836.000000,0.019758
272,217,298,0.003384,0.001270,5558890.000000,110561.000000,0.019889
273,218,298,0.003395,0.001284,5670726.000000,113595.000000,0.020032
274,219,298,0.003392,0.001148,5602580.000000,107482.000000,0.019184
275,219,298,0.003401,0.001293,5755026.000000,112463.000000,0.019542
276,220,298,0.003395,0.001272,5747920.000000,114669.000000,0.019950
277,220,298,0.003393,0.001359,5707771.000000,115076.000000,0.020161
278,221,298,0.003402,0.001285,5745958.000000,111485.000000,0.019402
279,222,298,0.003377,0.001211,5737937.000000,111292.000000,0.019396
280,223,297,0.003409,0.001458,5802509.000000,115194.000000,0.019852
281,224,297,0.003390,0.001287,5937997.000000,115944.000000,0.019526
282,225,297,0.003396,0.001434,5944884.000000,117054.000000,0.019690
283,225,297,0.003399,0.001381,5933065.000000,117613.000000,0.019823
284,226,297,0.003399,0.001243,5990138.000000,114598.000000,0.019131
285,226,297,0.003406,0.001457,6038101.000000,120008.000000,0.019875
286,226,297,0.003400,0.001383,6167047.000000,121199.000000,0.019653
287,226,297,0.003416,0.001407,6176261.000000,122046.000000,0.019760
288,227,297,0.003397,0.001431,6191176.000000,122160.000000,0.019731
289,228,296,0.003407,0.001352,6453168.000000,138676.000000,0.021490
290,229,296,0.003403,0.001429,6356392.000000,125780.000000,0.019788
291,229,296,0.003393,0.001326,6334700.000000,124195.000000,0.019606
292,230,296,0.003412,0.001452,6427271.000000,126162.000000,0.019629
293,231,296,0.003407,0.001430,6519401.000000,126239.000000,0.019364
294,232,296,0.003395,0.001371,6588593.000000,124403.000000,0.018882
295,233,296,0.003411,0.001574,6622257.000000,130499.000000,0.019706
296,234,296,0.003406,0.001386,6714414.000000,128832.000000,0.019187
297,235,295,0.003410,0.001539,6819554.000000,131683.000000,0.019310
298,236,295,0.003401,0.001430,6901217.000000,132211.000000,0.019158
299,236,295,0.003386,0.001443,6818871.000000,127590.000000,0.018711
300,237,295,0.003410,0.001549,6955545.000000,133288.000000,0.019163
301,238,295,0.003405,0.001461,7038815.000000,134642.000000,0.019129
302,239,295,0.003416,0.001640,7193313.000000,139602.000000,0.019407
303,239,295,0.003408,0.001515,7202661.000000,137101.000000,0.019035
304,240,295,0.003417,0.001528,7249013.000000,134123.000000,0.018502
305,241,295,0.003408,0.001670,7360536.000000,141235.000000,0.019188
306,242,294,0.003410,0.001552,7379084.000000,140583.000000,0.019052
307,243,294,0.003414,0.001664,7395232.000000,139233.000000,0.018827
308,243,294,0.003411,0.001598,7414397.000000,141621.000000,0.019101
309,244,294,0.003417,0.001686,7433679.000000,136066.000000,0.018304
310,244,294,0.003411,0.001567,7535112.000000,141424.000000,0.018769
311,244,294,0.003373,0.001624,7532917.000000,142545.000000,0.018923
312,244,294,0.003419,0.001752,7522693.000000,141010.000000,0.018745
313,245,294,0.003411,0.001596,7539281.000000,137650.000000,0.018258
314,246,294,0.003421,0.001750,7680349.000000,145773.000000,0.018980
315,247,294,0.003418,0.001696,7857345.000000,146392.000000,0.018631
316,248,294,0.003417,0.001652,7897323.000000,147544.000000,0.018683
317,249,294,0.003420,0.001804,7881176.000000,147575.000000,0.018725
318,250,294,0.003409,0.001717,7923448.000000,143912.000000,0.018163
319,251,293,0.003425,0.001791,7983997.000000,146951.000000,0.018406
320,251,293,0.003409,0.001694,8142454.000000,148675.000000,0.018259
321,252,293,0.003429,0.001885,8297611.000000,150579.000000,0.018147
322,252,293,0.003420,0.001688,8032170.000000,147967.000000,0.018422
323,253,293,0.003414,0.001711,8190602.000000,145799.000000,0.017801
324,254,293,0.003427,0.001882,8226640.000000,151191.000000,0.018378
325,255,293,0.003415,0.001749,8256513.000000,151609.000000,0.018362
326,256,293,0.003426,0.001949,8322729.000000,151313.000000,0.018181
327,257,293,0.003440,0.002077,8393624.000000,155951.000000,0.018580
328,258,293,0.003422,0.001763,8417946.000000,149183.000000,0.017722
329,259,293,0.003419,0.001796,8577912.000000,155571.000000,0.018136
330,260,293,0.003424,0.001780,8459177.000000,153160.000000,0.018106
331,260,293,0.003427,0.001900,8453983.000000,154402.000000,0.018264
332,260,293,0.003417,0.001788,8445402.000000,153965.000000,0.018231
333,261,293,0.003426,0.001914,8429451.000000,151528.000000,0.017976
334,262,293,0.003424,0.001791,8575131.000000,157456.000000,0.018362
335,263,293,0.003426,0.001818,8725272.000000,159701.000000,0.018303
336,264,293,0.003424,0.001835,8818593.000000,160786.000000,0.018233
337,264,293,0.003430,0.001928,9091214.000000,164700.000000,0.018116
338,265,293,0.003427,0.001870,8862410.000000,158802.000000,0.017919
339,266,293,0.003387,0.001900,9041509.000000,164911.000000,0.018239
340,267,293,0.003428,0.001917,8994067.000000,164553.000000,0.018296
341,268,293,0.003431,0.001912,9142899.000000,164614.000000,0.018005
342,269,292,0.003428,0.001921,9110536.000000,161974.000000,0.017779
343,270,292,0.003432,0.001983,9252246.000000,161754.000000,0.017483
344,270,292,0.003434,0.002023,9399864.000000,167470.000000,0.017816
345,271,292,0.003432,0.001993,9473609.000000,169307.000000,0.017871
346,272,292,0.003435,0.002011,9441812.000000,168812.000000,0.017879
347,273,292,0.003435,0.002062,9517023.000000,166427.000000,0.017487
348,274,292,0.003428,0.002020,9635936.000000,170458.000000,0.017690
349,274,292,0.003435,0.002068,9584560.000000,171612.000000,0.017905
350,274,292,0.003435,0.002082,9562369.000000,169625.000000,0.017739
351,275,292,0.003434,0.002038,9573108.000000,170715.000000,0.017833
352,276,292,0.003437,0.002074,9689219.000000,169033.000000,0.017445
353,277,292,0.003439,0.002112,9788378.000000,173113.000000,0.017686
354,278,292,0.003435,0.002067,9747802.000000,172602.000000,0.017707
355,279,292,0.003439,0.002104,9863359.000000,173747.000000,0.017615
356,280,292,0.003363,0.002512,10065390.000000,182728.000000,0.018154
357,281,292,0.003449,0.002360,10032783.000000,176500.000000,0.017592
358,282,292,0.003436,0.002152,10106971.000000,181391.000000,0.017947
359,282,292,0.003442,0.002196,10130962.000000,177645.000000,0.017535
360,282,292,0.003439,0.002139,10103891.000000,175942.000000,0.017413
361,283,292,0.003445,0.002198,10287514.000000,180567.000000,0.017552
362,283,292,0.003441,0.002162,10121555.000000,175483.000000,0.017338
363,284,292,0.003440,0.002166,10225322.000000,179910.000000,0.017595
364,284,292,0.003409,0.002198,10241158.000000,183545.000000,0.017922
365,285,292,0.003440,0.002180,10235083.000000,179099.000000,0.017499
366,286,291,0.003453,0.002178,10290403.000000,182046.000000,0.017691
367,287,291,0.003433,0.002200,10417157.000000,177650.000000,0.017054
368,288,291,0.003442,0.002209,10473241.000000,182549.000000,0.017430
369,289,291,0.003446,0.002214,10390339.000000,181415.000000,0.017460
370,289,291,0.003443,0.002206,10515567.000000,184320.000000,0.017528
371,290,291,0.003443,0.002234,10471605.000000,182026.000000,0.017383
372,291,291,0.003445,0.002228,10632355.000000,180326.000000,0.016960
373,292,291,0.003451,0.002344,10895257.000000,189177.000000,0.017363
374,293,291,0.003448,0.002296,10920150.000000,188151.000000,0.017230
375,294,291,0.003440,0.002355,10888493.000000,189953.000000,0.017445
376,295,291,0.003452,0.002371,11006702.000000,186432.000000,0.016938
377,296,291,0.003451,0.002364,11237782.000000,193432.000000,0.017213
378,297,291,0.003449,0.002413,11267716.000000,193273.000000,0.017153
379,298,291,0.003454,0.002451,11255608.000000,192880.000000,0.017136
380,299,291,0.003454,0.002397,11404344.000000,193269.000000,0.016947
381,300,291,0.003455,0.002467,11387043.000000,193686.000000,0.017009
382,300,291,0.003456,0.002687,11534336.000000,199642.000000,0.017308
383,301,291,0.003454,0.002450,11475633.000000,195197.000000,0.017010
384,301,291,0.003458,0.002508,11495306.000000,197306.000000,0.017164
385,302,291,0.003378,0.002814,11567186.000000,201324.000000,0.017405
386,303,291,0.003360,0.002518,11572502.000000,194644.000000,0.016820
387,304,291,0.003368,0.002836,11804490.000000,205095.000000,0.017374
388,304,291,0.003359,0.002515,11654690.000000,196996.000000,0.016903
389,305,291,0.003492,0.002730,11690882.000000,202094.000000,0.017286
390,306,291,0.003458,0.002520,11724604.000000,200409.000000,0.017093
391,307,291,0.003461,0.002569,11705223.000000,197016.000000,0.016831
392,308,291,0.003456,0.002494,11742977.000000,198342.000000,0.016890
393,309,291,0.003459,0.002557,11816132.000000,202030.000000,0.017098
394,309,291,0.003457,0.002518,11792860.000000,200553.000000,0.017006
395,310,291,0.003467,0.002522,11805779.000000,202867.000000,0.017184
396,311,291,0.003457,0.002516,11881632.000000,198521.000000,0.016708
397,312,290,0.003460,0.002541,12042261.000000,204144.000000,0.016952
398,313,290,0.003461,0.002551,12111435.000000,204359.000000,0.016873
399,314,290,0.003463,0.002627,12056711.000000,204734.000000,0.016981
400,314,290,0.003497,0.002569,12040817.000000,204140.000000,0.016954
401,314,290,0.003466,0.002607,12154756.000000,203444.000000,0.016738
402,315,290,0.003466,0.002650,12277298.000000,207265.000000,0.016882
403,315,290,0.003462,0.002620,12265875.000000,207866.000000,0.016947
404,316,290,0.003456,0.002666,12463241.000000,210596.000000,0.016897
405,316,290,0.003466,0.002690,12327044.000000,202244.000000,0.016407
406,316,290,0.003464,0.002635,12341677.000000,205091.000000,0.016618
407,316,290,0.003454,0.002664,12508307.000000,209027.000000,0.016711
408,317,290,0.003485,0.002717,12606986.000000,213373.000000,0.016925
409,318,290,0.003467,0.002699,12628198.000000,214724.000000,0.017004
410,318,290,0.003487,0.002728,12743181.000000,211326.000000,0.016583
411,318,290,0.003333,0.002776,12761713.000000,214403.000000,0.016800
412,319,290,0.003331,0.002738,12918645.000000,216735.000000,0.016777
413,320,290,0.003360,0.002792,12886573.000000,215817.000000,0.016747
414,321,290,0.003596,0.002981,13150705.000000,222583.000000,0.016926
415,322,290,0.003343,0.002792,12999292.000000,214233.000000,0.016480
416,323,290,0.003410,0.002822,13128767.000000,219716.000000,0.016735
417,324,290,0.003451,0.002862,13220643.000000,221832.000000,0.016779
418,325,290,0.003414,0.002832,13295873.000000,222524.000000,0.016736
419,326,290,0.003531,0.002897,13470454.000000,227279.000000,0.016872
420,327,290,0.003439,0.002860,13433411.000000,220352.000000,0.016403
421,327,290,0.003454,0.002898,13535728.000000,226539.000000,0.016736
422,328,290,0.003555,0.002949,13663077.000000,229831.000000,0.016821
423,329,290,0.003522,0.002924,13753084.000000,229222.000000,0.016667
424,330,289,0.003564,0.002966,13851236.000000,231757.000000,0.016732
425,331,289,0.003544,0.002992,13679407.000000,226173.000000,0.016534
426,332,289,0.003524,0.002932,13824460.000000,229905.000000,0.016630
427,332,289,0.003591,0.003009,13993071.000000,235242.000000,0.016811
428,332,289,0.003606,0.003046,13971637.000000,234846.000000,0.016809
429,332,288,0.003569,0.002994,14029383.000000,231345.000000,0.016490
430,332,288,0.003605,0.003042,14061287.000000,237350.000000,0.016880
431,332,288,0.003616,0.003056,14038726.000000,236168.000000,0.016823
432,333,288,0.003596,0.003015,14180618.000000,237506.000000,0.016749
433,334,288,0.003667,0.003067,14177569.000000,238598.000000,0.016829
434,335,287,0.003640,0.003032,14275900.000000,233999.000000,0.016391
435,336,287,0.003824,0.003204,14571029.000000,243399.000000,0.016704
436,337,286,0.003712,0.003109,14384834.000000,238275.000000,0.016564
437,338,286,0.003633,0.003074,14318298.000000,238170.000000,0.016634
438,339,286,0.003732,0.003124,14542371.000000,239902.000000,0.016497
439,340,285,0.003773,0.003167,14662437.000000,243915.000000,0.016635
440,341,285,0.003699,0.003087,14587015.000000,243219.000000,0.016674
441,342,285,0.003732,0.003166,14610465.000000,245693.000000,0.016816
442,343,284,0.003841,0.003186,14741083.000000,246437.000000,0.016718
443,344,284,0.003786,0.003188,14853625.000000,242674.000000,0.016338
444,345,283,0.003819,0.003239,14923596.000000,246854.000000,0.016541
445,346,283,0.003804,0.003187,15045761.000000,247595.000000,0.016456
446,347,282,0.003862,0.003254,15201470.000000,250826.000000,0.016500
447,348,281,0.003935,0.003339,15416818.000000,251144.000000,0.016290
448,349,280,0.003902,0.003281,15504393.000000,254310.000000,0.016402
449,350,280,0.004020,0.003428,15668668.000000,260400.000000,0.016619
450,351,279,0.003934,0.003353,15680515.000000,258764.000000,0.016502
451,352,278,0.003954,0.003402,15661742.000000,257851.000000,0.016464
452,353,278,0.004000,0.003421,15738088.000000,261159.000000,0.016594
453,354,277,0.004003,0.003389,15949108.000000,264679.000000,0.016595
454,355,276,0.004139,0.003515,16114929.000000,267408.000000,0.016594
455,356,275,0.004053,0.003436,16156450.000000,267673.000000,0.016568
456,356,275,0.004054,0.003476,16099520.000000,265765.000000,0.016508
457,357,274,0.004154,0.003549,16319673.000000,272559.000000,0.016701
458,358,273,0.004128,0.003486,16416626.000000,272635.000000,0.016607
459,359,272,0.004234,0.003620,16698332.000000,275953.000000,0.016526
460,360,271,0.004141,0.003542,16599074.000000,269257.000000,0.016221
461,361,270,0.004244,0.003614,16660401.000000,276193.000000,0.016578
462,362,269,0.004205,0.003565,16825746.000000,274645.000000,0.016323
463,362,268,0.004256,0.003637,16955162.000000,280537.000000,0.016546
464,363,267,0.004327,0.003721,17113735.000000,281008.000000,0.016420
465,364,266,0.004298,0.003671,17201542.000000,286023.000000,0.016628
466,365,265,0.004667,0.004040,17355616.000000,289294.000000,0.016669
467,366,264,0.004276,0.003703,17189175.000000,282684.000000,0.016445
468,366,263,0.004368,0.003728,17246289.000000,287261.000000,0.016656
469,367,262,0.004276,0.003706,17219100.000000,285390.000000,0.016574
470,368,261,0.004341,0.003736,17331775.000000,286617.000000,0.016537
471,369,260,0.004371,0.003779,17288116.000000,283341.000000,0.016389
472,370,259,0.004371,0.003752,17472667.000000,290030.000000,0.016599
473,370,257,0.004460,0.003843,17768043.000000,293485.000000,0.016518
474,371,257,0.004408,0.003794,17789981.000000,294056.000000,0.016529
475,372,255,0.004508,0.003878,17827353.000000,290804.000000,0.016312
476,373,254,0.004420,0.003825,17877702.000000,295288.000000,0.016517
477,374,253,0.004522,0.003879,17916827.000000,297706.000000,0.016616
478,374,252,0.004427,0.003839,17956311.000000,296117.000000,0.016491
479,375,251,0.004516,0.003938,18204205.000000,300273.000000,0.016495
480,376,250,0.004618,0.004006,18106435.000000,303033.000000,0.016736
481,377,249,0.004512,0.003929,18116964.000000,301918.000000,0.016665
482,378,248,0.004511,0.003955,18054811.000000,295774.000000,0.016382
483,379,247,0.004521,0.003904,18218755.000000,303113.000000,0.016637
484,380,246,0.004604,0.003988,18391158.000000,303828.000000,0.016520
485,380,245,0.004515,0.003929,18344673.000000,301320.000000,0.016425
486,381,243,0.004690,0.004069,18602516.000000,305922.000000,0.016445
487,382,242,0.004585,0.003992,18622013.000000,306851.000000,0.016478
488,383,241,0.004804,0.004187,18909629.000000,315027.000000,0.016660
489,383,240,0.004631,0.004050,18726649.000000,309938.000000,0.016551
490,384,239,0.004642,0.004060,18749536.000000,307944.000000,0.016424
491,385,238,0.004716,0.004044,18930856.000000,311889.000000,0.016475
492,385,237,0.004728,0.004102,19103315.000000,314813.000000,0.016479
493,385,236,0.004917,0.004165,19063875.000000,310403.000000,0.016282
494,386,235,0.004565,0.004244,19245300.000000,318953.000000,0.016573
495,386,234,0.004572,0.004258,19435344.000000,315256.000000,0.016221
496,387,234,0.004600,0.004266,19424491.000000,317993.000000,0.016371
497,388,233,0.004599,0.004258,19625120.000000,314773.000000,0.016039
498,388,232,0.004670,0.004322,19879619.000000,324659.000000,0.016331
499,389,231,0.004654,0.004347,19878825.000000,324548.000000,0.016326
500,390,230,0.004580,0.004267,19784728.000000,320040.000000,0.016176
501,391,229,0.004718,0.004408,19950256.000000,325622.000000,0.016322
502,391,229,0.004606,0.004311,19943272.000000,324699.000000,0.016281
503,392,228,0.004752,0.004458,20015432.000000,325167.000000,0.016246
504,392,227,0.004588,0.004302,19897078.000000,321671.000000,0.016167
505,392,226,0.004686,0.004386,19945555.000000,324007.000000,0.016245
506,393,225,0.005065,0.004314,20178061.000000,332094.000000,0.016458
507,394,225,0.005017,0.004384,20204377.000000,329357.000000,0.016301
508,395,224,0.004943,0.004344,20256105.000000,332524.000000,0.016416
509,396,223,0.005062,0.004395,20427152.000000,333070.000000,0.016305
510,397,222,0.005019,0.004425,20396220.000000,334472.000000,0.016399
511,398,221,0.005058,0.004433,20404442.000000,330738.000000,0.016209
512,399,220,0.004971,0.004377,20453925.000000,332693.000000,0.016265
513,400,219,0.005103,0.004458,20594729.000000,337181.000000,0.016372
514,401,219,0.005038,0.004416,20725318.000000,334034.000000,0.016117
515,402,218,0.005191,0.004505,20936464.000000,343465.000000,0.016405
516,403,217,0.005094,0.004485,20950428.000000,341595.000000,0.016305
517,403,216,0.005202,0.004579,20997103.000000,339904.000000,0.016188
518,404,215,0.005096,0.004505,20987523.000000,341593.000000,0.016276
519,405,214,0.005232,0.004605,21146003.000000,344504.000000,0.016292
520,406,214,0.005163,0.004519,21221312.000000,344101.000000,0.016215
521,407,213,0.005251,0.004639,21250546.000000,342691.000000,0.016126
522,408,212,0.005213,0.004581,21457066.000000,350051.000000,0.016314
523,409,211,0.005288,0.004698,21398452.000000,349674.000000,0.016341
524,409,211,0.005152,0.004577,21263896.000000,340803.000000,0.016027
525,410,210,0.005302,0.004664,21580200.000000,348544.000000,0.016151
526,411,210,0.005248,0.004649,21520993.000000,349271.000000,0.016229
527,412,209,0.005309,0.004676,21656166.000000,346530.000000,0.016001
528,412,208,0.005322,0.004679,21847854.000000,353623.000000,0.016186
529,413,207,0.005518,0.004879,22111529.000000,357622.000000,0.016174
530,414,207,0.005362,0.004729,21930122.000000,351489.000000,0.016028
531,415,206,0.005436,0.004800,22126761.000000,356145.000000,0.016096
532,416,205,0.005412,0.004724,21935181.000000,354053.000000,0.016141
533,416,204,0.005268,0.004697,21826798.000000,350050.000000,0.016038
534,417,204,0.005618,0.004998,22037933.000000,357047.000000,0.016201
535,418,203,0.005376,0.004728,22216949.000000,356459.000000,0.016044
536,419,202,0.005507,0.004879,22401764.000000,357380.000000,0.015953
537,420,202,0.005482,0.004776,22482886.000000,361410.000000,0.016075
538,421,201,0.005569,0.004923,22771069.000000,367469.000000,0.016138
539,422,200,0.005490,0.004906,22642679.000000,362933.000000,0.016029
540,423,200,0.005631,0.004985,22965462.000000,371365.000000,0.016171
541,424,199,0.005579,0.004986,23020161.000000,369860.000000,0.016067
542,425,198,0.005713,0.004944,23300104.000000,379269.000000,0.016278
543,426,197,0.005668,0.005069,23134252.000000,372486.000000,0.016101
544,427,197,0.005612,0.004968,23307764.000000,372157.000000,0.015967
545,428,196,0.005720,0.005119,23368934.000000,372205.000000,0.015927
546,428,195,0.005697,0.005088,23502876.000000,376761.000000,0.016030
547,429,194,0.005803,0.005162,23544609.000000,377740.000000,0.016044
548,430,194,0.005788,0.005152,23621446.000000,378123.000000,0.016008
549,431,193,0.005758,0.005077,23701768.000000,380464.000000,0.016052
550,432,192,0.005871,0.005211,23990132.000000,381720.000000,0.015912
551,432,192,0.005728,0.005140,23859081.000000,375335.000000,0.015731
552,433,191,0.005853,0.005196,24153210.000000,383042.000000,0.015859
553,434,190,0.005896,0.005285,24456636.000000,388525.000000,0.015886
554,435,190,0.005854,0.005251,24241887.000000,381443.000000,0.015735
555,436,189,0.005971,0.005359,24549772.000000,392216.000000,0.015976
556,437,188,0.005835,0.005228,24376350.000000,386535.000000,0.015857
557,437,187,0.005941,0.005365,24501703.000000,389078.000000,0.015880
558,437,187,0.005904,0.005308,24515040.000000,391259.000000,0.015960
559,438,186,0.005900,0.005328,24468910.000000,386743.000000,0.015805
560,439,185,0.005958,0.005313,24541417.000000,393297.000000,0.016026
561,440,184,0.005894,0.005275,24656661.000000,390984.000000,0.015857
562,441,184,0.005985,0.005380,24691178.000000,392827.000000,0.015910
563,441,183,0.006000,0.005374,24963742.000000,398285.000000,0.015955
564,442,182,0.005983,0.005647,25301277.000000,402889.000000,0.015924
565,443,181,0.005930,0.005617,25329786.000000,401275.000000,0.015842
566,444,181,0.005820,0.005467,25433900.000000,402757.000000,0.015835
567,445,180,0.005922,0.005614,25444868.000000,405934.000000,0.015953
568,446,180,0.005949,0.005569,25532585.000000,401934.000000,0.015742
569,447,179,0.005899,0.005573,25484400.000000,405872.000000,0.015926
570,447,179,0.005919,0.005603,25475155.000000,406547.000000,0.015959
571,448,179,0.005865,0.005571,25442561.000000,403321.000000,0.015852
572,449,178,0.006056,0.005679,25730264.000000,411027.000000,0.015974
573,449,178,0.005919,0.005623,25557697.000000,401744.000000,0.015719
574,450,177,0.006018,0.005648,25934554.000000,409420.000000,0.015787
575,451,177,0.006083,0.005705,26038533.000000,411355.000000,0.015798
576,452,176,0.006091,0.005708,26258879.000000,409565.000000,0.015597
577,453,176,0.006162,0.005813,26273652.000000,414804.000000,0.015788
578,453,175,0.006145,0.005773,26278016.000000,412823.000000,0.015710
579,454,175,0.006123,0.005796,26417207.000000,413893.000000,0.015668
580,455,174,0.006244,0.005841,26636965.000000,421284.000000,0.015816
581,455,174,0.006098,0.005789,26487630.000000,415827.000000,0.015699
582,456,173,0.006248,0.005881,26739829.000000,415680.000000,0.015545
583,457,172,0.006564,0.005954,26770204.000000,425836.000000,0.015907
584,458,172,0.006404,0.005802,26788549.000000,419330.000000,0.015653
585,459,171,0.006457,0.005854,26819575.000000,424870.000000,0.015842
586,460,171,0.006463,0.005813,26994421.000000,425434.000000,0.015760
587,461,170,0.006504,0.005898,27210281.000000,423499.000000,0.015564
588,462,169,0.006783,0.006160,27320367.000000,430963.000000,0.015774
589,462,169,0.006927,0.005909,27482313.000000,427761.000000,0.015565
590,463,168,0.006458,0.006082,27585479.000000,430529.000000,0.015607
591,464,168,0.006417,0.006087,27559555.000000,430917.000000,0.015636
592,464,167,0.006377,0.006049,27467775.000000,427603.000000,0.015567
593,464,167,0.006351,0.005991,27490806.000000,430812.000000,0.015671
594,465,166,0.006463,0.006131,27665815.000000,430544.000000,0.015562
595,466,166,0.006828,0.006009,27937238.000000,436108.000000,0.015610
596,467,165,0.006730,0.006098,28023044.000000,440408.000000,0.015716
597,468,165,0.006751,0.006103,28141134.000000,436487.000000,0.015511
598,468,164,0.006566,0.006257,28022443.000000,438084.000000,0.015633
599,469,164,0.006510,0.006161,28255934.000000,435153.000000,0.015400
600,470,163,0.006653,0.006247,28428377.000000,442832.000000,0.015577
601,471,163,0.006988,0.006346,28698504.000000,450362.000000,0.015693
602,471,162,0.006772,0.006136,28414625.000000,439731.000000,0.015476
603,472,162,0.006885,0.006235,28708198.000000,448318.000000,0.015616
604,473,161,0.006912,0.006261,29050142.000000,449728.000000,0.015481
605,474,160,0.006990,0.006331,29354236.000000,457342.000000,0.015580
606,475,160,0.007055,0.006384,29494433.000000,458061.000000,0.015530
607,476,159,0.006885,0.006501,29432259.000000,457389.000000,0.015540
608,477,159,0.006760,0.006364,29652509.000000,457576.000000,0.015431
609,477,158,0.006880,0.006498,29725918.000000,456866.000000,0.015369
610,478,158,0.006922,0.006547,29891633.000000,462692.000000,0.015479
611,479,158,0.006782,0.006462,29729267.000000,460247.000000,0.015481
612,480,157,0.006933,0.006567,30018525.000000,461441.000000,0.015372
613,481,157,0.007014,0.006694,30010568.000000,471097.000000,0.015698
614,482,156,0.006854,0.006526,29930377.000000,462409.000000,0.015449
615,483,156,0.006876,0.006557,30047142.000000,470688.000000,0.015665
616,484,155,0.007007,0.006635,30152233.000000,468840.000000,0.015549
617,484,155,0.007376,0.006761,30130321.000000,471921.000000,0.015663
618,484,154,0.007215,0.006563,30294074.000000,470171.000000,0.015520
619,485,154,0.007336,0.006686,30525752.000000,470352.000000,0.015408
620,486,153,0.007281,0.006631,30369587.000000,472804.000000,0.015568
621,487,153,0.007283,0.006643,30635640.000000,471108.000000,0.015378
622,487,152,0.007348,0.006668,30801479.000000,474968.000000,0.015420
623,488,152,0.007393,0.006813,30962753.000000,477299.000000,0.015415
624,489,151,0.007517,0.006857,31310127.000000,484906.000000,0.015487
625,490,150,0.007547,0.006908,31555760.000000,486523.000000,0.015418
626,491,150,0.007483,0.006849,31608496.000000,482019.000000,0.015250
627,492,149,0.007570,0.006926,31711271.000000,486498.000000,0.015341
628,492,149,0.007465,0.006876,31489434.000000,481189.000000,0.015281
629,492,148,0.007427,0.006834,31487243.000000,483410.000000,0.015353
630,492,147,0.007478,0.006861,31607918.000000,480557.000000,0.015204
631,493,147,0.007662,0.007064,31973516.000000,492398.000000,0.015400
632,494,146,0.007702,0.007061,32026622.000000,492311.000000,0.015372
633,494,146,0.007668,0.007001,32328989.000000,495329.000000,0.015322
634,495,145,0.007538,0.007152,32590543.000000,493578.000000,0.015145
635,496,145,0.007498,0.007168,32626708.000000,495006.000000,0.015172
636,497,144,0.007598,0.007195,32911495.000000,500720.000000,0.015214
637,498,144,0.007495,0.007195,32746332.000000,496768.000000,0.015170
638,498,143,0.007504,0.007184,32738125.000000,501034.000000,0.015304
639,499,143,0.007556,0.007250,32764747.000000,498306.000000,0.015209
640,500,142,0.007582,0.007225,32926318.000000,504005.000000,0.015307
641,501,142,0.007610,0.007281,33044902.000000,501208.000000,0.015167
642,501,141,0.007734,0.007380,33261917.000000,505247.000000,0.015190
643,502,141,0.007642,0.007338,33235884.000000,501748.000000,0.015097
644,503,140,0.007792,0.007382,33543300.000000,510693.000000,0.015225
645,504,140,0.007807,0.007449,33802915.000000,507188.000000,0.015004
646,505,139,0.007806,0.007425,33941627.000000,513457.000000,0.015128
647,506,139,0.007772,0.007426,34074296.000000,508543.000000,0.014925
648,506,139,0.007887,0.007511,34145678.000000,513673.000000,0.015044
649,507,138,0.007776,0.007454,33761245.000000,510846.000000,0.015131
650,508,138,0.007846,0.007493,34053268.000000,510928.000000,0.015004
651,509,137,0.007881,0.007551,34101590.000000,517334.000000,0.015170
652,510,137,0.007862,0.007403,34157204.000000,509216.000000,0.014908
653,511,136,0.008299,0.007653,34729076.000000,524688.000000,0.015108
654,511,136,0.008099,0.007464,34390934.000000,516963.000000,0.015032
655,511,136,0.008075,0.007435,34354324.000000,519169.000000,0.015112
656,512,135,0.008063,0.007394,34535966.000000,517525.000000,0.014985
657,513,135,0.008136,0.007526,34641067.000000,521790.000000,0.015063
658,514,134,0.008230,0.007562,34915553.000000,520551.000000,0.014909
659,514,134,0.008144,0.007546,34634009.000000,524720.000000,0.015150
660,515,133,0.008242,0.007585,34979784.000000,523951.000000,0.014979
661,516,133,0.008215,0.007541,35091512.000000,524657.000000,0.014951
662,516,132,0.008143,0.007566,34847754.000000,519232.000000,0.014900
663,516,132,0.008108,0.007772,34946397.000000,524639.000000,0.015013
664,517,132,0.008231,0.007853,35221942.000000,521460.000000,0.014805
665,518,131,0.008441,0.007826,35130165.000000,529355.000000,0.015068
666,519,131,0.008333,0.007608,35366789.000000,527302.000000,0.014910
667,520,131,0.008229,0.007632,35225521.000000,531063.000000,0.015076
668,521,130,0.008301,0.007667,35456619.000000,528754.000000,0.014913
669,521,130,0.008328,0.007722,35473956.000000,535202.000000,0.015087
670,522,129,0.008381,0.007729,35703342.000000,534927.000000,0.014983
671,523,129,0.008478,0.007873,35896560.000000,539367.000000,0.015026
672,524,128,0.008450,0.007834,35944301.000000,536077.000000,0.014914
673,525,128,0.008373,0.007748,35928228.000000,538656.000000,0.014993
674,526,128,0.008307,0.007982,36155085.000000,539060.000000,0.014910
675,527,127,0.008334,0.008001,36137577.000000,538034.000000,0.014888
676,527,127,0.008267,0.007950,36081470.000000,531381.000000,0.014727
677,528,127,0.008269,0.007948,36131788.000000,534703.000000,0.014799
678,529,126,0.008332,0.007988,36355359.000000,533347.000000,0.014670
679,530,126,0.008257,0.007939,36289348.000000,536618.000000,0.014787
680,530,126,0.008193,0.007879,36144390.000000,530256.000000,0.014670
681,531,125,0.008826,0.008165,36688542.000000,542009.000000,0.014773
682,531,125,0.008557,0.007948,36494303.000000,538171.000000,0.014747
683,532,125,0.008629,0.007959,36752856.000000,543746.000000,0.014795
684,533,124,0.008698,0.007979,36992058.000000,555310.000000,0.015012
685,533,124,0.008637,0.008016,36887929.000000,544828.000000,0.014770
686,534,124,0.008695,0.008038,37256486.000000,546881.000000,0.014679
687,535,124,0.008825,0.008207,37071683.000000,551359.000000,0.014873
688,536,123,0.008745,0.008103,37249818.000000,548720.000000,0.014731
689,536,123,0.008752,0.008402,37225577.000000,549878.000000,0.014772
690,536,123,0.008509,0.008174,37289339.000000,545980.000000,0.014642
691,537,122,0.008630,0.008301,37600277.000000,555129.000000,0.014764
692,538,122,0.008596,0.008226,37577680.000000,550400.000000,0.014647
693,539,122,0.008716,0.008280,37635162.000000,553016.000000,0.014694
694,540,122,0.008807,0.008120,37834604.000000,558565.000000,0.014763
695,541,121,0.008794,0.008200,37756165.000000,554248.000000,0.014680
696,541,121,0.008801,0.008191,37771852.000000,557863.000000,0.014769
697,542,121,0.008884,0.008240,38006274.000000,557179.000000,0.014660
698,543,120,0.009098,0.008452,38487960.000000,569199.000000,0.014789
699,544,120,0.008963,0.008337,38355197.000000,562535.000000,0.014666
700,545,120,0.008864,0.008400,38623040.000000,571175.000000,0.014788
701,546,119,0.008836,0.008412,38540359.000000,565220.000000,0.014666
702,546,119,0.008864,0.008354,38719557.000000,569149.000000,0.014699
703,546,119,0.008865,0.008369,38939770.000000,566763.000000,0.014555
704,547,118,0.008934,0.008435,39043624.000000,572322.000000,0.014659
705,548,118,0.008960,0.008507,39226945.000000,572065.000000,0.014583
706,549,118,0.009046,0.008549,39408185.000000,576960.000000,0.014641
707,549,118,0.008992,0.008546,39332085.000000,571546.000000,0.014531
708,550,117,0.009088,0.008595,39686965.000000,576981.000000,0.014538
709,551,117,0.009072,0.008621,39599148.000000,580383.000000,0.014656
710,552,117,0.009171,0.008711,39726053.000000,578658.000000,0.014566
711,553,116,0.009077,0.008763,39791056.000000,583152.000000,0.014655
712,553,116,0.009113,0.008722,40017369.000000,575405.000000,0.014379
713,554,116,0.009125,0.008745,40220842.000000,584549.000000,0.014533
714,555,116,0.009207,0.008841,40457897.000000,585536.000000,0.014473
715,556,115,0.009281,0.008920,40873187.000000,591541.000000,0.014473
716,556,115,0.009391,0.009011,40571189.000000,590258.000000,0.014549
717,557,115,0.009338,0.008946,41127249.000000,599069.000000,0.014566
718,558,115,0.009338,0.008948,41474760.000000,601152.000000,0.014494
719,559,114,0.009205,0.008921,41310451.000000,616644.000000,0.014927
720,560,114,0.009453,0.009030,41776051.000000,627164.000000,0.015013
721,561,114,0.009456,0.009047,41758191.000000,624889.000000,0.014964
722,561,114,0.009453,0.009062,42146175.000000,631591.000000,0.014986
723,562,113,0.009420,0.009085,42240102.000000,630843.000000,0.014935
724,563,113,0.009440,0.009093,42284872.000000,635243.000000,0.015023
725,563,113,0.009516,0.009204,42499354.000000,634038.000000,0.014919
726,564,113,0.009569,0.009268,42542201.000000,632716.000000,0.014873
727,565,112,0.009633,0.009278,42866461.000000,642414.000000,0.014986
728,565,112,0.009542,0.009253,42693441.000000,635179.000000,0.014878
729,566,112,0.009695,0.009349,43014961.000000,642544.000000,0.014938
730,567,111,0.009703,0.009339,43238887.000000,640840.000000,0.014821
731,567,111,0.009819,0.009475,43369661.000000,646502.000000,0.014907
732,568,111,0.009796,0.009432,43555536.000000,645872.000000,0.014829
733,569,111,0.009761,0.009426,43586556.000000,643281.000000,0.014759
734,570,110,0.009811,0.009427,43835464.000000,653145.000000,0.014900
735,571,110,0.009759,0.009473,43676067.000000,645538.000000,0.014780
736,572,110,0.009888,0.009495,44138517.000000,655559.000000,0.014852
737,572,109,0.009881,0.009546,44258975.000000,653997.000000,0.014777
738,573,109,0.009896,0.009565,44247101.000000,652980.000000,0.014758
739,573,109,0.009858,0.009551,44123779.000000,656347.000000,0.014875
740,574,108,0.010026,0.009658,44581178.000000,657575.000000,0.014750
741,575,108,0.010027,0.009725,44680708.000000,663103.000000,0.014841
742,576,108,0.010059,0.009718,44815771.000000,661887.000000,0.014769
743,577,108,0.009987,0.009689,44657579.000000,659360.000000,0.014765
744,578,107,0.010114,0.009773,44989498.000000,667027.000000,0.014826
745,579,107,0.010042,0.009752,44895109.000000,664031.000000,0.014791
746,580,107,0.010068,0.009738,45035918.000000,667945.000000,0.014831
747,581,106,0.010068,0.009780,45047394.000000,664052.000000,0.014741
748,582,106,0.010071,0.009736,45111265.000000,664886.000000,0.014739
749,583,106,0.010095,0.009796,45133847.000000,666472.000000,0.014767
750,584,106,0.010168,0.009825,45448627.000000,666119.000000,0.014657
751,585,105,0.010170,0.009867,45301494.000000,671164.000000,0.014815
752,586,105,0.010173,0.009813,45520546.000000,669340.000000,0.014704
753,587,105,0.010159,0.009860,45513860.000000,668317.000000,0.014684
754,588,105,0.010236,0.009857,45808494.000000,674630.000000,0.014727
755,589,104,0.010232,0.009870,45855014.000000,672222.000000,0.014660
756,590,104,0.010295,0.009896,46110591.000000,676467.000000,0.014671
757,591,104,0.010299,0.009913,46153700.000000,677036.000000,0.014669
758,592,104,0.010380,0.010011,46505881.000000,679221.000000,0.014605
759,593,103,0.010440,0.010106,46711211.000000,686632.000000,0.014700
760,594,103,0.010443,0.010113,46769645.000000,682738.000000,0.014598
761,595,103,0.010633,0.010233,47075497.000000,684465.000000,0.014540
762,596,102,0.010514,0.010165,47104486.000000,692724.000000,0.014706
763,597,102,0.010561,0.010269,47056232.000000,688821.000000,0.014638
764,598,102,0.010533,0.010197,47183012.000000,693997.000000,0.014709
765,599,102,0.010582,0.010278,47325499.000000,691917.000000,0.014620
766,599,101,0.010585,0.010269,47435929.000000,694546.000000,0.014642
767,600,101,0.010540,0.010210,47270100.000000,694777.000000,0.014698
768,600,101,0.010534,0.010240,47260047.000000,691338.000000,0.014628
769,601,100,0.010536,0.010255,47304368.000000,692781.000000,0.014645
770,602,100,0.010714,0.010374,47565848.000000,699066.000000,0.014697
771,603,100,0.010602,0.010308,47517780.000000,695628.000000,0.014639
772,603,100,0.010510,0.010221,47275787.000000,693816.000000,0.014676
773,603,99,0.010564,0.010264,47335798.000000,697989.000000,0.014745
774,603,99,0.010512,0.010232,47260670.000000,693432.000000,0.014672
775,604,99,0.010588,0.010282,47488541.000000,699967.000000,0.014740
776,605,99,0.010623,0.010286,47669095.000000,698002.000000,0.014643
777,606,99,0.010626,0.010275,47728621.000000,700167.000000,0.014670
778,607,98,0.010723,0.010356,48076593.000000,705975.000000,0.014684
779,607,98,0.010722,0.010439,48012329.000000,702047.000000,0.014622
780,608,98,0.010822,0.010452,48115116.000000,706546.000000,0.014684
781,608,98,0.010747,0.010364,48268362.000000,710528.000000,0.014720
782,609,98,0.010863,0.010464,48693105.000000,711635.000000,0.014615
783,609,97,0.010911,0.010538,49040604.000000,712429.000000,0.014527
784,609,97,0.010852,0.010526,48754902.000000,715875.000000,0.014683
785,610,97,0.011001,0.010662,49177108.000000,716904.000000,0.014578
786,611,97,0.011116,0.010645,49491274.000000,730133.000000,0.014753
787,612,96,0.011077,0.010775,49459223.000000,723540.000000,0.014629
788,612,96,0.011114,0.010723,49664192.000000,721422.000000,0.014526
789,613,96,0.011246,0.010844,49958570.000000,726080.000000,0.014534
790,614,96,0.011173,0.010778,49934293.000000,727987.000000,0.014579
791,615,95,0.011140,0.010757,49962879.000000,725729.000000,0.014525
792,615,95,0.011128,0.010749,50046191.000000,729515.000000,0.014577
793,616,95,0.011227,0.010844,50333670.000000,737577.000000,0.014654
794,617,95,0.011121,0.010829,49935819.000000,727615.000000,0.014571
795,618,95,0.011281,0.010895,50486510.000000,731651.000000,0.014492
796,619,94,0.011272,0.010891,50530546.000000,738522.000000,0.014615
797,620,94,0.011294,0.010895,50630655.000000,733396.000000,0.014485
798,620,94,0.011442,0.011059,50866598.000000,733724.000000,0.014424
799,621,94,0.011387,0.010976,50922041.000000,740597.000000,0.014544
800,622,94,0.011312,0.010962,50791166.000000,734658.000000,0.014464
801,623,93,0.011335,0.010977,50975158.000000,738177.000000,0.014481
802,624,93,0.011392,0.011026,51172183.000000,743807.000000,0.014535
803,625,93,0.011341,0.011054,51040868.000000,741036.000000,0.014518
804,625,93,0.011383,0.011089,51116231.000000,741342.000000,0.014503
805,625,93,0.011348,0.011013,51108861.000000,741964.000000,0.014517
806,626,92,0.011480,0.011132,51479802.000000,744091.000000,0.014454
807,627,92,0.011460,0.011128,51490905.000000,746795.000000,0.014503
808,627,92,0.011399,0.011095,51310787.000000,747397.000000,0.014566
809,628,92,0.011538,0.011181,51748622.000000,746820.000000,0.014432
810,628,92,0.011489,0.011135,51743718.000000,746161.000000,0.014420
811,629,91,0.011452,0.011163,51469764.000000,745488.000000,0.014484
812,630,91,0.011568,0.011164,51904613.000000,751887.000000,0.014486
813,631,91,0.011525,0.011237,51825045.000000,749305.000000,0.014458
814,632,91,0.011592,0.011220,52127402.000000,749524.000000,0.014379
815,633,91,0.011609,0.011285,51923824.000000,751878.000000,0.014480
816,634,90,0.011647,0.011265,52311788.000000,753203.000000,0.014398
817,635,90,0.011657,0.011305,52458055.000000,754678.000000,0.014386
818,636,90,0.011703,0.011347,52614113.000000,761550.000000,0.014474
819,637,90,0.011661,0.011366,52533903.000000,755585.000000,0.014383
820,638,90,0.012156,0.011660,52944252.000000,765146.000000,0.014452
821,639,89,0.014606,0.014269,54755149.000000,788827.000000,0.014406
822,639,89,0.011885,0.011563,53032404.000000,772557.000000,0.014568
823,640,89,0.012648,0.012188,53349111.000000,771293.000000,0.014457
824,641,88,0.012448,0.011748,53431465.000000,771160.000000,0.014433
825,642,88,0.012151,0.011829,53370223.000000,770436.000000,0.014436
826,642,88,0.011996,0.011662,53168267.000000,765994.000000,0.014407
827,643,88,0.012260,0.011862,53812282.000000,774060.000000,0.014384
828,644,88,0.012156,0.011776,53630676.000000,769201.000000,0.014343
829,645,87,0.012394,0.011954,53767134.000000,777042.000000,0.014452
830,646,87,0.012260,0.011689,54105556.000000,780796.000000,0.014431
831,647,87,0.012390,0.011832,54429343.000000,778779.000000,0.014308
832,648,87,0.012210,0.011770,54129316.000000,777547.000000,0.014365
833,648,86,0.012221,0.011720,54096952.000000,776464.000000,0.014353
834,649,86,0.012344,0.011800,54629936.000000,785214.000000,0.014373
835,650,86,0.012344,0.011818,54632174.000000,777999.000000,0.014241
836,651,86,0.012664,0.012261,54935890.000000,786291.000000,0.014313
837,652,86,0.012494,0.012057,55319051.000000,789068.000000,0.014264
838,652,85,0.012413,0.012005,55225236.000000,784886.000000,0.014212
839,653,85,0.012419,0.012007,55137231.000000,777857.000000,0.014108
840,654,85,0.012603,0.012197,55216037.000000,780954.000000,0.014144
841,655,85,0.012725,0.012314,55551965.000000,791098.000000,0.014241
842,656,84,0.012629,0.012285,55525744.000000,790842.000000,0.014243
843,657,84,0.012948,0.012415,55864090.000000,791890.000000,0.014175
844,658,84,0.013757,0.013324,56795193.000000,809678.000000,0.014256
845,659,84,0.012622,0.012158,56448381.000000,796489.000000,0.014110
846,660,83,0.012870,0.012500,56214774.000000,806338.000000,0.014344
847,661,83,0.012597,0.012278,56443169.000000,804758.000000,0.014258
848,662,83,0.012590,0.012258,56652077.000000,804824.000000,0.014206
849,663,83,0.012608,0.012269,56783017.000000,803607.000000,0.014152
850,664,83,0.012681,0.012250,57088215.000000,810571.000000,0.014199
851,665,83,0.012613,0.012305,56970375.000000,805290.000000,0.014135
852,666,82,0.012705,0.012303,57294094.000000,810397.000000,0.014145
853,667,82,0.012831,0.012434,57779145.000000,815517.000000,0.014114
854,668,82,0.012786,0.012372,57681579.000000,816689.000000,0.014159
855,668,82,0.012954,0.012549,58097192.000000,818983.000000,0.014097
856,669,82,0.013144,0.012694,58779189.000000,827835.000000,0.014084
857,669,81,0.012978,0.012637,58526776.000000,823370.000000,0.014068
858,670,81,0.013010,0.012621,58768455.000000,827808.000000,0.014086
859,671,81,0.013029,0.012685,58803539.000000,832062.000000,0.014150
860,672,81,0.013106,0.012706,59123516.000000,831213.000000,0.014059
861,673,81,0.013106,0.012719,59218592.000000,834717.000000,0.014096
862,674,81,0.013197,0.012834,59520009.000000,834029.000000,0.014013
863,675,80,0.013286,0.012963,59549502.000000,842319.000000,0.014145
864,676,80,0.013200,0.012898,59554821.000000,837601.000000,0.014064
865,677,80,0.013162,0.012871,59446334.000000,838092.000000,0.014098
866,677,80,0.013127,0.012832,59325863.000000,836464.000000,0.014099
867,678,80,0.013212,0.012808,59620009.000000,840732.000000,0.014102
868,678,79,0.013212,0.012825,59738168.000000,844264.000000,0.014133
869,678,79,0.013693,0.013250,60543379.000000,864948.000000,0.014286
870,679,79,0.013345,0.013013,60110081.000000,845129.000000,0.014060
871,680,79,0.013323,0.012949,60245952.000000,845628.000000,0.014036
872,681,79,0.013444,0.013038,60697967.000000,850477.000000,0.014012
873,682,78,0.013657,0.013244,61468310.000000,863041.000000,0.014040
874,683,78,0.013737,0.013354,61620960.000000,865768.000000,0.014050
875,683,78,0.013645,0.013237,61486419.000000,862113.000000,0.014021
876,684,78,0.013605,0.013268,61621402.000000,866007.000000,0.014054
877,685,77,0.013705,0.013370,62007588.000000,870217.000000,0.014034
878,685,77,0.013799,0.013389,62086153.000000,870850.000000,0.014026
879,686,77,0.013851,0.013536,62529956.000000,880348.000000,0.014079
880,687,77,0.013833,0.013436,62558857.000000,876276.000000,0.014007
881,688,77,0.013821,0.013523,62556287.000000,875128.000000,0.013989
882,689,77,0.013939,0.013524,62966497.000000,880398.000000,0.013982
883,690,77,0.013975,0.013564,63153926.000000,880986.000000,0.013950
884,690,76,0.013880,0.013583,62904942.000000,881531.000000,0.014014
885,691,76,0.014245,0.013911,63391859.000000,891432.000000,0.014062
886,692,76,0.014078,0.013661,63369692.000000,886410.000000,0.013988
887,693,76,0.013979,0.013649,63162416.000000,883672.000000,0.013990
888,693,76,0.013948,0.013606,63151821.000000,881508.000000,0.013959
889,694,76,0.014230,0.013831,63805860.000000,893295.000000,0.014000
890,695,75,0.014054,0.013717,63678975.000000,890126.000000,0.013978
891,696,75,0.014191,0.013779,63975191.000000,896990.000000,0.014021
892,697,75,0.014227,0.013849,64216979.000000,895722.000000,0.013948
893,698,75,0.014212,0.013899,64317474.000000,898547.000000,0.013970
894,699,75,0.014241,0.013879,64489814.000000,900216.000000,0.013959
895,700,74,0.014509,0.014161,65035961.000000,906085.000000,0.013932
896,700,74,0.014758,0.014440,65071073.000000,910603.000000,0.013994
897,701,74,0.014436,0.014116,65066022.000000,905532.000000,0.013917
898,702,74,0.014365,0.014004,64866112.000000,903465.000000,0.013928
899,702,74,0.014335,0.014011,64822086.000000,905712.000000,0.013972
900,703,74,0.014382,0.014065,64954426.000000,905245.000000,0.013937
901,704,73,0.014414,0.014115,65195081.000000,906846.000000,0.013910
902,704,73,0.014442,0.014134,65125244.000000,907594.000000,0.013936
903,705,73,0.014311,0.014004,64854799.000000,905805.000000,0.013967
904,706,73,0.014375,0.014038,65021459.000000,906193.000000,0.013937
905,706,73,0.014372,0.014057,64978006.000000,903660.000000,0.013907
906,706,73,0.014317,0.013996,64945387.000000,905395.000000,0.013941
907,707,73,0.014435,0.014132,65143372.000000,906290.000000,0.013912
908,707,72,0.014422,0.014107,65072063.000000,903137.000000,0.013879
909,708,72,0.014474,0.014143,65402558.000000,907699.000000,0.013879
910,709,72,0.014575,0.014185,65776733.000000,915112.000000,0.013912
911,710,72,0.014529,0.014181,65823112.000000,914755.000000,0.013897
912,711,72,0.014812,0.014398,66610694.000000,923412.000000,0.013863
913,712,72,0.014819,0.014485,66455298.000000,922427.000000,0.013880
914,712,71,0.015263,0.014897,66203439.000000,917979.000000,0.013866
915,712,71,0.014824,0.014503,66144171.000000,911756.000000,0.013784
916,713,71,0.015460,0.015023,66415929.000000,917413.000000,0.013813
917,714,71,0.015321,0.014847,66330962.000000,925150.000000,0.013947
918,714,71,0.015046,0.014597,66252785.000000,920537.000000,0.013894
919,715,70,0.015018,0.014431,66730449.000000,928048.000000,0.013907
920,715,70,0.014889,0.014432,66397916.000000,922828.000000,0.013898
921,716,70,0.014976,0.014501,66765295.000000,926764.000000,0.013881
922,717,70,0.015158,0.014600,67371715.000000,932183.000000,0.013836
923,718,70,0.015244,0.014747,67850014.000000,943215.000000,0.013901
924,718,70,0.015636,0.015049,68195093.000000,947223.000000,0.013890
925,718,69,0.015196,0.014642,67862437.000000,937222.000000,0.013811
926,719,69,0.015338,0.014821,67717277.000000,938545.000000,0.013860
927,719,69,0.015426,0.014846,68423623.000000,943694.000000,0.013792
928,720,69,0.015345,0.014754,68361332.000000,941558.000000,0.013773
929,721,69,0.015610,0.015023,69411105.000000,959074.000000,0.013817
930,722,69,0.015512,0.014951,69069404.000000,951944.000000,0.013782
931,723,68,0.015443,0.014949,68976750.000000,955656.000000,0.013855
932,724,68,0.015825,0.015408,69681548.000000,961941.000000,0.013805
933,724,68,0.015681,0.015229,69193585.000000,951941.000000,0.013758
934,724,68,0.015437,0.014976,69084471.000000,949688.000000,0.013747
935,725,68,0.015652,0.015157,69718454.000000,959883.000000,0.013768
936,726,68,0.015787,0.015274,70092348.000000,964315.000000,0.013758
937,727,67,0.015737,0.015139,69953547.000000,975181.000000,0.013940
938,728,67,0.015660,0.015125,69896752.000000,963254.000000,0.013781
939,729,67,0.015915,0.015367,70537856.000000,973320.000000,0.013799
940,729,67,0.015727,0.015198,70280082.000000,968322.000000,0.013778
941,730,67,0.015685,0.015143,70107767.000000,966446.000000,0.013785
942,730,67,0.015777,0.015361,70436221.000000,971678.000000,0.013795
943,731,67,0.015662,0.015342,70338132.000000,969887.000000,0.013789
944,732,66,0.016014,0.015412,70684571.000000,970630.000000,0.013732
945,733,66,0.016119,0.015659,71513954.000000,977956.000000,0.013675
946,734,66,0.015874,0.015476,71340463.000000,977106.000000,0.013696
947,735,66,0.016042,0.015690,71507268.000000,977320.000000,0.013667
948,735,66,0.015922,0.015595,71259614.000000,971464.000000,0.013633
949,736,66,0.015933,0.015596,71148479.000000,972630.000000,0.013670
950,737,66,0.016170,0.015795,71977224.000000,983822.000000,0.013669
951,737,65,0.016171,0.015687,71437300.000000,980839.000000,0.013730
952,738,65,0.016318,0.015753,72212218.000000,987858.000000,0.013680
953,739,65,0.016213,0.015668,72279195.000000,991376.000000,0.013716
954,740,65,0.016258,0.015770,72546964.000000,994237.000000,0.013705
955,740,65,0.016187,0.015710,72249122.000000,988428.000000,0.013681
956,741,65,0.016389,0.016017,72733184.000000,994100.000000,0.013668
957,742,65,0.016139,0.015733,72665348.000000,991475.000000,0.013644
958,742,65,0.016607,0.016191,73283952.000000,994437.000000,0.013570
959,743,64,0.016375,0.015852,72770059.000000,991581.000000,0.013626
960,743,64,0.016249,0.015770,72833425.000000,991455.000000,0.013613
961,743,64,0.016206,0.015746,72571225.000000,990564.000000,0.013650
962,743,64,0.016229,0.015755,72720822.000000,988519.000000,0.013593
963,744,64,0.016412,0.015959,73237605.000000,998572.000000,0.013635
964,744,64,0.016649,0.016219,73125319.000000,998438.000000,0.013654
965,745,63,0.023752,0.023361,78456903.000000,1043410.000000,0.013299
966,746,63,0.016308,0.015844,73876602.000000,1004281.000000,0.013594
967,747,63,0.016369,0.016035,74100721.000000,1009041.000000,0.013617
968,748,63,0.016476,0.016018,74552887.000000,1010687.000000,0.013557
969,749,63,0.016463,0.016101,74385980.000000,1008364.000000,0.013556
970,750,62,0.016846,0.016398,75185168.000000,1017343.000000,0.013531
971,751,62,0.016414,0.016095,74589235.000000,1009573.000000,0.013535
972,752,62,0.016606,0.016189,75235676.000000,1017220.000000,0.013520
973,753,62,0.016528,0.016170,75047220.000000,1014673.000000,0.013520
974,754,62,0.016607,0.016183,75361756.000000,1018578.000000,0.013516
975,755,62,0.016841,0.016454,76063849.000000,1022881.000000,0.013448
976,756,62,0.016638,0.016275,75568283.000000,1023218.000000,0.013540
977,757,62,0.016628,0.016307,75586910.000000,1022405.000000,0.013526
978,758,62,0.016721,0.016302,75955188.000000,1025898.000000,0.013507
979,759,61,0.016876,0.016444,76619605.000000,1031633.000000,0.013464
980,760,61,0.016941,0.016562,76955221.000000,1036187.000000,0.013465
981,761,61,0.017683,0.017101,77464345.000000,1044476.000000,0.013483
982,762,61,0.017398,0.016845,77716342.000000,1045179.000000,0.013449
983,763,61,0.017537,0.017048,77551431.000000,1046815.000000,0.013498
984,763,61,0.017356,0.016824,77648319.000000,1046400.000000,0.013476
985,764,61,0.017373,0.016860,77832586.000000,1045074.000000,0.013427
986,764,60,0.017454,0.016924,77486959.000000,1045336.000000,0.013490
987,765,60,0.017426,0.016960,77780451.000000,1045739.000000,0.013445
988,766,60,0.017719,0.017110,78724095.000000,1053281.000000,0.013379
989,767,60,0.017542,0.017077,78484420.000000,1054129.000000,0.013431
990,768,60,0.017682,0.017106,78926846.000000,1059651.000000,0.013426
991,768,60,0.017463,0.017000,78334595.000000,1050837.000000,0.013415
992,768,60,0.017463,0.016993,78323678.000000,1052827.000000,0.013442
993,769,60,0.017701,0.017180,78957361.000000,1059824.000000,0.013423
994,770,59,0.017769,0.017339,79060920.000000,1057016.000000,0.013370
