frame,nb of entities,FPS,frame length,physics length,L1-dcache-loads,L1-dcache-load-misses,L1-dcache-load-miss-ratio
0,3,302,0.001953,0.000030,454481.000000,32270.000000,0.071004
1,4,302,0.003317,0.000035,610155.000000,34892.000000,0.057185
2,5,302,0.003326,0.000031,635178.000000,35352.000000,0.055657
3,6,302,0.003331,0.000036,501075.000000,35213.000000,0.070275
4,7,302,0.003324,0.000038,488047.000000,34849.000000,0.071405
5,8,302,0.003328,0.000031,493148.000000,32221.000000,0.065337
6,9,302,0.003320,0.000039,486121.000000,35110.000000,0.072225
7,10,302,0.003328,0.000033,500371.000000,35519.000000,0.070985
8,11,302,0.003335,0.000040,541880.000000,36537.000000,0.067426
9,12,302,0.003358,0.000040,500031.000000,36386.000000,0.072767
10,13,302,0.003333,0.000063,484980.000000,35372.000000,0.072935
11,14,302,0.003335,0.000049,531815.000000,36660.000000,0.068934
12,15,302,0.003325,0.000044,509584.000000,35688.000000,0.070034
13,16,302,0.003329,0.000040,523928.000000,35662.000000,0.068067
14,17,302,0.003333,0.000052,522552.000000,36063.000000,0.069013
15,18,302,0.003328,0.000068,497429.000000,35926.000000,0.072223
16,19,302,0.003338,0.000080,595895.000000,41073.000000,0.068927
17,20,302,0.003342,0.000055,552952.000000,38884.000000,0.070321
18,21,302,0.003333,0.000053,528370.000000,37435.000000,0.070850
19,22,302,0.003333,0.000051,546596.000000,38470.000000,0.070381
20,23,302,0.003343,0.000088,541375.000000,39274.000000,0.072545
21,24,302,0.003331,0.000054,576261.000000,38522.000000,0.066848
22,25,302,0.003336,0.000056,561502.000000,38428.000000,0.068438
23,26,302,0.003211,0.000061,695001.000000,38355.000000,0.055187
24,26,302,0.003321,0.000046,680467.000000,37570.000000,0.055212
25,27,302,0.003330,0.000052,667186.000000,34921.000000,0.052341
26,28,302,0.003320,0.000053,696440.000000,38566.000000,0.055376
27,28,302,0.003322,0.000051,679539.000000,37789.000000,0.055610
28,29,302,0.003334,0.000054,668534.000000,38383.000000,0.057414
29,30,302,0.003317,0.000066,714485.000000,38893.000000,0.054435
30,31,302,0.003322,0.000057,647842.000000,34661.000000,0.053502
31,32,302,0.003329,0.000071,697288.000000,39104.000000,0.056080
32,33,302,0.003313,0.000065,750650.000000,38349.000000,0.051088
33,33,302,0.003321,0.000052,699638.000000,38124.000000,0.054491
34,34,302,0.003333,0.000058,688836.000000,38187.000000,0.055437
35,35,302,0.003317,0.000071,666997.000000,35253.000000,0.052853
36,36,302,0.003321,0.000062,712494.000000,39616.000000,0.055602
37,37,302,0.003331,0.000092,742724.000000,42494.000000,0.057214
38,38,302,0.003316,0.000124,747211.000000,45245.000000,0.060552
39,39,302,0.003323,0.000063,730860.000000,39247.000000,0.053700
40,40,302,0.003332,0.000091,685087.000000,37426.000000,0.054630
41,41,302,0.003313,0.000081,751257.000000,38888.000000,0.051764
42,42,302,0.003325,0.000073,735675.000000,39261.000000,0.053367
43,43,302,0.003327,0.000091,756096.000000,39872.000000,0.052734
44,44,302,0.003318,0.000085,774115.000000,39457.000000,0.050970
45,44,302,0.003324,0.000072,717041.000000,36392.000000,0.050753
46,45,302,0.003329,0.000094,756493.000000,40214.000000,0.053158
47,46,302,0.003317,0.000080,778903.000000,39438.000000,0.050633
48,47,302,0.003324,0.000073,753240.000000,39475.000000,0.052407
49,47,302,0.003327,0.000084,752827.000000,39230.000000,0.052110
50,48,302,0.003320,0.000082,739370.000000,35723.000000,0.048315
51,49,302,0.003322,0.000073,767266.000000,39498.000000,0.051479
52,49,302,0.003329,0.000087,754723.000000,39319.000000,0.052097
53,50,302,0.003322,0.000101,797623.000000,40181.000000,0.050376
54,51,302,0.003319,0.000096,776911.000000,40056.000000,0.051558
55,52,302,0.003328,0.000096,749987.000000,36566.000000,0.048756
56,53,302,0.003323,0.000114,793054.000000,40783.000000,0.051425
57,54,302,0.003318,0.000108,818963.000000,40944.000000,0.049995
58,55,302,0.003328,0.000110,818205.000000,41221.000000,0.050380
59,55,302,0.003323,0.000087,810859.000000,39682.000000,0.048938
60,56,300,0.003325,0.000089,805984.000000,37648.000000,0.046711
61,57,300,0.003329,0.000154,862446.000000,51933.000000,0.060216
62,58,300,0.003313,0.000166,865566.000000,46786.000000,0.054052
63,59,300,0.003318,0.000097,869909.000000,43585.000000,0.050103
64,60,300,0.003328,0.000168,895828.000000,54240.000000,0.060547
65,60,300,0.003317,0.000156,777690.000000,46726.000000,0.060083
66,61,300,0.003317,0.000127,860220.000000,42152.000000,0.049001
67,61,300,0.003332,0.000114,842256.000000,42433.000000,0.050380
68,62,300,0.003317,0.000117,853480.000000,41353.000000,0.048452
69,63,300,0.003317,0.000114,885332.000000,42438.000000,0.047935
70,64,300,0.003329,0.000117,841164.000000,38120.000000,0.045318
71,65,300,0.003322,0.000095,880446.000000,41849.000000,0.047532
72,66,300,0.003318,0.000122,864320.000000,41164.000000,0.047626
73,67,300,0.003332,0.000120,864776.000000,41970.000000,0.048533
74,68,300,0.003315,0.000129,900567.000000,42368.000000,0.047046
75,68,300,0.003320,0.000118,856213.000000,37819.000000,0.044170
76,69,300,0.003330,0.000136,952011.000000,47925.000000,0.050341
77,69,301,0.003320,0.000146,946548.000000,48618.000000,0.051363
78,69,301,0.003319,0.000160,925700.000000,49302.000000,0.053259
79,70,301,0.003335,0.000166,956831.000000,52252.000000,0.054609
80,71,301,0.003311,0.000170,930945.000000,46277.000000,0.049710
81,72,301,0.003323,0.000114,950662.000000,43315.000000,0.045563
82,73,301,0.003328,0.000188,984288.000000,51117.000000,0.051933
83,74,300,0.003317,0.000191,1004588.000000,51674.000000,0.051438
84,75,300,0.003318,0.000191,987520.000000,51205.000000,0.051852
85,76,300,0.003353,0.000191,995612.000000,48740.000000,0.048955
86,77,300,0.003294,0.000140,1004816.000000,44223.000000,0.044011
87,78,300,0.003322,0.000124,1010159.000000,44608.000000,0.044159
88,79,300,0.003328,0.000148,1008192.000000,45188.000000,0.044821
89,80,300,0.003326,0.000136,921151.000000,45973.000000,0.049908
90,81,300,0.003321,0.000204,1055859.000000,51451.000000,0.048729
91,82,300,0.003323,0.000240,1070660.000000,54374.000000,0.050785
92,83,300,0.003323,0.000136,1022628.000000,44821.000000,0.043829
93,84,300,0.003322,0.000164,1029800.000000,44961.000000,0.043660
94,84,300,0.003328,0.000226,1075880.000000,54367.000000,0.050533
95,85,300,0.003316,0.000174,1028876.000000,41105.000000,0.039951
96,85,300,0.003322,0.000172,1036517.000000,44679.000000,0.043105
97,85,300,0.003324,0.000154,1065176.000000,44438.000000,0.041719
98,86,300,0.003331,0.000144,1053787.000000,44395.000000,0.042129
99,87,300,0.003318,0.000178,1065237.000000,44684.000000,0.041947
100,88,300,0.003324,0.000182,1049265.000000,42266.000000,0.040282
101,89,300,0.003301,0.000155,1147266.000000,46250.000000,0.040313
102,90,300,0.003314,0.000200,1119322.000000,45692.000000,0.040821
103,90,301,0.003325,0.000193,1105713.000000,45737.000000,0.041364
104,91,300,0.003324,0.000199,1121048.000000,45803.000000,0.040857
105,92,300,0.003320,0.000198,1103823.000000,42941.000000,0.038902
106,92,301,0.003320,0.000183,1162593.000000,46254.000000,0.039785
107,93,301,0.003323,0.000217,1259886.000000,56263.000000,0.044657
108,94,301,0.003325,0.000203,1257890.000000,49373.000000,0.039251
109,94,301,0.003322,0.000208,1326073.000000,52710.000000,0.039749
110,95,301,0.003324,0.000232,1202610.000000,44776.000000,0.037232
111,96,301,0.003319,0.000232,1274756.000000,48178.000000,0.037794
112,97,301,0.003321,0.000235,1301434.000000,49704.000000,0.038192
113,98,301,0.003328,0.000197,1330818.000000,49528.000000,0.037216
114,99,301,0.003317,0.000248,1302793.000000,48757.000000,0.037425
115,100,301,0.003325,0.000246,1301363.000000,45966.000000,0.035321
116,101,301,0.003325,0.000252,1317105.000000,48856.000000,0.037093
117,101,301,0.003324,0.000246,1297757.000000,48547.000000,0.037408
118,102,301,0.003322,0.000251,1319815.000000,50404.000000,0.038190
119,103,301,0.003323,0.000259,1439902.000000,50357.000000,0.034973
120,104,301,0.003318,0.000270,1347899.000000,47879.000000,0.035521
121,105,301,0.003321,0.000259,1408626.000000,50466.000000,0.035826
122,106,301,0.003326,0.000271,1404369.000000,49495.000000,0.035244
123,107,301,0.003319,0.000277,1425344.000000,50080.000000,0.035135
124,108,301,0.003321,0.000277,1443681.000000,51384.000000,0.035592
125,109,301,0.003328,0.000228,1433867.000000,47993.000000,0.033471
126,109,301,0.003317,0.000288,1455440.000000,50301.000000,0.034561
127,110,301,0.003325,0.000288,1512527.000000,52448.000000,0.034676
128,111,301,0.003326,0.000246,1536406.000000,53095.000000,0.034558
129,112,301,0.003318,0.000372,1628273.000000,67924.000000,0.041715
130,113,301,0.003323,0.000307,1528945.000000,52299.000000,0.034206
131,113,301,0.003321,0.000312,1540558.000000,53132.000000,0.034489
132,113,301,0.003322,0.000307,1523137.000000,51230.000000,0.033635
133,114,301,0.003323,0.000315,1566750.000000,54722.000000,0.034927
134,115,301,0.003327,0.000323,1599081.000000,52888.000000,0.033074
135,115,301,0.003317,0.000321,1533137.000000,48593.000000,0.031695
136,116,301,0.003327,0.000330,1597713.000000,55002.000000,0.034425
137,117,301,0.003325,0.000332,1641860.000000,53636.000000,0.032668
138,118,301,0.003317,0.000350,1689426.000000,54041.000000,0.031988
139,118,301,0.003322,0.000349,1670207.000000,55191.000000,0.033044
140,119,301,0.003326,0.000356,1674580.000000,51389.000000,0.030688
141,119,301,0.003318,0.000355,1715938.000000,55163.000000,0.032147
142,120,301,0.003326,0.000368,1787699.000000,56672.000000,0.031701
143,120,301,0.003326,0.000331,1792764.000000,58825.000000,0.032812
144,121,301,0.003317,0.000384,1769996.000000,56550.000000,0.031949
145,122,301,0.003324,0.000427,1774396.000000,55972.000000,0.031544
146,123,301,0.003326,0.000368,1829704.000000,58611.000000,0.032033
147,124,300,0.003327,0.000348,1787582.000000,56621.000000,0.031675
148,125,301,0.003314,0.000495,1850826.000000,62281.000000,0.033650
149,126,301,0.003335,0.000388,1853749.000000,58332.000000,0.031467
150,127,301,0.003316,0.000365,1885044.000000,55972.000000,0.029693
151,128,301,0.003324,0.000338,1957382.000000,59445.000000,0.030370
152,129,300,0.003328,0.000409,1930839.000000,58153.000000,0.030118
153,130,301,0.003317,0.000445,1980004.000000,60361.000000,0.030485
154,131,301,0.003323,0.000435,1983812.000000,59974.000000,0.030232
155,131,300,0.003329,0.000402,1951221.000000,55770.000000,0.028582
156,132,301,0.003318,0.000441,2046823.000000,60551.000000,0.029583
157,132,300,0.003328,0.000458,2011282.000000,61180.000000,0.030418
158,132,301,0.003320,0.000656,2176172.000000,91960.000000,0.042258
159,133,301,0.003317,0.000469,2101461.000000,61319.000000,0.029179
160,133,301,0.003322,0.000465,2052850.000000,59150.000000,0.028814
161,134,300,0.003327,0.000403,2161985.000000,61305.000000,0.028356
162,135,300,0.003320,0.000509,2237688.000000,63781.000000,0.028503
163,136,300,0.003322,0.000490,2209487.000000,64825.000000,0.029339
164,137,300,0.003324,0.000430,2229473.000000,62956.000000,0.028238
165,137,300,0.003321,0.000496,2215528.000000,60220.000000,0.027181
166,138,300,0.003322,0.000511,2247972.000000,64329.000000,0.028616
167,139,300,0.003326,0.000438,2304279.000000,63905.000000,0.027733
168,139,300,0.003317,0.000612,2306635.000000,72417.000000,0.031395
169,139,300,0.003324,0.000421,2316765.000000,64866.000000,0.027999
170,140,300,0.003326,0.000460,2342860.000000,62611.000000,0.026724
171,140,300,0.003321,0.000471,2309912.000000,64745.000000,0.028029
172,141,300,0.003326,0.000494,2353013.000000,66014.000000,0.028055
173,142,300,0.003329,0.000459,2411304.000000,66961.000000,0.027770
174,142,300,0.003316,0.000558,2380771.000000,65951.000000,0.027702
175,143,300,0.003325,0.000510,2394606.000000,63427.000000,0.026487
176,144,300,0.003328,0.000482,2469805.000000,66284.000000,0.026838
177,145,300,0.003319,0.000521,2487150.000000,66705.000000,0.026820
178,146,300,0.003327,0.000546,2518435.000000,69376.000000,0.027547
179,147,300,0.003326,0.000511,2540658.000000,67887.000000,0.026720
180,148,300,0.003319,0.000626,2567954.000000,71146.000000,0.027705
181,149,300,0.003321,0.000611,2616192.000000,69639.000000,0.026618
182,149,300,0.003326,0.000533,2689064.000000,69441.000000,0.025823
183,150,300,0.003322,0.000581,2732092.000000,71920.000000,0.026324
184,150,300,0.003325,0.000508,2690442.000000,70731.000000,0.026290
185,151,300,0.003327,0.000815,2910958.000000,85569.000000,0.029395
186,152,300,0.003321,0.000825,2910690.000000,88672.000000,0.030464
187,152,300,0.003321,0.000639,2758404.000000,74121.000000,0.026871
188,152,300,0.003364,0.000856,2975823.000000,105981.000000,0.035614
189,153,300,0.003310,0.000846,3004525.000000,102600.000000,0.034148
190,154,300,0.003320,0.000936,3120956.000000,105450.000000,0.033788
191,154,300,0.003328,0.000535,2894904.000000,71454.000000,0.024683
192,155,300,0.003317,0.000700,2894371.000000,72932.000000,0.025198
193,155,300,0.003324,0.000676,2968686.000000,72964.000000,0.024578
194,155,300,0.003328,0.000624,2923965.000000,80248.000000,0.027445
195,156,300,0.003318,0.000700,2892356.000000,70951.000000,0.024531
196,156,300,0.003325,0.000711,3027567.000000,74859.000000,0.024726
197,156,300,0.003327,0.000630,3053892.000000,74711.000000,0.024464
198,156,300,0.003319,0.000711,3015337.000000,74401.000000,0.024674
199,157,300,0.003325,0.000590,3108210.000000,77507.000000,0.024936
200,158,300,0.003322,0.000649,3058166.000000,72131.000000,0.023586
201,159,300,0.003322,0.000772,3143570.000000,77087.000000,0.024522
202,160,300,0.003325,0.000748,3122714.000000,76633.000000,0.024541
203,161,300,0.003332,0.000665,3196105.000000,77379.000000,0.024210
204,162,300,0.003309,0.001006,3389637.000000,106042.000000,0.031284
205,163,300,0.003319,0.000770,3304907.000000,75513.000000,0.022849
206,164,300,0.003325,0.000734,3287686.000000,78337.000000,0.023827
207,165,300,0.003323,0.000800,3259409.000000,78553.000000,0.024100
208,166,300,0.003322,0.000809,3392661.000000,79836.000000,0.023532
209,167,300,0.003326,0.000717,3342475.000000,78955.000000,0.023622
210,168,300,0.003318,0.001061,3456329.000000,89807.000000,0.025983
211,168,300,0.003322,0.000809,3542624.000000,80623.000000,0.022758
212,168,300,0.003325,0.000722,3328901.000000,79332.000000,0.023831
213,169,300,0.003325,0.000861,3396764.000000,80907.000000,0.023819
214,170,300,0.003326,0.000827,3425613.000000,83736.000000,0.024444
215,171,300,0.003314,0.001196,3673950.000000,115580.000000,0.031459
216,172,300,0.003323,0.001136,3703300.000000,117437.000000,0.031711
217,172,300,0.003317,0.001139,3696559.000000,125741.000000,0.034016
218,173,300,0.003329,0.000681,3479403.000000,80763.000000,0.023212
219,174,300,0.003319,0.000897,3575582.000000,82285.000000,0.023013
220,174,300,0.003319,0.000855,3613516.000000,80047.000000,0.022152
221,175,300,0.003326,0.000805,3698225.000000,83326.000000,0.022531
222,176,300,0.003320,0.000904,3692877.000000,84424.000000,0.022861
223,177,300,0.003323,0.000913,3741731.000000,85488.000000,0.022847
224,178,300,0.003330,0.000848,3869552.000000,91087.000000,0.023539
225,178,300,0.003314,0.001100,3874896.000000,96965.000000,0.025024
226,179,300,0.003321,0.000949,3847976.000000,87833.000000,0.022826
227,179,300,0.003329,0.000852,3808826.000000,88633.000000,0.023270
228,179,300,0.003319,0.000943,3883835.000000,89414.000000,0.023022
229,180,300,0.003323,0.000964,4019046.000000,91852.000000,0.022854
230,181,300,0.003328,0.000812,3961885.000000,89031.000000,0.022472
231,182,300,0.003319,0.000846,4111104.000000,94572.000000,0.023004
232,183,300,0.003324,0.000988,4118039.000000,93692.000000,0.022752
233,184,300,0.003319,0.000902,4097819.000000,94068.000000,0.022956
234,185,300,0.003321,0.000860,4059155.000000,94597.000000,0.023305
235,186,300,0.003324,0.001003,4083204.000000,91023.000000,0.022292
236,187,300,0.003323,0.000944,4205741.000000,94972.000000,0.022582
237,188,300,0.003322,0.001047,4245510.000000,97537.000000,0.022974
238,189,300,0.003321,0.001033,4281089.000000,96453.000000,0.022530
239,190,300,0.003328,0.000972,4338158.000000,98306.000000,0.022661
240,191,300,0.003317,0.001409,4450190.000000,109495.000000,0.024605
241,192,300,0.003324,0.000881,4445649.000000,97381.000000,0.021905
242,192,300,0.003321,0.001194,4566334.000000,104579.000000,0.022902
243,193,300,0.003322,0.000976,4584041.000000,101731.000000,0.022192
244,194,300,0.003326,0.001115,4514000.000000,100906.000000,0.022354
245,195,300,0.003315,0.001618,4968692.000000,133482.000000,0.026865
246,196,300,0.003325,0.000942,4670542.000000,102379.000000,0.021920
247,197,300,0.003326,0.001109,4643321.000000,101951.000000,0.021956
248,198,300,0.003324,0.001058,4673452.000000,104446.000000,0.022349
249,198,300,0.003320,0.001009,4767487.000000,106178.000000,0.022271
250,199,300,0.003324,0.001840,5140061.000000,136034.000000,0.026465
251,200,300,0.003329,0.000963,4782396.000000,104562.000000,0.021864
252,201,300,0.003317,0.001031,4893151.000000,106444.000000,0.021754
253,202,300,0.003326,0.001208,4916154.000000,108456.000000,0.022061
254,203,300,0.003323,0.001155,4924073.000000,108867.000000,0.022109
255,204,300,0.003322,0.001589,5183864.000000,133679.000000,0.025788
256,205,300,0.003326,0.001235,4923124.000000,111496.000000,0.022647
257,206,300,0.003325,0.001135,4982131.000000,109121.000000,0.021902
258,207,300,0.003317,0.001097,5076976.000000,112258.000000,0.022111
259,207,300,0.003325,0.001052,5118278.000000,112402.000000,0.021961
260,207,300,0.003321,0.001753,5335546.000000,132864.000000,0.024902
261,207,300,0.003325,0.001031,5179874.000000,111583.000000,0.021542
262,208,300,0.003325,0.001271,5235144.000000,114654.000000,0.021901
263,209,300,0.003320,0.001225,5332044.000000,114222.000000,0.021422
264,210,300,0.003320,0.001180,5408919.000000,115493.000000,0.021352
265,211,300,0.003326,0.001300,5344785.000000,111891.000000,0.020935
266,212,300,0.003323,0.001270,5460316.000000,117829.000000,0.021579
267,213,300,0.003321,0.001204,5481613.000000,119211.000000,0.021747
268,214,300,0.003327,0.001351,5466703.000000,119430.000000,0.021847
269,214,300,0.003328,0.001279,5552699.000000,116458.000000,0.020973
270,215,300,0.003320,0.001697,5681732.000000,127118.000000,0.022373
271,215,300,0.003325,0.001362,5615729.000000,118632.000000,0.021125
272,216,300,0.003323,0.001318,5724430.000000,119485.000000,0.020873
273,217,300,0.003322,0.001257,5737561.000000,119804.000000,0.020881
274,218,300,0.003321,0.001481,5884243.000000,126058.000000,0.021423
275,219,300,0.003320,0.001581,5812473.000000,120011.000000,0.020647
276,220,300,0.003323,0.001196,5795077.000000,121655.000000,0.020993
277,221,300,0.003326,0.001398,5841810.000000,123283.000000,0.021104
278,222,300,0.003324,0.001369,5962000.000000,124704.000000,0.020916
279,222,300,0.003318,0.001299,5858052.000000,120921.000000,0.020642
280,223,300,0.003331,0.001424,5874090.000000,120327.000000,0.020484
281,224,300,0.003321,0.001395,6051777.000000,120207.000000,0.019863
282,225,300,0.003321,0.001362,6218994.000000,124251.000000,0.019979
283,226,300,0.003326,0.001450,6059616.000000,123254.000000,0.020340
284,227,300,0.003325,0.001428,6156026.000000,124810.000000,0.020274
285,228,300,0.003322,0.001393,6226312.000000,123007.000000,0.019756
286,229,300,0.003332,0.002020,6660269.000000,157451.000000,0.023640
287,230,300,0.003328,0.001290,6318585.000000,127764.000000,0.020220
288,231,300,0.003319,0.001433,6475517.000000,131254.000000,0.020269
289,232,300,0.003328,0.001546,6505771.000000,130132.000000,0.020003
290,232,300,0.003323,0.001486,6647924.000000,145955.000000,0.021955
291,233,300,0.003323,0.001358,6578236.000000,130225.000000,0.019796
292,234,300,0.003327,0.001576,6547949.000000,131412.000000,0.020069
293,235,300,0.003326,0.001535,6588934.000000,132788.000000,0.020153
294,236,300,0.003319,0.001487,6670711.000000,133027.000000,0.019942
295,237,300,0.003327,0.001599,6668789.000000,130292.000000,0.019538
296,238,300,0.003329,0.001572,6682742.000000,134415.000000,0.020114
297,238,300,0.003314,0.001496,6753972.000000,134911.000000,0.019975
298,239,300,0.003327,0.001612,6794488.000000,134986.000000,0.019867
299,240,300,0.003326,0.001602,6823928.000000,134347.000000,0.019688
300,241,300,0.003320,0.001672,6897047.000000,137049.000000,0.019871
301,242,300,0.003325,0.001649,6944648.000000,135875.000000,0.019565
302,243,300,0.003330,0.001631,7017070.000000,137347.000000,0.019573
303,244,300,0.003319,0.001587,7081280.000000,138878.000000,0.019612
304,245,300,0.003325,0.001449,6929581.000000,136528.000000,0.019702
305,246,300,0.003333,0.001639,6983708.000000,134639.000000,0.019279
306,246,300,0.003318,0.001596,7161456.000000,138476.000000,0.019336
307,247,300,0.003326,0.001489,7170443.000000,140319.000000,0.019569
308,248,300,0.003327,0.001678,7094035.000000,139878.000000,0.019718
309,249,300,0.003321,0.001612,7205923.000000,141018.000000,0.019570
310,249,300,0.003325,0.001507,7170391.000000,137029.000000,0.019110
311,249,300,0.003325,0.001702,7340124.000000,142408.000000,0.019401
312,250,300,0.003326,0.001553,7432672.000000,143551.000000,0.019314
313,251,300,0.003325,0.001545,7518112.000000,145982.000000,0.019417
314,251,300,0.003326,0.001774,7506790.000000,144647.000000,0.019269
315,252,300,0.003326,0.001608,7599421.000000,143436.000000,0.018875
316,252,300,0.003328,0.001588,7579656.000000,147500.000000,0.019460
317,253,300,0.003323,0.001603,7726405.000000,147810.000000,0.019131
318,254,300,0.003322,0.001773,7815118.000000,150741.000000,0.019288
319,255,300,0.003325,0.001630,7799174.000000,149990.000000,0.019232
320,256,300,0.003326,0.001846,7840650.000000,148025.000000,0.018879
321,256,300,0.003326,0.001660,7861586.000000,151153.000000,0.019227
322,257,300,0.003326,0.001659,7877964.000000,151109.000000,0.019181
323,257,300,0.003327,0.001851,7894150.000000,150274.000000,0.019036
324,258,300,0.003326,0.001694,7956548.000000,151115.000000,0.018993
325,259,300,0.003326,0.001671,7959501.000000,148951.000000,0.018714
326,259,300,0.003329,0.001894,8091959.000000,154787.000000,0.019128
327,260,300,0.003326,0.001696,8167694.000000,154912.000000,0.018966
328,261,300,0.003326,0.001743,8403686.000000,161399.000000,0.019206
329,262,300,0.003333,0.001974,8461844.000000,160899.000000,0.019015
330,262,300,0.003326,0.001849,8452829.000000,159379.000000,0.018855
331,263,300,0.003326,0.001802,8618073.000000,162480.000000,0.018853
332,264,300,0.003335,0.002025,8599578.000000,161763.000000,0.018811
333,265,300,0.003326,0.001840,8722671.000000,164912.000000,0.018906
334,266,300,0.003327,0.001858,8844102.000000,166304.000000,0.018804
335,267,300,0.003337,0.002048,8766914.000000,163977.000000,0.018704
336,268,300,0.003328,0.001880,8882618.000000,166019.000000,0.018690
337,268,300,0.003327,0.001855,8894565.000000,167831.000000,0.018869
338,269,300,0.003340,0.002094,9039626.000000,169900.000000,0.018795
339,270,300,0.003329,0.001889,8934907.000000,166737.000000,0.018661
340,271,300,0.003328,0.001891,8900747.000000,163949.000000,0.018420
341,272,300,0.003339,0.002097,9053113.000000,169655.000000,0.018740
342,273,300,0.003333,0.001968,9338552.000000,174577.000000,0.018694
343,274,300,0.003331,0.001935,9250841.000000,173131.000000,0.018715
344,275,300,0.003343,0.002190,9416540.000000,174658.000000,0.018548
345,276,300,0.003332,0.001982,9323309.000000,170756.000000,0.018315
346,277,300,0.003345,0.001981,9539933.000000,176361.000000,0.018487
347,278,300,0.003372,0.002845,10061060.000000,199834.000000,0.019862
348,278,300,0.003339,0.002035,9587982.000000,177780.000000,0.018542
349,278,300,0.003329,0.002020,9519187.000000,174763.000000,0.018359
350,279,300,0.003348,0.002241,9765052.000000,179583.000000,0.018390
351,280,300,0.003326,0.002109,9894793.000000,180105.000000,0.018202
352,280,300,0.003336,0.002074,9832044.000000,183137.000000,0.018627
353,280,300,0.003348,0.002286,9853886.000000,183103.000000,0.018582
354,281,300,0.003340,0.002123,9983928.000000,177357.000000,0.017764
355,282,300,0.003339,0.002112,10004959.000000,186428.000000,0.018634
356,283,300,0.003343,0.002145,10246237.000000,187799.000000,0.018329
357,284,300,0.003345,0.002193,10304578.000000,185149.000000,0.017968
358,285,300,0.003343,0.002182,10392252.000000,190552.000000,0.018336
359,286,300,0.003347,0.002221,10422060.000000,187841.000000,0.018023
360,287,300,0.003352,0.002379,10534836.000000,197585.000000,0.018755
361,288,300,0.003347,0.002226,10592331.000000,194303.000000,0.018344
362,289,300,0.003349,0.002300,10732250.000000,196451.000000,0.018305
363,290,300,0.003348,0.002280,10728656.000000,195449.000000,0.018217
364,291,300,0.003347,0.002289,10687305.000000,192620.000000,0.018023
365,292,299,0.003352,0.002317,10881986.000000,197916.000000,0.018187
366,293,299,0.003350,0.002324,10821423.000000,200222.000000,0.018502
367,294,299,0.003350,0.002304,10937388.000000,199746.000000,0.018263
368,295,299,0.003327,0.002376,11137191.000000,204797.000000,0.018389
369,296,299,0.003349,0.002340,10941172.000000,193151.000000,0.017654
370,297,299,0.003353,0.002336,10965143.000000,201508.000000,0.018377
371,298,299,0.003353,0.002372,11069990.000000,203166.000000,0.018353
372,298,299,0.003350,0.002367,11023999.000000,198396.000000,0.017997
373,299,299,0.003352,0.002354,11101820.000000,202252.000000,0.018218
374,299,299,0.003354,0.002392,11165010.000000,201142.000000,0.018015
375,300,299,0.003355,0.002411,11326122.000000,201070.000000,0.017753
376,301,299,0.003356,0.002446,11448024.000000,207831.000000,0.018154
377,302,299,0.003448,0.003127,11878636.000000,223058.000000,0.018778
378,303,299,0.003360,0.002461,11577962.000000,202213.000000,0.017465
379,303,299,0.003354,0.002424,11386007.000000,202414.000000,0.017777
380,304,299,0.003358,0.002443,11568831.000000,202521.000000,0.017506
381,305,299,0.003361,0.002490,11711402.000000,208237.000000,0.017781
382,306,299,0.003361,0.002509,11805224.000000,209683.000000,0.017762
383,307,299,0.003360,0.002509,11863945.000000,208400.000000,0.017566
384,308,299,0.003364,0.002589,11995189.000000,208940.000000,0.017419
385,309,298,0.003363,0.002545,11998816.000000,212932.000000,0.017746
386,309,298,0.003360,0.002536,11882643.000000,212277.000000,0.017864
387,310,298,0.003335,0.002575,12044360.000000,212692.000000,0.017659
388,311,298,0.003361,0.002569,12056943.000000,213282.000000,0.017690
389,311,298,0.003423,0.002583,12073600.000000,211745.000000,0.017538
390,312,298,0.003317,0.002597,12181632.000000,210497.000000,0.017280
391,313,298,0.003367,0.002586,12297079.000000,217197.000000,0.017662
392,314,298,0.003366,0.002618,12256205.000000,217676.000000,0.017760
393,314,298,0.003363,0.002606,12218151.000000,211647.000000,0.017322
394,315,298,0.003364,0.002625,12245292.000000,213393.000000,0.017427
395,316,298,0.003373,0.002613,12335273.000000,214333.000000,0.017376
396,317,298,0.003363,0.002629,12329158.000000,217246.000000,0.017621
397,318,298,0.003365,0.002630,12400221.000000,217573.000000,0.017546
398,319,298,0.003369,0.002654,12422385.000000,216173.000000,0.017402
399,320,298,0.003364,0.002648,12449887.000000,216699.000000,0.017406
400,320,298,0.003368,0.002694,12560775.000000,221639.000000,0.017645
401,321,298,0.003371,0.002685,12656068.000000,217657.000000,0.017198
402,321,298,0.003366,0.002694,12625837.000000,222178.000000,0.017597
403,322,298,0.003363,0.002718,12824513.000000,223646.000000,0.017439
404,322,298,0.003372,0.002726,12883103.000000,219771.000000,0.017059
405,323,297,0.003369,0.002724,12828909.000000,224342.000000,0.017487
406,324,297,0.003371,0.002762,12924831.000000,225765.000000,0.017468
407,324,297,0.003785,0.003487,13372976.000000,243949.000000,0.018242
408,325,297,0.003374,0.002758,12933936.000000,228453.000000,0.017663
409,325,297,0.003374,0.002748,12976131.000000,222340.000000,0.017135
410,326,297,0.003372,0.002780,13121717.000000,227803.000000,0.017361
411,326,297,0.003372,0.002742,13001190.000000,226182.000000,0.017397
412,327,297,0.003377,0.002782,13156039.000000,228153.000000,0.017342
413,327,296,0.003372,0.002803,13131397.000000,227915.000000,0.017356
414,328,296,0.003376,0.002827,13289610.000000,225934.000000,0.017001
415,329,296,0.003383,0.002848,13422616.000000,233175.000000,0.017372
416,330,296,0.003377,0.002824,13400354.000000,231708.000000,0.017291
417,330,296,0.003381,0.002839,13295016.000000,228871.000000,0.017215
418,331,296,0.003376,0.002867,13350124.000000,225788.000000,0.016913
419,331,296,0.003382,0.002955,13439734.000000,229096.000000,0.017046
420,332,296,0.003378,0.002896,13449499.000000,232090.000000,0.017256
421,333,296,0.003380,0.002883,13570991.000000,233958.000000,0.017240
422,334,296,0.003381,0.002912,13634536.000000,233955.000000,0.017159
423,335,296,0.003384,0.002961,13782926.000000,239261.000000,0.017359
424,336,296,0.003379,0.002941,13650395.000000,233626.000000,0.017115
425,337,296,0.003382,0.002937,13823506.000000,237844.000000,0.017206
426,338,296,0.003385,0.002980,13987331.000000,241972.000000,0.017299
427,339,296,0.003326,0.003013,14135444.000000,243835.000000,0.017250
428,340,296,0.003330,0.003055,14052031.000000,243595.000000,0.017335
429,341,296,0.003352,0.003018,14168321.000000,241504.000000,0.017045
430,341,296,0.003401,0.003093,14499534.000000,247077.000000,0.017040
431,342,296,0.003402,0.003094,14400398.000000,248032.000000,0.017224
432,343,296,0.003424,0.003100,14463402.000000,247320.000000,0.017100
433,343,296,0.003416,0.003121,14540706.000000,246083.000000,0.016924
434,344,295,0.003491,0.003166,14714767.000000,252053.000000,0.017129
435,345,295,0.003416,0.003110,14564013.000000,248904.000000,0.017090
436,346,295,0.003480,0.003138,14711551.000000,252802.000000,0.017184
437,347,294,0.004226,0.003874,15389408.000000,268646.000000,0.017457
438,347,294,0.003486,0.003159,14917190.000000,251160.000000,0.016837
439,348,294,0.003491,0.003184,14975297.000000,256127.000000,0.017103
440,349,293,0.003482,0.003173,14931808.000000,256527.000000,0.017180
441,350,293,0.003517,0.003187,15069078.000000,256621.000000,0.017030
442,351,293,0.003568,0.003245,15323101.000000,259811.000000,0.016956
443,351,293,0.003544,0.003221,15182044.000000,254650.000000,0.016773
444,352,292,0.003538,0.003249,15182114.000000,258453.000000,0.017024
445,353,292,0.003575,0.003247,15351192.000000,260061.000000,0.016941
446,354,292,0.003651,0.003331,15716479.000000,265337.000000,0.016883
447,354,291,0.003584,0.003278,15437456.000000,257295.000000,0.016667
448,355,291,0.003819,0.003478,15841936.000000,261420.000000,0.016502
449,356,290,0.003713,0.003361,15855709.000000,266124.000000,0.016784
450,356,290,0.003696,0.003411,15861644.000000,267954.000000,0.016893
451,357,289,0.003772,0.003406,16033751.000000,271572.000000,0.016938
452,358,289,0.003715,0.003423,16050092.000000,268735.000000,0.016744
453,359,288,0.003768,0.003445,16260986.000000,272973.000000,0.016787
454,360,287,0.003789,0.003489,16355828.000000,277021.000000,0.016937
455,361,287,0.003787,0.003484,16368971.000000,275567.000000,0.016835
456,362,286,0.003794,0.003507,16353728.000000,271835.000000,0.016622
457,363,286,0.003827,0.003500,16533381.000000,275802.000000,0.016682
458,363,285,0.003872,0.003567,16777733.000000,280106.000000,0.016695
459,364,284,0.003857,0.003544,16681489.000000,279073.000000,0.016730
460,365,284,0.003900,0.003589,16847055.000000,283347.000000,0.016819
461,365,283,0.003895,0.003581,16872383.000000,280394.000000,0.016619
462,365,282,0.003889,0.003600,16838207.000000,282201.000000,0.016760
463,366,281,0.003908,0.003605,16963844.000000,283746.000000,0.016727
464,367,280,0.004707,0.004378,17672226.000000,302461.000000,0.017115
465,368,279,0.003945,0.003628,17103606.000000,282991.000000,0.016546
466,369,278,0.003987,0.003694,17279583.000000,287983.000000,0.016666
467,370,278,0.004010,0.003685,17394645.000000,287503.000000,0.016528
468,371,277,0.004017,0.003714,17425211.000000,289069.000000,0.016589
469,372,276,0.004065,0.003730,17580568.000000,287534.000000,0.016355
470,373,275,0.004044,0.003753,17553762.000000,290578.000000,0.016554
471,374,274,0.004033,0.003746,17541946.000000,290444.000000,0.016557
472,375,274,0.004033,0.003751,17542197.000000,291072.000000,0.016593
473,375,272,0.004372,0.004083,17669299.000000,290813.000000,0.016459
474,376,271,0.004170,0.003832,17754509.000000,286250.000000,0.016123
475,376,270,0.004408,0.004007,17877647.000000,290583.000000,0.016254
476,377,269,0.004176,0.003795,17767492.000000,293934.000000,0.016543
477,378,267,0.004902,0.004570,18312612.000000,306933.000000,0.016761
478,379,266,0.004204,0.003812,17962244.000000,293300.000000,0.016329
479,379,265,0.004306,0.003902,18188175.000000,293486.000000,0.016136
480,380,264,0.004188,0.003871,18076545.000000,292120.000000,0.016160
481,381,263,0.004413,0.004044,18299919.000000,296565.000000,0.016206
482,382,262,0.004276,0.003917,18516119.000000,295277.000000,0.015947
483,383,261,0.004263,0.003951,18577270.000000,306589.000000,0.016503
484,383,260,0.004318,0.003970,18770615.000000,309762.000000,0.016502
485,384,259,0.004328,0.003997,18802477.000000,306779.000000,0.016316
486,385,258,0.004363,0.004021,18940757.000000,309328.000000,0.016331
487,386,257,0.004406,0.004078,19159779.000000,311476.000000,0.016257
488,387,256,0.004393,0.004109,19130490.000000,309153.000000,0.016160
489,388,254,0.004418,0.004102,19234879.000000,311955.000000,0.016218
490,389,253,0.004408,0.004125,19260415.000000,315748.000000,0.016394
491,390,252,0.004428,0.004123,19315427.000000,316320.000000,0.016377
492,391,251,0.004427,0.004144,19318429.000000,312642.000000,0.016184
493,392,250,0.004451,0.004149,19425234.000000,317378.000000,0.016338
494,393,249,0.004671,0.004383,19493816.000000,318805.000000,0.016354
495,394,248,0.004566,0.004234,19666679.000000,319661.000000,0.016254
496,395,246,0.005091,0.004726,19942697.000000,323886.000000,0.016241
497,395,245,0.004745,0.004415,19936884.000000,324969.000000,0.016300
498,396,244,0.004592,0.004282,19831813.000000,323103.000000,0.016292
499,397,243,0.004666,0.004352,19987780.000000,322100.000000,0.016115
500,398,242,0.004685,0.004358,19994116.000000,324267.000000,0.016218
501,399,241,0.004864,0.004522,20149409.000000,321324.000000,0.015947
502,400,240,0.004766,0.004410,20306683.000000,321420.000000,0.015828
503,400,238,0.004856,0.004517,20303099.000000,326458.000000,0.016079
504,401,237,0.004650,0.004354,20264803.000000,329064.000000,0.016238
505,402,236,0.004697,0.004359,20462881.000000,331526.000000,0.016201
506,402,235,0.004629,0.004350,20279758.000000,324829.000000,0.016017
507,403,234,0.004803,0.004434,20660413.000000,333304.000000,0.016132
508,404,233,0.004680,0.004386,20447102.000000,331157.000000,0.016196
509,405,232,0.004713,0.004378,20607407.000000,331957.000000,0.016109
510,406,231,0.004799,0.004456,20782232.000000,331980.000000,0.015974
511,406,231,0.004789,0.004425,20864047.000000,335167.000000,0.016064
512,406,230,0.004746,0.004406,20689134.000000,332874.000000,0.016089
513,407,229,0.004776,0.004451,20920419.000000,331701.000000,0.015855
514,408,228,0.004817,0.004513,20887703.000000,336239.000000,0.016097
515,408,227,0.004781,0.004491,20854033.000000,336239.000000,0.016123
516,409,226,0.004819,0.004483,21046351.000000,338669.000000,0.016092
517,409,225,0.004981,0.004653,21182261.000000,338689.000000,0.015989
518,410,224,0.004893,0.004567,21218846.000000,341648.000000,0.016101
519,411,223,0.004848,0.004522,21199378.000000,340327.000000,0.016054
520,411,223,0.004866,0.004544,21305328.000000,334953.000000,0.015722
521,412,222,0.005008,0.004655,21716247.000000,339333.000000,0.015626
522,413,221,0.004997,0.004638,21868406.000000,348303.000000,0.015927
523,414,220,0.005028,0.004658,21924277.000000,340747.000000,0.015542
524,415,220,0.005028,0.004676,21882890.000000,343679.000000,0.015705
525,416,219,0.005059,0.004718,22108442.000000,350676.000000,0.015862
526,417,218,0.005082,0.004712,22202854.000000,352908.000000,0.015895
527,418,217,0.005119,0.004786,22304078.000000,350060.000000,0.015695
528,418,216,0.005093,0.004771,22338101.000000,348081.000000,0.015582
529,419,215,0.005116,0.004815,22409550.000000,354268.000000,0.015809
530,420,214,0.005096,0.004812,22363874.000000,350203.000000,0.015659
531,420,214,0.005102,0.004805,22386207.000000,353751.000000,0.015802
532,421,213,0.005200,0.004834,22696204.000000,356416.000000,0.015704
533,422,212,0.005217,0.004880,22842945.000000,355734.000000,0.015573
534,423,211,0.005194,0.004889,22750283.000000,359421.000000,0.015799
535,423,211,0.005229,0.004888,22909379.000000,360192.000000,0.015722
536,424,210,0.005250,0.004940,23052405.000000,365245.000000,0.015844
537,425,210,0.005440,0.005078,23245018.000000,363166.000000,0.015623
538,426,209,0.005328,0.004963,23330627.000000,362809.000000,0.015551
539,427,208,0.005331,0.004985,23369929.000000,366050.000000,0.015663
540,428,207,0.005359,0.005054,23522938.000000,366832.000000,0.015595
541,428,206,0.005360,0.005030,23433836.000000,366659.000000,0.015647
542,428,206,0.005323,0.005022,23416270.000000,368658.000000,0.015744
543,428,205,0.005328,0.005048,23397583.000000,366397.000000,0.015660
544,428,204,0.005355,0.005024,23531341.000000,368575.000000,0.015663
545,428,203,0.005398,0.005066,23638548.000000,367389.000000,0.015542
546,429,203,0.005323,0.005043,23412844.000000,365400.000000,0.015607
547,429,202,0.005325,0.005022,23412423.000000,367502.000000,0.015697
548,430,202,0.005386,0.005045,23613455.000000,371119.000000,0.015716
549,431,201,0.005498,0.005060,23794044.000000,380877.000000,0.016007
550,432,200,0.005385,0.005080,23568476.000000,371684.000000,0.015770
551,433,200,0.005372,0.005061,23622054.000000,372249.000000,0.015759
552,434,199,0.005435,0.005083,23858528.000000,371930.000000,0.015589
553,434,198,0.005435,0.005105,23907085.000000,374516.000000,0.015665
554,435,198,0.005483,0.005157,24139416.000000,376471.000000,0.015596
555,436,197,0.005686,0.005330,24256325.000000,379696.000000,0.015653
556,437,197,0.005602,0.005241,24465755.000000,384267.000000,0.015706
557,438,196,0.005580,0.005217,24495898.000000,381538.000000,0.015576
558,439,195,0.005633,0.005313,24715356.000000,385163.000000,0.015584
559,440,195,0.005698,0.005311,24987602.000000,382511.000000,0.015308
560,441,194,0.005682,0.005337,25017671.000000,394945.000000,0.015787
561,441,194,0.005657,0.005368,24905315.000000,384817.000000,0.015451
562,442,193,0.005679,0.005371,24974399.000000,394958.000000,0.015815
563,443,192,0.005766,0.005410,25215151.000000,394357.000000,0.015640
564,444,192,0.005684,0.005396,25067625.000000,392565.000000,0.015660
565,444,191,0.005748,0.005382,25286396.000000,397935.000000,0.015737
566,445,191,0.005718,0.005416,25201004.000000,388321.000000,0.015409
567,446,190,0.005717,0.005408,25249115.000000,394185.000000,0.015612
568,447,189,0.005818,0.005452,25582762.000000,402003.000000,0.015714
569,448,189,0.005869,0.005503,25749351.000000,405431.000000,0.015745
570,448,188,0.005851,0.005511,25799583.000000,403023.000000,0.015621
571,449,187,0.005954,0.005574,26165023.000000,398751.000000,0.015240
572,450,187,0.005945,0.005619,26155631.000000,411176.000000,0.015720
573,451,186,0.006197,0.005836,26582500.000000,412099.000000,0.015503
574,452,185,0.006026,0.005654,26516313.000000,414863.000000,0.015646
575,453,184,0.006026,0.005676,26592486.000000,414434.000000,0.015585
576,454,184,0.006061,0.005733,26721441.000000,419521.000000,0.015700
577,455,183,0.006097,0.005727,26888472.000000,421868.000000,0.015690
578,455,182,0.006101,0.005774,26965390.000000,414098.000000,0.015357
579,456,182,0.006178,0.005830,27260181.000000,416421.000000,0.015276
580,457,181,0.006182,0.005862,27265468.000000,428502.000000,0.015716
581,457,180,0.006151,0.005859,27221621.000000,421987.000000,0.015502
582,458,180,0.006187,0.005867,27280220.000000,426292.000000,0.015626
583,458,179,0.006155,0.005851,27227587.000000,413224.000000,0.015177
584,459,178,0.006251,0.005886,27490810.000000,422240.000000,0.015359
585,460,178,0.006280,0.005906,27637957.000000,433037.000000,0.015668
586,461,177,0.006173,0.005889,27348520.000000,423374.000000,0.015481
587,462,176,0.006292,0.005910,27642952.000000,432419.000000,0.015643
588,463,176,0.006348,0.005980,27927806.000000,429987.000000,0.015396
589,464,175,0.006566,0.006189,28192324.000000,433722.000000,0.015384
590,465,174,0.006458,0.006086,28477976.000000,440747.000000,0.015477
591,466,174,0.006384,0.006023,28238133.000000,432402.000000,0.015313
592,467,173,0.006521,0.006109,28571039.000000,441706.000000,0.015460
593,468,172,0.006486,0.006133,28631550.000000,440807.000000,0.015396
594,469,172,0.006403,0.006106,28362645.000000,437162.000000,0.015413
595,470,171,0.006488,0.006108,28659171.000000,442452.000000,0.015438
596,471,171,0.006457,0.006139,28530279.000000,441266.000000,0.015467
597,471,170,0.006430,0.006138,28494143.000000,437092.000000,0.015340
598,472,170,0.006488,0.006153,28677934.000000,442791.000000,0.015440
599,473,169,0.006482,0.006170,28728145.000000,440043.000000,0.015317
600,474,168,0.006540,0.006168,28879630.000000,446300.000000,0.015454
601,475,168,0.006557,0.006214,28970872.000000,445467.000000,0.015376
602,475,167,0.006534,0.006235,28978220.000000,444324.000000,0.015333
603,476,167,0.006590,0.006249,29148811.000000,436266.000000,0.014967
604,476,166,0.006753,0.006397,29402943.000000,447412.000000,0.015217
605,477,165,0.006740,0.006374,29703300.000000,444135.000000,0.014952
606,478,165,0.006728,0.006357,29802593.000000,455290.000000,0.015277
607,479,164,0.006712,0.006356,29688062.000000,450101.000000,0.015161
608,480,164,0.006748,0.006389,29817423.000000,454142.000000,0.015231
609,481,163,0.006760,0.006396,29927219.000000,450957.000000,0.015068
610,482,162,0.006766,0.006449,29969346.000000,458512.000000,0.015299
611,483,162,0.006848,0.006484,30235655.000000,460977.000000,0.015246
612,484,161,0.006774,0.006480,30049753.000000,457812.000000,0.015235
613,485,161,0.006900,0.006494,30406076.000000,464332.000000,0.015271
614,486,160,0.006966,0.006582,30769573.000000,464010.000000,0.015080
615,486,159,0.006879,0.006491,30421012.000000,461513.000000,0.015171
616,486,159,0.006825,0.006510,30289777.000000,461287.000000,0.015229
617,487,158,0.006921,0.006545,30594901.000000,459785.000000,0.015028
618,488,158,0.006970,0.006620,30770277.000000,468202.000000,0.015216
619,488,157,0.006985,0.006667,30536698.000000,458417.000000,0.015012
620,488,157,0.006924,0.006561,30655276.000000,456979.000000,0.014907
621,488,156,0.006952,0.006618,30797136.000000,459357.000000,0.014916
622,489,156,0.006999,0.006602,31042480.000000,460551.000000,0.014836
623,489,155,0.007077,0.006683,31311080.000000,471964.000000,0.015073
624,490,155,0.007059,0.006674,31151002.000000,463718.000000,0.014886
625,491,154,0.007051,0.006665,31267004.000000,472596.000000,0.015115
626,492,153,0.007129,0.006765,31482778.000000,469483.000000,0.014912
627,492,153,0.007107,0.006733,31366498.000000,466362.000000,0.014868
628,493,152,0.007101,0.006745,31486673.000000,469527.000000,0.014912
629,494,152,0.007047,0.006714,31317232.000000,474072.000000,0.015138
630,495,151,0.007122,0.006751,31554637.000000,475283.000000,0.015062
631,496,151,0.007178,0.006856,31746840.000000,474228.000000,0.014938
632,497,151,0.007107,0.006797,31598411.000000,476749.000000,0.015088
633,497,150,0.007338,0.006965,31944395.000000,472143.000000,0.014780
634,498,150,0.007233,0.006886,31982384.000000,474950.000000,0.014850
635,499,149,0.007220,0.006857,31952020.000000,479280.000000,0.015000
636,500,149,0.007284,0.006888,32301524.000000,484831.000000,0.015010
637,500,148,0.007279,0.006962,32385989.000000,484793.000000,0.014969
638,501,148,0.007251,0.006953,32167874.000000,478824.000000,0.014885
639,502,147,0.007334,0.006954,32520219.000000,486789.000000,0.014969
640,503,147,0.007358,0.007013,32647242.000000,484598.000000,0.014843
641,504,147,0.007388,0.006989,32649716.000000,487270.000000,0.014924
642,505,146,0.007362,0.007069,32679789.000000,490545.000000,0.015011
643,506,146,0.007405,0.007019,32900815.000000,494625.000000,0.015034
644,507,145,0.007474,0.007143,33131120.000000,496941.000000,0.014999
645,507,145,0.007450,0.007136,33163464.000000,495112.000000,0.014929
646,508,144,0.007526,0.007119,33370522.000000,498599.000000,0.014941
647,509,144,0.007801,0.007405,33776463.000000,499565.000000,0.014790
648,509,143,0.007529,0.007151,33347418.000000,499563.000000,0.014981
649,510,143,0.007578,0.007191,33566352.000000,497784.000000,0.014830
650,511,143,0.007634,0.007275,33862047.000000,506916.000000,0.014970
651,511,142,0.007621,0.007262,33876575.000000,499493.000000,0.014744
652,512,142,0.007642,0.007300,33935539.000000,507691.000000,0.014960
653,513,141,0.007753,0.007353,34305107.000000,507449.000000,0.014792
654,514,141,0.007858,0.007444,34614360.000000,510591.000000,0.014751
655,514,141,0.007705,0.007312,34252201.000000,504079.000000,0.014717
656,514,140,0.007795,0.007450,34401073.000000,510337.000000,0.014835
657,515,140,0.007847,0.007460,34582676.000000,509604.000000,0.014736
658,516,139,0.007793,0.007463,34632363.000000,509903.000000,0.014723
659,517,139,0.007933,0.007548,34840045.000000,515602.000000,0.014799
660,518,138,0.007971,0.007588,35018599.000000,518380.000000,0.014803
661,519,138,0.007940,0.007528,35015982.000000,521058.000000,0.014881
662,520,137,0.007842,0.007530,34957372.000000,517629.000000,0.014807
663,521,137,0.007931,0.007522,35299779.000000,526441.000000,0.014913
664,522,137,0.008005,0.007652,35655842.000000,525415.000000,0.014736
665,523,136,0.008024,0.007620,35717316.000000,525434.000000,0.014711
666,523,136,0.008012,0.007699,35763349.000000,528389.000000,0.014775
667,524,135,0.008082,0.007700,36028371.000000,534536.000000,0.014837
668,525,135,0.008097,0.007799,36169775.000000,533372.000000,0.014746
669,526,135,0.008137,0.007763,36348334.000000,534340.000000,0.014701
670,527,134,0.008110,0.007813,36201286.000000,534211.000000,0.014757
671,527,134,0.008185,0.007786,36494501.000000,536698.000000,0.014706
672,528,133,0.009071,0.008451,36579665.000000,539791.000000,0.014757
673,529,132,0.009055,0.008274,36938581.000000,542826.000000,0.014695
674,530,132,0.008782,0.007954,36897169.000000,544457.000000,0.014756
675,531,131,0.009788,0.009148,37943793.000000,564029.000000,0.014865
676,532,130,0.009424,0.008726,37551004.000000,558185.000000,0.014865
677,533,130,0.008809,0.008118,37169345.000000,553270.000000,0.014885
678,534,129,0.009885,0.009186,38286381.000000,562519.000000,0.014692
679,535,128,0.008740,0.008022,37551705.000000,545970.000000,0.014539
680,535,128,0.009833,0.009179,38056348.000000,565423.000000,0.014858
681,536,127,0.008666,0.008027,37457805.000000,549487.000000,0.014669
682,537,126,0.009943,0.009317,38435446.000000,566008.000000,0.014726
683,538,126,0.008680,0.008332,37647411.000000,549335.000000,0.014592
684,539,126,0.008686,0.008261,38176098.000000,551935.000000,0.014458
685,540,125,0.008562,0.008229,37884365.000000,549654.000000,0.014509
686,541,125,0.009002,0.008572,38605947.000000,558196.000000,0.014459
687,542,124,0.009002,0.008596,38595935.000000,553443.000000,0.014339
688,543,124,0.009042,0.008648,38828743.000000,556984.000000,0.014345
689,544,123,0.009028,0.008616,38800727.000000,556432.000000,0.014341
690,545,123,0.009010,0.008563,38865895.000000,569393.000000,0.014650
691,546,122,0.008956,0.008522,38961986.000000,561319.000000,0.014407
692,546,122,0.008721,0.008402,38649233.000000,548170.000000,0.014183
693,547,121,0.008764,0.008386,38936421.000000,557929.000000,0.014329
694,547,121,0.008936,0.008630,39062619.000000,562074.000000,0.014389
695,547,121,0.008885,0.008505,39199774.000000,562319.000000,0.014345
696,548,120,0.008794,0.008503,39087132.000000,564026.000000,0.014430
697,549,120,0.008904,0.008534,39375186.000000,569924.000000,0.014474
698,550,120,0.008881,0.008581,39306042.000000,566744.000000,0.014419
699,550,119,0.008908,0.008585,39291726.000000,567857.000000,0.014452
700,550,119,0.008901,0.008563,39405167.000000,567864.000000,0.014411
701,550,118,0.008904,0.008552,39536226.000000,572324.000000,0.014476
702,551,118,0.008934,0.008602,39816172.000000,575307.000000,0.014449
703,552,118,0.008959,0.008621,39713090.000000,574861.000000,0.014475
704,553,117,0.008990,0.008693,39743794.000000,572575.000000,0.014407
705,553,117,0.009206,0.008852,39941470.000000,576667.000000,0.014438
706,554,117,0.009013,0.008665,40179785.000000,579456.000000,0.014422
707,555,116,0.009429,0.008955,39845819.000000,578183.000000,0.014511
708,556,116,0.009473,0.008780,40355567.000000,586987.000000,0.014545
709,557,115,0.009247,0.008799,40389025.000000,581247.000000,0.014391
710,557,115,0.009220,0.008751,40387442.000000,580749.000000,0.014379
711,558,115,0.009352,0.008871,40803401.000000,583948.000000,0.014311
712,559,114,0.009328,0.008888,40681784.000000,586693.000000,0.014422
713,560,114,0.009414,0.008929,41002006.000000,585471.000000,0.014279
714,560,113,0.010514,0.010160,41739814.000000,599429.000000,0.014361
715,561,113,0.009184,0.008803,41015179.000000,587785.000000,0.014331
716,562,113,0.009379,0.009020,41273430.000000,587542.000000,0.014235
717,562,112,0.009270,0.008874,41457689.000000,591743.000000,0.014273
718,563,112,0.009308,0.008951,41605548.000000,592280.000000,0.014236
719,564,112,0.009460,0.009068,42032546.000000,600844.000000,0.014295
720,565,111,0.009299,0.008973,41718303.000000,595349.000000,0.014271
721,566,111,0.009366,0.009006,41998155.000000,596623.000000,0.014206
722,567,111,0.009352,0.009028,41981596.000000,601022.000000,0.014316
723,567,111,0.009515,0.009171,42575738.000000,602091.000000,0.014142
724,568,110,0.009468,0.009150,42492696.000000,603732.000000,0.014208
725,569,110,0.009515,0.009182,42658642.000000,603700.000000,0.014152
726,570,110,0.009467,0.009164,42508206.000000,605958.000000,0.014255
727,571,109,0.009731,0.009392,42759387.000000,602274.000000,0.014085
728,572,109,0.009548,0.009216,42931887.000000,605600.000000,0.014106
729,573,109,0.009536,0.009212,42919181.000000,607726.000000,0.014160
730,573,108,0.009542,0.009196,42966325.000000,605168.000000,0.014085
731,574,108,0.009623,0.009302,43378617.000000,613943.000000,0.014153
732,575,108,0.009676,0.009390,43520369.000000,613665.000000,0.014101
733,576,108,0.009701,0.009343,43663354.000000,617885.000000,0.014151
734,577,108,0.009675,0.009381,43567672.000000,615735.000000,0.014133
735,578,108,0.009750,0.009374,43877814.000000,618664.000000,0.014100
736,579,108,0.009827,0.009446,44199800.000000,625362.000000,0.014149
737,580,107,0.010091,0.009697,44223445.000000,622789.000000,0.014083
738,581,107,0.009837,0.009530,44269251.000000,626426.000000,0.014150
739,581,107,0.009803,0.009510,44177617.000000,621518.000000,0.014069
740,582,107,0.009828,0.009509,44297161.000000,622291.000000,0.014048
741,583,107,0.009961,0.009540,44666520.000000,628198.000000,0.014064
742,584,107,0.009881,0.009588,44531086.000000,626401.000000,0.014067
743,585,107,0.009937,0.009567,44730718.000000,621065.000000,0.013885
744,586,107,0.009893,0.009609,44642958.000000,630146.000000,0.014115
745,587,106,0.009961,0.009604,44917861.000000,632572.000000,0.014083
746,588,106,0.010062,0.009718,45378168.000000,641721.000000,0.014142
747,588,106,0.010249,0.009903,45597899.000000,642251.000000,0.014085
748,588,106,0.010098,0.009761,45435958.000000,637743.000000,0.014036
749,589,105,0.010086,0.009758,45463501.000000,637834.000000,0.014030
750,590,105,0.010173,0.009788,45843232.000000,644160.000000,0.014051
751,591,105,0.010257,0.009884,46236899.000000,648839.000000,0.014033
752,592,105,0.010172,0.009887,45939812.000000,649597.000000,0.014140
753,592,104,0.010268,0.009872,46290611.000000,655563.000000,0.014162
754,592,104,0.010274,0.009915,46368948.000000,649594.000000,0.014009
755,593,104,0.010294,0.009959,46483636.000000,652877.000000,0.014045
756,593,104,0.010292,0.009988,46456525.000000,657577.000000,0.014155
757,594,103,0.010600,0.010231,46895594.000000,659791.000000,0.014069
758,595,103,0.010352,0.010042,46671480.000000,660608.000000,0.014154
759,596,103,0.010487,0.010101,47006542.000000,660053.000000,0.014042
760,597,102,0.010547,0.010176,47362815.000000,665776.000000,0.014057
761,598,102,0.010489,0.010088,47201496.000000,665876.000000,0.014107
762,599,102,0.010520,0.010194,47410505.000000,663733.000000,0.014000
763,600,102,0.010595,0.010227,47561579.000000,665359.000000,0.013989
764,601,101,0.010603,0.010220,47769166.000000,676349.000000,0.014159
765,602,101,0.010679,0.010328,48128399.000000,674747.000000,0.014020
766,603,101,0.010860,0.010551,47885152.000000,675111.000000,0.014099
767,604,100,0.011496,0.011079,48750495.000000,683205.000000,0.014014
768,604,100,0.010919,0.010607,48132215.000000,673920.000000,0.014001
769,605,100,0.011521,0.011098,49035901.000000,685786.000000,0.013985
770,606,99,0.011602,0.011199,49498677.000000,699002.000000,0.014122
771,607,99,0.011045,0.010692,48989486.000000,683245.000000,0.013947
772,608,99,0.011600,0.011202,49621760.000000,693408.000000,0.013974
773,609,98,0.011857,0.011448,49985122.000000,697930.000000,0.013963
774,609,98,0.011205,0.010736,49233205.000000,690947.000000,0.014034
775,610,98,0.011712,0.011299,49794003.000000,694879.000000,0.013955
776,611,97,0.011729,0.011370,49931062.000000,699267.000000,0.014005
777,612,97,0.011420,0.010995,49892362.000000,695543.000000,0.013941
778,612,97,0.011155,0.010774,49828765.000000,689985.000000,0.013847
779,613,97,0.011357,0.010985,50227665.000000,702963.000000,0.013996
780,614,96,0.011268,0.010856,50093256.000000,697013.000000,0.013914
781,614,96,0.011389,0.011079,50491728.000000,703574.000000,0.013934
782,615,96,0.011428,0.011066,50638474.000000,706539.000000,0.013953
783,616,95,0.011388,0.011012,50759428.000000,703154.000000,0.013853
784,617,95,0.011758,0.011377,50780036.000000,707957.000000,0.013942
785,617,95,0.011248,0.010871,50748509.000000,702859.000000,0.013850
786,618,94,0.011348,0.010992,50872768.000000,709113.000000,0.013939
787,618,94,0.011231,0.010940,50729996.000000,702527.000000,0.013848
788,619,94,0.011250,0.010922,50804194.000000,707339.000000,0.013923
789,620,94,0.011336,0.010938,51171038.000000,713061.000000,0.013935
790,620,93,0.011446,0.011053,51441892.000000,721118.000000,0.014018
791,620,93,0.011408,0.011050,51494240.000000,709495.000000,0.013778
792,621,93,0.011500,0.011120,51804468.000000,718706.000000,0.013873
793,622,93,0.011801,0.011446,52156415.000000,719314.000000,0.013791
794,623,92,0.011522,0.011220,51898115.000000,717432.000000,0.013824
795,624,92,0.011614,0.011242,52154771.000000,721865.000000,0.013841
796,625,92,0.011718,0.011397,52566989.000000,721466.000000,0.013725
797,626,92,0.011675,0.011339,52400270.000000,726173.000000,0.013858
798,627,91,0.011637,0.011338,52455486.000000,725646.000000,0.013834
799,628,91,0.011715,0.011353,52628678.000000,728117.000000,0.013835
800,629,91,0.011641,0.011341,52528510.000000,726270.000000,0.013826
801,630,90,0.011909,0.011541,52883949.000000,731208.000000,0.013827
802,631,90,0.011935,0.011538,53509545.000000,740611.000000,0.013841
803,632,90,0.011925,0.011498,53506739.000000,736633.000000,0.013767
804,633,90,0.011902,0.011543,53811846.000000,741433.000000,0.013778
805,633,89,0.011833,0.011487,53556389.000000,740413.000000,0.013825
806,633,89,0.012001,0.011616,54166601.000000,744130.000000,0.013738
807,633,89,0.011890,0.011553,53702950.000000,737286.000000,0.013729
808,634,89,0.011969,0.011669,54097975.000000,742108.000000,0.013718
809,634,88,0.012035,0.011648,54108247.000000,747697.000000,0.013819
810,635,88,0.012595,0.012111,54676969.000000,747403.000000,0.013669
811,636,88,0.012441,0.012026,55076593.000000,753433.000000,0.013680
812,637,88,0.012252,0.011895,54938893.000000,743969.000000,0.013542
813,637,87,0.012541,0.012177,55097146.000000,754656.000000,0.013697
814,638,87,0.012205,0.011870,54977437.000000,749990.000000,0.013642
815,639,87,0.012398,0.012003,55567789.000000,756740.000000,0.013618
816,640,86,0.012305,0.011952,55492887.000000,756732.000000,0.013637
817,640,86,0.012272,0.011909,55446921.000000,760794.000000,0.013721
818,640,86,0.013246,0.012875,56143381.000000,766549.000000,0.013653
819,641,86,0.013071,0.012675,56368806.000000,769067.000000,0.013643
820,641,85,0.012591,0.012276,56249864.000000,764041.000000,0.013583
821,642,85,0.013176,0.012812,56823665.000000,777971.000000,0.013691
822,642,85,0.013094,0.012785,56466629.000000,770340.000000,0.013642
823,642,84,0.013064,0.012681,56649962.000000,774504.000000,0.013672
824,643,84,0.013179,0.012806,56928585.000000,780622.000000,0.013712
825,644,84,0.013215,0.012856,56920236.000000,781074.000000,0.013722
826,645,84,0.012757,0.012337,56951415.000000,775915.000000,0.013624
827,646,83,0.012813,0.012399,57199915.000000,777304.000000,0.013589
828,647,83,0.012873,0.012556,57335019.000000,780141.000000,0.013607
829,648,83,0.012879,0.012490,57613793.000000,783668.000000,0.013602
830,649,83,0.012910,0.012569,57743705.000000,788328.000000,0.013652
831,650,83,0.012774,0.012366,57666119.000000,781702.000000,0.013556
832,651,83,0.013004,0.012633,58321831.000000,788327.000000,0.013517
833,651,82,0.012864,0.012483,57776075.000000,782413.000000,0.013542
834,652,82,0.012850,0.012522,57946607.000000,787281.000000,0.013586
835,652,82,0.012824,0.012436,57903257.000000,780208.000000,0.013474
836,652,82,0.012921,0.012524,58240346.000000,787590.000000,0.013523
837,653,82,0.012965,0.012564,58127720.000000,783551.000000,0.013480
838,654,82,0.013114,0.012795,58477067.000000,794086.000000,0.013579
839,655,81,0.013018,0.012635,58487067.000000,794627.000000,0.013586
840,656,81,0.013126,0.012778,58950239.000000,796822.000000,0.013517
841,657,81,0.013404,0.013052,59289670.000000,800010.000000,0.013493
842,658,81,0.013040,0.012729,58808673.000000,796809.000000,0.013549
843,659,81,0.013389,0.013021,59389622.000000,803202.000000,0.013524
844,660,80,0.013245,0.012936,59163527.000000,799862.000000,0.013520
845,661,80,0.013345,0.013008,59551957.000000,801386.000000,0.013457
846,662,80,0.013388,0.013019,59789537.000000,805099.000000,0.013466
847,663,80,0.013227,0.012885,59640167.000000,803010.000000,0.013464
848,664,79,0.013420,0.013073,59835610.000000,812216.000000,0.013574
849,665,79,0.013201,0.012815,59784343.000000,804819.000000,0.013462
850,665,79,0.013232,0.012917,59869346.000000,809151.000000,0.013515
851,666,79,0.013182,0.012847,59796694.000000,806663.000000,0.013490
852,667,79,0.013273,0.012900,60128326.000000,812512.000000,0.013513
853,668,79,0.013331,0.012929,60392451.000000,820321.000000,0.013583
854,669,78,0.013279,0.012964,60232981.000000,814838.000000,0.013528
855,670,78,0.013369,0.012966,60601477.000000,817070.000000,0.013483
856,671,78,0.013983,0.013589,60909514.000000,821475.000000,0.013487
857,671,78,0.013449,0.013052,60808418.000000,820639.000000,0.013495
858,672,77,0.014485,0.014139,61379043.000000,822060.000000,0.013393
859,673,77,0.013858,0.013407,61039285.000000,825105.000000,0.013518
860,673,77,0.013457,0.013096,61038521.000000,821414.000000,0.013457
861,673,77,0.013636,0.013313,61118503.000000,824098.000000,0.013484
862,674,77,0.014050,0.013722,61235607.000000,828969.000000,0.013537
863,675,77,0.013764,0.013397,61342496.000000,815713.000000,0.013298
864,675,76,0.013575,0.013256,61418177.000000,822467.000000,0.013391
865,676,76,0.013647,0.013246,61746129.000000,831161.000000,0.013461
866,677,76,0.013652,0.013347,61821310.000000,832742.000000,0.013470
867,677,76,0.013574,0.013243,61649093.000000,827836.000000,0.013428
868,678,76,0.014756,0.014304,62715350.000000,838892.000000,0.013376
869,679,75,0.013659,0.013323,61715854.000000,813756.000000,0.013186
870,680,75,0.013899,0.013553,61964820.000000,831981.000000,0.013427
871,681,75,0.014248,0.013795,62454570.000000,842966.000000,0.013497
872,682,75,0.013846,0.013420,62643870.000000,838724.000000,0.013389
873,683,75,0.013787,0.013367,62343414.000000,836384.000000,0.013416
874,684,75,0.014259,0.013756,62575860.000000,841817.000000,0.013453
875,685,75,0.014034,0.013488,62557556.000000,843365.000000,0.013481
876,686,74,0.014035,0.013595,62752971.000000,845001.000000,0.013466
877,687,74,0.014245,0.013808,63387671.000000,853453.000000,0.013464
878,688,74,0.014914,0.014585,63997765.000000,857440.000000,0.013398
879,689,74,0.014248,0.013803,63447780.000000,845641.000000,0.013328
880,690,74,0.014441,0.014008,64268872.000000,858809.000000,0.013363
881,691,74,0.014462,0.014045,64125005.000000,853460.000000,0.013309
882,692,73,0.014549,0.014107,64441086.000000,858249.000000,0.013318
883,693,73,0.014498,0.014128,64642978.000000,857865.000000,0.013271
884,694,73,0.014685,0.014333,64786176.000000,870063.000000,0.013430
885,695,73,0.015178,0.014796,65360853.000000,873479.000000,0.013364
886,696,73,0.014469,0.014064,64961184.000000,858536.000000,0.013216
887,697,73,0.014667,0.014243,65498743.000000,868545.000000,0.013260
888,697,73,0.014697,0.014286,65762778.000000,875890.000000,0.013319
889,698,72,0.014632,0.014309,65334056.000000,874351.000000,0.013383
890,699,72,0.014778,0.014325,65816260.000000,874070.000000,0.013280
891,699,72,0.015161,0.014732,66042669.000000,886044.000000,0.013416
892,700,72,0.015131,0.014767,66077264.000000,880600.000000,0.013327
893,701,72,0.014858,0.014402,66281381.000000,887193.000000,0.013385
894,702,71,0.014843,0.014510,66296725.000000,881854.000000,0.013302
895,703,71,0.014964,0.014498,66693957.000000,886261.000000,0.013288
896,704,71,0.014938,0.014571,66908944.000000,890828.000000,0.013314
897,705,71,0.015037,0.014573,67084710.000000,890258.000000,0.013271
898,706,71,0.015958,0.015524,68025655.000000,902281.000000,0.013264
899,706,71,0.015204,0.014746,67963727.000000,902985.000000,0.013286
900,707,70,0.015136,0.014692,67800586.000000,900883.000000,0.013287
901,707,70,0.015125,0.014681,67481574.000000,895240.000000,0.013266
902,707,70,0.015132,0.014780,67436059.000000,896676.000000,0.013297
903,708,70,0.015205,0.014759,67970948.000000,902495.000000,0.013278
904,709,70,0.015495,0.015029,68665163.000000,915460.000000,0.013332
905,710,69,0.016356,0.015963,69491629.000000,919533.000000,0.013232
906,711,69,0.015937,0.015611,68980799.000000,919822.000000,0.013334
907,712,69,0.016007,0.015633,69145353.000000,915085.000000,0.013234
908,713,69,0.015994,0.015671,69145831.000000,918813.000000,0.013288
909,714,69,0.016063,0.015701,69455766.000000,922438.000000,0.013281
910,715,68,0.015423,0.015095,68973586.000000,915452.000000,0.013273
911,716,68,0.016335,0.015973,69774463.000000,926288.000000,0.013275
912,717,68,0.015365,0.015004,68953091.000000,915764.000000,0.013281
913,717,68,0.015259,0.014921,68671088.000000,908699.000000,0.013233
914,717,68,0.015321,0.014995,68783927.000000,913708.000000,0.013284
915,717,68,0.015496,0.015063,69280549.000000,910099.000000,0.013136
916,718,67,0.015598,0.015262,69624910.000000,925236.000000,0.013289
917,719,67,0.016027,0.015603,69852368.000000,931470.000000,0.013335
918,720,67,0.016177,0.015715,69397190.000000,921121.000000,0.013273
919,720,67,0.015446,0.014984,69404244.000000,923001.000000,0.013299
920,721,67,0.015510,0.015056,69540414.000000,926096.000000,0.013317
921,722,67,0.015536,0.015014,69780995.000000,925988.000000,0.013270
922,723,67,0.015592,0.015106,69903163.000000,931087.000000,0.013320
923,723,66,0.015878,0.015424,70511008.000000,928586.000000,0.013169
924,723,66,0.015747,0.015338,70293475.000000,925450.000000,0.013166
925,724,66,0.016294,0.015625,70926733.000000,936025.000000,0.013197
926,725,66,0.015953,0.015390,70984227.000000,942384.000000,0.013276
927,726,66,0.016001,0.015426,71446166.000000,941392.000000,0.013176
928,727,66,0.015818,0.015345,71051654.000000,936650.000000,0.013183
929,728,65,0.015973,0.015412,71546318.000000,942309.000000,0.013171
930,728,65,0.016252,0.015793,72121697.000000,946830.000000,0.013128
931,729,65,0.016731,0.016122,72402671.000000,957834.000000,0.013229
932,730,65,0.016189,0.015729,72469904.000000,954963.000000,0.013177
933,731,65,0.016167,0.015613,72556387.000000,957080.000000,0.013191
934,731,65,0.016284,0.015858,72509640.000000,952316.000000,0.013134
935,731,64,0.016176,0.015762,72726287.000000,955563.000000,0.013139
936,732,64,0.016494,0.016125,73577185.000000,963922.000000,0.013101
937,733,64,0.016303,0.015934,73330726.000000,962128.000000,0.013120
938,734,64,0.016445,0.016058,73493534.000000,964839.000000,0.013128
939,734,64,0.016341,0.016009,73356186.000000,964605.000000,0.013150
940,735,64,0.016203,0.015892,73055608.000000,963163.000000,0.013184
941,736,64,0.016288,0.015879,73410925.000000,967027.000000,0.013173
942,737,64,0.016581,0.016172,74146969.000000,966560.000000,0.013036
943,738,63,0.016543,0.016117,74113393.000000,974995.000000,0.013155
944,738,63,0.016537,0.016105,74276140.000000,975012.000000,0.013127
945,739,63,0.016739,0.016301,74591038.000000,981504.000000,0.013158
946,740,63,0.016637,0.016217,74657014.000000,980108.000000,0.013128
947,741,63,0.016697,0.016274,74615080.000000,978020.000000,0.013108
948,742,63,0.017036,0.016478,74848635.000000,983013.000000,0.013133
949,743,63,0.016624,0.016153,74737504.000000,983232.000000,0.013156
950,744,62,0.016671,0.016094,74924594.000000,982446.000000,0.013112
951,745,62,0.016957,0.016397,76116960.000000,995860.000000,0.013083
952,746,62,0.016860,0.016409,75774620.000000,990751.000000,0.013075
953,747,62,0.016972,0.016416,76187699.000000,993919.000000,0.013046
954,748,62,0.017291,0.016835,76945464.000000,1006687.000000,0.013083
955,749,62,0.016997,0.016639,76633036.000000,995057.000000,0.012985
956,750,62,0.016904,0.016577,76307769.000000,991185.000000,0.012989
957,750,62,0.017001,0.016668,76343070.000000,994776.000000,0.013030
958,751,61,0.016982,0.016662,76343467.000000,994429.000000,0.013026
959,751,61,0.016970,0.016607,76353544.000000,990155.000000,0.012968
960,752,61,0.017510,0.017037,77249149.000000,1004620.000000,0.013005
961,753,61,0.017479,0.017092,77504866.000000,1006783.000000,0.012990
962,754,61,0.017411,0.017047,77230404.000000,1007535.000000,0.013046
963,755,61,0.017335,0.016956,77521993.000000,1009930.000000,0.013028
964,755,61,0.017335,0.017000,77589793.000000,1012726.000000,0.013052
965,756,61,0.017539,0.017048,78118074.000000,1018669.000000,0.013040
966,757,60,0.017452,0.017115,78243277.000000,1019074.000000,0.013024
967,757,60,0.017271,0.016925,77805926.000000,1010168.000000,0.012983
968,758,60,0.017563,0.017211,78457356.000000,1021058.000000,0.013014
969,759,60,0.017323,0.016932,78306651.000000,1017317.000000,0.012991
970,760,60,0.017384,0.017067,78614777.000000,1023509.000000,0.013019
971,761,60,0.017753,0.017323,79209055.000000,1025663.000000,0.012949
972,762,60,0.017704,0.017378,79210532.000000,1027323.000000,0.012970
973,762,60,0.017408,0.017084,78655726.000000,1025792.000000,0.013042
974,763,60,0.017558,0.017239,78942972.000000,1020661.000000,0.012929
975,764,59,0.017945,0.017497,79568720.000000,1032274.000000,0.012973
