frame,nb of entities,FPS,frame length,physics length,L1-dcache-loads,L1-dcache-load-misses,L1-dcache-load-miss-ratio
0,3,301,0.002030,0.000027,514062.000000,34620.000000,0.067346
1,4,301,0.003326,0.000028,589444.000000,35589.000000,0.060377
2,5,302,0.003318,0.000033,564809.000000,34626.000000,0.061306
3,6,302,0.003324,0.000043,561548.000000,34970.000000,0.062274
4,7,302,0.003324,0.000033,586132.000000,34532.000000,0.058915
5,8,302,0.003321,0.000032,584385.000000,31418.000000,0.053763
6,9,302,0.003325,0.000047,598900.000000,36256.000000,0.060538
7,10,302,0.003325,0.000039,580483.000000,35177.000000,0.060600
8,11,302,0.003320,0.000038,579091.000000,35333.000000,0.061015
9,12,302,0.003322,0.000057,586851.000000,36220.000000,0.061719
10,13,302,0.003327,0.000040,550239.000000,31668.000000,0.057553
11,14,302,0.003319,0.000034,603391.000000,35698.000000,0.059162
12,15,302,0.003324,0.000049,591844.000000,35813.000000,0.060511
13,16,302,0.003326,0.000043,605649.000000,36080.000000,0.059572
14,17,302,0.003320,0.000046,595455.000000,35547.000000,0.059697
15,18,302,0.003322,0.000055,571565.000000,32501.000000,0.056863
16,19,302,0.003328,0.000046,595228.000000,35813.000000,0.060167
17,20,302,0.003319,0.000048,595842.000000,35692.000000,0.059902
18,21,302,0.003324,0.000056,611143.000000,36111.000000,0.059088
19,22,302,0.003326,0.000050,606447.000000,35755.000000,0.058958
20,23,302,0.003320,0.000050,586190.000000,32098.000000,0.054757
21,24,302,0.003324,0.000059,663451.000000,37755.000000,0.056907
22,25,302,0.003328,0.000044,636360.000000,36371.000000,0.057155
23,25,302,0.003318,0.000045,632501.000000,35839.000000,0.056662
24,26,302,0.003326,0.000062,642806.000000,37286.000000,0.058005
25,27,302,0.003327,0.000059,604181.000000,32880.000000,0.054421
26,28,302,0.003319,0.000056,646507.000000,37004.000000,0.057237
27,29,302,0.003322,0.000072,649237.000000,37179.000000,0.057266
28,29,302,0.003328,0.000054,636158.000000,36382.000000,0.057190
29,30,302,0.003319,0.000062,656472.000000,37649.000000,0.057351
30,30,302,0.003323,0.000064,615158.000000,33163.000000,0.053910
31,31,302,0.003328,0.000056,647632.000000,36270.000000,0.056004
32,32,302,0.003322,0.000064,649989.000000,36587.000000,0.056289
33,33,302,0.003320,0.000063,649551.000000,36981.000000,0.056933
34,34,302,0.003330,0.000076,659746.000000,38351.000000,0.058130
35,35,302,0.003317,0.000070,649087.000000,33441.000000,0.051520
36,36,302,0.003318,0.000082,703128.000000,38875.000000,0.055289
37,36,302,0.003328,0.000062,691760.000000,37239.000000,0.053832
38,36,302,0.003319,0.000062,672631.000000,36888.000000,0.054841
39,37,302,0.003320,0.000078,682798.000000,37603.000000,0.055072
40,38,302,0.003327,0.000069,656746.000000,33485.000000,0.050986
41,39,302,0.003319,0.000063,684866.000000,36958.000000,0.053964
42,40,302,0.003325,0.000070,707799.000000,37777.000000,0.053372
43,41,302,0.003330,0.000099,761109.000000,42336.000000,0.055624
44,42,302,0.003320,0.000084,731611.000000,39913.000000,0.054555
45,43,302,0.003323,0.000088,717918.000000,37527.000000,0.052272
46,44,302,0.003329,0.000077,740985.000000,40389.000000,0.054507
47,45,302,0.003321,0.000080,728366.000000,40270.000000,0.055288
48,45,302,0.003324,0.000083,747100.000000,40813.000000,0.054629
49,46,302,0.003329,0.000080,728678.000000,40035.000000,0.054942
50,47,302,0.003320,0.000088,710937.000000,36819.000000,0.051789
51,48,302,0.003326,0.000091,766068.000000,40872.000000,0.053353
52,49,302,0.003327,0.000077,776993.000000,40886.000000,0.052621
53,50,302,0.003321,0.000089,786718.000000,41349.000000,0.052559
54,50,302,0.003321,0.000080,771265.000000,40753.000000,0.052839
55,51,302,0.003324,0.000088,736859.000000,36836.000000,0.049991
56,52,302,0.003324,0.000096,815290.000000,42717.000000,0.052395
57,53,302,0.003326,0.000101,790659.000000,42039.000000,0.053170
58,54,302,0.003329,0.000090,785982.000000,41413.000000,0.052690
59,54,302,0.003323,0.000115,791571.000000,43806.000000,0.055341
60,55,300,0.003316,0.000101,777879.000000,38289.000000,0.049222
61,55,300,0.003327,0.000091,817411.000000,41730.000000,0.051051
62,55,300,0.003327,0.000090,789127.000000,40990.000000,0.051943
63,56,300,0.003322,0.000151,813976.000000,42817.000000,0.052602
64,56,300,0.003327,0.000117,798829.000000,43511.000000,0.054468
65,57,300,0.003340,0.000111,791942.000000,39198.000000,0.049496
66,58,300,0.003326,0.000093,850606.000000,45004.000000,0.052908
67,59,300,0.003321,0.000153,888364.000000,53542.000000,0.060270
68,60,300,0.003316,0.000095,861698.000000,44610.000000,0.051770
69,61,300,0.003322,0.000118,861165.000000,44032.000000,0.051131
70,62,300,0.003323,0.000116,826608.000000,38471.000000,0.046541
71,63,300,0.003323,0.000100,862757.000000,42872.000000,0.049692
72,64,300,0.003323,0.000121,864283.000000,42773.000000,0.049490
73,65,300,0.003322,0.000126,881784.000000,42917.000000,0.048671
74,66,300,0.003348,0.000102,900177.000000,43354.000000,0.048162
75,67,300,0.003298,0.000180,905479.000000,45948.000000,0.050744
76,68,300,0.003320,0.000120,936094.000000,47942.000000,0.051215
77,69,300,0.003321,0.000112,954109.000000,44271.000000,0.046400
78,69,300,0.003324,0.000128,925453.000000,44105.000000,0.047658
79,70,300,0.003332,0.000111,909080.000000,43899.000000,0.048289
80,71,300,0.003316,0.000140,887113.000000,39925.000000,0.045006
81,71,300,0.003323,0.000133,905503.000000,43359.000000,0.047884
82,71,300,0.003325,0.000134,926291.000000,43926.000000,0.047421
83,72,300,0.003319,0.000253,926900.000000,52244.000000,0.056364
84,73,300,0.003322,0.000117,981139.000000,46790.000000,0.047689
85,74,300,0.003325,0.000200,984620.000000,43816.000000,0.044500
86,75,300,0.003317,0.000181,991764.000000,47240.000000,0.047632
87,76,300,0.003322,0.000192,981316.000000,49723.000000,0.050670
88,77,300,0.003327,0.000194,985941.000000,57583.000000,0.058404
89,78,300,0.003319,0.000203,998259.000000,52531.000000,0.052623
90,79,300,0.003321,0.000194,989131.000000,43709.000000,0.044189
91,79,300,0.003326,0.000207,1038310.000000,55406.000000,0.053362
92,80,300,0.003318,0.000213,1057135.000000,47875.000000,0.045287
93,81,300,0.003318,0.000167,1019321.000000,46020.000000,0.045148
94,81,300,0.003328,0.000156,1000837.000000,44910.000000,0.044872
95,82,300,0.003317,0.000168,975430.000000,41753.000000,0.042805
96,82,300,0.003323,0.000175,1011828.000000,47691.000000,0.047134
97,83,300,0.003330,0.000215,1020929.000000,49119.000000,0.048112
98,83,300,0.003316,0.000160,990694.000000,44880.000000,0.045302
99,84,300,0.003326,0.000166,1010905.000000,45896.000000,0.045401
100,85,300,0.003326,0.000171,993785.000000,42185.000000,0.042449
101,85,300,0.003318,0.000172,1052061.000000,45930.000000,0.043657
102,86,300,0.003322,0.000184,1084864.000000,47132.000000,0.043445
103,87,300,0.003325,0.000184,1093994.000000,46912.000000,0.042881
104,88,300,0.003317,0.000187,1105165.000000,47581.000000,0.043053
105,89,300,0.003322,0.000189,1066630.000000,43653.000000,0.040926
106,90,300,0.003328,0.000190,1127193.000000,47448.000000,0.042094
107,91,300,0.003320,0.000202,1132850.000000,48509.000000,0.042820
108,92,300,0.003322,0.000198,1148164.000000,48682.000000,0.042400
109,93,300,0.003325,0.000207,1146977.000000,48069.000000,0.041909
110,93,300,0.003318,0.000200,1133841.000000,44174.000000,0.038960
111,94,300,0.003327,0.000209,1197474.000000,48485.000000,0.040489
112,95,300,0.003324,0.000175,1239167.000000,49273.000000,0.039763
113,96,300,0.003318,0.000317,1314230.000000,67803.000000,0.051591
114,97,300,0.003322,0.000210,1302594.000000,53458.000000,0.041040
115,98,300,0.003324,0.000327,1320142.000000,66769.000000,0.050577
116,98,300,0.003317,0.000355,1327361.000000,69250.000000,0.052171
117,99,300,0.003322,0.000240,1349858.000000,49981.000000,0.037027
118,100,300,0.003329,0.000195,1326228.000000,51048.000000,0.038491
119,101,300,0.003317,0.000201,1365033.000000,52918.000000,0.038767
120,101,300,0.003319,0.000319,1355321.000000,55889.000000,0.041237
121,102,300,0.003329,0.000323,1394726.000000,59697.000000,0.042802
122,102,300,0.003318,0.000319,1401147.000000,59611.000000,0.042544
123,102,300,0.003322,0.000342,1440868.000000,65305.000000,0.045323
124,103,300,0.003326,0.000347,1497691.000000,66967.000000,0.044713
125,104,301,0.003319,0.000380,1476136.000000,62100.000000,0.042069
126,105,301,0.003328,0.000363,1509523.000000,63476.000000,0.042050
127,106,301,0.003319,0.000358,1549167.000000,67213.000000,0.043387
128,106,301,0.003317,0.000354,1507995.000000,64776.000000,0.042955
129,107,301,0.003322,0.000317,1470167.000000,55581.000000,0.037806
130,108,300,0.003324,0.000375,1533003.000000,65741.000000,0.042884
131,109,301,0.003318,0.000419,1586657.000000,67330.000000,0.042435
132,110,301,0.003320,0.000302,1528674.000000,53895.000000,0.035256
133,111,301,0.003327,0.000306,1527962.000000,53423.000000,0.034964
134,112,301,0.003317,0.000267,1552576.000000,54956.000000,0.035397
135,112,301,0.003324,0.000305,1484840.000000,49282.000000,0.033190
136,112,301,0.003325,0.000303,1526321.000000,52661.000000,0.034502
137,113,301,0.003322,0.000250,1538681.000000,54036.000000,0.035118
138,114,300,0.003324,0.000310,1553139.000000,54826.000000,0.035300
139,115,301,0.003324,0.000318,1563353.000000,54644.000000,0.034953
140,116,300,0.003327,0.000256,1549134.000000,51306.000000,0.033119
141,116,301,0.003319,0.000328,1648946.000000,56168.000000,0.034063
142,116,300,0.003327,0.000303,1599957.000000,55665.000000,0.034792
143,117,301,0.003317,0.000338,1640401.000000,55454.000000,0.033805
144,118,301,0.003324,0.000300,1645258.000000,56052.000000,0.034069
145,119,300,0.003328,0.000313,1619694.000000,52760.000000,0.032574
146,120,300,0.003322,0.000393,1693180.000000,57994.000000,0.034252
147,121,300,0.003323,0.000322,1711928.000000,57335.000000,0.033491
148,122,300,0.003328,0.000318,1740680.000000,57143.000000,0.032828
149,123,300,0.003318,0.000383,1767198.000000,58080.000000,0.032866
150,124,300,0.003325,0.000338,1750202.000000,54541.000000,0.031163
151,125,300,0.003329,0.000343,1776570.000000,57912.000000,0.032598
152,125,300,0.003318,0.000382,1819800.000000,58542.000000,0.032169
153,126,300,0.003325,0.000351,1859596.000000,59566.000000,0.032032
154,127,300,0.003329,0.000343,1831267.000000,58411.000000,0.031896
155,128,300,0.003321,0.000404,1798026.000000,56238.000000,0.031278
156,129,300,0.003323,0.000396,1847006.000000,60025.000000,0.032499
157,130,300,0.003327,0.000355,1890520.000000,60007.000000,0.031741
158,131,300,0.003319,0.000418,1951270.000000,61666.000000,0.031603
159,132,300,0.003323,0.000443,2030571.000000,62552.000000,0.030805
160,132,300,0.003325,0.000398,1989848.000000,58368.000000,0.029333
161,133,300,0.003325,0.000371,1997240.000000,63402.000000,0.031745
162,133,300,0.003321,0.000373,2080410.000000,66120.000000,0.031782
163,134,300,0.003322,0.000453,2113641.000000,70700.000000,0.033449
164,135,300,0.003318,0.000419,2102571.000000,68511.000000,0.032584
165,136,300,0.003319,0.000465,2106240.000000,60046.000000,0.028509
166,137,300,0.003326,0.000425,2185631.000000,65071.000000,0.029772
167,138,300,0.003320,0.000687,2398963.000000,97103.000000,0.040477
168,139,300,0.003322,0.000404,2299917.000000,66926.000000,0.029099
169,140,300,0.003324,0.000460,2289851.000000,66152.000000,0.028889
170,141,300,0.003322,0.000522,2290599.000000,62971.000000,0.027491
171,141,300,0.003322,0.000528,2346892.000000,66831.000000,0.028476
172,141,300,0.003329,0.000453,2345209.000000,68825.000000,0.029347
173,141,300,0.003316,0.000437,2416490.000000,68081.000000,0.028174
174,142,300,0.003323,0.000492,2418729.000000,67915.000000,0.028079
175,143,300,0.003328,0.000489,2405981.000000,64152.000000,0.026664
176,144,300,0.003318,0.000572,2476403.000000,69921.000000,0.028235
177,145,300,0.003322,0.000524,2497479.000000,69615.000000,0.027874
178,145,300,0.003325,0.000491,2491528.000000,68883.000000,0.027647
179,146,300,0.003321,0.000582,2477316.000000,69255.000000,0.027956
180,146,300,0.003325,0.000509,2432818.000000,64915.000000,0.026683
181,146,300,0.003328,0.000492,2461225.000000,68022.000000,0.027637
182,147,300,0.003323,0.000576,2492567.000000,69458.000000,0.027866
183,148,300,0.003323,0.000523,2507489.000000,69426.000000,0.027687
184,149,300,0.003328,0.000505,2524964.000000,68796.000000,0.027246
185,150,300,0.003324,0.000636,2522452.000000,68371.000000,0.027105
186,151,300,0.003322,0.000535,2580163.000000,70820.000000,0.027448
187,152,300,0.003326,0.000527,2589279.000000,71175.000000,0.027488
188,153,300,0.003317,0.000498,2662104.000000,73354.000000,0.027555
189,154,300,0.003324,0.000557,2709234.000000,73270.000000,0.027045
190,154,300,0.003329,0.000546,2649360.000000,67763.000000,0.025577
191,155,300,0.003317,0.000527,2724181.000000,72265.000000,0.026527
192,155,300,0.003325,0.000568,2743593.000000,72647.000000,0.026479
193,156,300,0.003327,0.000568,2748046.000000,73460.000000,0.026732
194,157,300,0.003320,0.000536,2811389.000000,74216.000000,0.026398
195,158,300,0.003324,0.000757,2903396.000000,83510.000000,0.028763
196,159,300,0.003327,0.000592,2929258.000000,76774.000000,0.026209
197,159,300,0.003320,0.000589,2994648.000000,77395.000000,0.025844
198,160,300,0.003324,0.000646,3048584.000000,77812.000000,0.025524
199,161,300,0.003331,0.000635,3024862.000000,77897.000000,0.025752
200,162,300,0.003698,0.000877,3172666.000000,95096.000000,0.029974
201,163,300,0.003321,0.000959,3266142.000000,108421.000000,0.033195
202,164,300,0.003323,0.001031,3368746.000000,118871.000000,0.035286
203,165,300,0.003319,0.001045,3364760.000000,119450.000000,0.035500
204,166,300,0.003318,0.001043,3403085.000000,118330.000000,0.034771
205,167,300,0.003328,0.000625,3167826.000000,76559.000000,0.024168
206,168,300,0.003318,0.000758,3287258.000000,81586.000000,0.024819
207,169,300,0.003322,0.000744,3416368.000000,83213.000000,0.024357
208,170,300,0.003326,0.000807,3329707.000000,81505.000000,0.024478
209,171,300,0.003320,0.000812,3351015.000000,82877.000000,0.024732
210,172,300,0.003328,0.000755,3329434.000000,79076.000000,0.023751
211,173,300,0.003321,0.000836,3398599.000000,83544.000000,0.024582
212,173,300,0.003320,0.000808,3372081.000000,81154.000000,0.024066
213,174,300,0.003323,0.000760,3450143.000000,83383.000000,0.024168
214,174,300,0.003335,0.000835,3454974.000000,83634.000000,0.024207
215,174,300,0.003301,0.000883,3384242.000000,82099.000000,0.024259
216,175,300,0.003327,0.000667,3488765.000000,84077.000000,0.024099
217,176,300,0.003321,0.000872,3708747.000000,98147.000000,0.026464
218,176,300,0.003321,0.000674,3477190.000000,83430.000000,0.023994
219,177,300,0.003328,0.000789,3547493.000000,85555.000000,0.024117
220,178,300,0.003314,0.000765,3583689.000000,83634.000000,0.023337
221,179,300,0.003321,0.000717,3631152.000000,86654.000000,0.023864
222,180,300,0.003323,0.000716,3636597.000000,86672.000000,0.023833
223,181,300,0.003326,0.000724,3667785.000000,87384.000000,0.023825
224,182,300,0.003323,0.000716,3704089.000000,88368.000000,0.023857
225,183,300,0.003325,0.000841,3703006.000000,83851.000000,0.022644
226,184,300,0.003324,0.000781,3792476.000000,88389.000000,0.023306
227,185,300,0.003311,0.000923,3768610.000000,88290.000000,0.023428
228,186,300,0.003323,0.000863,3818933.000000,89821.000000,0.023520
229,186,300,0.003327,0.000809,3838275.000000,90074.000000,0.023467
230,186,300,0.003306,0.000939,3788527.000000,85804.000000,0.022648
231,187,300,0.003322,0.000887,3869187.000000,90204.000000,0.023313
232,188,300,0.003329,0.000810,3944985.000000,92895.000000,0.023548
233,189,300,0.003310,0.000784,4014531.000000,91426.000000,0.022774
234,190,300,0.003323,0.000915,4020175.000000,91503.000000,0.022761
235,191,300,0.003327,0.000863,3983634.000000,87499.000000,0.021965
236,192,300,0.003310,0.000987,4069410.000000,92047.000000,0.022619
237,192,300,0.003323,0.000945,4099648.000000,92977.000000,0.022679
238,192,300,0.003328,0.000875,4087909.000000,92336.000000,0.022588
239,193,300,0.003309,0.001016,4095148.000000,93271.000000,0.022776
240,194,300,0.003324,0.000958,4106291.000000,89986.000000,0.021914
241,195,300,0.003328,0.000901,4245763.000000,95532.000000,0.022501
242,196,300,0.003311,0.000859,4318038.000000,96527.000000,0.022354
243,196,300,0.003323,0.001023,4344578.000000,95735.000000,0.022036
244,197,300,0.003328,0.000953,4405608.000000,97175.000000,0.022057
245,197,300,0.003309,0.001080,4333651.000000,92312.000000,0.021301
246,198,300,0.003323,0.001056,4435939.000000,97823.000000,0.022052
247,198,300,0.003328,0.000960,4417897.000000,96806.000000,0.021912
248,199,300,0.003307,0.001095,4450612.000000,97887.000000,0.021994
249,200,300,0.003323,0.001084,4564232.000000,99432.000000,0.021785
250,201,300,0.003328,0.001004,4580271.000000,96364.000000,0.021039
251,202,300,0.003309,0.001142,4688729.000000,100998.000000,0.021541
252,203,300,0.003323,0.001128,4708963.000000,102398.000000,0.021745
253,204,300,0.003325,0.001044,4856710.000000,104420.000000,0.021500
254,205,300,0.003323,0.001175,4872032.000000,104623.000000,0.021474
255,206,300,0.003323,0.001169,4862458.000000,101071.000000,0.020786
256,207,300,0.003325,0.001073,4875753.000000,103814.000000,0.021292
257,207,300,0.003322,0.001185,4846981.000000,103626.000000,0.021379
258,208,300,0.003323,0.001178,4916013.000000,105224.000000,0.021404
259,209,300,0.003325,0.001137,5044800.000000,109003.000000,0.021607
260,210,301,0.003345,0.001218,4989493.000000,103248.000000,0.020693
261,210,301,0.003325,0.001210,5098846.000000,107629.000000,0.021109
262,210,301,0.003348,0.001873,5598156.000000,158893.000000,0.028383
263,210,300,0.003333,0.001848,5568868.000000,156608.000000,0.028122
264,211,300,0.003315,0.001476,5444795.000000,128639.000000,0.023626
265,211,300,0.003331,0.001072,5233018.000000,106382.000000,0.020329
266,211,300,0.003317,0.001068,5227699.000000,108510.000000,0.020757
267,212,300,0.003323,0.001286,5291460.000000,112483.000000,0.021257
268,213,300,0.003325,0.001175,5398513.000000,112123.000000,0.020769
269,214,300,0.003322,0.001341,5483872.000000,115187.000000,0.021005
270,214,300,0.003323,0.001335,5488285.000000,111872.000000,0.020384
271,215,300,0.003326,0.001243,5631501.000000,117016.000000,0.020779
272,215,300,0.003323,0.001349,5657976.000000,114754.000000,0.020282
273,216,300,0.003324,0.001399,5660834.000000,118746.000000,0.020977
274,216,300,0.003325,0.001248,5585496.000000,115115.000000,0.020610
275,216,300,0.003321,0.001350,5528316.000000,110164.000000,0.019927
276,217,300,0.003325,0.001372,5705554.000000,117450.000000,0.020585
277,218,300,0.003328,0.001279,5797117.000000,118967.000000,0.020522
278,218,300,0.003317,0.001369,5713993.000000,118355.000000,0.020713
279,219,300,0.003324,0.001403,5786943.000000,119866.000000,0.020713
280,220,300,0.003325,0.001306,5829554.000000,116524.000000,0.019988
281,221,300,0.003322,0.001437,5997519.000000,122724.000000,0.020462
282,222,300,0.003324,0.001450,5939683.000000,123371.000000,0.020771
283,223,300,0.003325,0.001337,6010945.000000,123414.000000,0.020532
284,223,300,0.003322,0.001431,5952019.000000,121609.000000,0.020432
285,223,300,0.003323,0.001462,6000061.000000,120511.000000,0.020085
286,223,300,0.003325,0.001362,6059397.000000,124051.000000,0.020472
287,223,300,0.003322,0.001446,6070775.000000,122788.000000,0.020226
288,224,300,0.003324,0.001503,6146708.000000,126992.000000,0.020660
289,225,300,0.003328,0.001397,6175604.000000,126553.000000,0.020492
290,225,300,0.003320,0.001270,6309294.000000,138184.000000,0.021902
291,226,300,0.003325,0.001523,6169984.000000,127679.000000,0.020694
292,227,300,0.003325,0.001332,6241579.000000,127249.000000,0.020387
293,228,300,0.003322,0.001296,6221587.000000,126068.000000,0.020263
294,229,300,0.003324,0.001543,6326977.000000,128734.000000,0.020347
295,230,300,0.003325,0.001453,6383440.000000,125966.000000,0.019733
296,231,300,0.003320,0.001335,6483195.000000,130314.000000,0.020100
297,232,300,0.003328,0.001624,6528517.000000,135836.000000,0.020807
298,232,300,0.003325,0.001486,6575108.000000,133032.000000,0.020233
299,233,300,0.003320,0.001349,6510655.000000,131380.000000,0.020179
300,234,300,0.003328,0.001603,6565420.000000,129890.000000,0.019784
301,235,300,0.003325,0.001519,6720786.000000,135239.000000,0.020122
302,235,300,0.003321,0.001392,6744164.000000,135081.000000,0.020029
303,236,300,0.003327,0.001653,6680654.000000,137130.000000,0.020526
304,237,300,0.003326,0.001531,6771081.000000,138213.000000,0.020412
305,238,300,0.003320,0.001438,6884971.000000,135848.000000,0.019731
306,239,300,0.003325,0.001664,6895022.000000,140855.000000,0.020429
307,240,300,0.003331,0.001517,7279441.000000,143493.000000,0.019712
308,240,300,0.003318,0.001503,7126396.000000,140505.000000,0.019716
309,241,300,0.003325,0.001739,7177539.000000,143224.000000,0.019954
310,242,300,0.003329,0.001567,7313784.000000,142114.000000,0.019431
311,243,300,0.003321,0.001532,7283242.000000,143907.000000,0.019759
312,243,300,0.003326,0.001774,7278668.000000,146106.000000,0.020073
313,244,300,0.003328,0.001540,7312063.000000,145458.000000,0.019893
314,245,300,0.003321,0.001528,7312815.000000,143810.000000,0.019665
315,246,300,0.003326,0.001794,7303854.000000,143703.000000,0.019675
316,247,300,0.003328,0.001555,7471594.000000,148284.000000,0.019846
317,248,300,0.003320,0.001575,7546593.000000,147579.000000,0.019556
318,249,300,0.003326,0.001808,7516105.000000,149212.000000,0.019852
319,250,300,0.003329,0.001593,7619791.000000,150191.000000,0.019711
320,251,300,0.003320,0.001584,7532918.000000,143954.000000,0.019110
321,252,300,0.003342,0.001837,7547796.000000,151123.000000,0.020022
322,253,300,0.003318,0.001727,7767654.000000,156876.000000,0.020196
323,254,300,0.003320,0.001634,7745487.000000,151460.000000,0.019555
324,255,300,0.003328,0.001872,7827899.000000,153974.000000,0.019670
325,256,300,0.003328,0.001670,7954776.000000,152125.000000,0.019124
326,257,300,0.003321,0.001635,7880349.000000,153390.000000,0.019465
327,258,300,0.003329,0.001901,7895412.000000,156261.000000,0.019791
328,259,300,0.003329,0.001702,8098592.000000,157201.000000,0.019411
329,260,300,0.003320,0.001691,8157720.000000,157061.000000,0.019253
330,260,300,0.003331,0.001956,8228466.000000,154996.000000,0.018837
331,261,300,0.003329,0.001694,8142538.000000,156244.000000,0.019189
332,262,300,0.003320,0.001700,8211836.000000,157496.000000,0.019179
333,263,300,0.003333,0.001976,8303718.000000,159924.000000,0.019259
334,264,300,0.003328,0.001748,8366920.000000,160503.000000,0.019183
335,265,300,0.003321,0.001777,8494775.000000,157960.000000,0.018595
336,266,300,0.003334,0.002001,8429184.000000,160956.000000,0.019095
337,267,300,0.003331,0.001845,8643693.000000,165663.000000,0.019166
338,268,300,0.003321,0.001825,8547803.000000,164506.000000,0.019245
339,268,300,0.003339,0.002037,8544466.000000,163359.000000,0.019119
340,269,300,0.003330,0.001853,8588733.000000,162555.000000,0.018927
341,270,300,0.003323,0.001849,8810103.000000,168581.000000,0.019135
342,271,300,0.003339,0.002099,8891687.000000,171403.000000,0.019277
343,272,300,0.003334,0.001873,8927624.000000,170239.000000,0.019069
344,273,300,0.003326,0.001928,9122186.000000,173112.000000,0.018977
345,274,300,0.003340,0.002158,9023848.000000,168994.000000,0.018727
346,274,300,0.003337,0.001945,9064728.000000,173498.000000,0.019140
347,274,300,0.003325,0.001910,9111957.000000,171796.000000,0.018854
348,274,300,0.003343,0.002177,9243009.000000,174968.000000,0.018930
349,275,300,0.003336,0.001945,9133564.000000,174611.000000,0.019118
350,276,300,0.003324,0.001928,9119911.000000,170753.000000,0.018723
351,277,300,0.003360,0.002259,9282167.000000,180476.000000,0.019443
352,278,300,0.003341,0.002053,9419450.000000,178693.000000,0.018971
353,279,300,0.003331,0.001999,9554778.000000,179380.000000,0.018774
354,280,300,0.003343,0.002187,9380800.000000,176665.000000,0.018833
355,281,300,0.003337,0.001993,9379888.000000,174581.000000,0.018612
356,282,300,0.003341,0.001987,9498090.000000,178892.000000,0.018835
357,283,300,0.003342,0.002221,9631703.000000,180775.000000,0.018769
358,283,300,0.003330,0.002015,9664269.000000,180840.000000,0.018712
359,284,300,0.003335,0.002041,9730270.000000,182550.000000,0.018761
360,285,300,0.003338,0.002266,9768489.000000,180887.000000,0.018517
361,286,300,0.003338,0.002085,9989501.000000,186857.000000,0.018705
362,287,300,0.003340,0.002114,10027437.000000,189069.000000,0.018855
363,288,300,0.003326,0.002111,10109899.000000,188271.000000,0.018622
364,289,300,0.003339,0.002127,10126687.000000,189685.000000,0.018731
365,289,300,0.003341,0.002147,10175696.000000,187065.000000,0.018384
366,290,300,0.003345,0.002168,10321585.000000,192615.000000,0.018661
367,291,300,0.003342,0.002182,10313079.000000,192812.000000,0.018696
368,292,300,0.003343,0.002195,10383978.000000,193399.000000,0.018625
369,292,300,0.003346,0.002214,10424694.000000,194966.000000,0.018702
370,293,300,0.003354,0.002440,10545098.000000,192684.000000,0.018272
371,294,300,0.003344,0.002233,10514229.000000,196544.000000,0.018693
372,295,300,0.003347,0.002254,10681749.000000,197741.000000,0.018512
373,296,299,0.003347,0.002286,10671751.000000,197870.000000,0.018541
374,297,299,0.003345,0.002255,10641197.000000,197978.000000,0.018605
375,297,299,0.003345,0.002261,10598950.000000,193256.000000,0.018234
376,297,299,0.003347,0.002277,10653338.000000,196874.000000,0.018480
377,298,299,0.003352,0.002258,10755849.000000,199356.000000,0.018535
378,299,299,0.003344,0.002303,10939484.000000,201532.000000,0.018422
379,300,299,0.003350,0.002350,10973399.000000,203273.000000,0.018524
380,300,299,0.003347,0.002319,10893515.000000,198989.000000,0.018267
381,300,299,0.003363,0.002532,11205693.000000,211562.000000,0.018880
382,301,299,0.003354,0.002389,11252877.000000,208513.000000,0.018530
383,302,299,0.003352,0.002372,11194106.000000,207705.000000,0.018555
384,303,299,0.003354,0.002393,11360041.000000,208603.000000,0.018363
385,303,299,0.003354,0.002434,11321373.000000,206824.000000,0.018268
386,303,299,0.003353,0.002406,11324158.000000,208789.000000,0.018437
387,304,299,0.003355,0.002437,11364986.000000,210603.000000,0.018531
388,305,299,0.003355,0.002421,11480166.000000,213538.000000,0.018601
389,306,299,0.003358,0.002459,11588611.000000,213394.000000,0.018414
390,306,299,0.003357,0.002449,11559311.000000,208231.000000,0.018014
391,307,299,0.003358,0.002451,11600580.000000,214301.000000,0.018473
392,307,299,0.003355,0.002423,11459306.000000,212552.000000,0.018548
393,308,299,0.003355,0.002452,11529885.000000,214102.000000,0.018569
394,309,299,0.003363,0.002455,11588206.000000,212426.000000,0.018331
395,310,299,0.003353,0.002462,11584992.000000,212384.000000,0.018333
396,311,299,0.003358,0.002464,11737202.000000,215392.000000,0.018351
397,312,299,0.003367,0.002537,12054559.000000,219682.000000,0.018224
398,313,298,0.003358,0.002497,11898285.000000,218302.000000,0.018347
399,314,298,0.003365,0.002537,11967634.000000,215871.000000,0.018038
400,315,298,0.003373,0.002544,12135831.000000,220190.000000,0.018144
401,316,298,0.003357,0.002591,12135947.000000,224160.000000,0.018471
402,317,298,0.003364,0.002582,12258066.000000,225504.000000,0.018396
403,317,298,0.003366,0.002583,12219125.000000,223341.000000,0.018278
404,318,298,0.003363,0.002619,12393333.000000,220719.000000,0.017809
405,319,298,0.003367,0.002674,12492558.000000,227665.000000,0.018224
406,320,298,0.003366,0.002662,12535794.000000,228012.000000,0.018189
407,321,298,0.003376,0.002675,12713088.000000,230563.000000,0.018136
408,322,298,0.003369,0.002698,12758008.000000,231865.000000,0.018174
409,323,298,0.003370,0.002754,12721670.000000,228843.000000,0.017988
410,323,298,0.003369,0.002716,12776109.000000,230487.000000,0.018040
411,324,298,0.003557,0.003241,13166395.000000,240700.000000,0.018281
412,325,298,0.003373,0.002735,12958234.000000,235776.000000,0.018195
413,326,297,0.003370,0.002749,12926004.000000,234028.000000,0.018105
414,326,297,0.003369,0.002743,12855042.000000,229698.000000,0.017868
415,327,297,0.003372,0.002745,12898352.000000,233306.000000,0.018088
416,328,297,0.003374,0.002744,12984685.000000,234203.000000,0.018037
417,329,297,0.003372,0.002766,12991278.000000,236823.000000,0.018229
418,330,297,0.003371,0.002806,13102317.000000,237444.000000,0.018122
419,331,297,0.003374,0.002803,13201814.000000,235906.000000,0.017869
420,332,297,0.003376,0.002819,13385588.000000,241422.000000,0.018036
421,333,297,0.003379,0.002914,13462550.000000,245668.000000,0.018248
422,334,297,0.003379,0.002857,13557172.000000,245285.000000,0.018093
423,335,297,0.003380,0.002906,13663639.000000,247920.000000,0.018145
424,336,297,0.003381,0.002957,13700767.000000,244863.000000,0.017872
425,337,297,0.003380,0.002929,13747631.000000,249030.000000,0.018114
426,338,297,0.003382,0.002925,13906413.000000,251231.000000,0.018066
427,339,297,0.003388,0.003023,13962247.000000,251701.000000,0.018027
428,339,297,0.003382,0.002964,13912289.000000,249733.000000,0.017951
429,340,297,0.003381,0.002974,13895537.000000,246159.000000,0.017715
430,341,297,0.003333,0.003031,14067724.000000,252667.000000,0.017961
431,342,296,0.003724,0.003408,14053653.000000,250787.000000,0.017845
432,342,296,0.003593,0.003279,14042640.000000,253424.000000,0.018047
433,343,296,0.003398,0.003063,14242090.000000,255025.000000,0.017906
434,343,296,0.003339,0.003020,14236985.000000,248936.000000,0.017485
435,344,296,0.003350,0.003018,14205138.000000,253978.000000,0.017879
436,345,296,0.003388,0.003063,14280917.000000,254847.000000,0.017845
437,346,296,0.003336,0.003059,14231932.000000,254246.000000,0.017864
438,347,296,0.003357,0.003047,14288080.000000,254029.000000,0.017779
439,348,295,0.003385,0.003113,14355744.000000,252855.000000,0.017614
440,349,295,0.003624,0.003285,14648955.000000,265464.000000,0.018122
441,350,295,0.003642,0.003267,14753672.000000,262989.000000,0.017825
442,351,295,0.003452,0.003118,14710026.000000,259300.000000,0.017627
443,352,294,0.003466,0.003157,14872713.000000,260217.000000,0.017496
444,353,294,0.003531,0.003206,15025318.000000,265540.000000,0.017673
445,353,294,0.003486,0.003192,14894696.000000,264494.000000,0.017758
446,354,294,0.003507,0.003178,15038978.000000,266870.000000,0.017745
447,355,293,0.003537,0.003238,15020313.000000,265121.000000,0.017651
448,356,293,0.003537,0.003240,15107118.000000,264307.000000,0.017496
449,357,293,0.003514,0.003227,15098138.000000,267053.000000,0.017688
450,358,293,0.003548,0.003245,15157112.000000,268480.000000,0.017713
451,359,292,0.003569,0.003276,15278231.000000,268880.000000,0.017599
452,360,292,0.003593,0.003261,15441609.000000,269946.000000,0.017482
453,360,292,0.003589,0.003281,15352969.000000,265145.000000,0.017270
454,360,291,0.003594,0.003309,15451018.000000,271908.000000,0.017598
455,361,291,0.003613,0.003298,15563430.000000,273177.000000,0.017552
456,362,291,0.003632,0.003288,15473480.000000,270592.000000,0.017487
457,363,290,0.003632,0.003320,15674716.000000,270996.000000,0.017289
458,364,290,0.003641,0.003316,15565787.000000,273373.000000,0.017562
459,365,289,0.003648,0.003368,15681049.000000,275836.000000,0.017590
460,366,289,0.003658,0.003337,15788240.000000,275916.000000,0.017476
461,366,289,0.003722,0.003397,15971631.000000,276014.000000,0.017282
462,366,288,0.003698,0.003408,15966169.000000,272247.000000,0.017051
463,367,288,0.003737,0.003430,16125439.000000,280870.000000,0.017418
464,367,287,0.003749,0.003458,16115416.000000,279759.000000,0.017360
465,368,286,0.003759,0.003453,16214512.000000,279448.000000,0.017234
466,368,286,0.003764,0.003483,16216924.000000,278223.000000,0.017156
467,369,285,0.003873,0.003541,16478422.000000,286782.000000,0.017403
468,370,284,0.004225,0.003872,16718032.000000,292659.000000,0.017506
469,371,283,0.003909,0.003593,16643037.000000,288612.000000,0.017341
470,371,283,0.003915,0.003595,16830472.000000,290608.000000,0.017267
471,372,282,0.003866,0.003596,16670099.000000,285133.000000,0.017104
472,372,281,0.003922,0.003585,16870201.000000,288039.000000,0.017074
473,373,281,0.003874,0.003591,16776381.000000,291617.000000,0.017383
474,374,280,0.003922,0.003607,16877947.000000,291641.000000,0.017279
475,375,279,0.003940,0.003621,17012495.000000,289133.000000,0.016995
476,376,279,0.003974,0.003632,17167102.000000,295179.000000,0.017194
477,377,278,0.004040,0.003705,17449687.000000,298595.000000,0.017112
478,378,277,0.003946,0.003623,17109043.000000,294058.000000,0.017187
479,379,276,0.003985,0.003708,17184231.000000,292932.000000,0.017047
480,379,275,0.003962,0.003673,17149003.000000,293462.000000,0.017112
481,379,275,0.003976,0.003658,17249239.000000,295587.000000,0.017136
482,380,274,0.004020,0.003697,17301882.000000,296215.000000,0.017120
483,380,273,0.003998,0.003679,17337070.000000,292873.000000,0.016893
484,380,272,0.004096,0.003788,17682434.000000,301783.000000,0.017067
485,381,271,0.004133,0.003817,17909785.000000,306420.000000,0.017109
486,382,270,0.004118,0.003822,17818702.000000,305159.000000,0.017126
487,383,270,0.004108,0.003821,17807107.000000,300521.000000,0.016876
488,384,269,0.004148,0.003819,18019580.000000,307366.000000,0.017057
489,384,268,0.004181,0.003880,18107968.000000,308482.000000,0.017036
490,385,266,0.004279,0.003917,18396051.000000,312563.000000,0.016991
491,386,266,0.004314,0.003985,18649058.000000,314039.000000,0.016839
492,387,265,0.004595,0.004017,18533143.000000,317249.000000,0.017118
493,387,263,0.004634,0.004310,18657551.000000,327800.000000,0.017569
494,388,262,0.004402,0.004051,18711543.000000,323381.000000,0.017282
495,389,261,0.004554,0.004213,18892428.000000,324918.000000,0.017198
496,390,259,0.004587,0.004215,18811368.000000,324684.000000,0.017260
497,391,258,0.004318,0.004022,18790250.000000,324525.000000,0.017271
498,391,257,0.004329,0.004033,18801688.000000,323100.000000,0.017185
499,392,256,0.004334,0.004015,18914593.000000,320213.000000,0.016929
500,393,255,0.004363,0.004050,18980206.000000,321494.000000,0.016938
501,394,254,0.004348,0.004061,18966492.000000,323556.000000,0.017059
502,395,253,0.004410,0.004076,19151277.000000,324382.000000,0.016938
503,396,252,0.004407,0.004100,19266310.000000,325193.000000,0.016879
504,397,251,0.004472,0.004124,19475234.000000,334027.000000,0.017151
505,397,250,0.004518,0.004184,19752856.000000,337639.000000,0.017093
506,398,249,0.004469,0.004138,19514913.000000,330505.000000,0.016936
507,399,248,0.004561,0.004216,19746982.000000,337215.000000,0.017077
508,400,247,0.004489,0.004187,19649705.000000,337245.000000,0.017163
509,400,246,0.004541,0.004214,19803586.000000,338321.000000,0.017084
510,401,245,0.004524,0.004232,19849164.000000,336297.000000,0.016943
511,402,244,0.004607,0.004267,20025212.000000,339514.000000,0.016954
512,403,243,0.004617,0.004286,20192643.000000,346180.000000,0.017144
513,404,242,0.004673,0.004327,20319779.000000,344532.000000,0.016955
514,404,241,0.004632,0.004362,20354985.000000,343831.000000,0.016892
515,404,240,0.004910,0.004582,20530327.000000,349526.000000,0.017025
516,405,239,0.004866,0.004434,20693693.000000,354551.000000,0.017133
517,406,238,0.004746,0.004453,20696008.000000,350867.000000,0.016953
518,407,236,0.004889,0.004543,20841296.000000,355024.000000,0.017035
519,408,235,0.004814,0.004472,20944327.000000,355082.000000,0.016954
520,409,234,0.004929,0.004600,21018312.000000,357625.000000,0.017015
521,409,233,0.004779,0.004497,20896158.000000,348732.000000,0.016689
522,409,232,0.004913,0.004585,21071423.000000,358041.000000,0.016992
523,410,231,0.004833,0.004539,21110613.000000,359845.000000,0.017046
524,411,230,0.004977,0.004665,21268644.000000,358990.000000,0.016879
525,412,229,0.004948,0.004583,21441737.000000,363472.000000,0.016952
526,412,228,0.005070,0.004711,21643847.000000,366725.000000,0.016944
527,413,227,0.004927,0.004596,21480574.000000,363110.000000,0.016904
528,414,226,0.005098,0.004739,21763867.000000,367926.000000,0.016905
529,415,225,0.005033,0.004657,21893693.000000,371755.000000,0.016980
530,415,224,0.005181,0.004818,22126080.000000,374931.000000,0.016945
531,416,223,0.005051,0.004764,22061536.000000,368149.000000,0.016687
532,417,222,0.005243,0.004879,22387895.000000,377763.000000,0.016874
533,418,221,0.005077,0.004778,22196839.000000,372405.000000,0.016777
534,418,220,0.005163,0.004873,22146895.000000,369503.000000,0.016684
535,419,219,0.005362,0.005016,22446526.000000,373624.000000,0.016645
536,420,218,0.005368,0.004916,22643593.000000,377984.000000,0.016693
537,421,217,0.005297,0.004962,22797389.000000,380153.000000,0.016675
538,421,216,0.005221,0.004901,22584227.000000,379118.000000,0.016787
539,422,215,0.005259,0.004955,22623562.000000,379458.000000,0.016773
540,423,214,0.005233,0.004901,22727287.000000,377221.000000,0.016598
541,424,213,0.005259,0.004955,22714039.000000,380806.000000,0.016765
542,424,212,0.005249,0.004913,22793435.000000,379774.000000,0.016662
543,424,211,0.005316,0.004997,22866298.000000,378897.000000,0.016570
544,425,210,0.005339,0.004995,22989758.000000,384081.000000,0.016707
545,426,209,0.005431,0.005057,23167872.000000,389297.000000,0.016803
546,427,208,0.005428,0.005095,23270600.000000,390853.000000,0.016796
547,427,207,0.005366,0.005077,23135966.000000,387151.000000,0.016734
548,428,206,0.005378,0.005035,23342470.000000,387448.000000,0.016598
549,429,205,0.005440,0.005113,23364503.000000,391600.000000,0.016760
550,430,205,0.005494,0.005079,23498838.000000,388319.000000,0.016525
551,431,204,0.005452,0.005094,23566634.000000,393834.000000,0.016712
552,432,203,0.005559,0.005195,23806972.000000,397913.000000,0.016714
553,433,202,0.006064,0.005640,24200224.000000,413844.000000,0.017101
554,433,201,0.005500,0.005157,23789712.000000,395235.000000,0.016614
555,434,201,0.005518,0.005195,24030905.000000,401175.000000,0.016694
556,435,200,0.005497,0.005196,23722541.000000,393955.000000,0.016607
557,436,199,0.005461,0.005135,23876750.000000,401869.000000,0.016831
558,437,198,0.005632,0.005278,24146382.000000,405588.000000,0.016797
559,438,198,0.005587,0.005274,24188695.000000,402213.000000,0.016628
560,439,197,0.005606,0.005242,24375214.000000,405236.000000,0.016625
561,440,196,0.005617,0.005317,24305876.000000,404909.000000,0.016659
562,440,195,0.005568,0.005250,24198133.000000,395513.000000,0.016345
563,440,195,0.005586,0.005212,24425707.000000,398735.000000,0.016324
564,441,194,0.005612,0.005274,24665421.000000,404132.000000,0.016385
565,442,193,0.005658,0.005310,24591698.000000,399554.000000,0.016248
566,443,192,0.005673,0.005317,24890763.000000,410534.000000,0.016493
567,444,192,0.005656,0.005308,24717683.000000,401487.000000,0.016243
568,444,191,0.005693,0.005351,24764136.000000,406518.000000,0.016416
569,445,190,0.005674,0.005338,24855212.000000,408809.000000,0.016448
570,446,190,0.005721,0.005360,24999927.000000,406199.000000,0.016248
571,447,189,0.005960,0.005622,25394757.000000,420746.000000,0.016568
572,447,188,0.005896,0.005522,25400355.000000,419184.000000,0.016503
573,448,187,0.005885,0.005541,25556407.000000,417153.000000,0.016323
574,449,187,0.005817,0.005480,25364426.000000,416250.000000,0.016411
575,450,186,0.005878,0.005516,25558831.000000,419088.000000,0.016397
576,450,185,0.005867,0.005528,25631511.000000,418200.000000,0.016316
577,451,185,0.006019,0.005674,25801403.000000,427223.000000,0.016558
578,451,184,0.005854,0.005529,25684500.000000,422493.000000,0.016449
579,452,183,0.006005,0.005622,25775900.000000,424595.000000,0.016473
580,453,183,0.006017,0.005625,25878937.000000,429929.000000,0.016613
581,454,182,0.005963,0.005636,25987101.000000,428579.000000,0.016492
582,454,182,0.006074,0.005713,26124951.000000,425892.000000,0.016302
583,454,181,0.006011,0.005612,26196614.000000,429205.000000,0.016384
584,455,180,0.005953,0.005571,26041353.000000,422022.000000,0.016206
585,456,180,0.006055,0.005630,26502688.000000,431088.000000,0.016266
586,457,179,0.006071,0.005692,26684295.000000,434753.000000,0.016292
587,458,179,0.006078,0.005718,26768031.000000,433701.000000,0.016202
588,459,178,0.006351,0.006006,27138263.000000,439730.000000,0.016203
589,460,177,0.006127,0.005802,27076283.000000,442130.000000,0.016329
590,460,177,0.006148,0.005828,27132107.000000,439083.000000,0.016183
591,461,176,0.006248,0.005842,27335949.000000,447394.000000,0.016367
592,461,176,0.006211,0.005880,27250983.000000,443913.000000,0.016290
593,461,175,0.006222,0.005873,27404809.000000,442110.000000,0.016133
594,462,175,0.006255,0.005907,27458179.000000,446934.000000,0.016277
595,463,174,0.006611,0.006260,27675851.000000,449661.000000,0.016247
596,464,173,0.006301,0.005929,27696738.000000,450842.000000,0.016278
597,465,173,0.006305,0.005942,27688942.000000,448469.000000,0.016197
598,466,172,0.006398,0.006028,28053210.000000,448146.000000,0.015975
599,467,172,0.006428,0.006036,28264093.000000,455561.000000,0.016118
600,468,171,0.006459,0.006100,28436892.000000,453168.000000,0.015936
601,469,171,0.006451,0.006126,28388327.000000,458323.000000,0.016145
602,470,170,0.006528,0.006127,28608734.000000,460678.000000,0.016103
603,471,169,0.006533,0.006211,28638993.000000,455098.000000,0.015891
604,472,169,0.006741,0.006393,28920849.000000,462426.000000,0.015989
605,473,168,0.006545,0.006237,28862436.000000,464763.000000,0.016103
606,474,168,0.006541,0.006225,28918717.000000,460162.000000,0.015912
607,475,167,0.006579,0.006256,29009331.000000,463297.000000,0.015971
608,475,167,0.006558,0.006239,28936112.000000,458257.000000,0.015837
609,476,166,0.006615,0.006279,29095887.000000,463345.000000,0.015925
610,476,165,0.006632,0.006289,29213671.000000,465342.000000,0.015929
611,477,165,0.006647,0.006334,29208834.000000,465891.000000,0.015950
612,478,164,0.006805,0.006435,29415497.000000,470082.000000,0.015981
613,479,164,0.006657,0.006359,29271770.000000,465705.000000,0.015910
614,480,164,0.006761,0.006352,29625494.000000,470356.000000,0.015877
615,481,163,0.006740,0.006364,29662650.000000,469234.000000,0.015819
616,481,162,0.006718,0.006413,29694906.000000,466162.000000,0.015698
617,481,162,0.006741,0.006405,29682430.000000,473303.000000,0.015946
618,482,161,0.006789,0.006407,29934199.000000,467699.000000,0.015624
619,483,161,0.007239,0.006852,30472805.000000,477941.000000,0.015684
620,484,160,0.006798,0.006429,30067890.000000,465903.000000,0.015495
621,485,160,0.006844,0.006497,30154024.000000,471673.000000,0.015642
622,486,159,0.006817,0.006450,30227401.000000,472705.000000,0.015638
623,487,158,0.008336,0.007901,31377380.000000,497946.000000,0.015870
624,487,157,0.006884,0.006517,30284987.000000,475998.000000,0.015717
625,488,157,0.006967,0.006597,30556884.000000,471823.000000,0.015441
626,488,156,0.007003,0.006624,30756666.000000,480251.000000,0.015615
627,489,156,0.006890,0.006577,30572442.000000,476501.000000,0.015586
628,489,155,0.007104,0.006688,30865058.000000,476168.000000,0.015427
629,490,155,0.007077,0.006723,30915070.000000,480248.000000,0.015534
630,491,154,0.006973,0.006656,30812706.000000,474191.000000,0.015389
631,491,154,0.006962,0.006651,30884823.000000,479178.000000,0.015515
632,492,153,0.007063,0.006731,31037359.000000,479014.000000,0.015433
633,492,153,0.007265,0.006937,31106881.000000,482887.000000,0.015523
634,493,152,0.007077,0.006722,31136943.000000,488768.000000,0.015697
635,494,152,0.007083,0.006768,31054886.000000,476501.000000,0.015344
636,495,151,0.007078,0.006727,31269429.000000,482066.000000,0.015417
637,496,151,0.007021,0.006726,31238165.000000,479866.000000,0.015362
638,497,150,0.007542,0.007206,31350567.000000,485142.000000,0.015475
639,497,150,0.007127,0.006805,31397385.000000,480041.000000,0.015289
640,498,149,0.007157,0.006797,31575091.000000,486892.000000,0.015420
641,499,149,0.007160,0.006828,31585445.000000,486288.000000,0.015396
642,499,149,0.007175,0.006819,31614181.000000,479546.000000,0.015169
643,500,148,0.007228,0.006874,31633414.000000,486837.000000,0.015390
644,501,148,0.007204,0.006814,31821774.000000,483436.000000,0.015192
645,502,147,0.007302,0.006905,32249617.000000,493651.000000,0.015307
646,502,147,0.007181,0.006850,31718458.000000,483359.000000,0.015239
647,503,146,0.007421,0.007032,32142977.000000,493284.000000,0.015347
648,504,146,0.007204,0.006847,32080399.000000,486959.000000,0.015179
649,504,146,0.007355,0.007017,32066529.000000,497497.000000,0.015515
650,505,145,0.007477,0.007069,32509828.000000,503289.000000,0.015481
651,505,145,0.007447,0.007115,32604751.000000,501722.000000,0.015388
652,505,144,0.007409,0.007030,32590569.000000,504431.000000,0.015478
653,506,144,0.007504,0.007188,32668433.000000,501279.000000,0.015344
654,507,143,0.007587,0.007182,32922277.000000,509273.000000,0.015469
655,507,143,0.007432,0.007121,32682105.000000,502179.000000,0.015366
656,508,143,0.007536,0.007140,33106436.000000,509641.000000,0.015394
657,509,142,0.007622,0.007254,33295118.000000,509738.000000,0.015310
658,510,142,0.007580,0.007207,33079022.000000,512137.000000,0.015482
659,510,141,0.007601,0.007190,33297806.000000,511761.000000,0.015369
660,511,141,0.007722,0.007334,33516816.000000,510230.000000,0.015223
661,512,141,0.007656,0.007258,33443437.000000,518351.000000,0.015499
662,513,140,0.007692,0.007331,33622267.000000,514825.000000,0.015312
663,514,140,0.007755,0.007365,33826324.000000,521131.000000,0.015406
664,515,139,0.007764,0.007433,33913217.000000,516741.000000,0.015237
665,516,139,0.007655,0.007318,33679091.000000,520592.000000,0.015457
666,516,139,0.007746,0.007374,33824612.000000,518392.000000,0.015326
667,517,138,0.007797,0.007380,34093473.000000,520921.000000,0.015279
668,518,138,0.007762,0.007396,34223296.000000,519264.000000,0.015173
669,519,138,0.007777,0.007397,34312596.000000,528845.000000,0.015413
670,520,137,0.007834,0.007487,34331695.000000,525456.000000,0.015305
671,520,137,0.007803,0.007473,34191083.000000,525159.000000,0.015360
672,521,137,0.007841,0.007476,34333045.000000,528492.000000,0.015393
673,522,136,0.008075,0.007685,34828640.000000,528840.000000,0.015184
674,522,136,0.007895,0.007467,34743710.000000,533053.000000,0.015342
675,523,135,0.007998,0.007611,35038732.000000,529364.000000,0.015108
676,524,135,0.007948,0.007548,34768819.000000,532792.000000,0.015324
677,525,135,0.007972,0.007607,34897669.000000,531360.000000,0.015226
678,526,134,0.007974,0.007617,35019001.000000,532067.000000,0.015194
679,527,134,0.007915,0.007548,35020579.000000,528346.000000,0.015087
680,527,134,0.008068,0.007657,35314173.000000,534372.000000,0.015132
681,528,133,0.008069,0.007686,35515831.000000,533014.000000,0.015008
682,529,133,0.008033,0.007607,35284032.000000,536685.000000,0.015210
683,530,133,0.008037,0.007672,35499771.000000,535134.000000,0.015074
684,531,133,0.008117,0.007694,35836483.000000,540816.000000,0.015091
685,532,132,0.008247,0.007868,35870472.000000,538202.000000,0.015004
686,533,132,0.008178,0.007800,36052088.000000,540985.000000,0.015006
687,534,132,0.008151,0.007838,35941265.000000,540674.000000,0.015043
688,535,131,0.008244,0.007833,36343628.000000,545618.000000,0.015013
689,536,131,0.008331,0.007958,36665591.000000,545422.000000,0.014876
690,536,130,0.008190,0.007802,36323248.000000,545921.000000,0.015030
691,537,130,0.008250,0.007878,36279820.000000,540112.000000,0.014887
692,538,130,0.008296,0.007907,36485327.000000,546406.000000,0.014976
693,539,129,0.008409,0.008010,37014908.000000,549323.000000,0.014841
694,540,129,0.008390,0.008000,37016391.000000,554703.000000,0.014985
695,541,129,0.008550,0.008131,37583633.000000,558594.000000,0.014863
696,541,128,0.008545,0.008124,37810710.000000,562228.000000,0.014870
697,541,128,0.008844,0.008400,38000387.000000,575712.000000,0.015150
698,542,127,0.008596,0.008193,37872812.000000,563942.000000,0.014890
699,543,127,0.008620,0.008259,38052010.000000,561014.000000,0.014743
700,544,127,0.008672,0.008285,38066185.000000,570932.000000,0.014998
701,545,126,0.008685,0.008259,38213921.000000,571838.000000,0.014964
702,546,126,0.008706,0.008327,38428573.000000,576942.000000,0.015013
703,547,125,0.008776,0.008367,38597159.000000,577736.000000,0.014968
704,548,125,0.008674,0.008346,38597138.000000,581061.000000,0.015055
705,548,125,0.009036,0.008721,38516552.000000,572887.000000,0.014874
706,549,124,0.008636,0.008271,38685443.000000,571742.000000,0.014779
707,550,124,0.008619,0.008329,38596868.000000,570539.000000,0.014782
708,551,124,0.008697,0.008362,38790273.000000,575372.000000,0.014833
709,552,123,0.009054,0.008696,39334701.000000,583512.000000,0.014835
710,553,123,0.008857,0.008507,39374843.000000,584164.000000,0.014836
711,554,122,0.008857,0.008512,39517626.000000,590461.000000,0.014942
712,554,122,0.008812,0.008529,39465988.000000,588168.000000,0.014903
713,555,122,0.008908,0.008534,39801842.000000,593639.000000,0.014915
714,556,121,0.008904,0.008602,39790867.000000,593506.000000,0.014916
715,557,121,0.008931,0.008559,39948526.000000,596825.000000,0.014940
716,557,121,0.008990,0.008640,40143936.000000,593938.000000,0.014795
717,558,120,0.009127,0.008792,40450330.000000,601456.000000,0.014869
718,559,120,0.009198,0.008848,40443599.000000,599359.000000,0.014820
719,560,119,0.009133,0.008756,40496037.000000,603378.000000,0.014900
720,560,119,0.009344,0.009022,40676038.000000,597217.000000,0.014682
721,561,119,0.009210,0.008853,40720452.000000,600844.000000,0.014755
722,561,118,0.009239,0.008953,40793160.000000,599135.000000,0.014687
723,561,118,0.009156,0.008809,40786263.000000,598081.000000,0.014664
724,562,118,0.009259,0.008875,41084398.000000,612239.000000,0.014902
725,563,117,0.009260,0.008942,40966839.000000,602174.000000,0.014699
726,564,117,0.009261,0.008870,41240472.000000,613265.000000,0.014870
727,564,117,0.009324,0.009004,41651698.000000,611315.000000,0.014677
728,565,116,0.009347,0.008947,41777556.000000,616833.000000,0.014765
729,565,116,0.009383,0.009058,41915185.000000,613181.000000,0.014629
730,566,116,0.009403,0.009084,42016808.000000,619287.000000,0.014739
731,567,115,0.009839,0.009482,42304043.000000,626359.000000,0.014806
732,567,115,0.009462,0.009164,42088400.000000,613278.000000,0.014571
733,568,114,0.009370,0.009070,41950367.000000,615170.000000,0.014664
734,569,114,0.009428,0.009044,42211657.000000,611977.000000,0.014498
735,569,114,0.009472,0.009109,42460144.000000,617463.000000,0.014542
736,569,113,0.009508,0.009191,42464813.000000,613413.000000,0.014445
737,570,113,0.009560,0.009202,42684884.000000,618681.000000,0.014494
738,571,113,0.009469,0.009130,42428775.000000,614735.000000,0.014489
739,572,112,0.009552,0.009221,42827842.000000,618019.000000,0.014430
740,573,112,0.009616,0.009221,43028884.000000,624140.000000,0.014505
741,574,112,0.009838,0.009461,43513801.000000,629411.000000,0.014465
742,575,111,0.010067,0.009682,43946672.000000,639915.000000,0.014561
743,576,111,0.009847,0.009549,43722389.000000,633947.000000,0.014499
744,576,111,0.009774,0.009424,43807372.000000,634030.000000,0.014473
745,577,110,0.009828,0.009503,43801618.000000,635657.000000,0.014512
746,578,110,0.009942,0.009578,43971979.000000,637905.000000,0.014507
747,579,110,0.009870,0.009564,44013777.000000,640938.000000,0.014562
748,580,109,0.009832,0.009483,44117882.000000,637766.000000,0.014456
749,581,109,0.009832,0.009538,44110930.000000,638683.000000,0.014479
750,582,109,0.009878,0.009527,44312776.000000,643560.000000,0.014523
751,582,108,0.010024,0.009719,44376908.000000,640903.000000,0.014442
752,583,108,0.010139,0.009777,44787718.000000,648745.000000,0.014485
753,584,108,0.009849,0.009553,44373347.000000,640594.000000,0.014436
754,584,107,0.009873,0.009582,44482701.000000,642805.000000,0.014451
755,584,107,0.009882,0.009574,44486175.000000,644129.000000,0.014479
756,584,107,0.010052,0.009668,44850370.000000,651519.000000,0.014527
757,585,107,0.010076,0.009683,45208055.000000,653569.000000,0.014457
758,586,106,0.009910,0.009596,44595458.000000,643432.000000,0.014428
759,587,106,0.009918,0.009598,44655857.000000,644631.000000,0.014436
760,587,106,0.009951,0.009608,44850590.000000,646269.000000,0.014409
761,588,105,0.010356,0.010003,45335499.000000,656648.000000,0.014484
762,589,105,0.010252,0.009905,45528830.000000,658380.000000,0.014461
763,589,105,0.010039,0.009747,45032814.000000,650704.000000,0.014450
764,590,105,0.010114,0.009734,45357293.000000,656972.000000,0.014484
765,591,104,0.010149,0.009844,45277326.000000,656168.000000,0.014492
766,592,104,0.010212,0.009826,45647467.000000,660723.000000,0.014474
767,592,104,0.010273,0.009918,45982745.000000,667886.000000,0.014525
768,593,104,0.010253,0.009896,45936380.000000,664746.000000,0.014471
769,594,103,0.010276,0.009991,46086438.000000,666677.000000,0.014466
770,594,103,0.010234,0.009909,45966141.000000,665218.000000,0.014472
771,595,103,0.010435,0.010107,46270426.000000,666506.000000,0.014405
772,595,103,0.010422,0.010076,46411738.000000,673928.000000,0.014521
773,596,102,0.010350,0.010032,46366643.000000,668380.000000,0.014415
774,597,102,0.010389,0.010009,46492082.000000,669720.000000,0.014405
775,598,102,0.010423,0.010087,46662095.000000,677542.000000,0.014520
776,599,102,0.010516,0.010134,47030904.000000,677115.000000,0.014397
777,600,101,0.010444,0.010160,46826439.000000,676046.000000,0.014437
778,601,101,0.010524,0.010130,47191177.000000,680566.000000,0.014421
779,601,101,0.010615,0.010246,47603637.000000,685556.000000,0.014401
780,602,101,0.010608,0.010208,47517221.000000,690486.000000,0.014531
781,603,100,0.011113,0.010774,47834793.000000,680768.000000,0.014232
782,603,100,0.011121,0.010810,47810476.000000,681204.000000,0.014248
783,604,100,0.010593,0.010247,47782975.000000,681818.000000,0.014269
784,605,100,0.010618,0.010276,47938085.000000,678546.000000,0.014155
785,606,99,0.010712,0.010393,48358063.000000,685004.000000,0.014165
786,607,99,0.010721,0.010329,48400073.000000,686880.000000,0.014192
787,608,99,0.010713,0.010369,48406395.000000,686248.000000,0.014177
788,609,99,0.010827,0.010465,48823617.000000,692617.000000,0.014186
789,609,98,0.010901,0.010508,49067588.000000,701115.000000,0.014289
790,610,98,0.011277,0.010866,49284009.000000,702420.000000,0.014252
791,611,98,0.011018,0.010677,49481900.000000,703429.000000,0.014216
792,612,98,0.011033,0.010636,49632639.000000,707159.000000,0.014248
793,613,97,0.011051,0.010735,49768214.000000,706380.000000,0.014193
794,613,97,0.011097,0.010785,50008632.000000,708794.000000,0.014173
795,614,97,0.011021,0.010706,49645428.000000,707950.000000,0.014260
796,614,97,0.011069,0.010700,49846765.000000,705343.000000,0.014150
797,615,96,0.011109,0.010768,49999535.000000,711341.000000,0.014227
798,616,96,0.011187,0.010804,50249862.000000,715954.000000,0.014248
799,617,96,0.011533,0.011140,50588346.000000,733929.000000,0.014508
800,618,95,0.011379,0.010968,50661273.000000,724424.000000,0.014299
801,618,95,0.011481,0.011070,51059742.000000,730086.000000,0.014299
802,618,95,0.011487,0.011074,50912785.000000,726514.000000,0.014270
803,619,95,0.011375,0.011012,50713483.000000,728078.000000,0.014357
804,620,95,0.011394,0.011056,50962765.000000,732183.000000,0.014367
805,621,94,0.011512,0.011208,51051833.000000,729476.000000,0.014289
806,622,94,0.011521,0.011170,51184311.000000,731209.000000,0.014286
807,622,94,0.011507,0.011189,51165751.000000,733597.000000,0.014338
808,623,93,0.011819,0.011481,51563794.000000,734435.000000,0.014243
809,624,93,0.011443,0.011126,51184144.000000,725958.000000,0.014183
810,625,93,0.011560,0.011219,51402734.000000,734292.000000,0.014285
811,626,93,0.011560,0.011233,51494529.000000,732762.000000,0.014230
812,627,93,0.011500,0.011175,51400479.000000,727820.000000,0.014160
813,628,92,0.011619,0.011255,51880774.000000,734731.000000,0.014162
814,628,92,0.011740,0.011378,52282869.000000,742590.000000,0.014203
815,629,92,0.011806,0.011478,52234601.000000,744170.000000,0.014247
816,630,92,0.011841,0.011443,52312324.000000,742305.000000,0.014190
817,631,91,0.011695,0.011374,52170082.000000,740750.000000,0.014199
818,632,91,0.011796,0.011405,52462270.000000,741473.000000,0.014133
819,632,91,0.011705,0.011394,52090691.000000,742323.000000,0.014251
820,632,91,0.011790,0.011419,52416765.000000,749041.000000,0.014290
821,632,90,0.011803,0.011434,52574888.000000,751878.000000,0.014301
822,633,90,0.011815,0.011421,52672032.000000,751332.000000,0.014264
823,634,90,0.012094,0.011726,53284509.000000,757104.000000,0.014209
824,634,90,0.011896,0.011549,53058448.000000,760467.000000,0.014333
825,635,89,0.012243,0.011851,53700299.000000,762395.000000,0.014197
826,636,89,0.011909,0.011601,53234466.000000,754523.000000,0.014174
827,637,89,0.011823,0.011515,53047647.000000,751517.000000,0.014167
828,637,89,0.011927,0.011598,53207198.000000,756700.000000,0.014222
829,638,88,0.011949,0.011603,53323070.000000,753618.000000,0.014133
830,639,88,0.011923,0.011562,53370402.000000,752789.000000,0.014105
831,640,88,0.011899,0.011489,53620146.000000,764817.000000,0.014264
832,641,88,0.011924,0.011565,53947444.000000,766315.000000,0.014205
833,642,88,0.012303,0.011976,54027599.000000,766500.000000,0.014187
834,643,87,0.012092,0.011738,54311061.000000,764206.000000,0.014071
835,644,87,0.012125,0.011703,54507472.000000,767631.000000,0.014083
836,645,87,0.012156,0.011744,54696831.000000,771688.000000,0.014108
837,646,87,0.012131,0.011786,54732885.000000,765036.000000,0.013978
838,647,87,0.012143,0.011742,54712183.000000,766529.000000,0.014010
839,648,86,0.012261,0.011888,54964445.000000,775840.000000,0.014115
840,649,86,0.012218,0.011867,54947338.000000,775336.000000,0.014111
841,649,86,0.012488,0.012166,54959292.000000,776939.000000,0.014137
842,649,86,0.012209,0.011854,54865929.000000,771597.000000,0.014063
843,649,86,0.012271,0.011922,54809231.000000,767787.000000,0.014008
844,649,85,0.012263,0.011875,55236392.000000,773529.000000,0.014004
845,649,85,0.012178,0.011803,55166881.000000,772274.000000,0.013999
846,649,85,0.012198,0.011831,55244167.000000,773522.000000,0.014002
847,650,85,0.012218,0.011893,55302899.000000,774016.000000,0.013996
848,651,85,0.012330,0.011918,55765542.000000,778512.000000,0.013960
849,652,84,0.012620,0.012171,56408189.000000,787911.000000,0.013968
850,653,84,0.012569,0.012162,56470574.000000,792878.000000,0.014041
851,653,84,0.012581,0.012256,56866223.000000,795647.000000,0.013992
852,654,84,0.012590,0.012188,56924407.000000,794843.000000,0.013963
853,655,84,0.012593,0.012253,57043169.000000,794074.000000,0.013921
854,656,84,0.012628,0.012240,57168225.000000,802225.000000,0.014033
855,657,83,0.012567,0.012270,57016579.000000,795257.000000,0.013948
856,658,83,0.012597,0.012270,57162156.000000,798163.000000,0.013963
857,659,83,0.012897,0.012515,57805952.000000,803581.000000,0.013901
858,660,83,0.012782,0.012358,57827548.000000,805009.000000,0.013921
859,660,83,0.012770,0.012378,57923310.000000,804868.000000,0.013895
860,661,82,0.012759,0.012439,57876246.000000,804500.000000,0.013900
861,661,82,0.012817,0.012519,58022775.000000,809580.000000,0.013953
862,661,82,0.012796,0.012503,58037172.000000,805448.000000,0.013878
863,661,82,0.012820,0.012481,58136207.000000,811762.000000,0.013963
864,661,82,0.012896,0.012583,58435450.000000,813375.000000,0.013919
865,662,82,0.013106,0.012779,58328218.000000,812364.000000,0.013927
866,663,82,0.012808,0.012470,58072794.000000,807137.000000,0.013899
867,664,81,0.012922,0.012586,58631236.000000,818058.000000,0.013953
868,664,81,0.012842,0.012509,58272776.000000,810106.000000,0.013902
869,664,81,0.013017,0.012693,58683781.000000,813976.000000,0.013871
870,664,81,0.012937,0.012618,58616969.000000,816493.000000,0.013929
871,665,81,0.013039,0.012659,58888909.000000,822347.000000,0.013964
872,666,81,0.012979,0.012635,58885130.000000,816854.000000,0.013872
873,667,80,0.013236,0.012927,59118900.000000,822579.000000,0.013914
874,668,80,0.013148,0.012756,59236313.000000,825933.000000,0.013943
875,669,80,0.013074,0.012743,59202871.000000,826287.000000,0.013957
876,670,80,0.013145,0.012707,59509924.000000,831357.000000,0.013970
877,671,80,0.013206,0.012838,59884168.000000,827559.000000,0.013819
878,672,80,0.013165,0.012788,59693728.000000,826276.000000,0.013842
879,672,80,0.013205,0.012908,59914056.000000,830904.000000,0.013868
880,673,79,0.013644,0.013022,60581797.000000,849338.000000,0.014020
881,674,79,0.013500,0.013125,60783032.000000,844649.000000,0.013896
882,675,79,0.013392,0.013029,60514496.000000,836750.000000,0.013827
883,676,79,0.013442,0.013120,60562172.000000,838848.000000,0.013851
884,677,79,0.013491,0.013124,60790483.000000,841377.000000,0.013841
885,678,79,0.013425,0.013102,60750654.000000,837540.000000,0.013787
886,679,78,0.013453,0.013088,60866530.000000,840777.000000,0.013813
887,679,78,0.013539,0.013199,61334564.000000,843276.000000,0.013749
888,680,78,0.013924,0.013556,61765564.000000,850362.000000,0.013768
889,681,78,0.013632,0.013279,61588475.000000,848599.000000,0.013779
890,682,78,0.013743,0.013297,62073492.000000,851697.000000,0.013721
891,683,77,0.013687,0.013364,61999601.000000,851475.000000,0.013734
892,684,77,0.013829,0.013391,62374650.000000,858098.000000,0.013757
893,685,77,0.013761,0.013402,62313247.000000,853627.000000,0.013699
894,686,77,0.014003,0.013600,62714970.000000,857412.000000,0.013672
895,686,77,0.014280,0.013959,62596834.000000,861459.000000,0.013762
896,686,77,0.013720,0.013408,62326130.000000,854761.000000,0.013714
897,687,76,0.013825,0.013441,62705656.000000,859407.000000,0.013705
898,688,76,0.013930,0.013540,63216377.000000,866181.000000,0.013702
899,688,76,0.013968,0.013627,63311739.000000,863261.000000,0.013635
900,688,76,0.014012,0.013706,63481139.000000,866536.000000,0.013650
901,688,76,0.013905,0.013598,63159881.000000,861437.000000,0.013639
902,689,76,0.014225,0.013852,63555635.000000,871691.000000,0.013715
903,690,75,0.013960,0.013644,63340688.000000,864589.000000,0.013650
904,691,75,0.014020,0.013621,63631208.000000,871492.000000,0.013696
905,692,75,0.013976,0.013637,63620549.000000,869749.000000,0.013671
906,693,75,0.013977,0.013588,64016759.000000,873058.000000,0.013638
907,694,75,0.014134,0.013767,64485425.000000,879287.000000,0.013635
908,695,75,0.014019,0.013698,64416333.000000,879052.000000,0.013646
909,695,74,0.014222,0.013915,64597939.000000,883264.000000,0.013673
910,695,74,0.014344,0.013916,64936644.000000,887541.000000,0.013668
911,696,74,0.014356,0.013967,65049125.000000,885297.000000,0.013610
912,697,74,0.014273,0.013955,64655109.000000,882855.000000,0.013655
913,698,74,0.014291,0.013910,64888120.000000,884344.000000,0.013629
914,699,74,0.014315,0.013947,65053821.000000,884876.000000,0.013602
915,700,73,0.014318,0.013950,65072984.000000,884161.000000,0.013587
916,701,73,0.015014,0.014581,65631084.000000,893495.000000,0.013614
917,702,73,0.014632,0.014234,66192315.000000,899521.000000,0.013590
918,703,73,0.014580,0.014171,66072927.000000,902917.000000,0.013665
919,704,73,0.014535,0.014176,66026482.000000,898557.000000,0.013609
920,705,73,0.014543,0.014175,65965507.000000,895457.000000,0.013575
921,705,72,0.014744,0.014347,66053615.000000,905520.000000,0.013709
922,706,72,0.015066,0.014618,66774189.000000,910105.000000,0.013630
923,707,72,0.015198,0.014804,67071075.000000,911691.000000,0.013593
924,708,72,0.014784,0.014421,66763868.000000,903032.000000,0.013526
925,709,72,0.015029,0.014591,67330115.000000,917007.000000,0.013620
926,709,71,0.014976,0.014527,67287054.000000,918413.000000,0.013649
927,710,71,0.014980,0.014553,67399492.000000,915357.000000,0.013581
928,711,71,0.014841,0.014482,67372455.000000,907248.000000,0.013466
929,712,71,0.015076,0.014648,68250143.000000,915229.000000,0.013410
930,712,71,0.015379,0.014940,68415776.000000,922501.000000,0.013484
931,713,71,0.015167,0.014842,68131589.000000,919484.000000,0.013496
932,714,70,0.015467,0.015013,68848293.000000,928990.000000,0.013493
933,715,70,0.015473,0.015066,69163182.000000,930649.000000,0.013456
934,715,70,0.015407,0.015055,68947887.000000,926521.000000,0.013438
935,716,70,0.015567,0.015152,69458733.000000,932692.000000,0.013428
936,717,70,0.015748,0.015367,69749252.000000,937430.000000,0.013440
937,718,69,0.015529,0.015133,69642549.000000,932801.000000,0.013394
938,719,69,0.015718,0.015300,69795885.000000,933901.000000,0.013380
939,720,69,0.015656,0.015235,70238642.000000,944736.000000,0.013450
940,721,69,0.015628,0.015285,70365700.000000,937898.000000,0.013329
941,722,69,0.015633,0.015224,70362377.000000,942956.000000,0.013401
942,723,68,0.015616,0.015198,70500448.000000,938156.000000,0.013307
943,724,68,0.015879,0.015549,70512943.000000,944563.000000,0.013396
944,724,68,0.015568,0.015244,70154048.000000,945312.000000,0.013475
945,724,68,0.015642,0.015235,70464657.000000,949337.000000,0.013473
946,725,68,0.015856,0.015468,71059837.000000,954027.000000,0.013426
947,726,68,0.015690,0.015364,70659785.000000,951992.000000,0.013473
948,727,67,0.015926,0.015563,71265973.000000,958140.000000,0.013445
949,728,67,0.016190,0.015757,71884618.000000,971829.000000,0.013519
950,729,67,0.015932,0.015576,71443101.000000,961610.000000,0.013460
951,730,67,0.015983,0.015661,71823914.000000,961158.000000,0.013382
952,731,67,0.016102,0.015660,72221864.000000,964445.000000,0.013354
953,732,67,0.015975,0.015653,72040198.000000,959234.000000,0.013315
954,733,66,0.016134,0.015708,72436599.000000,963974.000000,0.013308
955,733,66,0.016176,0.015826,72019130.000000,963633.000000,0.013380
956,733,66,0.016009,0.015677,71851035.000000,969137.000000,0.013488
957,734,66,0.015972,0.015619,71915568.000000,958554.000000,0.013329
958,735,66,0.016100,0.015659,72555001.000000,965912.000000,0.013313
959,736,66,0.016051,0.015737,72478068.000000,962473.000000,0.013280
960,736,65,0.016044,0.015625,72510544.000000,966013.000000,0.013322
961,737,65,0.016111,0.015687,72900850.000000,967782.000000,0.013275
962,738,65,0.016245,0.015822,72663638.000000,963942.000000,0.013266
963,739,65,0.016162,0.015806,73176599.000000,969441.000000,0.013248
964,740,65,0.016115,0.015707,73162912.000000,971043.000000,0.013272
965,741,65,0.016312,0.015867,73851219.000000,978379.000000,0.013248
966,742,64,0.016682,0.016325,73772809.000000,976863.000000,0.013242
967,743,64,0.016397,0.015964,74294621.000000,983245.000000,0.013234
968,743,64,0.016743,0.016380,74127547.000000,976085.000000,0.013168
969,744,64,0.016287,0.015965,74031549.000000,979882.000000,0.013236
970,744,64,0.016230,0.015917,73957375.000000,977109.000000,0.013212
971,744,64,0.016447,0.016024,74691514.000000,983750.000000,0.013171
972,745,64,0.016343,0.015975,74404707.000000,980345.000000,0.013176
973,746,63,0.016416,0.016019,74722170.000000,984934.000000,0.013181
974,747,63,0.016864,0.016508,75183090.000000,990199.000000,0.013171
975,748,63,0.016527,0.016109,75147725.000000,988803.000000,0.013158
976,749,63,0.016494,0.016152,75139399.000000,991274.000000,0.013192
977,750,63,0.016606,0.016295,75225102.000000,995273.000000,0.013231
978,751,63,0.016671,0.016223,75771813.000000,999350.000000,0.013189
979,752,63,0.016600,0.016285,75622662.000000,998718.000000,0.013207
980,753,62,0.017033,0.016599,76289532.000000,1007483.000000,0.013206
981,754,62,0.016764,0.016442,76189909.000000,1004536.000000,0.013185
982,755,62,0.016730,0.016327,76163411.000000,1002852.000000,0.013167
983,756,62,0.016803,0.016381,76377062.000000,1006919.000000,0.013184
984,757,62,0.016945,0.016577,76909002.000000,1013374.000000,0.013176
985,757,62,0.016875,0.016546,76450398.000000,1011179.000000,0.013227
986,757,62,0.017159,0.016823,76894130.000000,1014572.000000,0.013194
987,758,62,0.016831,0.016448,76484599.000000,1009063.000000,0.013193
988,758,61,0.016945,0.016582,76895474.000000,1016943.000000,0.013225
989,758,61,0.016775,0.016453,76310436.000000,1008499.000000,0.013216
990,758,61,0.016825,0.016508,76460828.000000,1011325.000000,0.013227
991,759,61,0.016892,0.016547,76740102.000000,1014958.000000,0.013226
992,760,61,0.017091,0.016674,77011530.000000,1015354.000000,0.013184
993,761,61,0.016891,0.016525,76892723.000000,1013978.000000,0.013187
994,761,61,0.016987,0.016673,77140946.000000,1017310.000000,0.013188
995,762,61,0.016999,0.016682,77153956.000000,1019277.000000,0.013211
996,762,61,0.016974,0.016627,77225059.000000,1019352.000000,0.013200
997,763,61,0.017067,0.016720,77542068.000000,1022143.000000,0.013182
998,764,60,0.018005,0.017527,77496792.000000,1026933.000000,0.013251
999,765,60,0.017190,0.016815,78183019.000000,1025633.000000,0.013118
1000,766,60,0.017244,0.016845,78452161.000000,1027847.000000,0.013102
1001,766,60,0.017185,0.016863,78195248.000000,1022880.000000,0.013081
1002,767,60,0.017309,0.016873,78656674.000000,1026226.000000,0.013047
1003,768,60,0.017395,0.017063,78585102.000000,1033065.000000,0.013146
1004,768,60,0.017276,0.016821,78618396.000000,1030614.000000,0.013109
1005,769,60,0.017381,0.016986,79108832.000000,1036435.000000,0.013101
1006,770,60,0.017341,0.016929,78913000.000000,1033581.000000,0.013098
1007,771,60,0.017505,0.017147,79572784.000000,1041056.000000,0.013083
1008,772,59,0.017474,0.017051,79451286.000000,1038655.000000,0.013073
