frame,nb of entities,FPS,frame length,physics length,L1-dcache-loads,L1-dcache-load-misses,L1-dcache-load-miss-ratio
0,3,302,0.001863,0.000028,490743.000000,33655.000000,0.068580
1,4,302,0.003319,0.000028,588828.000000,35191.000000,0.059764
2,5,302,0.003327,0.000032,555925.000000,33925.000000,0.061024
3,6,302,0.003320,0.000037,584138.000000,34467.000000,0.059005
4,7,302,0.003319,0.000035,577163.000000,34393.000000,0.059590
5,8,302,0.003323,0.000035,532329.000000,30603.000000,0.057489
6,9,302,0.003329,0.000036,570343.000000,34612.000000,0.060686
7,10,302,0.003318,0.000037,574470.000000,34973.000000,0.060879
8,11,302,0.003325,0.000036,569361.000000,34567.000000,0.060712
9,12,302,0.003326,0.000039,576741.000000,34887.000000,0.060490
10,13,302,0.003319,0.000045,546129.000000,31625.000000,0.057908
11,14,302,0.003321,0.000041,608398.000000,35137.000000,0.057753
12,15,302,0.003332,0.000037,592341.000000,34593.000000,0.058400
13,16,302,0.003314,0.000043,624300.000000,35709.000000,0.057198
14,17,302,0.003326,0.000041,614253.000000,34940.000000,0.056882
15,18,302,0.003327,0.000042,582365.000000,31591.000000,0.054246
16,18,302,0.003320,0.000072,622729.000000,35822.000000,0.057524
17,19,302,0.003323,0.000046,628520.000000,35488.000000,0.056463
18,19,302,0.003327,0.000040,607439.000000,34693.000000,0.057114
19,20,302,0.003321,0.000048,614595.000000,35468.000000,0.057710
20,21,302,0.003324,0.000047,584725.000000,31681.000000,0.054181
21,22,302,0.003327,0.000046,656723.000000,35365.000000,0.053851
22,23,302,0.003315,0.000054,651267.000000,36391.000000,0.055877
23,23,302,0.003324,0.000041,620722.000000,34161.000000,0.055034
24,24,302,0.003327,0.000048,638813.000000,34992.000000,0.054777
25,25,302,0.003322,0.000064,593862.000000,32226.000000,0.054265
26,26,302,0.003322,0.000054,635716.000000,35646.000000,0.056072
27,27,302,0.003330,0.000092,705085.000000,40624.000000,0.057616
28,28,302,0.003316,0.000070,687774.000000,39012.000000,0.056722
29,29,302,0.003323,0.000064,693205.000000,39002.000000,0.056263
30,30,302,0.003327,0.000065,654679.000000,34372.000000,0.052502
31,31,302,0.003319,0.000073,707359.000000,38803.000000,0.054856
32,32,302,0.003325,0.000061,697529.000000,38149.000000,0.054692
33,33,302,0.003328,0.000070,687825.000000,38361.000000,0.055771
34,33,302,0.003318,0.000074,687530.000000,38047.000000,0.055339
35,33,302,0.003325,0.000079,644529.000000,35018.000000,0.054331
36,33,302,0.003325,0.000069,681566.000000,37802.000000,0.055463
37,34,302,0.003322,0.000087,711976.000000,39596.000000,0.055614
38,35,302,0.003323,0.000069,701459.000000,38541.000000,0.054944
39,36,302,0.003328,0.000072,705327.000000,38618.000000,0.054752
40,37,302,0.003321,0.000087,700114.000000,36080.000000,0.051534
41,38,302,0.003324,0.000074,718566.000000,38919.000000,0.054162
42,38,302,0.003330,0.000069,713569.000000,38958.000000,0.054596
43,39,302,0.003320,0.000083,721240.000000,39458.000000,0.054709
44,40,302,0.003325,0.000075,726034.000000,39063.000000,0.053803
45,41,302,0.003327,0.000078,710718.000000,36080.000000,0.050766
46,41,302,0.003320,0.000076,728277.000000,39678.000000,0.054482
47,42,302,0.003323,0.000078,731001.000000,39347.000000,0.053826
48,43,302,0.003329,0.000078,741927.000000,39654.000000,0.053447
49,44,302,0.003321,0.000089,743618.000000,40328.000000,0.054232
50,44,302,0.003325,0.000075,706758.000000,35026.000000,0.049559
51,45,302,0.003327,0.000081,740754.000000,39472.000000,0.053286
52,46,303,0.003322,0.000084,742363.000000,39890.000000,0.053734
53,47,303,0.003322,0.000093,766860.000000,40054.000000,0.052231
54,48,303,0.003327,0.000084,778900.000000,40522.000000,0.052025
55,49,303,0.003320,0.000097,738229.000000,36609.000000,0.049590
56,50,303,0.003326,0.000088,760506.000000,39962.000000,0.052547
57,51,303,0.003328,0.000107,781253.000000,43815.000000,0.056083
58,52,303,0.003317,0.000103,817907.000000,41359.000000,0.050567
59,53,303,0.003324,0.000148,841782.000000,50132.000000,0.059555
60,53,300,0.003333,0.000113,804758.000000,44633.000000,0.055461
61,53,300,0.003310,0.000139,899170.000000,54657.000000,0.060786
62,53,300,0.003325,0.000082,797576.000000,40314.000000,0.050546
63,54,300,0.003328,0.000109,795205.000000,40545.000000,0.050987
64,55,300,0.003316,0.000110,827062.000000,42099.000000,0.050902
65,56,300,0.003318,0.000113,781230.000000,37390.000000,0.047860
66,57,300,0.003326,0.000111,828351.000000,41481.000000,0.050077
67,58,300,0.003321,0.000114,819624.000000,41869.000000,0.051083
68,58,300,0.003323,0.000109,767491.000000,41528.000000,0.054109
69,58,300,0.003296,0.000142,921282.000000,50806.000000,0.055147
70,59,300,0.003320,0.000165,837855.000000,48129.000000,0.057443
71,60,300,0.003326,0.000119,827656.000000,41716.000000,0.050403
72,60,300,0.003319,0.000148,864075.000000,55296.000000,0.063994
73,60,300,0.003317,0.000145,868532.000000,54741.000000,0.063027
74,61,300,0.003324,0.000097,880112.000000,41952.000000,0.047667
75,62,300,0.003323,0.000141,876155.000000,42049.000000,0.047993
76,63,300,0.003322,0.000100,878470.000000,42797.000000,0.048718
77,64,300,0.003321,0.000127,877479.000000,42623.000000,0.048574
78,65,300,0.003328,0.000125,827238.000000,42640.000000,0.051545
79,65,300,0.003317,0.000123,884858.000000,42234.000000,0.047730
80,66,300,0.003326,0.000106,867093.000000,38745.000000,0.044684
81,66,300,0.003323,0.000148,932174.000000,47971.000000,0.051461
82,67,300,0.003323,0.000110,936365.000000,43082.000000,0.046010
83,67,300,0.003318,0.000171,953383.000000,51177.000000,0.053679
84,68,300,0.003328,0.000118,928557.000000,42797.000000,0.046090
85,68,300,0.003318,0.000135,899212.000000,39908.000000,0.044381
86,69,300,0.003320,0.000142,939764.000000,43623.000000,0.046419
87,70,300,0.003329,0.000146,930512.000000,42565.000000,0.045744
88,71,300,0.003317,0.000148,961358.000000,43320.000000,0.045061
89,72,300,0.003321,0.000152,966170.000000,43329.000000,0.044846
90,73,300,0.003326,0.000164,949616.000000,40407.000000,0.042551
91,74,300,0.003320,0.000167,995290.000000,43822.000000,0.044029
92,74,300,0.003320,0.000152,973888.000000,42730.000000,0.043876
93,75,300,0.003329,0.000158,985857.000000,42593.000000,0.043204
94,76,300,0.003318,0.000158,994304.000000,43686.000000,0.043936
95,77,300,0.003322,0.000162,953367.000000,38962.000000,0.040868
96,78,300,0.003329,0.000160,1004515.000000,43159.000000,0.042965
97,78,300,0.003319,0.000160,990474.000000,43174.000000,0.043589
98,79,300,0.003322,0.000165,1008242.000000,43256.000000,0.042902
99,79,300,0.003328,0.000164,1007783.000000,43043.000000,0.042711
100,80,300,0.003320,0.000180,1000599.000000,40358.000000,0.040334
101,81,300,0.003325,0.000174,1034868.000000,43935.000000,0.042455
102,82,300,0.003325,0.000175,1069774.000000,43940.000000,0.041074
103,83,300,0.003318,0.000180,1073970.000000,44631.000000,0.041557
104,83,300,0.003324,0.000141,1052802.000000,43991.000000,0.041785
105,84,300,0.003328,0.000180,1051103.000000,40520.000000,0.038550
106,85,301,0.003317,0.000181,1100830.000000,45733.000000,0.041544
107,86,300,0.003330,0.000154,1110470.000000,46242.000000,0.041642
108,86,301,0.003316,0.000317,1162366.000000,64198.000000,0.055230
109,87,301,0.003321,0.000200,1126595.000000,45922.000000,0.040762
110,88,301,0.003324,0.000196,1095507.000000,41202.000000,0.037610
111,89,301,0.003329,0.000201,1134393.000000,45519.000000,0.040126
112,90,301,0.003316,0.000202,1169328.000000,45217.000000,0.038669
113,91,301,0.003323,0.000169,1171691.000000,45004.000000,0.038409
114,91,301,0.003328,0.000201,1151341.000000,45488.000000,0.039509
115,92,301,0.003317,0.000208,1121417.000000,41684.000000,0.037171
116,92,301,0.003322,0.000200,1138733.000000,44781.000000,0.039325
117,93,301,0.003331,0.000207,1165356.000000,45627.000000,0.039153
118,94,301,0.003318,0.000271,1242979.000000,58337.000000,0.046933
119,94,301,0.003322,0.000259,1246712.000000,57890.000000,0.046434
120,95,301,0.003325,0.000266,1245801.000000,54559.000000,0.043794
121,96,301,0.003318,0.000287,1307216.000000,61120.000000,0.046756
122,97,301,0.003320,0.000299,1335684.000000,63138.000000,0.047270
123,98,301,0.003326,0.000311,1375990.000000,63652.000000,0.046259
124,99,301,0.003318,0.000205,1311852.000000,50348.000000,0.038379
125,100,301,0.003323,0.000200,1278682.000000,44343.000000,0.034679
126,100,301,0.003326,0.000240,1297051.000000,47262.000000,0.036438
127,101,301,0.003316,0.000251,1310334.000000,47693.000000,0.036398
128,102,301,0.003323,0.000246,1309339.000000,47271.000000,0.036103
129,102,300,0.003326,0.000249,1325663.000000,47941.000000,0.036164
130,103,300,0.003319,0.000256,1317426.000000,44616.000000,0.033866
131,103,300,0.003324,0.000255,1335640.000000,46964.000000,0.035162
132,104,300,0.003327,0.000262,1373751.000000,48330.000000,0.035181
133,105,300,0.003320,0.000268,1372408.000000,48413.000000,0.035276
134,105,300,0.003322,0.000262,1361807.000000,47766.000000,0.035075
135,106,300,0.003329,0.000241,1340174.000000,45144.000000,0.033685
136,107,300,0.003320,0.000254,1429177.000000,50558.000000,0.035376
137,108,300,0.003320,0.000250,1423839.000000,49061.000000,0.034457
138,109,300,0.003331,0.000247,1427793.000000,49498.000000,0.034667
139,110,300,0.003318,0.000264,1446511.000000,50262.000000,0.034747
140,111,300,0.003322,0.000254,1421139.000000,45665.000000,0.032133
141,112,300,0.003330,0.000265,1474531.000000,49578.000000,0.033623
142,113,300,0.003318,0.000279,1515367.000000,50606.000000,0.033395
143,114,300,0.003323,0.000241,1504028.000000,49889.000000,0.033170
144,114,300,0.003331,0.000264,1523872.000000,50669.000000,0.033250
145,115,300,0.003318,0.000292,1483345.000000,47055.000000,0.031722
146,116,300,0.003322,0.000275,1557364.000000,51174.000000,0.032859
147,117,300,0.003330,0.000283,1617337.000000,52626.000000,0.032539
148,118,300,0.003321,0.000263,1646225.000000,53782.000000,0.032670
149,119,300,0.003325,0.000307,1629579.000000,53013.000000,0.032532
150,120,300,0.003325,0.000350,1672398.000000,50160.000000,0.029993
151,121,300,0.003316,0.000321,1784188.000000,55965.000000,0.031367
152,122,300,0.003322,0.000357,1743675.000000,54785.000000,0.031419
153,123,300,0.003330,0.000381,1752923.000000,56507.000000,0.032236
154,124,300,0.003321,0.000332,1775082.000000,56123.000000,0.031617
155,125,300,0.003314,0.000549,1878411.000000,72735.000000,0.038722
156,126,300,0.003324,0.000307,1854895.000000,56502.000000,0.030461
157,126,300,0.003321,0.000505,1948038.000000,81163.000000,0.041664
158,127,300,0.003324,0.000319,1890273.000000,56399.000000,0.029836
159,128,300,0.003329,0.000406,1902187.000000,58473.000000,0.030740
160,128,300,0.003319,0.000463,1896828.000000,54934.000000,0.028961
161,129,300,0.003320,0.000436,1967672.000000,58158.000000,0.029557
162,130,300,0.003325,0.000437,2003714.000000,59541.000000,0.029715
163,131,300,0.003322,0.000383,2074390.000000,62951.000000,0.030347
164,132,300,0.003320,0.000447,2054840.000000,59696.000000,0.029051
165,133,300,0.003327,0.000420,2080132.000000,57322.000000,0.027557
166,134,300,0.003320,0.000409,2137416.000000,61894.000000,0.028957
167,134,300,0.003323,0.000426,2181829.000000,62189.000000,0.028503
168,135,300,0.003327,0.000447,2194499.000000,62217.000000,0.028351
169,136,300,0.003320,0.000431,2194794.000000,61759.000000,0.028139
170,136,300,0.003322,0.000438,2146553.000000,56523.000000,0.026332
171,136,300,0.003330,0.000447,2228680.000000,61520.000000,0.027604
172,137,300,0.003320,0.000440,2258633.000000,62624.000000,0.027727
173,138,300,0.003324,0.000460,2247371.000000,61810.000000,0.027503
174,138,300,0.003327,0.000464,2248565.000000,63108.000000,0.028066
175,139,300,0.003320,0.000451,2225550.000000,58972.000000,0.026498
176,140,300,0.003322,0.000460,2277707.000000,61644.000000,0.027064
177,141,300,0.003329,0.000479,2304972.000000,62855.000000,0.027269
178,142,300,0.003323,0.000419,2363127.000000,63821.000000,0.027007
179,142,300,0.003319,0.000482,2345112.000000,63214.000000,0.026956
180,143,300,0.003330,0.000493,2343981.000000,61581.000000,0.026272
181,143,300,0.003320,0.000475,2433785.000000,64066.000000,0.026324
182,144,300,0.003322,0.000565,2491565.000000,65326.000000,0.026219
183,145,300,0.003329,0.000521,2511336.000000,66213.000000,0.026366
184,145,300,0.003320,0.000500,2470077.000000,66440.000000,0.026898
185,146,300,0.003322,0.000518,2477591.000000,62113.000000,0.025070
186,147,300,0.003331,0.000532,2569814.000000,68505.000000,0.026658
187,148,300,0.003318,0.000555,2624440.000000,67853.000000,0.025854
188,149,300,0.003330,0.000542,2585171.000000,69208.000000,0.026771
189,150,300,0.003512,0.000914,2780946.000000,96785.000000,0.034803
190,151,300,0.003320,0.000653,2801208.000000,78524.000000,0.028032
191,152,300,0.003319,0.000915,3029443.000000,110099.000000,0.036343
192,153,300,0.003324,0.000942,3078337.000000,113229.000000,0.036783
193,154,300,0.003321,0.000586,2832777.000000,72054.000000,0.025436
194,155,300,0.003320,0.000615,2856323.000000,72146.000000,0.025258
195,155,300,0.003325,0.000661,2827835.000000,68306.000000,0.024155
196,156,300,0.003321,0.000584,2865206.000000,71431.000000,0.024930
197,157,300,0.003320,0.000701,2878818.000000,72989.000000,0.025354
198,157,300,0.003327,0.000666,2898118.000000,70765.000000,0.024418
199,158,300,0.003323,0.000599,2937470.000000,71953.000000,0.024495
200,159,300,0.003319,0.000768,3020935.000000,72678.000000,0.024058
201,159,300,0.003325,0.000703,3055985.000000,73813.000000,0.024154
202,160,300,0.003322,0.000633,3063590.000000,73923.000000,0.024130
203,161,300,0.003320,0.000797,3158059.000000,77949.000000,0.024683
204,162,300,0.003328,0.000723,3139306.000000,75838.000000,0.024158
205,163,300,0.003318,0.000672,3154736.000000,73995.000000,0.023455
206,164,300,0.003323,0.000771,3249407.000000,78553.000000,0.024175
207,165,300,0.003323,0.000799,3404520.000000,81726.000000,0.024005
208,166,300,0.003321,0.000633,3282389.000000,78523.000000,0.023923
209,166,300,0.003320,0.000798,3287048.000000,78852.000000,0.023989
210,166,300,0.003336,0.000784,3342771.000000,74801.000000,0.022377
211,167,300,0.003307,0.000835,3432825.000000,88937.000000,0.025908
212,168,300,0.003322,0.000838,3431176.000000,79914.000000,0.023291
213,169,300,0.003328,0.000838,3504819.000000,82828.000000,0.023633
214,169,300,0.003321,0.000710,3558994.000000,85469.000000,0.024015
215,170,300,0.003320,0.000885,3643528.000000,92314.000000,0.025336
216,171,300,0.003322,0.000996,3728372.000000,104962.000000,0.028152
217,172,300,0.003324,0.000685,3511789.000000,81495.000000,0.023206
218,173,300,0.003318,0.001163,3746625.000000,125571.000000,0.033516
219,174,300,0.003326,0.000719,3664053.000000,84530.000000,0.023070
220,175,300,0.003320,0.000792,3617766.000000,78829.000000,0.021789
221,176,300,0.003323,0.000870,3515730.000000,82351.000000,0.023424
222,176,300,0.003327,0.000848,3600480.000000,83155.000000,0.023096
223,177,300,0.003320,0.000801,3630001.000000,82752.000000,0.022797
224,178,300,0.003324,0.000884,3651683.000000,84640.000000,0.023178
225,179,300,0.003329,0.000892,3647555.000000,82901.000000,0.022728
226,180,300,0.003319,0.000823,3739434.000000,86782.000000,0.023207
227,181,300,0.003322,0.000933,3724283.000000,86649.000000,0.023266
228,181,300,0.003327,0.000897,3709527.000000,86674.000000,0.023365
229,182,300,0.003317,0.000836,3725384.000000,84838.000000,0.022773
230,183,300,0.003326,0.000926,3724721.000000,82495.000000,0.022148
231,184,300,0.003324,0.000926,3798080.000000,88098.000000,0.023195
232,185,300,0.003319,0.000858,3856935.000000,89155.000000,0.023116
233,186,300,0.003324,0.000974,3929690.000000,89355.000000,0.022738
234,187,300,0.003324,0.000943,3872736.000000,89228.000000,0.023040
235,188,300,0.003315,0.000876,3930120.000000,85956.000000,0.021871
236,189,300,0.003324,0.000982,3917270.000000,88769.000000,0.022661
237,190,300,0.003323,0.001043,3984489.000000,93986.000000,0.023588
238,190,300,0.003324,0.000773,3985247.000000,89145.000000,0.022369
239,191,300,0.003321,0.001005,4062511.000000,92213.000000,0.022699
240,192,300,0.003326,0.000987,4054801.000000,87237.000000,0.021514
241,192,300,0.003321,0.000912,4039599.000000,90960.000000,0.022517
242,193,300,0.003321,0.001030,4079466.000000,90590.000000,0.022206
243,193,300,0.003324,0.000989,4143952.000000,92084.000000,0.022221
244,194,300,0.003323,0.000952,4218966.000000,93155.000000,0.022080
245,194,300,0.003320,0.000891,4229042.000000,88564.000000,0.020942
246,195,300,0.003331,0.000843,4261878.000000,92530.000000,0.021711
247,196,300,0.003319,0.000974,4419391.000000,97201.000000,0.021994
248,197,300,0.003319,0.000932,4399680.000000,95786.000000,0.021771
249,198,300,0.003324,0.001094,4492072.000000,98481.000000,0.021923
250,199,300,0.003324,0.001016,4397979.000000,93759.000000,0.021319
251,200,300,0.003319,0.000961,4574320.000000,98430.000000,0.021518
252,200,300,0.003328,0.001107,4608269.000000,99736.000000,0.021643
253,201,300,0.003322,0.001054,4593935.000000,98874.000000,0.021523
254,201,300,0.003325,0.000985,4581256.000000,98519.000000,0.021505
255,202,300,0.003320,0.001179,4587893.000000,100113.000000,0.021821
256,203,300,0.003323,0.001067,4660208.000000,100629.000000,0.021593
257,204,300,0.003323,0.001022,4726947.000000,102237.000000,0.021629
258,204,300,0.003325,0.001175,4784167.000000,104306.000000,0.021802
259,205,300,0.003320,0.001237,4865705.000000,105403.000000,0.021662
260,205,300,0.003325,0.001041,4769716.000000,99620.000000,0.020886
261,206,300,0.003324,0.001206,4830650.000000,104417.000000,0.021616
262,206,300,0.003324,0.001122,4807400.000000,103652.000000,0.021561
263,207,300,0.003323,0.001061,4826884.000000,104689.000000,0.021689
264,208,300,0.003323,0.001220,4894528.000000,105456.000000,0.021546
265,209,300,0.003324,0.001151,4888924.000000,102022.000000,0.020868
266,209,300,0.003323,0.001074,4971916.000000,107255.000000,0.021572
267,210,300,0.003327,0.001237,4992384.000000,109020.000000,0.021837
268,211,300,0.003322,0.001036,5052706.000000,107892.000000,0.021353
269,211,300,0.003318,0.001118,5088837.000000,108524.000000,0.021326
270,212,300,0.003328,0.001418,5149687.000000,108161.000000,0.021003
271,212,300,0.003322,0.001218,5243676.000000,109693.000000,0.020919
272,212,300,0.003321,0.001135,5175990.000000,107858.000000,0.020838
273,213,300,0.003327,0.001316,5200170.000000,111738.000000,0.021487
274,214,300,0.003323,0.001210,5210043.000000,108449.000000,0.020815
275,215,300,0.003321,0.001162,5268103.000000,106838.000000,0.020280
276,215,300,0.003327,0.001342,5397705.000000,114349.000000,0.021185
277,216,300,0.003322,0.001262,5387126.000000,112591.000000,0.020900
278,216,300,0.003321,0.001189,5378496.000000,111769.000000,0.020781
279,217,300,0.003327,0.001368,5408212.000000,115209.000000,0.021303
280,218,300,0.003323,0.001267,5379212.000000,109390.000000,0.020336
281,219,300,0.003321,0.001207,5446795.000000,113179.000000,0.020779
282,220,300,0.003328,0.001417,5485378.000000,115040.000000,0.020972
283,221,300,0.003323,0.001299,5595376.000000,116233.000000,0.020773
284,222,300,0.003323,0.001239,5655963.000000,117155.000000,0.020714
285,223,300,0.003319,0.001681,5925819.000000,121862.000000,0.020565
286,224,300,0.003323,0.001346,5805192.000000,118904.000000,0.020482
287,225,300,0.003322,0.001322,5794446.000000,119305.000000,0.020590
288,225,300,0.003326,0.001443,5786890.000000,121294.000000,0.020960
289,226,300,0.003322,0.001537,5859998.000000,120342.000000,0.020536
290,227,300,0.003323,0.001213,6085286.000000,134243.000000,0.022060
291,228,300,0.003327,0.001553,6032619.000000,125362.000000,0.020781
292,229,300,0.003324,0.001400,6041436.000000,121715.000000,0.020147
293,230,300,0.003319,0.001356,6149060.000000,124083.000000,0.020179
294,231,300,0.003327,0.001583,6198720.000000,128421.000000,0.020717
295,232,300,0.003324,0.001451,6207671.000000,122221.000000,0.019689
296,232,300,0.003319,0.001407,6354756.000000,125398.000000,0.019733
297,233,300,0.003327,0.001597,6309812.000000,129364.000000,0.020502
298,234,300,0.003325,0.001334,6448338.000000,127352.000000,0.019750
299,235,300,0.003319,0.001460,6494855.000000,128172.000000,0.019734
300,236,300,0.003327,0.001663,6537648.000000,129123.000000,0.019751
301,237,300,0.003323,0.001547,6571370.000000,130645.000000,0.019881
302,238,300,0.003322,0.001373,6658792.000000,130091.000000,0.019537
303,239,300,0.003325,0.001711,6755536.000000,136848.000000,0.020257
304,240,300,0.003323,0.001574,6736185.000000,132452.000000,0.019663
305,241,300,0.003325,0.001407,6755453.000000,130488.000000,0.019316
306,242,300,0.003325,0.001472,6843940.000000,137466.000000,0.020086
307,243,300,0.003325,0.001618,6851715.000000,136152.000000,0.019871
308,243,300,0.003325,0.001425,6860200.000000,135460.000000,0.019746
309,244,300,0.003325,0.001495,7022804.000000,139576.000000,0.019875
310,245,300,0.003333,0.001935,7130409.000000,139438.000000,0.019555
311,246,300,0.003324,0.001498,7134819.000000,140881.000000,0.019746
312,247,300,0.003324,0.001643,7259463.000000,144218.000000,0.019866
313,248,300,0.003329,0.001709,7198302.000000,143720.000000,0.019966
314,249,300,0.003317,0.001632,7201189.000000,142391.000000,0.019773
315,250,300,0.003333,0.001972,7237115.000000,145115.000000,0.020051
316,251,300,0.003325,0.001710,7286909.000000,144278.000000,0.019800
317,252,300,0.003325,0.001812,7312438.000000,144654.000000,0.019782
318,253,300,0.003323,0.001584,7435155.000000,146639.000000,0.019722
319,254,300,0.003325,0.001753,7386201.000000,144561.000000,0.019572
320,254,300,0.003325,0.001545,7409280.000000,141510.000000,0.019099
321,255,300,0.003329,0.001764,7593482.000000,150630.000000,0.019837
322,256,300,0.003326,0.001822,7654820.000000,150052.000000,0.019602
323,256,300,0.003324,0.001598,7618994.000000,149108.000000,0.019571
324,256,300,0.003323,0.001699,7756250.000000,152995.000000,0.019725
325,256,300,0.003325,0.001823,7692583.000000,146383.000000,0.019029
326,257,300,0.003325,0.001657,7878316.000000,152484.000000,0.019355
327,257,300,0.003328,0.001679,7837071.000000,151696.000000,0.019356
328,257,300,0.003324,0.001664,7858413.000000,151876.000000,0.019327
329,258,300,0.003321,0.001823,7915988.000000,154478.000000,0.019515
330,259,300,0.003325,0.001722,7990640.000000,152386.000000,0.019071
331,260,300,0.003331,0.001918,8125570.000000,158017.000000,0.019447
332,260,300,0.003325,0.001717,8212277.000000,158364.000000,0.019284
333,261,300,0.003326,0.001740,8088433.000000,157819.000000,0.019512
334,262,300,0.003325,0.001920,8090333.000000,157080.000000,0.019416
335,263,300,0.003324,0.001733,8211874.000000,156781.000000,0.019092
336,264,300,0.003326,0.001768,8318628.000000,161711.000000,0.019440
337,265,300,0.003332,0.001956,8327617.000000,161564.000000,0.019401
338,265,300,0.003325,0.001766,8416989.000000,163021.000000,0.019368
339,266,300,0.003326,0.001803,8485434.000000,162933.000000,0.019201
340,267,300,0.003333,0.001988,8453036.000000,159372.000000,0.018854
341,268,300,0.003325,0.001819,8611518.000000,165701.000000,0.019242
342,269,300,0.003327,0.001829,8584704.000000,166587.000000,0.019405
343,270,300,0.003334,0.002034,8544968.000000,165023.000000,0.019312
344,271,300,0.003325,0.001808,8628402.000000,165104.000000,0.019135
345,272,300,0.003327,0.001874,8660576.000000,162019.000000,0.018708
346,273,300,0.003337,0.002063,8761860.000000,167343.000000,0.019099
347,274,300,0.003326,0.001861,8731716.000000,167906.000000,0.019229
348,275,300,0.003329,0.001881,8866735.000000,167957.000000,0.018942
349,276,300,0.003339,0.002104,8986849.000000,170339.000000,0.018954
350,277,300,0.003328,0.001899,8969497.000000,168060.000000,0.018737
351,278,300,0.003332,0.001929,9067300.000000,170892.000000,0.018847
352,279,300,0.003341,0.002146,9157897.000000,173445.000000,0.018939
353,280,300,0.003331,0.001937,9185314.000000,173641.000000,0.018904
354,281,300,0.003335,0.002000,9250355.000000,172539.000000,0.018652
355,282,300,0.003342,0.002175,9291937.000000,172131.000000,0.018525
356,283,300,0.003333,0.001977,9412854.000000,177020.000000,0.018806
357,284,300,0.003341,0.002032,9446466.000000,178890.000000,0.018937
358,285,300,0.003331,0.002021,9487065.000000,179145.000000,0.018883
359,285,300,0.003334,0.002022,9492234.000000,179633.000000,0.018924
360,286,300,0.003337,0.002047,9607038.000000,176778.000000,0.018401
361,286,300,0.003347,0.002267,9654739.000000,183620.000000,0.019019
362,287,300,0.003331,0.002054,9764140.000000,182976.000000,0.018740
363,288,300,0.003339,0.002108,9849379.000000,184710.000000,0.018753
364,289,300,0.003339,0.002102,9888560.000000,185798.000000,0.018789
365,289,300,0.003326,0.002080,9771542.000000,179820.000000,0.018402
366,290,300,0.003340,0.002115,9865590.000000,184342.000000,0.018685
367,291,300,0.003340,0.002115,9861595.000000,187301.000000,0.018993
368,292,300,0.003340,0.002104,9992369.000000,186610.000000,0.018675
369,293,300,0.003349,0.002303,10127041.000000,192154.000000,0.018974
370,294,300,0.003341,0.002156,10090779.000000,185514.000000,0.018385
371,295,300,0.003340,0.002142,10089212.000000,188379.000000,0.018671
372,296,300,0.003346,0.002213,10241840.000000,190700.000000,0.018620
373,296,300,0.003345,0.002214,10408256.000000,193317.000000,0.018573
374,297,300,0.003345,0.002200,10513577.000000,194783.000000,0.018527
375,298,300,0.003351,0.002324,10778231.000000,195740.000000,0.018161
376,299,300,0.003348,0.002280,10697439.000000,197528.000000,0.018465
377,300,300,0.003346,0.002258,10659633.000000,198458.000000,0.018618
378,300,300,0.003351,0.002314,10799639.000000,199041.000000,0.018430
379,301,299,0.003357,0.002356,10986657.000000,202237.000000,0.018408
380,301,299,0.003342,0.002288,10832149.000000,195069.000000,0.018008
381,302,299,0.003353,0.002371,10981555.000000,202050.000000,0.018399
382,303,299,0.003351,0.002335,10915724.000000,199674.000000,0.018292
383,304,299,0.003351,0.002343,11171916.000000,203505.000000,0.018216
384,305,299,0.003356,0.002419,11240400.000000,205061.000000,0.018243
385,305,299,0.003354,0.002392,11224424.000000,200431.000000,0.017857
386,306,299,0.003353,0.002399,11345187.000000,205657.000000,0.018127
387,307,299,0.003379,0.002821,11527978.000000,213901.000000,0.018555
388,308,299,0.003365,0.002555,11614534.000000,213275.000000,0.018363
389,308,299,0.003358,0.002477,11743336.000000,208654.000000,0.017768
390,309,299,0.003365,0.002594,11728515.000000,215172.000000,0.018346
391,310,299,0.003370,0.002729,11898582.000000,214279.000000,0.018009
392,311,299,0.003360,0.002524,11993529.000000,214775.000000,0.017908
393,312,299,0.003361,0.002555,11972768.000000,213384.000000,0.017822
394,312,299,0.003359,0.002545,11907150.000000,209430.000000,0.017589
395,313,299,0.003363,0.002552,12062626.000000,215063.000000,0.017829
396,314,299,0.003363,0.002573,12136189.000000,218596.000000,0.018012
397,315,299,0.003361,0.002565,12039138.000000,215392.000000,0.017891
398,316,299,0.003362,0.002554,12127981.000000,215984.000000,0.017809
399,317,298,0.003364,0.002610,12274127.000000,217228.000000,0.017698
400,317,298,0.003365,0.002617,12397846.000000,221619.000000,0.017876
401,318,298,0.003365,0.002607,12236516.000000,219246.000000,0.017917
402,318,298,0.003363,0.002595,12329109.000000,219428.000000,0.017798
403,319,298,0.003366,0.002641,12478374.000000,221742.000000,0.017770
404,320,298,0.003368,0.002641,12478654.000000,218572.000000,0.017516
405,321,298,0.003366,0.002674,12674934.000000,223606.000000,0.017642
406,321,298,0.003367,0.002692,12632285.000000,224464.000000,0.017769
407,322,298,0.003377,0.002691,12786801.000000,227029.000000,0.017755
408,323,298,0.003368,0.002721,12852987.000000,226522.000000,0.017624
409,324,298,0.003372,0.002736,12942459.000000,224137.000000,0.017318
410,325,298,0.003380,0.002743,13052709.000000,229298.000000,0.017567
411,326,298,0.003372,0.002843,13245929.000000,232958.000000,0.017587
412,326,298,0.003385,0.002977,13069524.000000,231121.000000,0.017684
413,326,298,0.003370,0.002764,12985129.000000,228821.000000,0.017622
414,327,298,0.003352,0.002772,13025323.000000,225747.000000,0.017331
415,327,298,0.003380,0.002791,13119023.000000,229842.000000,0.017520
416,328,297,0.003372,0.002863,13166754.000000,231854.000000,0.017609
417,329,297,0.003580,0.003252,13434759.000000,238501.000000,0.017753
418,330,297,0.003381,0.002872,13472132.000000,235136.000000,0.017454
419,331,297,0.003374,0.002830,13231672.000000,229278.000000,0.017328
420,331,297,0.003384,0.002841,13306559.000000,233901.000000,0.017578
421,332,297,0.003376,0.002880,13410325.000000,233641.000000,0.017422
422,333,297,0.003375,0.002840,13473873.000000,235478.000000,0.017477
423,334,297,0.003377,0.002842,13475896.000000,235060.000000,0.017443
424,334,297,0.003378,0.002898,13521430.000000,232819.000000,0.017219
425,335,297,0.003382,0.002942,13780916.000000,241119.000000,0.017497
426,336,297,0.003381,0.002924,13832512.000000,240694.000000,0.017401
427,337,297,0.003382,0.002944,13877992.000000,241012.000000,0.017366
428,338,296,0.003383,0.002956,13987811.000000,243118.000000,0.017381
429,339,296,0.003368,0.002980,13918258.000000,238691.000000,0.017149
430,340,296,0.003383,0.002974,14054698.000000,242728.000000,0.017270
431,341,296,0.003382,0.002993,14033028.000000,241779.000000,0.017229
432,342,296,0.003339,0.003002,14210936.000000,243940.000000,0.017166
433,342,296,0.003370,0.003064,14480197.000000,248970.000000,0.017194
434,342,296,0.003364,0.003045,14411023.000000,244699.000000,0.016980
435,343,296,0.003414,0.003107,14628609.000000,249934.000000,0.017085
436,344,296,0.003430,0.003130,14714896.000000,252211.000000,0.017140
437,345,296,0.003456,0.003139,14802931.000000,253150.000000,0.017101
438,346,296,0.003446,0.003147,14816331.000000,253449.000000,0.017106
439,347,296,0.003465,0.003164,14902541.000000,251986.000000,0.016909
440,347,295,0.003503,0.003215,14921554.000000,256617.000000,0.017198
441,348,295,0.003523,0.003202,15097609.000000,257599.000000,0.017062
442,349,295,0.003501,0.003205,15072247.000000,257730.000000,0.017100
443,350,295,0.003518,0.003245,15139130.000000,254565.000000,0.016815
444,351,294,0.003526,0.003236,15215300.000000,258942.000000,0.017019
445,352,294,0.003581,0.003262,15379070.000000,261129.000000,0.016980
446,353,293,0.004091,0.003761,15746906.000000,271227.000000,0.017224
447,354,293,0.003657,0.003333,15691097.000000,267721.000000,0.017062
448,355,292,0.003667,0.003370,15739832.000000,263749.000000,0.016757
449,356,292,0.003633,0.003351,15661352.000000,267996.000000,0.017112
450,357,291,0.003620,0.003340,15632620.000000,267306.000000,0.017099
451,358,291,0.003681,0.003364,15773775.000000,267775.000000,0.016976
452,359,291,0.003660,0.003369,15802406.000000,268767.000000,0.017008
453,360,290,0.003678,0.003364,15807329.000000,266543.000000,0.016862
454,361,290,0.003719,0.003383,16025570.000000,271534.000000,0.016944
455,361,289,0.003701,0.003424,16020665.000000,273242.000000,0.017056
456,362,289,0.003769,0.003456,16180333.000000,274816.000000,0.016985
457,363,288,0.003768,0.003468,16182285.000000,271431.000000,0.016773
458,363,287,0.004011,0.003653,16341509.000000,277632.000000,0.016989
459,364,286,0.003857,0.003528,16558559.000000,281217.000000,0.016983
460,365,286,0.003874,0.003559,16494128.000000,280657.000000,0.017016
461,365,285,0.003804,0.003529,16378203.000000,276946.000000,0.016909
462,366,284,0.003925,0.003596,16552603.000000,281164.000000,0.016986
463,367,283,0.004124,0.003800,16630459.000000,282243.000000,0.016971
464,368,283,0.003901,0.003561,16775758.000000,283867.000000,0.016921
465,369,282,0.003896,0.003590,16835155.000000,284046.000000,0.016872
466,369,281,0.003869,0.003588,16804973.000000,281124.000000,0.016729
467,369,281,0.003866,0.003585,16766963.000000,283583.000000,0.016913
468,369,280,0.003911,0.003579,16934457.000000,285766.000000,0.016875
469,370,279,0.003918,0.003609,16959362.000000,286178.000000,0.016874
470,370,278,0.003915,0.003626,17008044.000000,282153.000000,0.016589
471,371,278,0.003918,0.003607,16961601.000000,285478.000000,0.016831
472,372,277,0.004131,0.003797,17258693.000000,295992.000000,0.017150
473,372,276,0.003940,0.003627,17060764.000000,289770.000000,0.016985
474,373,275,0.003941,0.003649,17117011.000000,287222.000000,0.016780
475,373,275,0.003974,0.003660,17211710.000000,290710.000000,0.016890
476,373,274,0.004002,0.003684,17352998.000000,292985.000000,0.016884
477,373,273,0.003944,0.003640,17146779.000000,288987.000000,0.016854
478,374,273,0.003997,0.003688,17380792.000000,289894.000000,0.016679
479,375,272,0.004051,0.003757,17567046.000000,295986.000000,0.016849
480,375,271,0.004078,0.003752,17678666.000000,297912.000000,0.016851
481,376,270,0.004084,0.003778,17668588.000000,297942.000000,0.016863
482,377,269,0.004140,0.003783,17792786.000000,295016.000000,0.016581
483,378,268,0.004142,0.003855,17864790.000000,298763.000000,0.016724
484,379,267,0.004423,0.004073,18214520.000000,305567.000000,0.016776
485,380,266,0.004291,0.003923,18206995.000000,306748.000000,0.016848
486,381,265,0.004466,0.004123,18212593.000000,303292.000000,0.016653
487,382,263,0.004633,0.004310,18218405.000000,308784.000000,0.016949
488,383,262,0.004385,0.004016,18409824.000000,308709.000000,0.016769
489,383,261,0.004303,0.003963,18363592.000000,308483.000000,0.016799
490,384,260,0.004311,0.003969,18568246.000000,306001.000000,0.016480
491,385,258,0.004749,0.004369,18610092.000000,311241.000000,0.016724
492,386,257,0.004315,0.003992,18593754.000000,311126.000000,0.016733
493,387,256,0.004472,0.004146,18634203.000000,313143.000000,0.016805
494,387,255,0.004408,0.004067,18560006.000000,308995.000000,0.016648
495,388,254,0.004437,0.004088,18675594.000000,311504.000000,0.016680
496,389,252,0.004615,0.004252,18848592.000000,317058.000000,0.016821
497,390,251,0.004389,0.004093,18780751.000000,312001.000000,0.016613
498,391,250,0.004434,0.004063,18986602.000000,316893.000000,0.016690
499,392,249,0.004411,0.004069,19096132.000000,317821.000000,0.016643
500,393,248,0.004543,0.004147,19048701.000000,317557.000000,0.016671
501,394,248,0.004332,0.004047,18847234.000000,309496.000000,0.016421
502,394,247,0.004479,0.004122,19126847.000000,315267.000000,0.016483
503,395,246,0.004455,0.004131,19187857.000000,318526.000000,0.016600
504,396,245,0.004529,0.004193,19330749.000000,320095.000000,0.016559
505,397,244,0.004415,0.004131,19038465.000000,312859.000000,0.016433
506,398,243,0.004502,0.004167,19196921.000000,318549.000000,0.016594
507,399,242,0.004508,0.004146,19397947.000000,321603.000000,0.016579
508,400,242,0.004447,0.004128,19345766.000000,319396.000000,0.016510
509,401,241,0.004562,0.004162,19460572.000000,317489.000000,0.016314
510,402,240,0.004518,0.004173,19636558.000000,327095.000000,0.016657
511,403,239,0.004603,0.004238,19705432.000000,325415.000000,0.016514
512,404,238,0.004541,0.004236,19639896.000000,321714.000000,0.016381
513,405,237,0.004663,0.004301,20022800.000000,330618.000000,0.016512
514,406,236,0.004626,0.004299,20007318.000000,332240.000000,0.016606
515,407,235,0.004759,0.004410,20332182.000000,334145.000000,0.016434
516,408,235,0.004704,0.004379,20235964.000000,331615.000000,0.016387
517,408,234,0.004758,0.004449,20373430.000000,338464.000000,0.016613
518,409,233,0.005119,0.004759,20642511.000000,344657.000000,0.016696
519,410,232,0.004787,0.004470,20741299.000000,338413.000000,0.016316
520,411,231,0.004756,0.004428,20638413.000000,340821.000000,0.016514
521,412,230,0.004765,0.004448,20691524.000000,344544.000000,0.016651
522,413,229,0.004795,0.004476,20865180.000000,346178.000000,0.016591
523,414,229,0.004777,0.004494,20726886.000000,337879.000000,0.016301
524,415,228,0.004835,0.004469,20917723.000000,347122.000000,0.016595
525,416,227,0.004900,0.004553,21290157.000000,350612.000000,0.016468
526,416,226,0.004896,0.004578,21263372.000000,347748.000000,0.016354
527,417,225,0.004975,0.004613,21513255.000000,354197.000000,0.016464
528,418,224,0.005009,0.004648,21801062.000000,358276.000000,0.016434
529,419,224,0.004957,0.004654,21652755.000000,357024.000000,0.016489
530,420,223,0.005014,0.004684,21898912.000000,357488.000000,0.016324
531,421,222,0.005043,0.004684,21973805.000000,361723.000000,0.016462
532,422,221,0.005050,0.004723,22118461.000000,364830.000000,0.016494
533,423,220,0.005057,0.004720,22126638.000000,361054.000000,0.016318
534,424,219,0.005131,0.004815,22501355.000000,369815.000000,0.016435
535,425,218,0.005155,0.004862,22552470.000000,369915.000000,0.016402
536,426,217,0.005177,0.004838,22622776.000000,368145.000000,0.016273
537,427,216,0.005190,0.004872,22659862.000000,372688.000000,0.016447
538,428,215,0.005525,0.005175,23064391.000000,373999.000000,0.016215
539,429,214,0.005276,0.004938,22883545.000000,372039.000000,0.016258
540,429,213,0.005613,0.005217,23130217.000000,375928.000000,0.016253
541,430,212,0.005324,0.004984,23278335.000000,376904.000000,0.016191
542,431,211,0.005307,0.004970,23290199.000000,372768.000000,0.016005
543,431,210,0.005359,0.005008,23517076.000000,380865.000000,0.016195
544,432,210,0.005344,0.004988,23423482.000000,378376.000000,0.016154
545,432,209,0.005428,0.005068,23766673.000000,382117.000000,0.016078
546,433,208,0.005462,0.005093,23854010.000000,381625.000000,0.015998
547,434,207,0.005442,0.005127,23841236.000000,386942.000000,0.016230
548,434,207,0.005456,0.005108,23951559.000000,388694.000000,0.016228
549,434,206,0.005465,0.005145,23986945.000000,386026.000000,0.016093
550,434,205,0.005504,0.005152,24049927.000000,390288.000000,0.016228
551,435,204,0.005516,0.005168,24081477.000000,389482.000000,0.016174
552,435,203,0.005618,0.005181,24171175.000000,397850.000000,0.016460
553,436,203,0.005473,0.005172,24010101.000000,389434.000000,0.016220
554,437,202,0.005538,0.005178,24245612.000000,391006.000000,0.016127
555,438,201,0.005518,0.005206,24205586.000000,387697.000000,0.016017
556,439,200,0.005828,0.005456,24618777.000000,397890.000000,0.016162
557,440,200,0.005579,0.005227,24467605.000000,396180.000000,0.016192
558,441,199,0.005570,0.005270,24500734.000000,393375.000000,0.016056
559,442,198,0.005586,0.005290,24510238.000000,394551.000000,0.016097
560,443,197,0.005608,0.005267,24640755.000000,394320.000000,0.016003
561,444,197,0.005715,0.005379,25014782.000000,394747.000000,0.015781
562,445,196,0.005668,0.005345,24957518.000000,398649.000000,0.015973
563,446,195,0.005750,0.005378,25046275.000000,402102.000000,0.016054
564,447,194,0.005748,0.005417,25182700.000000,399736.000000,0.015873
565,448,193,0.005732,0.005426,25188992.000000,404059.000000,0.016041
566,449,193,0.005750,0.005416,25225968.000000,398316.000000,0.015790
567,449,192,0.005779,0.005441,25419533.000000,403907.000000,0.015890
568,450,191,0.005781,0.005465,25490170.000000,403400.000000,0.015826
569,451,190,0.005780,0.005497,25493444.000000,400478.000000,0.015709
570,452,189,0.005864,0.005508,25785475.000000,405534.000000,0.015727
571,453,189,0.005894,0.005558,25787332.000000,405009.000000,0.015706
572,454,188,0.006114,0.005698,25981970.000000,404225.000000,0.015558
573,455,187,0.006055,0.005741,26073146.000000,411782.000000,0.015793
574,455,186,0.005960,0.005601,26196168.000000,408910.000000,0.015610
575,456,185,0.005966,0.005637,26249209.000000,407824.000000,0.015537
576,457,185,0.005980,0.005604,26337226.000000,411896.000000,0.015639
577,458,184,0.005961,0.005660,26320868.000000,410655.000000,0.015602
578,458,184,0.005937,0.005645,26246993.000000,405203.000000,0.015438
579,459,183,0.005967,0.005651,26290271.000000,410287.000000,0.015606
580,460,182,0.006026,0.005649,26504946.000000,412459.000000,0.015562
581,461,181,0.006012,0.005690,26401970.000000,410512.000000,0.015549
582,461,181,0.006312,0.005895,26709258.000000,416720.000000,0.015602
583,461,180,0.006159,0.005824,26583845.000000,414386.000000,0.015588
584,462,179,0.006457,0.006040,26798127.000000,420694.000000,0.015699
585,462,178,0.006112,0.005743,26933556.000000,418195.000000,0.015527
586,463,178,0.006074,0.005736,26847281.000000,412994.000000,0.015383
587,463,177,0.006165,0.005801,27197704.000000,420002.000000,0.015443
588,464,176,0.006170,0.005812,27215546.000000,422745.000000,0.015533
589,465,176,0.006231,0.005888,27408710.000000,421699.000000,0.015386
590,466,175,0.006651,0.006283,27716259.000000,432196.000000,0.015594
591,467,174,0.006466,0.006112,27580179.000000,423423.000000,0.015352
592,468,174,0.006244,0.005896,27569661.000000,426328.000000,0.015464
593,469,173,0.006285,0.005942,27686481.000000,428255.000000,0.015468
594,470,172,0.006292,0.005936,27744102.000000,426496.000000,0.015372
595,470,172,0.006299,0.005976,27779649.000000,433042.000000,0.015588
596,471,171,0.006296,0.005983,27849562.000000,428917.000000,0.015401
597,472,171,0.006337,0.006025,27953621.000000,434668.000000,0.015550
598,472,170,0.006325,0.006001,27978626.000000,432337.000000,0.015452
599,473,170,0.006371,0.006040,28165084.000000,432787.000000,0.015366
600,474,169,0.006427,0.006055,28329343.000000,437690.000000,0.015450
601,475,169,0.006427,0.006059,28396059.000000,436695.000000,0.015379
602,475,168,0.006444,0.006103,28532357.000000,437808.000000,0.015344
603,476,168,0.006463,0.006112,28551658.000000,439416.000000,0.015390
604,477,167,0.006477,0.006165,28646941.000000,438414.000000,0.015304
605,478,167,0.006714,0.006329,28969897.000000,448275.000000,0.015474
606,479,166,0.006585,0.006189,29048077.000000,445897.000000,0.015350
607,480,166,0.006606,0.006270,29266664.000000,441759.000000,0.015094
608,480,165,0.006593,0.006266,29193498.000000,445420.000000,0.015258
609,481,165,0.006613,0.006277,29272183.000000,444875.000000,0.015198
610,482,164,0.006609,0.006264,29286212.000000,447481.000000,0.015280
611,483,164,0.006711,0.006312,29581135.000000,454318.000000,0.015358
612,484,163,0.006777,0.006434,29901526.000000,453934.000000,0.015181
613,485,162,0.006760,0.006434,29835347.000000,459049.000000,0.015386
614,485,162,0.006696,0.006407,29747514.000000,453559.000000,0.015247
615,486,161,0.006788,0.006457,29847350.000000,460753.000000,0.015437
616,487,161,0.006845,0.006450,30113210.000000,463083.000000,0.015378
617,488,160,0.006893,0.006550,30496888.000000,461599.000000,0.015136
618,489,160,0.006884,0.006519,30492298.000000,464021.000000,0.015218
619,490,159,0.006919,0.006560,30674325.000000,458498.000000,0.014947
620,491,159,0.007097,0.006689,30750104.000000,469302.000000,0.015262
621,491,158,0.006929,0.006612,30681298.000000,465271.000000,0.015165
622,492,157,0.007220,0.006847,31080363.000000,467432.000000,0.015039
623,493,157,0.007296,0.006911,31309547.000000,477221.000000,0.015242
624,494,156,0.007294,0.006895,31308775.000000,474964.000000,0.015170
625,495,156,0.007210,0.006778,31424854.000000,479031.000000,0.015244
626,496,155,0.007236,0.006862,31456891.000000,473725.000000,0.015059
627,497,154,0.007242,0.006918,31445206.000000,478323.000000,0.015211
628,498,154,0.007116,0.006735,31523709.000000,477704.000000,0.015154
629,499,153,0.007219,0.006852,32011617.000000,480471.000000,0.015009
630,500,153,0.007240,0.006890,32091551.000000,486139.000000,0.015149
631,500,152,0.007287,0.006912,32076815.000000,479012.000000,0.014933
632,501,152,0.007530,0.007147,32453429.000000,490035.000000,0.015100
633,501,151,0.007278,0.006911,32181415.000000,479006.000000,0.014885
634,502,150,0.007860,0.007483,32974223.000000,497844.000000,0.015098
635,503,150,0.007381,0.007001,32628829.000000,490337.000000,0.015028
636,504,149,0.007350,0.006959,32629582.000000,494660.000000,0.015160
637,505,149,0.007318,0.007010,32591285.000000,489215.000000,0.015011
638,505,148,0.007360,0.006997,32770208.000000,485232.000000,0.014807
639,506,148,0.007395,0.007070,32827672.000000,496716.000000,0.015131
640,506,147,0.007372,0.007034,32820496.000000,491156.000000,0.014965
641,507,147,0.007451,0.007102,33170748.000000,499595.000000,0.015061
642,508,146,0.007395,0.007067,32955168.000000,490967.000000,0.014898
643,509,146,0.007440,0.007099,33085731.000000,498723.000000,0.015074
644,510,146,0.007452,0.007088,33149010.000000,495869.000000,0.014959
645,510,145,0.007506,0.007209,33422681.000000,501424.000000,0.015003
646,511,145,0.007545,0.007159,33556294.000000,502157.000000,0.014965
647,512,144,0.007725,0.007183,33504447.000000,504861.000000,0.015068
648,513,144,0.007573,0.007220,33628286.000000,507988.000000,0.015106
649,514,143,0.007564,0.007215,33568126.000000,502229.000000,0.014961
650,515,143,0.007627,0.007236,33951291.000000,507446.000000,0.014946
651,516,142,0.007688,0.007332,34223077.000000,506712.000000,0.014806
652,516,142,0.007655,0.007289,34122127.000000,508467.000000,0.014901
653,517,141,0.007709,0.007324,34303194.000000,507330.000000,0.014790
654,518,141,0.007790,0.007413,34638861.000000,516160.000000,0.014901
655,519,140,0.007749,0.007379,34471677.000000,510154.000000,0.014799
656,520,140,0.007832,0.007450,34797825.000000,519948.000000,0.014942
657,521,139,0.007875,0.007558,34954461.000000,516159.000000,0.014767
658,521,139,0.007895,0.007537,35021146.000000,519727.000000,0.014840
659,522,138,0.007925,0.007519,35185106.000000,521632.000000,0.014825
660,523,138,0.008098,0.007747,35477284.000000,523268.000000,0.014749
661,524,137,0.007994,0.007667,35405324.000000,525189.000000,0.014834
662,524,137,0.007963,0.007580,35462232.000000,523872.000000,0.014773
663,525,136,0.008098,0.007702,35829799.000000,534507.000000,0.014918
664,526,136,0.008116,0.007748,35970740.000000,531288.000000,0.014770
665,526,135,0.008080,0.007684,35902601.000000,531361.000000,0.014800
666,527,135,0.008174,0.007783,36160014.000000,529596.000000,0.014646
667,527,134,0.008232,0.007796,36410330.000000,536936.000000,0.014747
668,528,134,0.008244,0.007883,36625289.000000,541722.000000,0.014791
669,529,134,0.008228,0.007850,36560835.000000,539798.000000,0.014764
670,530,133,0.008363,0.007971,37053085.000000,542480.000000,0.014641
671,531,133,0.008339,0.007992,36963781.000000,547907.000000,0.014823
672,531,132,0.008284,0.007955,36791861.000000,543669.000000,0.014777
673,532,132,0.008526,0.008179,36991570.000000,547721.000000,0.014807
674,533,131,0.008314,0.007952,37007566.000000,538446.000000,0.014550
675,534,131,0.008427,0.008086,37170642.000000,550150.000000,0.014801
676,535,130,0.008411,0.008019,37326566.000000,547569.000000,0.014670
677,535,130,0.008418,0.008073,37384706.000000,552953.000000,0.014791
678,536,129,0.008491,0.008121,37682316.000000,552613.000000,0.014665
679,537,129,0.008551,0.008136,37972396.000000,559585.000000,0.014737
680,537,128,0.008476,0.008119,37692956.000000,553835.000000,0.014693
681,537,128,0.008517,0.008149,37761847.000000,555000.000000,0.014697
682,537,128,0.008576,0.008170,37973831.000000,556810.000000,0.014663
683,537,127,0.008653,0.008251,38363826.000000,560532.000000,0.014611
684,538,127,0.008863,0.008485,38742830.000000,565217.000000,0.014589
685,539,126,0.008704,0.008369,38526389.000000,567326.000000,0.014726
686,540,126,0.008715,0.008363,38758808.000000,564251.000000,0.014558
687,541,126,0.008709,0.008379,38775691.000000,565666.000000,0.014588
688,542,125,0.008730,0.008372,38970657.000000,571086.000000,0.014654
689,543,125,0.008849,0.008477,39341639.000000,576782.000000,0.014661
690,543,124,0.008877,0.008481,39235202.000000,577070.000000,0.014708
691,544,124,0.008912,0.008541,39507910.000000,577269.000000,0.014611
692,545,124,0.008905,0.008479,39371898.000000,580646.000000,0.014748
693,546,123,0.008986,0.008551,39505621.000000,588852.000000,0.014906
694,547,123,0.008853,0.008482,39297567.000000,577637.000000,0.014699
695,548,123,0.008934,0.008536,39730150.000000,580001.000000,0.014599
696,548,122,0.009130,0.008808,39609331.000000,581282.000000,0.014675
697,548,122,0.008857,0.008541,39516661.000000,574754.000000,0.014545
698,548,121,0.008947,0.008580,39730010.000000,580268.000000,0.014605
699,548,121,0.008993,0.008646,39900577.000000,578286.000000,0.014493
700,548,120,0.008988,0.008596,39858818.000000,583003.000000,0.014627
701,549,120,0.009071,0.008721,40076104.000000,582306.000000,0.014530
702,550,120,0.009053,0.008714,40055110.000000,581248.000000,0.014511
703,551,119,0.009046,0.008741,40197455.000000,588572.000000,0.014642
704,551,119,0.009094,0.008746,40367199.000000,584721.000000,0.014485
705,552,119,0.009176,0.008813,40677597.000000,592398.000000,0.014563
706,552,118,0.009038,0.008751,40148587.000000,583608.000000,0.014536
707,553,118,0.009326,0.008950,40443845.000000,593373.000000,0.014672
708,554,117,0.009058,0.008689,40533434.000000,587518.000000,0.014495
709,554,117,0.009069,0.008762,40651544.000000,591872.000000,0.014560
710,554,117,0.009043,0.008756,40575363.000000,588827.000000,0.014512
711,555,116,0.009014,0.008713,40470996.000000,590933.000000,0.014601
712,556,116,0.009060,0.008727,40639880.000000,589205.000000,0.014498
713,557,116,0.009128,0.008844,40914575.000000,592567.000000,0.014483
714,558,116,0.009104,0.008775,40897738.000000,594400.000000,0.014534
715,559,115,0.009154,0.008870,41061484.000000,593111.000000,0.014444
716,559,115,0.009090,0.008798,40885858.000000,593842.000000,0.014524
717,560,115,0.009168,0.008819,41156623.000000,596896.000000,0.014503
718,561,114,0.009377,0.009034,41338517.000000,600253.000000,0.014520
719,561,114,0.009175,0.008889,41192573.000000,592618.000000,0.014387
720,562,114,0.009189,0.008865,41307058.000000,596932.000000,0.014451
721,562,114,0.009204,0.008921,41362762.000000,595257.000000,0.014391
722,563,113,0.009196,0.008895,41376834.000000,596082.000000,0.014406
723,563,113,0.009208,0.008916,41440898.000000,600525.000000,0.014491
724,563,113,0.009278,0.008998,41640809.000000,600626.000000,0.014424
725,564,113,0.009325,0.008952,41830912.000000,604108.000000,0.014442
726,565,112,0.009305,0.009001,41809561.000000,602803.000000,0.014418
727,566,112,0.009319,0.009021,41852469.000000,607530.000000,0.014516
728,566,112,0.009455,0.009002,42080520.000000,607989.000000,0.014448
729,567,111,0.009856,0.009463,42205334.000000,617312.000000,0.014626
730,568,111,0.009664,0.009262,42296168.000000,609273.000000,0.014405
731,569,111,0.009613,0.009200,42606545.000000,613592.000000,0.014401
732,569,111,0.009539,0.009177,42593635.000000,614322.000000,0.014423
733,569,110,0.009521,0.009212,42419977.000000,609360.000000,0.014365
734,569,110,0.009532,0.009190,42508971.000000,615045.000000,0.014469
735,570,110,0.009675,0.009310,42975983.000000,618392.000000,0.014389
736,571,110,0.009695,0.009295,43023991.000000,621184.000000,0.014438
737,572,109,0.009611,0.009247,42983796.000000,616340.000000,0.014339
738,573,109,0.009796,0.009421,43403786.000000,624503.000000,0.014388
739,574,109,0.009860,0.009548,43327459.000000,631677.000000,0.014579
740,575,109,0.009822,0.009459,43489048.000000,626728.000000,0.014411
741,576,108,0.009832,0.009514,43502629.000000,631210.000000,0.014510
742,577,108,0.009813,0.009451,43635484.000000,630267.000000,0.014444
743,578,108,0.009879,0.009529,43941379.000000,631588.000000,0.014373
744,578,108,0.009762,0.009452,43381769.000000,630340.000000,0.014530
745,579,108,0.009752,0.009461,43395391.000000,626808.000000,0.014444
746,580,107,0.009729,0.009417,43364113.000000,627778.000000,0.014477
747,581,107,0.009743,0.009410,43485221.000000,626347.000000,0.014404
748,581,107,0.009781,0.009493,43507202.000000,626290.000000,0.014395
749,582,107,0.010221,0.009837,43881465.000000,638256.000000,0.014545
750,583,107,0.009793,0.009433,43965471.000000,630986.000000,0.014352
751,584,106,0.009947,0.009603,44602200.000000,643185.000000,0.014420
752,585,106,0.009871,0.009491,44306681.000000,638406.000000,0.014409
753,586,106,0.009945,0.009610,44644704.000000,643622.000000,0.014417
754,587,106,0.009902,0.009575,44578500.000000,644039.000000,0.014447
755,588,106,0.009895,0.009608,44572201.000000,643045.000000,0.014427
756,589,105,0.009931,0.009606,44709172.000000,646181.000000,0.014453
757,590,105,0.009972,0.009669,44978541.000000,645591.000000,0.014353
758,591,105,0.010037,0.009631,45133203.000000,649623.000000,0.014393
759,592,105,0.010323,0.009961,45652325.000000,652515.000000,0.014293
760,593,105,0.010239,0.009868,45715557.000000,653308.000000,0.014291
761,594,104,0.010222,0.009846,45854615.000000,660220.000000,0.014398
762,594,104,0.010648,0.010285,45982737.000000,661079.000000,0.014377
763,595,104,0.010967,0.010577,46155195.000000,662699.000000,0.014358
764,596,103,0.010385,0.010066,46478991.000000,666111.000000,0.014331
765,597,103,0.010316,0.010025,46377777.000000,661494.000000,0.014263
766,597,103,0.010301,0.010002,46375596.000000,662882.000000,0.014294
767,598,103,0.010269,0.009969,46237344.000000,659595.000000,0.014265
768,599,103,0.010298,0.009966,46412081.000000,661639.000000,0.014256
769,600,102,0.010569,0.010261,46772495.000000,671903.000000,0.014365
770,601,102,0.010408,0.010056,46802666.000000,666596.000000,0.014243
771,602,102,0.010389,0.010100,46833983.000000,671933.000000,0.014347
772,603,102,0.010495,0.010132,47212894.000000,675996.000000,0.014318
773,604,101,0.010464,0.010160,47174287.000000,675925.000000,0.014328
774,604,101,0.010526,0.010175,47426735.000000,681381.000000,0.014367
775,604,101,0.010530,0.010195,47387949.000000,675291.000000,0.014250
776,605,101,0.010484,0.010155,47205929.000000,677002.000000,0.014341
777,606,100,0.010704,0.010311,47724055.000000,683627.000000,0.014325
778,606,100,0.010808,0.010471,47805419.000000,681180.000000,0.014249
779,607,100,0.010838,0.010478,47951376.000000,680170.000000,0.014185
780,607,100,0.010805,0.010467,48188249.000000,686348.000000,0.014243
781,608,99,0.010781,0.010435,48145772.000000,683684.000000,0.014200
782,608,99,0.010866,0.010484,48224382.000000,681927.000000,0.014141
783,608,99,0.010862,0.010466,48541355.000000,688183.000000,0.014177
784,609,99,0.010975,0.010629,48640356.000000,692551.000000,0.014238
785,610,98,0.010988,0.010624,48994297.000000,694915.000000,0.014184
786,611,98,0.011076,0.010650,49357040.000000,704418.000000,0.014272
787,611,98,0.011182,0.010812,49400004.000000,703737.000000,0.014246
788,612,97,0.011063,0.010640,49462386.000000,703037.000000,0.014214
789,613,97,0.011057,0.010716,49537861.000000,707383.000000,0.014280
790,613,97,0.011193,0.010854,50029726.000000,712511.000000,0.014242
791,614,97,0.011250,0.010908,50229246.000000,714228.000000,0.014219
792,615,96,0.011076,0.010770,49737194.000000,713990.000000,0.014355
793,616,96,0.011211,0.010862,49928558.000000,712594.000000,0.014272
794,617,96,0.011341,0.010873,50383141.000000,726155.000000,0.014413
795,617,96,0.011178,0.010872,50095770.000000,717771.000000,0.014328
796,618,95,0.011460,0.011039,50746710.000000,720493.000000,0.014198
797,619,95,0.011474,0.011103,51071104.000000,721955.000000,0.014136
798,619,95,0.011412,0.011097,50891443.000000,724808.000000,0.014242
799,619,95,0.011331,0.011030,50743169.000000,718383.000000,0.014157
800,620,94,0.011286,0.010968,50684055.000000,718284.000000,0.014172
801,620,94,0.011444,0.011067,51132922.000000,729881.000000,0.014274
802,621,94,0.011551,0.011197,51611962.000000,731199.000000,0.014167
803,622,94,0.011420,0.011122,51248088.000000,729969.000000,0.014244
804,622,93,0.011479,0.011174,51348210.000000,732693.000000,0.014269
805,623,93,0.011617,0.011298,51405059.000000,733111.000000,0.014261
806,624,93,0.011512,0.011174,51455274.000000,731829.000000,0.014223
807,625,93,0.011553,0.011174,51757987.000000,737917.000000,0.014257
808,626,92,0.011527,0.011196,51732006.000000,731595.000000,0.014142
809,626,92,0.011623,0.011329,52025566.000000,735548.000000,0.014138
810,627,92,0.011652,0.011296,52268212.000000,735742.000000,0.014076
811,628,92,0.011674,0.011312,52438200.000000,740592.000000,0.014123
812,628,91,0.011585,0.011294,52094414.000000,733640.000000,0.014083
813,629,91,0.011566,0.011276,52090729.000000,733718.000000,0.014085
814,629,91,0.011936,0.011604,52360217.000000,746977.000000,0.014266
815,630,91,0.011721,0.011425,52260025.000000,740478.000000,0.014169
816,631,90,0.011744,0.011334,52443062.000000,743175.000000,0.014171
817,632,90,0.011920,0.011495,53088033.000000,753192.000000,0.014188
818,633,90,0.011868,0.011451,52817739.000000,746600.000000,0.014135
819,634,90,0.011874,0.011491,53042887.000000,748419.000000,0.014110
820,635,90,0.011873,0.011489,53126198.000000,749141.000000,0.014101
821,636,89,0.011909,0.011487,53263382.000000,753733.000000,0.014151
822,637,89,0.012035,0.011663,53423435.000000,754686.000000,0.014126
823,638,89,0.012098,0.011675,53743095.000000,756964.000000,0.014085
824,639,89,0.012028,0.011658,53864651.000000,758262.000000,0.014077
825,640,88,0.012106,0.011721,54341831.000000,768398.000000,0.014140
826,641,88,0.012113,0.011705,54270924.000000,762145.000000,0.014043
827,641,88,0.012168,0.011774,54589431.000000,765380.000000,0.014021
828,641,88,0.012076,0.011693,54206528.000000,768686.000000,0.014181
829,642,88,0.012088,0.011791,54260409.000000,766815.000000,0.014132
830,643,87,0.012378,0.011966,54804113.000000,773084.000000,0.014106
831,644,87,0.012382,0.011982,55361407.000000,774158.000000,0.013984
832,645,87,0.012378,0.011949,55427206.000000,778812.000000,0.014051
833,646,87,0.012573,0.012177,56061541.000000,779219.000000,0.013899
834,646,86,0.012456,0.012154,55813592.000000,775779.000000,0.013899
835,647,86,0.012432,0.012082,55757870.000000,775972.000000,0.013917
836,648,86,0.012607,0.012216,56512212.000000,788359.000000,0.013950
837,649,86,0.012465,0.012161,55879379.000000,784952.000000,0.014047
838,650,85,0.012742,0.012330,56544316.000000,788595.000000,0.013946
839,651,85,0.012557,0.012245,56132772.000000,787123.000000,0.014023
840,652,85,0.012655,0.012314,56462382.000000,789377.000000,0.013981
841,653,85,0.012575,0.012227,56405518.000000,786343.000000,0.013941
842,653,84,0.012711,0.012330,56873023.000000,795526.000000,0.013988
843,654,84,0.012683,0.012318,56668719.000000,791349.000000,0.013964
844,655,84,0.012727,0.012323,56842642.000000,798187.000000,0.014042
845,656,84,0.012778,0.012477,57262068.000000,801369.000000,0.013995
846,657,84,0.013076,0.012721,57514682.000000,804919.000000,0.013995
847,657,83,0.012766,0.012443,57109975.000000,799587.000000,0.014001
848,658,83,0.012859,0.012454,57567350.000000,809744.000000,0.014066
849,659,83,0.012958,0.012656,57842685.000000,808318.000000,0.013974
850,660,83,0.012923,0.012582,57751260.000000,809670.000000,0.014020
851,660,83,0.013053,0.012722,58129591.000000,811492.000000,0.013960
852,661,82,0.013132,0.012782,58411312.000000,815285.000000,0.013958
853,662,82,0.013087,0.012669,58554862.000000,818627.000000,0.013981
854,662,82,0.013145,0.012832,58485258.000000,813438.000000,0.013908
855,663,82,0.012965,0.012648,58290861.000000,814876.000000,0.013979
856,663,82,0.012972,0.012671,58273565.000000,813990.000000,0.013968
857,664,81,0.012982,0.012684,58291421.000000,815007.000000,0.013982
858,664,81,0.013069,0.012748,58607989.000000,816055.000000,0.013924
859,664,81,0.013063,0.012732,58504416.000000,816214.000000,0.013951
860,665,81,0.013115,0.012745,58507750.000000,820573.000000,0.014025
861,666,81,0.013183,0.012849,58999861.000000,821338.000000,0.013921
862,667,80,0.013395,0.012967,59043352.000000,828266.000000,0.014028
863,667,80,0.013207,0.012813,59192024.000000,822521.000000,0.013896
864,668,80,0.013324,0.012905,59556660.000000,830986.000000,0.013953
865,669,80,0.013152,0.012844,59169077.000000,823099.000000,0.013911
866,669,80,0.013396,0.012999,59764404.000000,826369.000000,0.013827
867,670,79,0.013337,0.012905,59698289.000000,831962.000000,0.013936
868,671,79,0.013338,0.012937,59909166.000000,829805.000000,0.013851
869,672,79,0.013596,0.013264,60282210.000000,831498.000000,0.013793
870,672,79,0.013331,0.012979,59953835.000000,831104.000000,0.013862
871,673,79,0.013338,0.012994,60224860.000000,831135.000000,0.013801
872,674,79,0.013469,0.013077,60472412.000000,834875.000000,0.013806
873,675,78,0.013411,0.013109,60342856.000000,833575.000000,0.013814
874,676,78,0.013375,0.012996,60307675.000000,833489.000000,0.013821
875,677,78,0.013534,0.013095,60598528.000000,850883.000000,0.014041
876,678,78,0.013727,0.013333,61244564.000000,845633.000000,0.013807
877,679,78,0.013908,0.013592,61493491.000000,852123.000000,0.013857
878,680,77,0.013762,0.013367,61666345.000000,851143.000000,0.013802
879,681,77,0.013641,0.013332,61429581.000000,847828.000000,0.013802
880,682,77,0.013695,0.013273,61759513.000000,848818.000000,0.013744
881,683,77,0.013769,0.013450,61998676.000000,850712.000000,0.013721
882,684,77,0.013880,0.013535,62222103.000000,851543.000000,0.013686
883,685,76,0.013868,0.013482,62456180.000000,855876.000000,0.013704
884,685,76,0.014081,0.013691,62544303.000000,862621.000000,0.013792
885,686,76,0.013919,0.013604,62276034.000000,861476.000000,0.013833
886,687,76,0.014065,0.013701,62619494.000000,865419.000000,0.013820
887,688,76,0.014032,0.013639,62886893.000000,866210.000000,0.013774
888,688,76,0.014024,0.013655,62940783.000000,871286.000000,0.013843
889,689,75,0.014028,0.013617,63004495.000000,867233.000000,0.013765
890,690,75,0.013990,0.013547,63094686.000000,868519.000000,0.013765
891,691,75,0.014264,0.013875,63424218.000000,870091.000000,0.013719
892,692,75,0.014193,0.013775,63551060.000000,869876.000000,0.013688
893,693,75,0.014165,0.013844,63479957.000000,867799.000000,0.013670
894,693,75,0.014062,0.013700,63203464.000000,866569.000000,0.013711
895,694,74,0.014066,0.013712,63354990.000000,869611.000000,0.013726
896,695,74,0.014201,0.013825,63756383.000000,874025.000000,0.013709
897,696,74,0.014205,0.013815,63761911.000000,872407.000000,0.013682
898,697,74,0.014566,0.014199,63969752.000000,877572.000000,0.013719
899,698,74,0.014233,0.013859,63997765.000000,875039.000000,0.013673
900,699,74,0.014438,0.014015,64721699.000000,880339.000000,0.013602
901,700,73,0.014366,0.014048,64430340.000000,883592.000000,0.013714
902,701,73,0.014444,0.014127,64693556.000000,887395.000000,0.013717
903,702,73,0.014410,0.014080,64678257.000000,889431.000000,0.013752
904,702,73,0.014289,0.013971,64288901.000000,881897.000000,0.013718
905,703,73,0.014801,0.014435,64802586.000000,887952.000000,0.013702
906,703,73,0.014312,0.013975,64413785.000000,883124.000000,0.013710
907,703,73,0.014304,0.013955,64517877.000000,883445.000000,0.013693
908,703,72,0.014390,0.013975,64866761.000000,886457.000000,0.013666
909,703,72,0.014364,0.014053,64774205.000000,885372.000000,0.013669
910,704,72,0.014480,0.014065,65209789.000000,888446.000000,0.013624
911,705,72,0.014735,0.014317,65964940.000000,897182.000000,0.013601
912,706,72,0.014912,0.014542,65646326.000000,895217.000000,0.013637
913,707,72,0.014652,0.014306,65767211.000000,891366.000000,0.013553
914,708,72,0.014609,0.014233,65819788.000000,890422.000000,0.013528
915,708,71,0.014698,0.014359,65909483.000000,892986.000000,0.013549
916,709,71,0.014754,0.014304,66343292.000000,897188.000000,0.013523
917,710,71,0.014679,0.014318,66089341.000000,894707.000000,0.013538
918,710,71,0.015071,0.014529,66453072.000000,898954.000000,0.013528
919,711,71,0.015155,0.014724,67537042.000000,915279.000000,0.013552
920,712,71,0.014841,0.014445,66848629.000000,903606.000000,0.013517
921,713,71,0.014816,0.014482,66817847.000000,903967.000000,0.013529
922,714,70,0.015212,0.014787,67222378.000000,910408.000000,0.013543
923,715,70,0.014847,0.014461,67400424.000000,913323.000000,0.013551
924,716,70,0.015057,0.014652,67951965.000000,919477.000000,0.013531
925,717,70,0.015261,0.014824,68563936.000000,926395.000000,0.013511
926,718,70,0.015262,0.014841,68635786.000000,926085.000000,0.013493
927,719,70,0.015337,0.014933,68861408.000000,930777.000000,0.013517
928,720,69,0.015273,0.014852,68662909.000000,926381.000000,0.013492
929,720,69,0.015052,0.014741,68124926.000000,920313.000000,0.013509
930,721,69,0.015263,0.014815,68853171.000000,931295.000000,0.013526
931,722,69,0.015378,0.015041,69193999.000000,936428.000000,0.013533
932,723,69,0.015507,0.015077,69232914.000000,940111.000000,0.013579
933,724,69,0.015686,0.015248,70231255.000000,945096.000000,0.013457
934,725,68,0.015449,0.015093,69708529.000000,946291.000000,0.013575
935,725,68,0.015575,0.015247,69871202.000000,944668.000000,0.013520
936,725,68,0.015427,0.015058,69659992.000000,942262.000000,0.013527
937,726,68,0.015712,0.015342,70419583.000000,948675.000000,0.013472
938,727,68,0.015897,0.015491,70414519.000000,950605.000000,0.013500
939,728,68,0.015628,0.015183,70362205.000000,945792.000000,0.013442
940,729,68,0.015690,0.015273,70692654.000000,951381.000000,0.013458
941,730,67,0.015921,0.015509,71529360.000000,959487.000000,0.013414
942,731,67,0.015903,0.015468,71433533.000000,964405.000000,0.013501
943,732,67,0.016202,0.015695,72279558.000000,979749.000000,0.013555
944,733,67,0.016078,0.015734,72281290.000000,971092.000000,0.013435
945,734,67,0.016268,0.015946,72437477.000000,974048.000000,0.013447
946,735,67,0.016157,0.015709,72612556.000000,976146.000000,0.013443
947,736,66,0.016106,0.015728,72573195.000000,976472.000000,0.013455
948,737,66,0.016169,0.015760,72760325.000000,977012.000000,0.013428
949,738,66,0.016206,0.015745,73086856.000000,984901.000000,0.013476
950,738,66,0.016232,0.015820,73432417.000000,982143.000000,0.013375
951,739,66,0.016707,0.016311,74215163.000000,990506.000000,0.013346
952,740,66,0.016353,0.015954,73679514.000000,988348.000000,0.013414
953,741,65,0.016498,0.016165,74017247.000000,989375.000000,0.013367
954,741,65,0.016281,0.015965,73492233.000000,988047.000000,0.013444
955,742,65,0.016259,0.015940,73532533.000000,988762.000000,0.013447
956,743,65,0.016410,0.015980,73926605.000000,990877.000000,0.013404
957,744,65,0.016509,0.016181,74039057.000000,991267.000000,0.013388
958,745,65,0.016591,0.016195,74567620.000000,995823.000000,0.013355
959,745,64,0.016333,0.016011,74048195.000000,986461.000000,0.013322
960,745,64,0.016603,0.016170,74824058.000000,993951.000000,0.013284
961,746,64,0.016669,0.016245,75303483.000000,996490.000000,0.013233
962,747,64,0.016612,0.016181,74767487.000000,999674.000000,0.013370
963,748,64,0.017004,0.016639,75679538.000000,1005373.000000,0.013285
964,748,64,0.016818,0.016432,75495463.000000,1001009.000000,0.013259
965,749,64,0.016679,0.016248,75367465.000000,997723.000000,0.013238
966,749,63,0.016606,0.016281,75133842.000000,1000117.000000,0.013311
967,750,63,0.016740,0.016409,75390378.000000,1007486.000000,0.013364
968,751,63,0.016909,0.016435,75923436.000000,1012071.000000,0.013330
969,752,63,0.017309,0.016909,76720974.000000,1023156.000000,0.013336
970,753,63,0.017011,0.016558,76440312.000000,1012608.000000,0.013247
971,754,63,0.017000,0.016588,76608308.000000,1013284.000000,0.013227
972,755,62,0.016990,0.016604,76576687.000000,1013390.000000,0.013234
973,755,62,0.016985,0.016581,76632310.000000,1010544.000000,0.013187
974,756,62,0.017072,0.016712,76885655.000000,1013675.000000,0.013184
975,757,62,0.017147,0.016803,76625214.000000,1018024.000000,0.013286
976,758,62,0.017079,0.016674,76924767.000000,1021357.000000,0.013277
977,759,62,0.017054,0.016731,77256294.000000,1027643.000000,0.013302
978,760,62,0.016898,0.016503,77344569.000000,1027775.000000,0.013288
979,761,61,0.017051,0.016693,77052879.000000,1026421.000000,0.013321
980,762,61,0.017475,0.016979,77553852.000000,1026241.000000,0.013233
981,763,61,0.017832,0.017372,78321943.000000,1044290.000000,0.013333
982,763,61,0.017041,0.016707,77365020.000000,1024155.000000,0.013238
983,763,61,0.017005,0.016558,77770111.000000,1024683.000000,0.013176
984,764,61,0.017152,0.016748,78390108.000000,1035065.000000,0.013204
985,765,61,0.017262,0.016845,78915637.000000,1045076.000000,0.013243
986,765,60,0.017450,0.017020,79283465.000000,1050585.000000,0.013251
987,765,60,0.017593,0.017236,79335322.000000,1044386.000000,0.013164
988,766,60,0.017660,0.017239,79683713.000000,1047075.000000,0.013140
989,767,60,0.017585,0.017268,79229735.000000,1050569.000000,0.013260
990,768,60,0.017718,0.017277,79674394.000000,1054698.000000,0.013238
991,769,60,0.017595,0.017255,79713961.000000,1046610.000000,0.013130
992,769,60,0.017612,0.017286,79210860.000000,1044760.000000,0.013190
993,770,59,0.017878,0.017537,79200243.000000,1045585.000000,0.013202
