frame,nb of entities,FPS,frame length,physics length,L1-dcache-loads,L1-dcache-load-misses,L1-dcache-load-miss-ratio
0,3,302,0.001496,0.000029,472202.000000,34731.000000,0.073551
1,4,302,0.003322,0.000029,581795.000000,35045.000000,0.060236
2,5,302,0.003320,0.000037,606728.000000,34697.000000,0.057187
3,6,302,0.003329,0.000029,610791.000000,34628.000000,0.056694
4,7,302,0.003320,0.000030,595465.000000,34884.000000,0.058583
5,8,302,0.003321,0.000034,556298.000000,31307.000000,0.056277
6,9,302,0.003328,0.000036,611540.000000,35307.000000,0.057735
7,10,302,0.003316,0.000052,604744.000000,41977.000000,0.069413
8,11,302,0.003322,0.000036,603840.000000,35332.000000,0.058512
9,12,302,0.003324,0.000037,614635.000000,35169.000000,0.057219
10,12,302,0.003323,0.000027,549952.000000,31272.000000,0.056863
11,13,302,0.003325,0.000036,602183.000000,35065.000000,0.058230
12,14,302,0.003326,0.000036,593534.000000,34814.000000,0.058655
13,15,302,0.003321,0.000041,593824.000000,35653.000000,0.060040
14,16,303,0.003322,0.000043,599368.000000,35364.000000,0.059002
15,17,303,0.003329,0.000040,571180.000000,31714.000000,0.055524
16,18,303,0.003316,0.000044,603659.000000,35688.000000,0.059119
17,19,303,0.003323,0.000042,611701.000000,35268.000000,0.057656
18,20,303,0.003329,0.000042,625117.000000,35390.000000,0.056613
19,21,303,0.003320,0.000049,597641.000000,36408.000000,0.060920
20,22,303,0.003318,0.000054,628030.000000,32376.000000,0.051552
21,23,303,0.003328,0.000044,661628.000000,36065.000000,0.054509
22,24,303,0.003319,0.000044,659672.000000,36100.000000,0.054724
23,25,303,0.003326,0.000046,638289.000000,35880.000000,0.056213
24,26,303,0.003326,0.000055,651210.000000,36213.000000,0.055609
25,27,303,0.003318,0.000048,609490.000000,32943.000000,0.054050
26,28,303,0.003323,0.000057,656518.000000,36403.000000,0.055449
27,29,303,0.003327,0.000054,658717.000000,36420.000000,0.055289
28,30,303,0.003321,0.000059,657078.000000,37982.000000,0.057804
29,31,303,0.003325,0.000053,691335.000000,38156.000000,0.055192
30,32,303,0.003325,0.000068,641189.000000,33969.000000,0.052978
31,33,303,0.003317,0.000120,696144.000000,42040.000000,0.060390
32,34,303,0.003323,0.000061,692040.000000,36940.000000,0.053378
33,35,303,0.003332,0.000068,670729.000000,37514.000000,0.055930
34,36,303,0.003313,0.000090,688745.000000,41982.000000,0.060954
35,37,303,0.003319,0.000070,660307.000000,33437.000000,0.050639
36,38,303,0.003327,0.000063,703795.000000,37094.000000,0.052706
37,39,303,0.003321,0.000073,711576.000000,38190.000000,0.053670
38,40,303,0.003327,0.000065,596451.000000,37145.000000,0.062277
39,41,303,0.003343,0.000073,654668.000000,38736.000000,0.059169
40,41,303,0.003324,0.000070,578929.000000,33722.000000,0.058249
41,42,303,0.003341,0.000063,623883.000000,37142.000000,0.059534
42,43,303,0.003341,0.000070,627067.000000,37634.000000,0.060016
43,44,303,0.003319,0.000130,719160.000000,43206.000000,0.060078
44,44,303,0.003336,0.000077,631185.000000,39102.000000,0.061950
45,45,303,0.003351,0.000075,644269.000000,37653.000000,0.058443
46,46,303,0.003330,0.000100,662253.000000,40851.000000,0.061685
47,47,303,0.003340,0.000085,660192.000000,40388.000000,0.061176
48,48,303,0.003349,0.000093,686172.000000,41197.000000,0.060039
49,48,303,0.003318,0.000103,733789.000000,41101.000000,0.056012
50,49,303,0.003323,0.000082,773811.000000,37358.000000,0.048278
51,50,303,0.003327,0.000093,793139.000000,41036.000000,0.051739
52,51,303,0.003319,0.000110,802219.000000,41116.000000,0.051253
53,52,303,0.003322,0.000095,815679.000000,41675.000000,0.051092
54,53,303,0.003328,0.000104,827521.000000,42087.000000,0.050859
55,54,303,0.003322,0.000118,800382.000000,39179.000000,0.048950
56,55,303,0.003322,0.000091,855835.000000,42336.000000,0.049467
57,56,303,0.003329,0.000102,829030.000000,41415.000000,0.049956
58,57,303,0.003319,0.000126,847904.000000,41813.000000,0.049313
59,58,303,0.003426,0.000104,820693.000000,42177.000000,0.051392
60,59,300,0.003319,0.000270,855103.000000,45297.000000,0.052973
61,59,300,0.003322,0.000094,862387.000000,42588.000000,0.049384
62,60,300,0.003324,0.000131,885272.000000,44017.000000,0.049721
63,60,300,0.003319,0.000153,900966.000000,49842.000000,0.055321
64,60,300,0.003322,0.000135,897180.000000,47909.000000,0.053400
65,61,300,0.003316,0.000173,877012.000000,49108.000000,0.055995
66,62,300,0.003330,0.000107,903668.000000,43788.000000,0.048456
67,63,300,0.003318,0.000134,892495.000000,43267.000000,0.048479
68,64,300,0.003321,0.000131,887445.000000,43160.000000,0.048634
69,64,300,0.003325,0.000127,946110.000000,45188.000000,0.047762
70,65,300,0.003325,0.000137,883371.000000,39637.000000,0.044870
71,66,300,0.003317,0.000149,909512.000000,43995.000000,0.048372
72,66,300,0.003324,0.000132,931743.000000,43002.000000,0.046152
73,67,300,0.003321,0.000151,932548.000000,44090.000000,0.047279
74,68,300,0.003325,0.000114,928397.000000,43119.000000,0.046445
75,69,300,0.003327,0.000143,918245.000000,40191.000000,0.043769
76,70,300,0.003314,0.000124,991158.000000,45792.000000,0.046201
77,71,300,0.003327,0.000119,955666.000000,44790.000000,0.046868
78,71,300,0.003325,0.000141,947693.000000,45577.000000,0.048093
79,72,300,0.003316,0.000186,1037226.000000,52634.000000,0.050745
80,72,300,0.003321,0.000138,924658.000000,42775.000000,0.046260
81,73,300,0.003320,0.000200,1006483.000000,59549.000000,0.059165
82,74,300,0.003326,0.000130,973306.000000,46667.000000,0.047947
83,75,300,0.003315,0.000256,998417.000000,60818.000000,0.060914
84,76,300,0.003321,0.000205,1054063.000000,58302.000000,0.055312
85,77,300,0.003327,0.000130,959359.000000,42362.000000,0.044157
86,78,300,0.003316,0.000266,1043846.000000,62241.000000,0.059627
87,79,300,0.003324,0.000215,1047772.000000,63174.000000,0.060294
88,79,300,0.003317,0.000142,1040524.000000,48815.000000,0.046914
89,80,300,0.003322,0.000133,1026156.000000,47201.000000,0.045998
90,80,300,0.003331,0.000127,1003515.000000,41701.000000,0.041555
91,81,300,0.003317,0.000252,1048844.000000,66074.000000,0.062997
92,82,300,0.003320,0.000218,1067073.000000,51154.000000,0.047939
93,83,300,0.003325,0.000238,1084404.000000,54097.000000,0.049886
94,84,300,0.003320,0.000229,1076206.000000,55240.000000,0.051328
95,85,300,0.003321,0.000229,1038867.000000,50410.000000,0.048524
96,85,300,0.003326,0.000210,1082764.000000,50172.000000,0.046337
97,86,300,0.003316,0.000241,1112206.000000,59260.000000,0.053281
98,87,300,0.003323,0.000143,1107369.000000,46513.000000,0.042003
99,88,300,0.003327,0.000152,1086324.000000,47470.000000,0.043698
100,88,300,0.003318,0.000175,1009698.000000,42964.000000,0.042551
101,89,300,0.003324,0.000183,1081978.000000,47962.000000,0.044328
102,89,300,0.003328,0.000141,1082313.000000,46060.000000,0.042557
103,90,300,0.003323,0.000150,1070642.000000,47064.000000,0.043959
104,91,300,0.003319,0.000211,1123008.000000,47619.000000,0.042403
105,92,300,0.003326,0.000196,1076828.000000,43962.000000,0.040825
106,93,300,0.003317,0.000207,1160273.000000,49268.000000,0.042462
107,94,300,0.003330,0.000160,1113744.000000,48466.000000,0.043516
108,95,300,0.003320,0.000336,1219819.000000,60645.000000,0.049716
109,96,300,0.003319,0.000253,1208075.000000,60066.000000,0.049720
110,97,300,0.003322,0.000270,1207057.000000,55002.000000,0.045567
111,98,300,0.003326,0.000286,1254214.000000,62936.000000,0.050180
112,98,300,0.003320,0.000274,1246291.000000,60279.000000,0.048367
113,99,300,0.003321,0.000276,1255191.000000,56880.000000,0.045316
114,100,300,0.003327,0.000281,1283076.000000,60386.000000,0.047063
115,101,300,0.003318,0.000293,1262974.000000,57721.000000,0.045702
116,102,300,0.003322,0.000293,1318595.000000,58876.000000,0.044651
117,103,300,0.003325,0.000307,1320110.000000,63253.000000,0.047915
118,104,300,0.003319,0.000287,1352177.000000,61981.000000,0.045838
119,105,301,0.003320,0.000312,1357185.000000,59760.000000,0.044032
120,106,301,0.003331,0.000203,1280843.000000,47855.000000,0.037362
121,107,301,0.003315,0.000242,1338343.000000,50506.000000,0.037738
122,108,301,0.003326,0.000202,1350479.000000,51591.000000,0.038202
123,108,301,0.003323,0.000271,1382501.000000,51427.000000,0.037199
124,108,301,0.003324,0.000209,1360398.000000,50836.000000,0.037368
125,109,301,0.003322,0.000216,1372792.000000,48357.000000,0.035225
126,110,301,0.003322,0.000297,1464204.000000,54342.000000,0.037114
127,111,301,0.003324,0.000261,1465411.000000,55761.000000,0.038051
128,111,300,0.003325,0.000280,1449474.000000,52925.000000,0.036513
129,112,301,0.003318,0.000303,1478192.000000,53592.000000,0.036255
130,113,301,0.003323,0.000234,1477092.000000,49293.000000,0.033372
131,113,301,0.003320,0.000357,1569512.000000,65791.000000,0.041918
132,114,301,0.003325,0.000241,1549866.000000,53909.000000,0.034783
133,115,300,0.003325,0.000251,1524042.000000,54509.000000,0.035766
134,116,301,0.003322,0.000305,1545273.000000,53369.000000,0.034537
135,117,301,0.003326,0.000320,1486348.000000,50507.000000,0.033981
136,118,300,0.003318,0.000310,1572582.000000,54980.000000,0.034962
137,118,301,0.003326,0.000317,1585294.000000,54793.000000,0.034563
138,118,301,0.003322,0.000455,1734802.000000,73354.000000,0.042284
139,119,301,0.003319,0.000345,1661526.000000,56197.000000,0.033823
140,120,300,0.003323,0.000363,1671690.000000,53107.000000,0.031768
141,121,300,0.003328,0.000381,1726698.000000,58377.000000,0.033808
142,122,300,0.003318,0.000444,1829716.000000,63798.000000,0.034868
143,122,300,0.003325,0.000305,1777851.000000,57309.000000,0.032235
144,123,300,0.003327,0.000393,1815906.000000,58366.000000,0.032142
145,124,301,0.003310,0.000396,1771109.000000,55146.000000,0.031136
146,125,300,0.003323,0.000431,1862454.000000,60293.000000,0.032373
147,126,300,0.003325,0.000405,1864099.000000,60060.000000,0.032219
148,127,301,0.003309,0.000410,1892339.000000,59631.000000,0.031512
149,128,300,0.003325,0.000371,1880847.000000,59547.000000,0.031660
150,129,301,0.003324,0.000429,1916153.000000,57609.000000,0.030065
151,130,301,0.003312,0.000424,1930975.000000,60378.000000,0.031268
152,131,301,0.003323,0.000427,1987681.000000,61222.000000,0.030801
153,132,301,0.003322,0.000522,2175192.000000,74060.000000,0.034048
154,132,301,0.003320,0.000408,2087136.000000,64340.000000,0.030827
155,133,301,0.003325,0.000369,2072165.000000,58897.000000,0.028423
156,133,301,0.003327,0.000383,2104260.000000,63036.000000,0.029956
157,134,300,0.003324,0.000465,2098255.000000,63191.000000,0.030116
158,135,301,0.003319,0.000490,2227556.000000,73440.000000,0.032969
159,136,300,0.003330,0.000397,2188872.000000,65166.000000,0.029771
160,137,301,0.003311,0.000655,2305208.000000,92574.000000,0.040159
161,138,301,0.003320,0.000680,2347555.000000,99636.000000,0.042442
162,138,301,0.003322,0.000663,2362061.000000,93125.000000,0.039425
163,139,301,0.003322,0.000404,2272213.000000,65297.000000,0.028737
164,139,301,0.003321,0.000446,2295348.000000,65257.000000,0.028430
165,140,300,0.003363,0.000563,2248463.000000,63759.000000,0.028357
166,141,300,0.003316,0.000508,2336132.000000,66477.000000,0.028456
167,142,300,0.003321,0.000559,2340243.000000,67118.000000,0.028680
168,143,300,0.003325,0.000542,2377484.000000,68707.000000,0.028899
169,143,300,0.003319,0.000529,2346232.000000,67365.000000,0.028712
170,144,300,0.003323,0.000489,2374824.000000,64643.000000,0.027220
171,145,300,0.003329,0.000522,2394439.000000,68516.000000,0.028615
172,146,300,0.003323,0.000551,2435551.000000,69215.000000,0.028419
173,146,300,0.003321,0.000476,2422618.000000,68309.000000,0.028196
174,147,300,0.003331,0.000580,2462836.000000,69918.000000,0.028389
175,147,300,0.003315,0.000559,2433232.000000,65829.000000,0.027054
176,148,300,0.003324,0.000494,2566715.000000,70792.000000,0.027581
177,149,300,0.003333,0.000614,2543473.000000,71627.000000,0.028161
178,150,300,0.003316,0.000587,2563144.000000,70942.000000,0.027678
179,151,300,0.003325,0.000529,2657652.000000,71705.000000,0.026981
180,152,300,0.003327,0.000646,2642444.000000,70187.000000,0.026561
181,152,300,0.003318,0.000617,2664754.000000,72708.000000,0.027285
182,152,300,0.003320,0.000563,2674268.000000,74027.000000,0.027681
183,153,300,0.003329,0.000587,2678207.000000,73564.000000,0.027468
184,154,300,0.003319,0.000624,2703164.000000,72853.000000,0.026951
185,155,300,0.003323,0.000553,2692279.000000,71258.000000,0.026468
186,156,300,0.003325,0.000595,2813194.000000,76574.000000,0.027220
187,157,300,0.003320,0.000663,2856262.000000,75400.000000,0.026398
188,158,300,0.003328,0.000816,3057889.000000,95492.000000,0.031228
189,159,300,0.003320,0.001090,3185218.000000,111450.000000,0.034990
190,160,300,0.003320,0.000800,3117439.000000,93252.000000,0.029913
191,161,300,0.003322,0.000978,3201125.000000,111132.000000,0.034717
192,162,300,0.003319,0.000959,3205854.000000,108144.000000,0.033733
193,162,300,0.003325,0.000578,2988620.000000,76361.000000,0.025551
194,163,300,0.003319,0.000820,3147794.000000,102715.000000,0.032631
195,164,300,0.003322,0.000742,3011373.000000,75650.000000,0.025121
196,165,300,0.003323,0.000585,3085217.000000,77596.000000,0.025151
197,166,300,0.003320,0.000667,3087501.000000,78675.000000,0.025482
198,167,300,0.003326,0.000753,3159992.000000,78349.000000,0.024794
199,168,300,0.003323,0.000608,3132075.000000,79799.000000,0.025478
200,169,300,0.003321,0.000689,3168921.000000,78298.000000,0.024708
201,170,300,0.003324,0.000788,3217679.000000,82162.000000,0.025535
202,171,300,0.003324,0.000633,3280572.000000,81183.000000,0.024747
203,171,300,0.003321,0.000713,3313622.000000,82422.000000,0.024874
204,172,300,0.003326,0.000808,3373336.000000,81709.000000,0.024222
205,173,300,0.003322,0.000680,3363625.000000,81206.000000,0.024142
206,173,300,0.003322,0.000741,3441603.000000,83381.000000,0.024227
207,174,300,0.003326,0.000856,3447943.000000,85243.000000,0.024723
208,175,300,0.003323,0.000837,3490844.000000,86301.000000,0.024722
209,176,300,0.003321,0.000790,3631947.000000,85841.000000,0.023635
210,177,300,0.003328,0.000845,3694968.000000,89193.000000,0.024139
211,178,300,0.003317,0.000868,3636037.000000,86486.000000,0.023786
212,178,300,0.003326,0.000808,3620292.000000,86398.000000,0.023865
213,179,300,0.003326,0.000729,3668048.000000,88995.000000,0.024262
214,180,300,0.003317,0.001234,3983981.000000,129733.000000,0.032564
215,181,300,0.003320,0.000880,3845333.000000,97410.000000,0.025332
216,181,300,0.003327,0.000951,3853627.000000,92280.000000,0.023946
217,182,300,0.003320,0.000914,3855492.000000,91579.000000,0.023753
218,182,300,0.003321,0.000937,3953727.000000,104772.000000,0.026500
219,183,300,0.003329,0.000777,3935373.000000,95113.000000,0.024169
220,183,300,0.003316,0.000768,3836879.000000,89868.000000,0.023422
221,183,300,0.003326,0.000869,3935565.000000,93196.000000,0.023680
222,183,300,0.003323,0.000988,3892796.000000,93467.000000,0.024010
223,184,300,0.003321,0.000969,4014839.000000,94974.000000,0.023656
224,184,300,0.003325,0.000900,4031688.000000,95212.000000,0.023616
225,185,300,0.003325,0.000835,3884591.000000,91073.000000,0.023445
226,186,300,0.003319,0.000955,3997801.000000,95208.000000,0.023815
227,187,300,0.003323,0.000903,4045544.000000,95985.000000,0.023726
228,188,300,0.003329,0.001017,4133127.000000,96718.000000,0.023401
229,188,300,0.003319,0.001011,4110251.000000,97833.000000,0.023802
230,189,300,0.003321,0.000953,4199040.000000,94427.000000,0.022488
231,190,300,0.003328,0.000907,4315836.000000,99853.000000,0.023136
232,190,300,0.003321,0.001054,4316955.000000,101266.000000,0.023458
233,190,300,0.003324,0.000977,4342480.000000,99208.000000,0.022846
234,191,300,0.003329,0.000942,4416977.000000,102067.000000,0.023108
235,192,300,0.003318,0.001087,4394554.000000,99230.000000,0.022580
236,192,300,0.003324,0.001022,4430564.000000,102313.000000,0.023093
237,192,300,0.003329,0.000957,4520641.000000,102620.000000,0.022700
238,193,300,0.003319,0.001111,4564457.000000,104207.000000,0.022830
239,194,300,0.003324,0.001068,4658393.000000,103615.000000,0.022243
240,195,300,0.003326,0.001050,4755451.000000,107627.000000,0.022632
241,196,300,0.003322,0.001152,4653074.000000,104528.000000,0.022464
242,197,300,0.003323,0.001083,4749547.000000,107733.000000,0.022683
243,198,300,0.003325,0.001740,5237221.000000,145350.000000,0.027753
244,199,300,0.003329,0.001201,4896330.000000,107926.000000,0.022042
245,200,300,0.003312,0.001360,4936611.000000,117110.000000,0.023723
246,201,300,0.003328,0.001001,4980315.000000,109718.000000,0.022030
247,202,300,0.003322,0.001213,5065318.000000,108378.000000,0.021396
248,203,300,0.003321,0.001168,5106278.000000,112033.000000,0.021940
249,204,300,0.003332,0.001121,5225747.000000,115692.000000,0.022139
250,205,300,0.003339,0.001947,5711191.000000,155030.000000,0.027145
251,206,300,0.003341,0.001930,5751457.000000,159818.000000,0.027787
252,207,300,0.003346,0.002002,5879039.000000,164194.000000,0.027929
253,207,300,0.003347,0.002008,5886591.000000,163675.000000,0.027805
254,207,300,0.003315,0.001560,5604129.000000,127826.000000,0.022809
255,207,300,0.003328,0.001120,5430947.000000,113551.000000,0.020908
256,207,300,0.003322,0.001317,5445447.000000,116259.000000,0.021350
257,208,300,0.003320,0.001261,5466837.000000,116893.000000,0.021382
258,209,300,0.003325,0.001194,5620344.000000,118140.000000,0.021020
259,209,300,0.003323,0.001352,5696805.000000,117145.000000,0.020563
260,210,300,0.003321,0.001288,5602768.000000,116448.000000,0.020784
261,210,300,0.003327,0.001278,5643335.000000,119690.000000,0.021209
262,211,300,0.003323,0.001391,5771616.000000,119919.000000,0.020777
263,212,300,0.003395,0.001324,5733213.000000,120299.000000,0.020983
264,213,300,0.003398,0.001198,5745307.000000,121672.000000,0.021178
265,214,300,0.003395,0.001368,5688072.000000,118479.000000,0.020829
266,215,300,0.003385,0.001215,5835652.000000,123047.000000,0.021085
267,216,300,0.003409,0.001404,5790757.000000,123379.000000,0.021306
268,217,300,0.003400,0.001333,5858251.000000,123428.000000,0.021069
269,218,300,0.003325,0.001459,5929140.000000,127782.000000,0.021552
270,219,300,0.003326,0.001559,6036481.000000,126253.000000,0.020915
271,219,300,0.003321,0.001262,6054224.000000,128226.000000,0.021180
272,220,300,0.003320,0.001305,6043621.000000,124244.000000,0.020558
273,221,300,0.003329,0.001611,6139726.000000,132138.000000,0.021522
274,221,300,0.003318,0.001559,6147285.000000,135499.000000,0.022042
275,222,300,0.003332,0.001274,6000723.000000,123797.000000,0.020630
276,222,300,0.003324,0.001885,6279595.000000,147384.000000,0.023470
277,223,300,0.003318,0.001382,6050422.000000,126095.000000,0.020841
278,223,300,0.003325,0.001249,6026206.000000,125270.000000,0.020788
279,224,299,0.003424,0.001749,6056454.000000,130214.000000,0.021500
280,225,299,0.003488,0.001295,6071829.000000,126877.000000,0.020896
281,226,299,0.003324,0.001564,6228174.000000,130751.000000,0.020993
282,227,299,0.003323,0.001440,6201566.000000,128950.000000,0.020793
283,228,299,0.003319,0.001526,6321926.000000,131085.000000,0.020735
284,228,299,0.003326,0.001498,6200128.000000,127025.000000,0.020487
285,229,299,0.003331,0.001747,6337161.000000,132527.000000,0.020913
286,229,299,0.003339,0.002022,6664531.000000,151895.000000,0.022792
287,230,299,0.003319,0.001517,6353945.000000,129200.000000,0.020334
288,231,299,0.003322,0.001493,6422395.000000,132163.000000,0.020578
289,232,299,0.003328,0.001315,6577919.000000,144458.000000,0.021961
290,233,299,0.003329,0.001532,6430047.000000,129396.000000,0.020124
291,233,299,0.003317,0.001841,6653655.000000,145247.000000,0.021830
292,234,299,0.003325,0.001409,6615061.000000,134394.000000,0.020316
293,235,299,0.003328,0.001592,6554866.000000,131259.000000,0.020025
294,236,299,0.003323,0.001531,6603689.000000,130171.000000,0.019712
295,237,299,0.003318,0.001497,6769397.000000,138470.000000,0.020455
296,238,299,0.003325,0.001610,6812110.000000,133957.000000,0.019665
297,239,299,0.003327,0.001463,6822309.000000,136606.000000,0.020023
298,239,299,0.003421,0.001794,6798391.000000,137909.000000,0.020286
299,240,299,0.003326,0.001880,6889257.000000,140290.000000,0.020364
300,241,299,0.003324,0.001510,7017907.000000,139652.000000,0.019899
301,241,299,0.003343,0.002006,7145017.000000,156946.000000,0.021966
302,242,299,0.003325,0.001448,7026900.000000,139598.000000,0.019866
303,242,299,0.003407,0.001758,7003115.000000,145386.000000,0.020760
304,243,299,0.003411,0.001521,7057350.000000,138171.000000,0.019578
305,244,299,0.003411,0.001689,7215636.000000,144263.000000,0.019993
306,245,298,0.003436,0.001949,7585554.000000,167765.000000,0.022116
307,246,298,0.003410,0.001602,7306524.000000,144990.000000,0.019844
308,247,298,0.003409,0.001532,7267678.000000,144006.000000,0.019815
309,248,298,0.003423,0.001811,7415778.000000,145725.000000,0.019651
310,249,298,0.003409,0.001601,7405664.000000,146277.000000,0.019752
311,249,298,0.003432,0.001852,7699571.000000,163510.000000,0.021236
312,250,298,0.003407,0.001630,7594690.000000,151730.000000,0.019978
313,251,298,0.003414,0.001649,7598445.000000,148956.000000,0.019603
314,252,297,0.003422,0.001801,7677168.000000,146478.000000,0.019080
315,253,297,0.003433,0.001636,7815543.000000,154819.000000,0.019809
316,254,297,0.003334,0.002725,8561891.000000,192787.000000,0.022517
317,255,297,0.003417,0.001691,7994001.000000,152060.000000,0.019022
318,256,297,0.003414,0.001674,8038719.000000,154994.000000,0.019281
319,257,297,0.003426,0.001901,8112060.000000,153141.000000,0.018878
320,258,297,0.003421,0.001712,8206340.000000,156401.000000,0.019059
321,259,297,0.003460,0.002457,8775269.000000,188347.000000,0.021463
322,259,296,0.003365,0.001755,8300778.000000,157909.000000,0.019023
323,260,296,0.003423,0.001763,8378762.000000,159053.000000,0.018983
324,261,296,0.003428,0.002004,8475192.000000,158940.000000,0.018754
325,261,296,0.003421,0.001776,8506474.000000,161801.000000,0.019021
326,261,296,0.003340,0.002654,9074819.000000,188887.000000,0.020814
327,262,296,0.003435,0.002055,8783252.000000,169687.000000,0.019319
328,263,296,0.003434,0.001829,8786948.000000,164734.000000,0.018748
329,264,296,0.003416,0.001901,8792577.000000,164687.000000,0.018730
330,265,296,0.003430,0.001895,8930611.000000,167419.000000,0.018747
331,266,296,0.003455,0.002304,9295410.000000,185380.000000,0.019943
332,266,296,0.003428,0.002058,9008674.000000,173621.000000,0.019273
333,267,296,0.003429,0.001941,8946028.000000,168594.000000,0.018846
334,268,295,0.003431,0.001889,8998686.000000,164721.000000,0.018305
335,269,295,0.003426,0.001919,9059902.000000,171004.000000,0.018875
336,270,295,0.003329,0.002086,9206844.000000,172361.000000,0.018721
337,271,295,0.003337,0.002154,9128851.000000,172496.000000,0.018896
338,271,295,0.003333,0.001981,9030059.000000,167768.000000,0.018579
339,272,295,0.003332,0.001961,9115506.000000,168922.000000,0.018531
340,273,296,0.003331,0.001951,9216117.000000,170645.000000,0.018516
341,273,295,0.003352,0.002254,9320156.000000,173975.000000,0.018667
342,274,295,0.003333,0.002000,9378871.000000,175322.000000,0.018693
343,275,295,0.003334,0.001999,9469449.000000,174143.000000,0.018390
344,276,295,0.003348,0.002229,9436428.000000,176002.000000,0.018651
345,277,295,0.003446,0.002254,9449632.000000,177291.000000,0.018762
346,278,295,0.003445,0.002188,9602708.000000,183911.000000,0.019152
347,279,295,0.003434,0.002099,9607484.000000,181269.000000,0.018867
348,280,295,0.003437,0.002077,9616632.000000,175980.000000,0.018300
349,281,295,0.003427,0.002049,9583878.000000,175800.000000,0.018343
350,282,294,0.003434,0.002034,9649878.000000,180482.000000,0.018703
351,283,294,0.003446,0.002149,9831552.000000,186446.000000,0.018964
352,283,294,0.003439,0.002147,9981160.000000,183274.000000,0.018362
353,284,294,0.003436,0.002071,9799518.000000,178072.000000,0.018172
354,285,294,0.003440,0.002150,9987889.000000,181198.000000,0.018142
355,286,294,0.003440,0.002140,10074729.000000,184927.000000,0.018356
356,286,293,0.003462,0.002512,10352108.000000,199097.000000,0.019233
357,286,293,0.003562,0.002171,10189340.000000,186395.000000,0.018293
358,287,293,0.003295,0.002332,10236622.000000,185429.000000,0.018114
359,288,293,0.003438,0.002175,10202669.000000,190095.000000,0.018632
360,289,293,0.003442,0.002169,10323273.000000,188494.000000,0.018259
361,290,293,0.003447,0.002619,10787336.000000,206012.000000,0.019098
362,291,293,0.003452,0.002320,10854816.000000,193899.000000,0.017863
363,292,293,0.003451,0.002338,10881125.000000,194369.000000,0.017863
364,293,292,0.003448,0.002328,11011569.000000,195576.000000,0.017761
365,294,292,0.003452,0.002397,10945835.000000,196905.000000,0.017989
366,295,293,0.003380,0.002899,11235734.000000,207403.000000,0.018459
367,296,293,0.003328,0.002385,11229202.000000,200988.000000,0.017899
368,297,293,0.003350,0.002367,11106206.000000,196754.000000,0.017716
369,298,293,0.003355,0.002402,11260608.000000,205970.000000,0.018291
370,299,293,0.003352,0.002397,11246635.000000,205847.000000,0.018303
371,300,293,0.003461,0.002548,11400577.000000,207915.000000,0.018237
372,300,293,0.003464,0.002666,11511311.000000,208592.000000,0.018121
373,301,293,0.003389,0.002444,11358925.000000,204583.000000,0.018011
374,302,293,0.003354,0.002432,11407782.000000,206444.000000,0.018097
375,303,293,0.003357,0.002475,11495561.000000,208497.000000,0.018137
376,303,293,0.003369,0.002665,11607790.000000,213089.000000,0.018357
377,304,293,0.003359,0.002492,11525260.000000,206053.000000,0.017878
378,305,293,0.003357,0.002471,11579638.000000,207561.000000,0.017925
379,306,293,0.003359,0.002517,11590953.000000,206590.000000,0.017823
380,307,293,0.003363,0.002503,11576193.000000,206575.000000,0.017845
381,308,293,0.003357,0.002490,11575469.000000,205442.000000,0.017748
382,308,293,0.003360,0.002511,11634330.000000,206462.000000,0.017746
383,309,294,0.003362,0.002527,11777034.000000,206282.000000,0.017516
384,310,294,0.003358,0.002473,11703366.000000,206950.000000,0.017683
385,310,294,0.003366,0.002560,11855836.000000,211368.000000,0.017828
386,311,294,0.003365,0.002543,11914655.000000,210147.000000,0.017638
387,311,294,0.003367,0.002668,12068520.000000,211622.000000,0.017535
388,312,294,0.003367,0.002656,12183987.000000,217076.000000,0.017816
389,313,294,0.003356,0.002595,12070013.000000,213330.000000,0.017674
390,314,294,0.003364,0.002598,12177504.000000,217493.000000,0.017860
391,315,294,0.003371,0.002704,12367771.000000,217708.000000,0.017603
392,316,294,0.003366,0.002618,12219999.000000,211535.000000,0.017311
393,317,294,0.003366,0.002649,12464961.000000,216626.000000,0.017379
394,318,294,0.003373,0.002712,12613944.000000,220658.000000,0.017493
395,319,295,0.003371,0.002729,12531779.000000,222194.000000,0.017730
396,319,294,0.003374,0.002689,12464506.000000,219825.000000,0.017636
397,319,294,0.003361,0.002704,12435621.000000,217580.000000,0.017497
398,320,294,0.003369,0.002706,12531236.000000,221386.000000,0.017667
399,321,294,0.003369,0.002699,12607176.000000,224496.000000,0.017807
400,322,294,0.003373,0.002744,12799704.000000,227926.000000,0.017807
401,323,294,0.003373,0.002790,12776493.000000,226400.000000,0.017720
402,324,294,0.003371,0.002737,12842858.000000,225660.000000,0.017571
403,325,294,0.003373,0.002797,12844508.000000,228588.000000,0.017797
404,326,294,0.003355,0.002775,12985700.000000,228541.000000,0.017599
405,326,294,0.003370,0.002747,12857307.000000,228465.000000,0.017769
406,326,294,0.003373,0.002819,12914687.000000,228700.000000,0.017709
407,327,294,0.003373,0.002794,12881150.000000,225254.000000,0.017487
408,327,295,0.003373,0.002748,13066150.000000,228405.000000,0.017481
409,328,295,0.003379,0.002859,13379771.000000,236048.000000,0.017642
410,329,295,0.003376,0.002797,13160558.000000,231956.000000,0.017625
411,330,295,0.003379,0.002878,13471289.000000,237118.000000,0.017602
412,331,295,0.003386,0.002944,13574315.000000,233464.000000,0.017199
413,332,295,0.003375,0.002900,13627480.000000,239239.000000,0.017556
414,333,295,0.003381,0.002917,13663262.000000,241008.000000,0.017639
415,334,295,0.003382,0.002943,13765207.000000,242291.000000,0.017602
416,335,295,0.003387,0.002982,13852210.000000,242445.000000,0.017502
417,336,295,0.003930,0.003312,13992155.000000,242397.000000,0.017324
418,337,294,0.003576,0.002988,13823188.000000,242671.000000,0.017555
419,337,294,0.003516,0.002953,13818749.000000,242283.000000,0.017533
420,338,294,0.003571,0.002980,14009077.000000,243709.000000,0.017397
421,339,294,0.003652,0.003044,14180509.000000,243915.000000,0.017201
422,340,293,0.003599,0.003011,14184657.000000,244825.000000,0.017260
423,341,293,0.003658,0.003043,14335444.000000,251433.000000,0.017539
424,342,293,0.003645,0.003053,14206582.000000,247780.000000,0.017441
425,342,293,0.003590,0.003023,14149218.000000,245283.000000,0.017335
426,342,292,0.003711,0.003111,14244117.000000,240234.000000,0.016865
427,343,292,0.003665,0.003052,14442322.000000,248004.000000,0.017172
428,344,291,0.003716,0.003098,14575097.000000,251821.000000,0.017277
429,345,291,0.003777,0.003194,14562003.000000,252934.000000,0.017369
430,345,290,0.003669,0.003102,14505206.000000,249970.000000,0.017233
431,346,290,0.003690,0.003132,14498537.000000,247265.000000,0.017054
432,347,289,0.003776,0.003156,14676767.000000,253488.000000,0.017271
433,347,289,0.003751,0.003161,14932800.000000,259202.000000,0.017358
434,347,288,0.003821,0.003163,14865497.000000,255314.000000,0.017175
435,348,288,0.003743,0.003148,14823503.000000,255660.000000,0.017247
436,349,287,0.003804,0.003214,14989702.000000,262136.000000,0.017488
437,350,286,0.003889,0.003278,15212024.000000,263605.000000,0.017329
438,350,286,0.003846,0.003258,15314610.000000,266684.000000,0.017414
439,351,285,0.003933,0.003319,15457768.000000,263191.000000,0.017026
440,352,284,0.003974,0.003347,15599618.000000,270103.000000,0.017315
441,353,283,0.003906,0.003321,15582353.000000,270238.000000,0.017343
442,354,282,0.004028,0.003416,15736297.000000,267418.000000,0.016994
443,355,281,0.004474,0.003420,15703430.000000,271730.000000,0.017304
444,356,280,0.004027,0.003398,15841633.000000,271588.000000,0.017144
445,357,279,0.004040,0.003442,15908576.000000,273663.000000,0.017202
446,358,278,0.004017,0.003432,15976440.000000,277032.000000,0.017340
447,359,278,0.003896,0.003546,16124083.000000,275086.000000,0.017061
448,360,277,0.003814,0.003502,16199355.000000,278064.000000,0.017165
449,361,277,0.003836,0.003495,16300523.000000,279654.000000,0.017156
450,361,276,0.003808,0.003507,16265039.000000,279279.000000,0.017171
451,362,275,0.003868,0.003511,16454118.000000,283137.000000,0.017208
452,363,275,0.003876,0.003555,16519783.000000,279776.000000,0.016936
453,364,274,0.003831,0.003546,16479322.000000,282584.000000,0.017148
454,365,273,0.003904,0.003575,16642216.000000,284006.000000,0.017065
455,366,273,0.003920,0.003613,16707393.000000,287382.000000,0.017201
456,367,272,0.003904,0.003598,16771825.000000,285410.000000,0.017017
457,368,271,0.003985,0.003664,16805957.000000,287751.000000,0.017122
458,369,271,0.003979,0.003634,16970265.000000,291642.000000,0.017185
459,370,270,0.004033,0.003708,17011520.000000,293205.000000,0.017236
460,371,269,0.004030,0.003695,17202530.000000,294610.000000,0.017126
461,372,268,0.004074,0.003756,17308170.000000,294587.000000,0.017020
462,373,267,0.004125,0.003800,17520788.000000,298407.000000,0.017032
463,374,266,0.004078,0.003791,17486525.000000,299510.000000,0.017128
464,374,265,0.004108,0.003795,17524640.000000,300494.000000,0.017147
465,375,265,0.004084,0.003800,17458471.000000,295094.000000,0.016903
466,376,264,0.004133,0.003786,17645775.000000,299045.000000,0.016947
467,377,263,0.004168,0.003831,17826725.000000,304032.000000,0.017055
468,378,261,0.004758,0.004147,17983224.000000,310085.000000,0.017243
469,379,260,0.004601,0.003972,18183230.000000,304926.000000,0.016770
470,379,259,0.004451,0.003868,18051555.000000,306711.000000,0.016991
471,380,257,0.004516,0.003930,18114810.000000,300781.000000,0.016604
472,381,256,0.004530,0.003926,18157823.000000,303587.000000,0.016719
473,382,255,0.004574,0.003961,18333391.000000,304951.000000,0.016634
474,382,254,0.004565,0.003974,18339158.000000,306212.000000,0.016697
475,383,252,0.004579,0.003995,18422427.000000,311826.000000,0.016926
476,384,251,0.004602,0.003985,18550267.000000,307186.000000,0.016560
477,384,250,0.004592,0.003991,18604478.000000,312788.000000,0.016813
478,384,249,0.004605,0.004027,18556746.000000,310763.000000,0.016747
479,384,248,0.004546,0.003967,18530143.000000,310485.000000,0.016756
480,384,247,0.004637,0.004068,18538355.000000,307594.000000,0.016592
481,385,246,0.004587,0.003980,18666287.000000,309707.000000,0.016592
482,386,245,0.004765,0.004079,19009631.000000,319550.000000,0.016810
483,387,244,0.004614,0.004054,18850891.000000,313863.000000,0.016650
484,388,243,0.004722,0.004087,19077112.000000,316025.000000,0.016566
485,388,242,0.004703,0.004114,19012821.000000,318297.000000,0.016741
486,389,241,0.004771,0.004137,19290195.000000,320813.000000,0.016631
487,389,240,0.004693,0.004137,19023064.000000,316927.000000,0.016660
488,390,239,0.004785,0.004156,19300025.000000,322076.000000,0.016688
489,391,238,0.004819,0.004188,19481923.000000,327181.000000,0.016794
490,392,237,0.004767,0.004422,19648508.000000,327104.000000,0.016648
491,393,236,0.004618,0.004266,19773311.000000,331447.000000,0.016762
492,394,235,0.004610,0.004279,19865398.000000,327180.000000,0.016470
493,395,234,0.004660,0.004336,20082990.000000,332251.000000,0.016544
494,396,233,0.004614,0.004285,19879077.000000,325766.000000,0.016387
495,397,233,0.004666,0.004359,19970985.000000,333693.000000,0.016709
496,398,232,0.004638,0.004314,20072547.000000,333273.000000,0.016603
497,398,231,0.004700,0.004368,20255850.000000,331152.000000,0.016348
498,399,230,0.004751,0.004431,20578464.000000,340699.000000,0.016556
499,400,230,0.004812,0.004508,20617564.000000,340759.000000,0.016528
500,401,229,0.004780,0.004440,20734792.000000,340087.000000,0.016402
501,402,228,0.004887,0.004557,21109964.000000,341662.000000,0.016185
502,403,227,0.004879,0.004515,21056805.000000,347541.000000,0.016505
503,404,227,0.004978,0.004633,21350613.000000,352529.000000,0.016511
504,404,226,0.004841,0.004541,21118688.000000,344923.000000,0.016333
505,404,225,0.004920,0.004616,21117408.000000,345849.000000,0.016377
506,404,225,0.004889,0.004550,21108410.000000,347073.000000,0.016442
507,405,224,0.004950,0.004609,21354631.000000,351215.000000,0.016447
508,406,223,0.004911,0.004572,21278257.000000,347063.000000,0.016311
509,407,222,0.004976,0.004632,21451145.000000,345613.000000,0.016112
510,408,221,0.005167,0.004666,21692936.000000,354509.000000,0.016342
511,409,220,0.005059,0.004736,21708155.000000,345805.000000,0.015930
512,410,219,0.005495,0.005143,22124010.000000,360488.000000,0.016294
513,411,217,0.005154,0.004845,21904712.000000,350198.000000,0.015987
514,412,217,0.005046,0.004737,21889925.000000,347066.000000,0.015855
515,413,215,0.005771,0.005418,22492022.000000,372863.000000,0.016578
516,414,214,0.005245,0.004904,22278373.000000,359410.000000,0.016133
517,414,213,0.005178,0.004839,22270616.000000,352494.000000,0.015828
518,414,212,0.005183,0.004861,22230664.000000,365320.000000,0.016433
519,414,211,0.005538,0.005215,22455317.000000,369409.000000,0.016451
520,415,210,0.005139,0.004834,22279104.000000,359781.000000,0.016149
521,415,210,0.005155,0.004811,22455692.000000,356096.000000,0.015858
522,416,208,0.005733,0.005379,23049019.000000,378249.000000,0.016411
523,417,208,0.005218,0.004887,22569147.000000,363900.000000,0.016124
524,418,207,0.005277,0.004913,22792446.000000,363929.000000,0.015967
525,418,206,0.005387,0.005066,22810631.000000,364757.000000,0.015991
526,419,205,0.005306,0.004950,22876348.000000,367053.000000,0.016045
527,420,204,0.005232,0.004940,22830749.000000,370744.000000,0.016239
528,421,204,0.005445,0.005057,23112117.000000,367980.000000,0.015922
529,422,203,0.005606,0.005194,23169033.000000,379572.000000,0.016383
530,423,202,0.005481,0.005099,23316274.000000,372515.000000,0.015977
531,424,201,0.005743,0.005396,23604628.000000,385945.000000,0.016350
532,424,201,0.005301,0.004974,23183843.000000,370238.000000,0.015970
533,425,200,0.005353,0.005037,23335837.000000,377070.000000,0.016158
534,426,200,0.005354,0.004982,23326831.000000,378405.000000,0.016222
535,427,199,0.005381,0.005042,23544508.000000,381099.000000,0.016186
536,428,199,0.005358,0.005031,23430900.000000,375877.000000,0.016042
537,429,198,0.005421,0.005114,23585599.000000,380690.000000,0.016141
538,430,198,0.005419,0.005084,23681944.000000,380507.000000,0.016067
539,431,197,0.005470,0.005130,23831136.000000,379809.000000,0.015938
540,432,197,0.005494,0.005140,23989621.000000,385757.000000,0.016080
541,433,196,0.005509,0.005156,23998645.000000,376067.000000,0.015670
542,433,195,0.005643,0.005141,24188093.000000,394919.000000,0.016327
543,434,195,0.005470,0.005156,23822654.000000,379280.000000,0.015921
544,434,194,0.005483,0.005172,23827363.000000,380080.000000,0.015951
545,435,194,0.005484,0.005158,23923800.000000,381484.000000,0.015946
546,435,193,0.005552,0.005213,24124740.000000,382014.000000,0.015835
547,436,193,0.005520,0.005186,23867063.000000,384372.000000,0.016105
548,437,192,0.006136,0.005435,24025617.000000,386048.000000,0.016068
549,438,191,0.005846,0.005210,24259953.000000,390596.000000,0.016100
550,439,191,0.005865,0.005219,24260422.000000,381789.000000,0.015737
551,440,190,0.005943,0.005324,24727268.000000,393671.000000,0.015921
552,441,189,0.005939,0.005293,24565338.000000,392706.000000,0.015986
553,442,188,0.006012,0.005314,24828268.000000,392798.000000,0.015821
554,442,188,0.005979,0.005351,25019846.000000,396628.000000,0.015853
555,443,187,0.006005,0.005413,24964721.000000,401799.000000,0.016095
556,444,186,0.006022,0.005402,25130764.000000,398354.000000,0.015851
557,445,185,0.006067,0.005439,25267453.000000,403680.000000,0.015976
558,446,184,0.006138,0.005521,25446586.000000,404739.000000,0.015905
559,446,184,0.006018,0.005450,25266993.000000,400306.000000,0.015843
560,446,183,0.006104,0.005486,25399669.000000,406558.000000,0.016006
561,447,182,0.006155,0.005492,25692092.000000,408566.000000,0.015902
562,447,182,0.006195,0.005591,25962735.000000,407478.000000,0.015695
563,448,181,0.006184,0.005576,25683856.000000,409805.000000,0.015956
564,448,180,0.006148,0.005811,25875605.000000,413306.000000,0.015973
565,448,180,0.005993,0.005648,25942655.000000,410391.000000,0.015819
566,449,179,0.005938,0.005595,26096739.000000,411398.000000,0.015764
567,450,178,0.005931,0.005593,26030264.000000,409388.000000,0.015727
568,451,178,0.005967,0.005653,26096893.000000,412985.000000,0.015825
569,452,177,0.005918,0.005622,26086656.000000,412654.000000,0.015819
570,453,177,0.005917,0.005593,26166302.000000,409410.000000,0.015646
571,453,177,0.006010,0.005688,26444388.000000,414229.000000,0.015664
572,454,176,0.005979,0.005663,26366342.000000,415081.000000,0.015743
573,455,176,0.005969,0.005657,26341979.000000,408397.000000,0.015504
574,456,175,0.006049,0.005699,26640392.000000,415786.000000,0.015607
575,457,175,0.006120,0.005809,26621505.000000,421491.000000,0.015833
576,458,175,0.006129,0.005834,26641749.000000,415370.000000,0.015591
577,459,174,0.006049,0.005736,26550881.000000,418650.000000,0.015768
578,459,174,0.006068,0.005762,26575068.000000,416190.000000,0.015661
579,460,174,0.006071,0.005757,26566772.000000,415320.000000,0.015633
580,460,173,0.006023,0.005694,26512430.000000,420446.000000,0.015858
581,461,172,0.006307,0.005907,26990853.000000,422652.000000,0.015659
582,462,172,0.006188,0.005839,27172883.000000,428046.000000,0.015753
583,462,172,0.006176,0.005814,27067670.000000,428695.000000,0.015838
584,463,171,0.006140,0.005828,27100491.000000,428246.000000,0.015802
585,464,171,0.006220,0.005826,27403196.000000,431355.000000,0.015741
586,465,170,0.006259,0.005906,27600793.000000,434538.000000,0.015744
587,466,170,0.006199,0.005897,27373631.000000,428349.000000,0.015648
588,467,170,0.006264,0.005881,27654791.000000,434938.000000,0.015727
589,467,169,0.006326,0.005982,27939007.000000,436380.000000,0.015619
590,468,169,0.006358,0.005987,28113154.000000,443364.000000,0.015771
591,469,169,0.006468,0.006094,28475400.000000,445722.000000,0.015653
592,470,168,0.006438,0.006097,28428264.000000,440242.000000,0.015486
593,471,167,0.006500,0.006167,28770121.000000,449127.000000,0.015611
594,472,167,0.006473,0.006164,28697834.000000,447456.000000,0.015592
595,473,166,0.006563,0.006200,29002547.000000,446783.000000,0.015405
596,474,166,0.006674,0.006251,29157941.000000,458283.000000,0.015717
597,474,165,0.006866,0.006457,29510761.000000,458937.000000,0.015552
598,475,165,0.006681,0.006331,29475049.000000,459664.000000,0.015595
599,476,164,0.006661,0.006369,29364225.000000,457293.000000,0.015573
600,477,163,0.006712,0.006353,29525565.000000,461751.000000,0.015639
601,478,163,0.006724,0.006391,29598908.000000,462545.000000,0.015627
602,479,162,0.006753,0.006378,29811194.000000,465927.000000,0.015629
603,480,162,0.006782,0.006468,29827458.000000,470423.000000,0.015771
604,481,161,0.006793,0.006430,29944520.000000,463607.000000,0.015482
605,482,161,0.006802,0.006491,30007592.000000,473175.000000,0.015769
606,483,160,0.006919,0.006546,30332969.000000,475285.000000,0.015669
607,484,159,0.006886,0.006544,30320920.000000,473346.000000,0.015611
608,484,159,0.006934,0.006584,30605809.000000,479718.000000,0.015674
609,485,159,0.006993,0.006652,30810669.000000,479866.000000,0.015575
610,485,158,0.006920,0.006557,30482662.000000,476816.000000,0.015642
611,486,158,0.007081,0.006751,30623571.000000,482711.000000,0.015763
612,487,157,0.006928,0.006571,30672481.000000,477155.000000,0.015556
613,488,157,0.006964,0.006605,30835666.000000,482782.000000,0.015657
614,489,157,0.007028,0.006674,30969659.000000,480718.000000,0.015522
615,490,156,0.006964,0.006632,30872481.000000,482445.000000,0.015627
616,491,156,0.007080,0.006692,31240042.000000,483382.000000,0.015473
617,492,155,0.007148,0.006766,31631553.000000,488985.000000,0.015459
618,493,155,0.007056,0.006709,31346696.000000,488735.000000,0.015591
619,494,154,0.007035,0.006728,31301288.000000,484281.000000,0.015472
620,494,154,0.007085,0.006743,31506621.000000,488616.000000,0.015508
621,494,154,0.007084,0.006757,31583545.000000,486868.000000,0.015415
622,495,153,0.007100,0.006737,31569304.000000,491152.000000,0.015558
623,496,153,0.007150,0.006807,31802026.000000,491698.000000,0.015461
624,496,153,0.007149,0.006821,31762695.000000,495328.000000,0.015595
625,496,152,0.007337,0.006983,32052137.000000,497670.000000,0.015527
626,497,152,0.007265,0.006871,32216438.000000,495917.000000,0.015393
627,498,151,0.007357,0.006956,32628806.000000,497299.000000,0.015241
628,499,150,0.007276,0.006909,32317973.000000,498130.000000,0.015413
629,500,150,0.007364,0.006972,32593011.000000,503748.000000,0.015456
630,500,149,0.007296,0.006992,32415040.000000,503624.000000,0.015537
631,501,149,0.007286,0.006965,32436164.000000,507444.000000,0.015644
632,502,148,0.007342,0.006963,32705457.000000,510961.000000,0.015623
633,503,148,0.007312,0.006994,32616655.000000,506303.000000,0.015523
634,504,147,0.007402,0.007020,32917803.000000,503689.000000,0.015301
635,505,147,0.007390,0.007051,32956459.000000,500616.000000,0.015190
636,505,147,0.007424,0.007116,33065409.000000,514971.000000,0.015574
637,506,146,0.007402,0.007089,33032038.000000,501088.000000,0.015170
638,506,146,0.007513,0.007106,33341728.000000,514215.000000,0.015423
639,507,145,0.007653,0.007275,33559709.000000,511721.000000,0.015248
640,508,144,0.007498,0.007122,33292571.000000,515478.000000,0.015483
641,509,144,0.007526,0.007147,33508360.000000,518333.000000,0.015469
642,510,144,0.007600,0.007241,33811315.000000,525530.000000,0.015543
643,510,143,0.007593,0.007259,33799196.000000,528119.000000,0.015625
644,511,143,0.007580,0.007258,33864812.000000,524726.000000,0.015495
645,512,142,0.007613,0.007301,33951545.000000,528691.000000,0.015572
646,513,142,0.007612,0.007286,33999554.000000,525201.000000,0.015447
647,514,141,0.007641,0.007316,34080905.000000,528440.000000,0.015505
648,515,141,0.007694,0.007313,34304032.000000,526857.000000,0.015358
649,516,140,0.007687,0.007347,34209796.000000,529394.000000,0.015475
650,517,140,0.007770,0.007379,34389406.000000,525201.000000,0.015272
651,518,139,0.007722,0.007382,34357611.000000,532434.000000,0.015497
652,519,139,0.007947,0.007568,34560820.000000,526728.000000,0.015241
653,520,138,0.007810,0.007447,34663258.000000,531166.000000,0.015324
654,521,138,0.007824,0.007435,34841016.000000,539939.000000,0.015497
655,522,138,0.007841,0.007535,34807508.000000,539845.000000,0.015509
656,523,137,0.007996,0.007607,35225070.000000,546479.000000,0.015514
657,524,137,0.007809,0.007507,34915048.000000,540865.000000,0.015491
658,525,136,0.008744,0.008343,35779475.000000,562659.000000,0.015726
659,526,136,0.007952,0.007619,35315004.000000,537547.000000,0.015221
660,526,135,0.007949,0.007625,35422323.000000,550611.000000,0.015544
661,527,135,0.007920,0.007601,35407233.000000,546667.000000,0.015439
662,528,135,0.008036,0.007622,35757431.000000,548056.000000,0.015327
663,529,134,0.007966,0.007663,35468707.000000,543493.000000,0.015323
664,530,134,0.008227,0.007688,35829877.000000,552965.000000,0.015433
665,530,134,0.008044,0.007688,35702637.000000,541570.000000,0.015169
666,531,133,0.008087,0.007691,36075473.000000,550912.000000,0.015271
667,532,133,0.008124,0.007750,36280945.000000,556648.000000,0.015343
668,532,132,0.008111,0.007703,36167530.000000,555256.000000,0.015352
669,533,132,0.008099,0.007786,36192353.000000,557210.000000,0.015396
670,534,132,0.008157,0.007795,36390484.000000,561692.000000,0.015435
671,535,131,0.008149,0.007846,36457495.000000,558626.000000,0.015323
672,536,131,0.008179,0.007835,36597007.000000,562186.000000,0.015362
673,537,131,0.008172,0.007876,36602908.000000,559795.000000,0.015294
674,538,130,0.008219,0.007875,36739253.000000,564058.000000,0.015353
675,538,130,0.008199,0.007902,36727160.000000,560492.000000,0.015261
676,538,130,0.008238,0.007909,36791407.000000,564224.000000,0.015336
677,539,129,0.008361,0.008044,36864911.000000,564597.000000,0.015315
678,540,129,0.008405,0.007976,37171947.000000,568690.000000,0.015299
679,541,129,0.008476,0.008085,37429549.000000,570226.000000,0.015235
680,541,128,0.008391,0.007983,37240535.000000,569248.000000,0.015286
681,541,128,0.008323,0.008008,37064967.000000,567498.000000,0.015311
682,542,128,0.008476,0.008066,37422885.000000,574771.000000,0.015359
683,543,127,0.008554,0.008204,37739516.000000,579088.000000,0.015344
684,543,127,0.008589,0.008218,37999962.000000,585801.000000,0.015416
685,543,126,0.008753,0.008227,38325628.000000,597277.000000,0.015584
686,544,126,0.008599,0.008222,38111186.000000,588111.000000,0.015431
687,545,126,0.008629,0.008317,38136353.000000,586799.000000,0.015387
688,546,125,0.008994,0.008174,38327250.000000,591174.000000,0.015424
689,547,125,0.009109,0.008579,39050828.000000,600641.000000,0.015381
690,548,124,0.008907,0.008513,38999122.000000,598713.000000,0.015352
691,549,124,0.009386,0.009002,39511154.000000,603597.000000,0.015277
692,550,123,0.008924,0.008578,39384960.000000,604383.000000,0.015346
693,551,123,0.009347,0.009041,39643805.000000,607663.000000,0.015328
694,552,122,0.009007,0.008647,39622249.000000,600733.000000,0.015162
695,553,122,0.009284,0.008933,39881503.000000,611552.000000,0.015334
696,554,122,0.009039,0.008672,39957009.000000,601333.000000,0.015049
697,555,121,0.009035,0.008713,39956651.000000,601026.000000,0.015042
698,555,121,0.009079,0.008667,40167626.000000,604278.000000,0.015044
699,556,120,0.009258,0.008871,40649145.000000,612905.000000,0.015078
700,557,120,0.009100,0.008748,40318024.000000,603777.000000,0.014975
701,557,120,0.009116,0.008806,40376789.000000,609348.000000,0.015092
702,558,119,0.009082,0.008793,40258074.000000,605612.000000,0.015043
703,558,119,0.009188,0.008808,40662119.000000,610160.000000,0.015006
704,559,118,0.009321,0.008936,40929997.000000,612969.000000,0.014976
705,559,118,0.009210,0.008891,40946532.000000,613819.000000,0.014991
706,560,118,0.009313,0.008963,41152447.000000,625097.000000,0.015190
707,560,117,0.009181,0.008885,40969596.000000,619698.000000,0.015126
708,561,117,0.009367,0.008960,41447573.000000,631600.000000,0.015239
709,562,117,0.009477,0.009095,41902071.000000,606581.000000,0.014476
710,563,116,0.009675,0.009136,41706237.000000,606285.000000,0.014537
711,564,116,0.009480,0.008966,41720182.000000,603297.000000,0.014461
712,565,115,0.009511,0.009013,41892867.000000,604324.000000,0.014425
713,566,115,0.009506,0.009037,41930844.000000,609522.000000,0.014536
714,567,115,0.009561,0.009190,42086942.000000,609368.000000,0.014479
715,568,114,0.009599,0.009216,42287944.000000,615451.000000,0.014554
716,569,114,0.009493,0.009161,42223259.000000,610180.000000,0.014451
717,570,113,0.009877,0.009535,42578373.000000,620571.000000,0.014575
718,570,113,0.009565,0.009266,42416204.000000,614063.000000,0.014477
719,571,113,0.009612,0.009233,42770367.000000,620494.000000,0.014508
720,571,113,0.009661,0.009348,42750356.000000,607936.000000,0.014221
721,572,112,0.009769,0.009470,42849157.000000,612581.000000,0.014296
722,572,112,0.009808,0.009406,43224120.000000,622398.000000,0.014399
723,572,111,0.009608,0.009315,42906144.000000,611066.000000,0.014242
724,572,111,0.009760,0.009450,43055035.000000,620222.000000,0.014405
725,573,111,0.009701,0.009362,43009437.000000,615944.000000,0.014321
726,574,110,0.009785,0.009416,43353169.000000,624514.000000,0.014405
727,575,110,0.009773,0.009430,43334141.000000,627867.000000,0.014489
728,576,110,0.009846,0.009437,43694917.000000,627156.000000,0.014353
729,576,109,0.009879,0.009523,43981747.000000,629514.000000,0.014313
730,576,109,0.009852,0.009559,43929406.000000,629436.000000,0.014328
731,577,109,0.010203,0.009897,44139962.000000,634815.000000,0.014382
732,578,108,0.010054,0.009645,44425618.000000,636253.000000,0.014322
733,578,108,0.009959,0.009658,44263852.000000,633026.000000,0.014301
734,579,108,0.010145,0.009733,44772677.000000,642549.000000,0.014351
735,580,107,0.010121,0.009694,44823989.000000,641985.000000,0.014322
736,580,107,0.011018,0.010593,45333575.000000,650707.000000,0.014354
737,581,106,0.010632,0.010311,44887440.000000,646492.000000,0.014403
738,582,106,0.010111,0.009704,45058744.000000,646722.000000,0.014353
739,583,106,0.010215,0.009803,45387444.000000,645476.000000,0.014221
740,584,105,0.010277,0.009869,45554142.000000,652540.000000,0.014324
741,585,105,0.010800,0.010364,45462685.000000,651891.000000,0.014339
742,585,104,0.010236,0.009779,45256909.000000,650543.000000,0.014374
743,586,104,0.010308,0.009840,45564052.000000,649770.000000,0.014261
744,587,104,0.010298,0.009826,45602291.000000,650715.000000,0.014269
745,588,103,0.010306,0.009862,45614157.000000,655634.000000,0.014373
746,589,103,0.010320,0.009859,45719084.000000,651826.000000,0.014257
747,590,103,0.010323,0.009890,45737990.000000,652415.000000,0.014264
748,590,103,0.010338,0.009873,45832717.000000,655292.000000,0.014297
749,590,102,0.010331,0.009907,45861908.000000,652354.000000,0.014224
750,591,102,0.010583,0.010222,46321231.000000,660551.000000,0.014260
751,592,102,0.010484,0.010176,46292644.000000,654828.000000,0.014145
752,593,102,0.010481,0.010080,46537859.000000,657409.000000,0.014126
753,594,101,0.010549,0.010232,46771996.000000,661606.000000,0.014145
754,594,101,0.010616,0.010240,46836895.000000,661091.000000,0.014115
755,594,101,0.010614,0.010236,47030295.000000,658526.000000,0.014002
756,594,101,0.010606,0.010287,47046944.000000,665368.000000,0.014143
757,595,100,0.010732,0.010369,47381792.000000,666122.000000,0.014059
758,595,100,0.010715,0.010343,47493617.000000,672080.000000,0.014151
759,596,100,0.010709,0.010412,47468173.000000,669252.000000,0.014099
760,597,100,0.010909,0.010530,47749731.000000,670945.000000,0.014051
761,598,99,0.010779,0.010450,47747627.000000,676107.000000,0.014160
762,598,99,0.010760,0.010412,47788733.000000,671600.000000,0.014054
763,599,99,0.010763,0.010376,47987141.000000,672517.000000,0.014015
764,600,99,0.010809,0.010402,48206814.000000,681723.000000,0.014142
765,601,98,0.010785,0.010445,48119617.000000,679437.000000,0.014120
766,602,98,0.010889,0.010502,48493058.000000,680914.000000,0.014041
767,603,98,0.010935,0.010555,48613283.000000,684079.000000,0.014072
768,604,97,0.010972,0.010593,48933198.000000,682314.000000,0.013944
769,605,97,0.011143,0.010832,49047245.000000,686839.000000,0.014004
770,605,97,0.011001,0.010654,48877054.000000,684508.000000,0.014005
771,606,97,0.011118,0.010721,49299743.000000,687368.000000,0.013943
772,607,96,0.011173,0.010802,49400921.000000,692959.000000,0.014027
773,608,96,0.010898,0.010582,48943977.000000,690634.000000,0.014111
774,609,96,0.011090,0.010731,49326975.000000,689923.000000,0.013987
775,610,96,0.011045,0.010698,49465979.000000,695005.000000,0.014050
776,611,96,0.011001,0.010630,49287320.000000,697598.000000,0.014154
777,612,95,0.011008,0.010698,49401996.000000,697019.000000,0.014109
778,613,95,0.011305,0.010977,49841101.000000,697597.000000,0.013996
779,613,95,0.011230,0.010887,49963164.000000,702178.000000,0.014054
780,614,95,0.011305,0.010904,50164506.000000,704166.000000,0.014037
781,615,94,0.011368,0.011024,50281400.000000,709786.000000,0.014116
782,615,94,0.011365,0.010939,50370565.000000,705387.000000,0.014004
783,616,94,0.011423,0.011013,50859859.000000,712559.000000,0.014010
784,617,94,0.011474,0.010948,50708622.000000,724170.000000,0.014281
785,618,93,0.011569,0.011131,51129691.000000,716393.000000,0.014011
786,619,93,0.011454,0.011137,50874923.000000,709226.000000,0.013941
787,620,93,0.011552,0.011224,50968335.000000,709479.000000,0.013920
788,621,93,0.011543,0.011143,51351609.000000,726206.000000,0.014142
789,621,92,0.011420,0.011101,51092541.000000,715710.000000,0.014008
790,622,92,0.011473,0.011110,51305071.000000,716598.000000,0.013967
791,623,92,0.011560,0.011228,51474964.000000,723831.000000,0.014062
792,624,92,0.011533,0.011166,51501723.000000,722887.000000,0.014036
793,624,92,0.011546,0.011236,51403067.000000,718338.000000,0.013975
794,625,91,0.011647,0.011295,51726658.000000,726809.000000,0.014051
795,626,91,0.011733,0.011411,51819313.000000,731877.000000,0.014124
796,627,91,0.011678,0.011294,52032541.000000,730589.000000,0.014041
797,628,91,0.011709,0.011327,52476897.000000,735533.000000,0.014016
798,629,91,0.011674,0.011284,52272323.000000,734872.000000,0.014059
799,630,90,0.011801,0.011424,52685520.000000,732082.000000,0.013895
800,631,90,0.011855,0.011515,52824193.000000,737671.000000,0.013965
801,632,90,0.011916,0.011469,53138626.000000,745503.000000,0.014029
802,632,90,0.012108,0.011701,53777840.000000,746442.000000,0.013880
803,633,90,0.011944,0.011551,53264203.000000,743311.000000,0.013955
804,634,89,0.012105,0.011673,53515061.000000,744914.000000,0.013920
805,635,89,0.012129,0.011804,53706437.000000,754004.000000,0.014039
806,635,89,0.012048,0.011664,53774374.000000,751020.000000,0.013966
807,635,89,0.012061,0.011705,53795065.000000,750193.000000,0.013945
808,636,88,0.012134,0.011731,54104296.000000,755175.000000,0.013958
809,637,88,0.012126,0.011746,54011173.000000,755056.000000,0.013980
810,638,88,0.012221,0.011816,54544874.000000,761128.000000,0.013954
811,639,88,0.012282,0.011884,54838855.000000,756972.000000,0.013804
812,640,87,0.012497,0.012087,55277081.000000,771490.000000,0.013957
813,641,87,0.012199,0.011892,54617143.000000,759111.000000,0.013899
814,642,87,0.012349,0.011928,55063932.000000,762409.000000,0.013846
815,643,87,0.012554,0.012247,55645929.000000,769233.000000,0.013824
816,644,87,0.012476,0.012124,55592144.000000,772513.000000,0.013896
817,645,86,0.012554,0.012255,55776879.000000,774244.000000,0.013881
818,645,86,0.012375,0.012064,55492670.000000,767179.000000,0.013825
819,646,86,0.012585,0.012285,55813976.000000,772463.000000,0.013840
820,646,86,0.012621,0.012294,55763478.000000,776471.000000,0.013924
821,647,85,0.012492,0.012180,55777894.000000,772822.000000,0.013855
822,648,85,0.012688,0.012269,56044252.000000,775072.000000,0.013830
823,649,85,0.012664,0.012350,56163852.000000,777306.000000,0.013840
824,650,85,0.012795,0.012396,56497012.000000,784411.000000,0.013884
825,651,84,0.012729,0.012344,56451042.000000,782561.000000,0.013863
826,651,84,0.012704,0.012320,56814815.000000,786522.000000,0.013844
827,652,84,0.012601,0.012281,56263442.000000,780807.000000,0.013878
828,653,84,0.012813,0.012431,56461509.000000,780811.000000,0.013829
829,654,84,0.012755,0.012393,56604769.000000,788840.000000,0.013936
830,655,83,0.012796,0.012407,57011494.000000,788890.000000,0.013837
831,656,83,0.012754,0.012456,56860280.000000,790872.000000,0.013909
832,656,83,0.012749,0.012444,56807490.000000,788914.000000,0.013887
833,657,83,0.012764,0.012446,56708015.000000,794802.000000,0.014016
834,657,83,0.012770,0.012446,56794472.000000,788647.000000,0.013886
835,658,82,0.012842,0.012453,57126559.000000,792341.000000,0.013870
836,659,82,0.012891,0.012540,57052959.000000,791037.000000,0.013865
837,660,82,0.012896,0.012571,57086072.000000,794923.000000,0.013925
838,660,82,0.012720,0.012337,57071502.000000,791720.000000,0.013872
839,660,82,0.012889,0.012582,57254438.000000,793777.000000,0.013864
840,661,81,0.012928,0.012569,57341596.000000,797063.000000,0.013900
841,662,81,0.012950,0.012526,57608890.000000,797701.000000,0.013847
842,663,81,0.012971,0.012600,57907793.000000,809318.000000,0.013976
843,664,81,0.012937,0.012575,57881090.000000,797812.000000,0.013784
844,665,81,0.013329,0.012951,58534288.000000,808493.000000,0.013812
845,666,81,0.013215,0.012793,58907179.000000,811566.000000,0.013777
846,667,80,0.013100,0.012754,58797585.000000,812599.000000,0.013820
847,668,80,0.013323,0.012970,59200546.000000,814473.000000,0.013758
848,669,80,0.013356,0.012977,59483742.000000,823259.000000,0.013840
849,670,80,0.013352,0.013012,59381907.000000,822335.000000,0.013848
850,670,80,0.013362,0.013046,59506726.000000,822744.000000,0.013826
851,671,79,0.013639,0.013175,59471578.000000,827364.000000,0.013912
852,672,79,0.013336,0.012792,59555911.000000,827239.000000,0.013890
853,672,79,0.013293,0.012852,59418302.000000,824269.000000,0.013872
854,673,79,0.013328,0.012835,59580043.000000,826703.000000,0.013876
855,674,79,0.013420,0.012895,60049414.000000,831525.000000,0.013847
856,675,78,0.013519,0.012954,60375645.000000,840099.000000,0.013915
857,675,78,0.013509,0.012970,60468061.000000,836380.000000,0.013832
858,676,78,0.013545,0.012984,60553924.000000,838785.000000,0.013852
859,677,78,0.013889,0.013564,61006887.000000,845383.000000,0.013857
860,678,78,0.013805,0.013409,61291139.000000,846481.000000,0.013811
861,678,77,0.013805,0.013497,61299424.000000,848410.000000,0.013840
862,679,77,0.013861,0.013398,61607601.000000,854099.000000,0.013864
863,680,77,0.013912,0.013572,61804273.000000,851919.000000,0.013784
864,681,77,0.014034,0.013574,62082093.000000,866580.000000,0.013959
865,682,77,0.013961,0.013631,61830363.000000,854257.000000,0.013816
866,683,77,0.014180,0.013765,62362224.000000,851755.000000,0.013658
867,684,76,0.013930,0.013581,62131224.000000,854327.000000,0.013750
868,685,76,0.013992,0.013565,62189741.000000,858674.000000,0.013807
869,686,76,0.013967,0.013649,62345714.000000,859782.000000,0.013791
870,686,76,0.014020,0.013677,62508942.000000,860010.000000,0.013758
871,687,76,0.013942,0.013621,62531169.000000,861341.000000,0.013775
872,687,75,0.013963,0.013646,62445306.000000,859385.000000,0.013762
873,688,75,0.014256,0.013928,62914873.000000,865420.000000,0.013755
874,689,75,0.014186,0.013751,63092351.000000,869561.000000,0.013782
875,690,75,0.014318,0.013873,63534622.000000,874518.000000,0.013764
876,691,75,0.014268,0.013906,63531410.000000,871889.000000,0.013724
877,692,75,0.014371,0.013981,63780225.000000,874804.000000,0.013716
878,693,74,0.014415,0.013996,64132439.000000,880773.000000,0.013734
879,694,74,0.014482,0.014164,64031608.000000,882008.000000,0.013775
880,695,74,0.014594,0.014260,64176084.000000,876794.000000,0.013662
881,696,74,0.014367,0.013998,64050033.000000,874203.000000,0.013649
882,696,74,0.014587,0.014204,64632849.000000,886903.000000,0.013722
883,697,74,0.014385,0.014068,64059011.000000,881645.000000,0.013763
884,698,73,0.014595,0.014135,64716122.000000,888822.000000,0.013734
885,699,73,0.014616,0.014202,64777604.000000,889611.000000,0.013733
886,699,73,0.014565,0.014155,64731397.000000,886731.000000,0.013699
887,699,73,0.014698,0.014271,64991339.000000,887117.000000,0.013650
888,699,73,0.014585,0.014162,64909434.000000,888716.000000,0.013692
889,699,73,0.014529,0.014132,64976682.000000,887699.000000,0.013662
890,700,72,0.014497,0.014116,64889440.000000,890586.000000,0.013725
891,701,72,0.014456,0.014110,64852715.000000,888044.000000,0.013693
892,702,72,0.014762,0.014336,65564299.000000,893313.000000,0.013625
893,703,72,0.014793,0.014420,65893801.000000,898442.000000,0.013635
894,704,72,0.014863,0.014419,65858807.000000,899585.000000,0.013659
895,705,72,0.015018,0.014691,66354645.000000,904669.000000,0.013634
896,706,71,0.014965,0.014550,66495340.000000,909114.000000,0.013672
897,706,71,0.014892,0.014563,66315978.000000,904447.000000,0.013638
898,706,71,0.014952,0.014612,66528156.000000,910428.000000,0.013685
899,707,71,0.014880,0.014551,66504854.000000,909122.000000,0.013670
900,707,71,0.014939,0.014561,66420024.000000,902469.000000,0.013587
901,708,70,0.014933,0.014572,66810546.000000,910332.000000,0.013626
902,709,70,0.014936,0.014614,66966691.000000,913967.000000,0.013648
903,710,70,0.015039,0.014716,67060017.000000,915505.000000,0.013652
904,711,70,0.015139,0.014712,67457017.000000,919549.000000,0.013632
905,712,70,0.015173,0.014758,67783198.000000,922224.000000,0.013605
906,712,70,0.014932,0.014620,66988433.000000,912775.000000,0.013626
907,713,69,0.015769,0.015241,67183703.000000,919731.000000,0.013690
908,713,69,0.014921,0.014464,66973608.000000,914592.000000,0.013656
909,714,69,0.015023,0.014473,67371477.000000,921748.000000,0.013682
910,715,69,0.015119,0.014589,67741629.000000,925136.000000,0.013657
911,716,69,0.015298,0.014786,68562564.000000,931773.000000,0.013590
912,717,69,0.015273,0.014790,68529327.000000,933031.000000,0.013615
913,718,69,0.015382,0.014810,68988831.000000,938062.000000,0.013597
914,719,68,0.015587,0.015168,69133514.000000,936731.000000,0.013550
915,720,68,0.015635,0.015300,69587933.000000,942296.000000,0.013541
916,721,68,0.015565,0.015111,69614249.000000,941648.000000,0.013527
917,722,68,0.015708,0.015285,70216529.000000,950125.000000,0.013531
918,722,68,0.015692,0.015246,69990951.000000,946775.000000,0.013527
919,723,68,0.015465,0.015131,69574702.000000,942913.000000,0.013553
920,724,67,0.015944,0.015430,70349642.000000,952940.000000,0.013546
921,725,67,0.015638,0.015213,70107936.000000,946993.000000,0.013508
922,726,67,0.015767,0.015391,70364335.000000,955636.000000,0.013581
923,726,67,0.015731,0.015330,70203452.000000,954591.000000,0.013597
924,727,67,0.015846,0.015394,70856471.000000,956403.000000,0.013498
925,728,67,0.015851,0.015526,71118596.000000,963145.000000,0.013543
926,729,67,0.015976,0.015584,71345607.000000,964351.000000,0.013517
927,730,66,0.015950,0.015567,71451295.000000,963964.000000,0.013491
928,730,66,0.015992,0.015567,71796232.000000,967450.000000,0.013475
929,731,66,0.015883,0.015557,71520711.000000,968228.000000,0.013538
930,731,66,0.016048,0.015719,71720905.000000,967828.000000,0.013494
931,732,66,0.016079,0.015638,72001933.000000,981787.000000,0.013636
932,733,66,0.015985,0.015629,71900683.000000,969308.000000,0.013481
933,734,66,0.016041,0.015710,71855447.000000,966100.000000,0.013445
934,735,65,0.016048,0.015666,71984634.000000,970293.000000,0.013479
935,736,65,0.016149,0.015770,72237694.000000,971282.000000,0.013446
936,736,65,0.016147,0.015782,72297859.000000,971093.000000,0.013432
937,737,65,0.016173,0.015845,72312894.000000,973191.000000,0.013458
938,737,65,0.016180,0.015859,72277590.000000,972327.000000,0.013453
939,738,65,0.016224,0.015766,72497213.000000,970848.000000,0.013392
940,738,65,0.016192,0.015818,72779797.000000,975000.000000,0.013397
941,739,65,0.016166,0.015814,72765488.000000,979132.000000,0.013456
942,740,64,0.016297,0.015851,73085130.000000,978858.000000,0.013393
943,741,64,0.016257,0.015941,73070595.000000,982007.000000,0.013439
944,741,64,0.016350,0.015935,73234867.000000,982094.000000,0.013410
945,742,64,0.016462,0.016130,73404592.000000,985800.000000,0.013430
946,743,64,0.016778,0.016214,73933318.000000,992514.000000,0.013424
947,744,64,0.016938,0.016478,73385564.000000,990331.000000,0.013495
948,745,64,0.016437,0.015880,73763153.000000,993742.000000,0.013472
949,745,64,0.016357,0.015890,73566167.000000,990146.000000,0.013459
950,746,63,0.016437,0.015875,73848968.000000,992782.000000,0.013443
951,747,63,0.016774,0.016357,74083103.000000,996416.000000,0.013450
952,748,63,0.016616,0.016239,74546101.000000,998872.000000,0.013399
953,748,63,0.016621,0.016203,74861549.000000,996607.000000,0.013313
954,749,63,0.016592,0.016196,74718926.000000,999022.000000,0.013370
955,750,63,0.017002,0.016487,75389845.000000,1008494.000000,0.013377
956,751,63,0.016609,0.016093,74721687.000000,1001950.000000,0.013409
957,752,62,0.017044,0.016535,75642621.000000,1011008.000000,0.013366
958,753,62,0.016769,0.016230,75433134.000000,1011000.000000,0.013403
959,754,62,0.016896,0.016408,75855536.000000,1012234.000000,0.013344
960,755,62,0.016864,0.016323,75855462.000000,1014402.000000,0.013373
961,756,62,0.016818,0.016341,75842003.000000,1013489.000000,0.013363
962,757,62,0.016969,0.016392,76349973.000000,1019503.000000,0.013353
963,758,62,0.017244,0.016782,76634094.000000,1023312.000000,0.013353
964,758,62,0.017183,0.016620,76823208.000000,1028497.000000,0.013388
965,759,61,0.017040,0.016582,76620432.000000,1024438.000000,0.013370
966,760,61,0.017132,0.016562,77027014.000000,1027344.000000,0.013337
967,761,61,0.017046,0.016584,76768413.000000,1028399.000000,0.013396
968,761,61,0.017105,0.016544,77086684.000000,1026576.000000,0.013317
969,762,61,0.017641,0.017299,77923066.000000,1034833.000000,0.013280
970,762,61,0.017190,0.016854,77382849.000000,1028074.000000,0.013286
971,763,61,0.017249,0.016824,77743930.000000,1026964.000000,0.013210
972,764,61,0.017288,0.016893,77812978.000000,1028786.000000,0.013221
973,765,60,0.017561,0.017108,78776929.000000,1041427.000000,0.013220
974,766,60,0.017603,0.017194,78865817.000000,1044107.000000,0.013239
975,766,60,0.017508,0.017170,78454458.000000,1038615.000000,0.013238
976,767,60,0.017489,0.017050,78602379.000000,1044431.000000,0.013288
977,768,60,0.017552,0.017228,78835214.000000,1041594.000000,0.013212
978,769,60,0.017539,0.017176,78950523.000000,1045922.000000,0.013248
979,770,60,0.017560,0.017123,79196239.000000,1047438.000000,0.013226
980,771,60,0.017878,0.017440,79796713.000000,1050368.000000,0.013163
981,772,59,0.017645,0.017276,79253434.000000,1047036.000000,0.013211
