frame,nb of entities,FPS,frame length,physics length,L1-dcache-loads,L1-dcache-load-misses,L1-dcache-load-miss-ratio
0,3,301,0.002117,0.000041,506040.000000,35280.000000,0.069718
1,4,301,0.003324,0.000035,585847.000000,35444.000000,0.060500
2,5,301,0.003339,0.000035,576164.000000,35822.000000,0.062173
3,6,301,0.003321,0.000037,581566.000000,34636.000000,0.059556
4,7,301,0.003324,0.000035,588803.000000,34745.000000,0.059010
5,8,301,0.003319,0.000034,567523.000000,31304.000000,0.055159
6,9,301,0.003324,0.000032,607802.000000,35000.000000,0.057585
7,10,301,0.003329,0.000031,618814.000000,34903.000000,0.056403
8,11,301,0.003320,0.000032,601634.000000,35471.000000,0.058958
9,12,301,0.003322,0.000037,603774.000000,34915.000000,0.057828
10,13,301,0.003330,0.000034,574542.000000,31492.000000,0.054812
11,14,301,0.003318,0.000039,618730.000000,36275.000000,0.058628
12,14,301,0.003323,0.000033,597018.000000,34209.000000,0.057300
13,15,302,0.003325,0.000039,622114.000000,34884.000000,0.056073
14,16,302,0.003320,0.000040,615366.000000,35897.000000,0.058334
15,17,302,0.003326,0.000074,637326.000000,36148.000000,0.056718
16,18,302,0.003324,0.000057,645939.000000,37729.000000,0.058410
17,19,302,0.003318,0.000057,665697.000000,37964.000000,0.057029
18,20,302,0.003324,0.000054,648936.000000,37520.000000,0.057818
19,21,302,0.003326,0.000055,633854.000000,37318.000000,0.058875
20,22,302,0.003320,0.000061,608578.000000,33857.000000,0.055633
21,23,302,0.003322,0.000057,662344.000000,37753.000000,0.056999
22,24,302,0.003327,0.000057,658156.000000,37577.000000,0.057094
23,25,302,0.003322,0.000060,650953.000000,37474.000000,0.057568
24,25,302,0.003326,0.000055,640327.000000,36821.000000,0.057503
25,26,302,0.003324,0.000060,641148.000000,33862.000000,0.052815
26,26,302,0.003322,0.000049,652081.000000,38400.000000,0.058888
27,27,302,0.003321,0.000060,656290.000000,37371.000000,0.056943
28,27,302,0.003328,0.000052,644714.000000,36955.000000,0.057320
29,28,302,0.003321,0.000055,648239.000000,37822.000000,0.058346
30,29,302,0.003323,0.000061,611378.000000,33875.000000,0.055408
31,30,302,0.003327,0.000062,659912.000000,37789.000000,0.057264
32,31,302,0.003321,0.000061,645736.000000,37610.000000,0.058244
33,32,302,0.003322,0.000064,660592.000000,36905.000000,0.055867
34,33,302,0.003330,0.000058,660795.000000,37490.000000,0.056735
35,34,302,0.003320,0.000067,632654.000000,34042.000000,0.053808
36,34,302,0.003322,0.000055,668453.000000,37192.000000,0.055639
37,35,302,0.003327,0.000066,689194.000000,38077.000000,0.055249
38,36,302,0.003322,0.000060,683728.000000,37980.000000,0.055548
39,36,302,0.003324,0.000057,673089.000000,37328.000000,0.055458
40,37,302,0.003328,0.000064,658549.000000,33993.000000,0.051618
41,38,302,0.003323,0.000066,702507.000000,38135.000000,0.054284
42,39,302,0.003322,0.000071,735237.000000,38565.000000,0.052452
43,40,302,0.003325,0.000078,740318.000000,39244.000000,0.053010
44,40,302,0.003322,0.000071,717448.000000,38504.000000,0.053668
45,41,302,0.003326,0.000076,702793.000000,35910.000000,0.051096
46,41,302,0.003330,0.000071,704933.000000,38672.000000,0.054859
47,41,302,0.003315,0.000079,718516.000000,39192.000000,0.054546
48,42,302,0.003326,0.000076,728277.000000,38716.000000,0.053161
49,43,302,0.003328,0.000079,748679.000000,39758.000000,0.053104
50,43,302,0.003320,0.000074,687465.000000,34761.000000,0.050564
51,44,302,0.003326,0.000079,720095.000000,38460.000000,0.053410
52,45,302,0.003326,0.000087,745245.000000,39315.000000,0.052754
53,46,302,0.003319,0.000085,792649.000000,41383.000000,0.052208
54,47,302,0.003326,0.000075,760994.000000,39840.000000,0.052353
55,48,302,0.003323,0.000095,760373.000000,36824.000000,0.048429
56,49,302,0.003323,0.000077,792679.000000,40412.000000,0.050982
57,50,302,0.003327,0.000080,779959.000000,40214.000000,0.051559
58,51,302,0.003322,0.000148,831327.000000,46316.000000,0.055713
59,52,302,0.003320,0.000094,801808.000000,41098.000000,0.051257
60,53,300,0.003322,0.000093,776879.000000,36535.000000,0.047028
61,54,300,0.003329,0.000098,810032.000000,40507.000000,0.050007
62,55,300,0.003319,0.000105,798369.000000,40511.000000,0.050742
63,55,300,0.003323,0.000103,789035.000000,39383.000000,0.049913
64,56,300,0.003330,0.000109,820270.000000,40659.000000,0.049568
65,57,300,0.003318,0.000116,791218.000000,37185.000000,0.046997
66,58,300,0.003320,0.000118,877654.000000,41738.000000,0.047556
67,58,300,0.003326,0.000091,865250.000000,41512.000000,0.047977
68,59,300,0.003348,0.000096,824596.000000,42700.000000,0.051783
69,60,300,0.003318,0.000125,885807.000000,42558.000000,0.048044
70,61,300,0.003326,0.000122,840530.000000,38320.000000,0.045590
71,62,300,0.003388,0.000122,799856.000000,42281.000000,0.052861
72,62,300,0.003344,0.000121,777646.000000,41394.000000,0.053230
73,63,300,0.003360,0.000127,787577.000000,42342.000000,0.053762
74,64,300,0.003340,0.000133,787280.000000,41908.000000,0.053231
75,65,300,0.003345,0.000129,743388.000000,37890.000000,0.050969
76,66,300,0.003342,0.000128,797719.000000,42244.000000,0.052956
77,66,300,0.003342,0.000102,804581.000000,42817.000000,0.053217
78,66,300,0.003345,0.000126,777522.000000,41300.000000,0.053117
79,67,300,0.003344,0.000133,796097.000000,41974.000000,0.052725
80,68,300,0.003315,0.000120,858265.000000,38267.000000,0.044586
81,69,300,0.003324,0.000127,931467.000000,43073.000000,0.046242
82,69,300,0.003324,0.000134,912832.000000,42968.000000,0.047071
83,70,300,0.003312,0.000140,907026.000000,41927.000000,0.046225
84,71,300,0.003323,0.000136,911156.000000,41891.000000,0.045976
85,72,300,0.003327,0.000141,910594.000000,40016.000000,0.043945
86,73,300,0.003312,0.000141,925992.000000,42952.000000,0.046385
87,74,300,0.003324,0.000144,927325.000000,42143.000000,0.045446
88,75,300,0.003328,0.000144,941124.000000,42917.000000,0.045602
89,76,300,0.003317,0.000148,936670.000000,42958.000000,0.045862
90,76,300,0.003323,0.000143,893387.000000,37705.000000,0.042205
91,76,300,0.003327,0.000142,947916.000000,42348.000000,0.044675
92,77,300,0.003316,0.000154,979466.000000,42652.000000,0.043546
93,78,300,0.003325,0.000161,982384.000000,43020.000000,0.043791
94,78,300,0.003329,0.000155,974339.000000,43266.000000,0.044405
95,79,300,0.003314,0.000162,946263.000000,39506.000000,0.041749
96,79,300,0.003325,0.000155,967851.000000,43088.000000,0.044519
97,79,300,0.003324,0.000145,993150.000000,43604.000000,0.043905
98,80,300,0.003310,0.000162,1016372.000000,43987.000000,0.043278
99,81,300,0.003326,0.000170,1025559.000000,43444.000000,0.042361
100,82,300,0.003323,0.000175,1027908.000000,40585.000000,0.039483
101,83,300,0.003316,0.000162,1059597.000000,43595.000000,0.041143
102,84,300,0.003327,0.000161,1083350.000000,44321.000000,0.040911
103,84,300,0.003323,0.000173,1109153.000000,44425.000000,0.040053
104,84,300,0.003314,0.000170,1102486.000000,43857.000000,0.039780
105,85,300,0.003325,0.000175,1077115.000000,40518.000000,0.037617
106,86,300,0.003340,0.000175,1151801.000000,46279.000000,0.040180
107,86,300,0.003306,0.000203,1191766.000000,46089.000000,0.038673
108,87,300,0.003324,0.000193,1204294.000000,46358.000000,0.038494
109,87,300,0.003328,0.000203,1200144.000000,46091.000000,0.038405
110,88,300,0.003315,0.000195,1190564.000000,42033.000000,0.035305
111,89,300,0.003325,0.000200,1211024.000000,45990.000000,0.037976
112,90,300,0.003328,0.000198,1245729.000000,46486.000000,0.037316
113,91,300,0.003316,0.000204,1224122.000000,46563.000000,0.038038
114,92,300,0.003325,0.000203,1255530.000000,46299.000000,0.036876
115,93,300,0.003327,0.000209,1245944.000000,43264.000000,0.034724
116,94,300,0.003316,0.000213,1297710.000000,47863.000000,0.036883
117,95,300,0.003325,0.000219,1280294.000000,47343.000000,0.036978
118,96,300,0.003328,0.000218,1331486.000000,48272.000000,0.036254
119,96,300,0.003317,0.000219,1293986.000000,46347.000000,0.035817
120,97,300,0.003325,0.000223,1291727.000000,43439.000000,0.033629
121,98,300,0.003327,0.000234,1394563.000000,49517.000000,0.035507
122,99,300,0.003355,0.000256,1356902.000000,50024.000000,0.036866
123,99,300,0.003346,0.000250,1328986.000000,48921.000000,0.036811
124,100,300,0.003344,0.000266,1368908.000000,50021.000000,0.036541
125,101,300,0.003350,0.000260,1317802.000000,45423.000000,0.034469
126,102,300,0.003337,0.000259,1390961.000000,50327.000000,0.036181
127,102,300,0.003348,0.000266,1368058.000000,49893.000000,0.036470
128,102,300,0.003350,0.000258,1357370.000000,48656.000000,0.035846
129,102,300,0.003345,0.000258,1356002.000000,49287.000000,0.036347
130,103,300,0.003352,0.000274,1388626.000000,47621.000000,0.034294
131,104,300,0.003348,0.000271,1400137.000000,49697.000000,0.035494
132,105,300,0.003348,0.000269,1432825.000000,49820.000000,0.034770
133,106,300,0.003350,0.000276,1422016.000000,50538.000000,0.035540
134,107,300,0.003350,0.000276,1458340.000000,51350.000000,0.035211
135,108,300,0.003359,0.000291,1414508.000000,47598.000000,0.033650
136,109,300,0.003358,0.000283,1463928.000000,52783.000000,0.036056
137,110,300,0.003350,0.000314,1453278.000000,50596.000000,0.034815
138,111,300,0.003332,0.000291,1500370.000000,52292.000000,0.034853
139,112,300,0.003352,0.000322,1478021.000000,55460.000000,0.037523
140,113,300,0.003349,0.000290,1486637.000000,50247.000000,0.033799
141,114,300,0.003348,0.000313,1549020.000000,54574.000000,0.035231
142,115,300,0.003355,0.000345,1621369.000000,58184.000000,0.035886
143,115,300,0.003351,0.000308,1554803.000000,54418.000000,0.035000
144,116,300,0.003351,0.000321,1624821.000000,54846.000000,0.033755
145,117,300,0.003353,0.000368,1603140.000000,54997.000000,0.034306
146,118,299,0.003353,0.000335,1664499.000000,56069.000000,0.033685
147,119,299,0.003357,0.000334,1651910.000000,56202.000000,0.034022
148,119,299,0.003324,0.000718,1808115.000000,70560.000000,0.039024
149,120,299,0.003337,0.000313,1761607.000000,58331.000000,0.033112
150,121,299,0.003309,0.000449,1824909.000000,69682.000000,0.038184
151,121,299,0.003322,0.000335,1798834.000000,57357.000000,0.031886
152,122,299,0.003338,0.000363,1817457.000000,62083.000000,0.034159
153,123,299,0.003330,0.000327,1823351.000000,58896.000000,0.032301
154,124,299,0.003313,0.000465,1906973.000000,60253.000000,0.031596
155,125,299,0.003322,0.000542,1925271.000000,76499.000000,0.039734
156,125,299,0.003324,0.000322,1895437.000000,59794.000000,0.031546
157,126,299,0.003349,0.000605,1843533.000000,61951.000000,0.033604
158,127,299,0.003340,0.000419,1852073.000000,60236.000000,0.032524
159,128,299,0.003602,0.000397,1810037.000000,55647.000000,0.030744
160,128,299,0.003143,0.000425,1851447.000000,59711.000000,0.032251
161,129,299,0.003358,0.000415,1861410.000000,59759.000000,0.032104
162,130,299,0.003593,0.000424,1923833.000000,60299.000000,0.031343
163,131,299,0.003360,0.000549,2015441.000000,72080.000000,0.035764
164,132,299,0.003357,0.000456,1972821.000000,57240.000000,0.029014
165,133,299,0.003325,0.000473,2069172.000000,62948.000000,0.030422
166,134,299,0.003320,0.000404,2188111.000000,64600.000000,0.029523
167,135,299,0.003326,0.000493,2166365.000000,62718.000000,0.028951
168,136,299,0.003326,0.000510,2226904.000000,65983.000000,0.029630
169,137,299,0.003318,0.000483,2197285.000000,60063.000000,0.027335
170,137,299,0.003322,0.000501,2235594.000000,64891.000000,0.029026
171,137,299,0.003327,0.000562,2262460.000000,67162.000000,0.029685
172,138,299,0.003317,0.000493,2328086.000000,67071.000000,0.028810
173,139,299,0.003324,0.000527,2290063.000000,65333.000000,0.028529
174,139,299,0.003325,0.000526,2239623.000000,60906.000000,0.027195
175,140,299,0.003318,0.000530,2357757.000000,70054.000000,0.029712
176,141,299,0.003329,0.000541,2368983.000000,67850.000000,0.028641
177,142,299,0.003318,0.000614,2411711.000000,68924.000000,0.028579
178,143,299,0.003321,0.000528,2467637.000000,68734.000000,0.027854
179,144,299,0.003321,0.000570,2463838.000000,64236.000000,0.026072
180,144,299,0.003329,0.000591,2491563.000000,69746.000000,0.027993
181,144,299,0.003326,0.000552,2540212.000000,69651.000000,0.027419
182,145,299,0.003315,0.000742,2756459.000000,92262.000000,0.033471
183,146,299,0.003326,0.000546,2650759.000000,74866.000000,0.028243
184,147,299,0.003320,0.000584,2594904.000000,67013.000000,0.025825
185,148,299,0.003326,0.000627,2646190.000000,71776.000000,0.027124
186,148,299,0.003324,0.000790,2718649.000000,82308.000000,0.030275
187,148,299,0.003318,0.000585,2640716.000000,71663.000000,0.027138
188,149,299,0.003324,0.000627,2668953.000000,71633.000000,0.026839
189,150,299,0.003326,0.000650,2692549.000000,68361.000000,0.025389
190,151,299,0.003323,0.000525,2784885.000000,72237.000000,0.025939
191,152,299,0.003323,0.000665,2827377.000000,74138.000000,0.026221
192,153,299,0.003328,0.000681,2870682.000000,76128.000000,0.026519
193,153,299,0.003320,0.000647,2929215.000000,75870.000000,0.025901
194,153,299,0.003326,0.000705,2886750.000000,71805.000000,0.024874
195,154,299,0.003323,0.000721,2972600.000000,78528.000000,0.026417
196,154,299,0.003324,0.000642,2982370.000000,81277.000000,0.027252
197,155,299,0.003321,0.000716,2936242.000000,76144.000000,0.025932
198,156,299,0.003324,0.000714,2993764.000000,78436.000000,0.026200
199,157,299,0.003323,0.000692,2978785.000000,73396.000000,0.024640
200,158,299,0.003319,0.000740,3097441.000000,80164.000000,0.025881
201,159,299,0.003327,0.000758,3099622.000000,78987.000000,0.025483
202,159,299,0.003322,0.000711,3077839.000000,77814.000000,0.025282
203,159,299,0.003321,0.000629,3066001.000000,76802.000000,0.025050
204,160,299,0.003329,0.000760,3114410.000000,75436.000000,0.024222
205,161,300,0.003319,0.000715,3197182.000000,80822.000000,0.025279
206,162,300,0.003323,0.000659,3241754.000000,81136.000000,0.025028
207,163,300,0.003324,0.000805,3341538.000000,82238.000000,0.024611
208,164,300,0.003324,0.000635,3259860.000000,81237.000000,0.024920
209,165,300,0.003323,0.000682,3261202.000000,77518.000000,0.023770
210,166,300,0.003325,0.000871,3423758.000000,86509.000000,0.025267
211,167,300,0.003324,0.000871,3531361.000000,87187.000000,0.024689
212,167,300,0.003319,0.000727,3465318.000000,85459.000000,0.024661
213,168,300,0.003329,0.000950,3452057.000000,91011.000000,0.026364
214,169,300,0.003322,0.000799,3390441.000000,79732.000000,0.023517
215,170,300,0.003318,0.000742,3524001.000000,86805.000000,0.024633
216,171,300,0.003330,0.000868,3618994.000000,87234.000000,0.024104
217,172,300,0.003316,0.000874,3774076.000000,89281.000000,0.023656
218,173,300,0.003321,0.000793,3794960.000000,90097.000000,0.023741
219,174,300,0.003326,0.000956,3845679.000000,85213.000000,0.022158
220,174,300,0.003321,0.000747,3748583.000000,87934.000000,0.023458
221,175,300,0.003325,0.000885,3765632.000000,88904.000000,0.023609
222,176,300,0.003324,0.001029,3994872.000000,105650.000000,0.026446
223,177,300,0.003324,0.000775,3861939.000000,89667.000000,0.023218
224,178,300,0.003321,0.001031,4061304.000000,103912.000000,0.025586
225,179,300,0.003330,0.000995,3933157.000000,93992.000000,0.023897
226,180,300,0.003318,0.001193,4229276.000000,119971.000000,0.028367
227,181,300,0.003323,0.001003,4069867.000000,104498.000000,0.025676
228,182,300,0.003325,0.001305,4240911.000000,123625.000000,0.029151
229,182,300,0.003318,0.000925,3887285.000000,85136.000000,0.021901
230,183,300,0.003322,0.000885,4009852.000000,92833.000000,0.023151
231,184,300,0.003326,0.001002,4082661.000000,92604.000000,0.022682
232,185,300,0.003318,0.000963,4134922.000000,95098.000000,0.022999
233,186,300,0.003322,0.000987,4072198.000000,92756.000000,0.022778
234,187,300,0.003322,0.001034,4068808.000000,88591.000000,0.021773
235,188,300,0.003323,0.000962,4102480.000000,94000.000000,0.022913
236,189,300,0.003322,0.001004,4225825.000000,93585.000000,0.022146
237,190,300,0.003324,0.001060,4286394.000000,94968.000000,0.022156
238,191,300,0.003324,0.001013,4215957.000000,93783.000000,0.022245
239,191,300,0.003323,0.000930,4233431.000000,88970.000000,0.021016
240,192,300,0.003326,0.001136,4364175.000000,99541.000000,0.022809
241,193,300,0.003318,0.001030,4402686.000000,98467.000000,0.022365
242,194,300,0.003321,0.001086,4403896.000000,97314.000000,0.022097
243,195,300,0.003327,0.001010,4486463.000000,98467.000000,0.021948
244,196,300,0.003320,0.001063,4495175.000000,94157.000000,0.020946
245,197,300,0.003325,0.000979,4595279.000000,100662.000000,0.021906
246,198,300,0.003329,0.001047,4589807.000000,100384.000000,0.021871
247,198,300,0.003321,0.001090,4631234.000000,101076.000000,0.021825
248,199,300,0.003324,0.001038,4669950.000000,102680.000000,0.021987
249,200,300,0.003329,0.001071,4609981.000000,98038.000000,0.021266
250,201,300,0.003321,0.001119,4712295.000000,104062.000000,0.022083
251,202,300,0.003325,0.001024,4752146.000000,104083.000000,0.021902
252,203,300,0.003331,0.001096,4848757.000000,104993.000000,0.021654
253,204,300,0.003320,0.001161,4910558.000000,107680.000000,0.021928
254,204,300,0.003323,0.001060,4841297.000000,101954.000000,0.021059
255,205,300,0.003328,0.001130,4891271.000000,105207.000000,0.021509
256,206,300,0.003320,0.001168,4964579.000000,106303.000000,0.021412
257,206,300,0.003326,0.001073,4915082.000000,106164.000000,0.021600
258,206,300,0.003323,0.001047,5037871.000000,106585.000000,0.021157
259,207,300,0.003320,0.001221,5014601.000000,105304.000000,0.020999
260,208,300,0.003324,0.001101,5128899.000000,108109.000000,0.021078
261,208,300,0.003325,0.001184,5221683.000000,111463.000000,0.021346
262,209,300,0.003325,0.001256,5265964.000000,111994.000000,0.021268
263,210,300,0.003322,0.001191,5230367.000000,111866.000000,0.021388
264,211,300,0.003325,0.001115,5286437.000000,109756.000000,0.020762
265,212,300,0.003324,0.001285,5413753.000000,115973.000000,0.021422
266,213,300,0.003325,0.001165,5333427.000000,113609.000000,0.021301
267,214,300,0.003323,0.001155,5450899.000000,115088.000000,0.021114
268,215,300,0.003324,0.001307,5462905.000000,116672.000000,0.021357
269,215,300,0.003324,0.001209,5493699.000000,113054.000000,0.020579
270,216,300,0.003325,0.001191,5631835.000000,118125.000000,0.020975
271,217,300,0.003324,0.001368,5637038.000000,118843.000000,0.021083
272,217,300,0.003324,0.001238,5621005.000000,119066.000000,0.021182
273,218,300,0.003328,0.001209,5639023.000000,118966.000000,0.021097
274,219,300,0.003316,0.001370,5652711.000000,116040.000000,0.020528
275,220,300,0.003326,0.001262,5712979.000000,121723.000000,0.021306
276,220,300,0.003323,0.001212,5692469.000000,119062.000000,0.020916
277,221,300,0.003410,0.001492,5681522.000000,120327.000000,0.021179
278,222,300,0.003408,0.001502,5794175.000000,123415.000000,0.021300
279,223,300,0.003377,0.001214,5767508.000000,117893.000000,0.020441
280,224,300,0.003393,0.001359,5933535.000000,123105.000000,0.020747
281,225,300,0.003410,0.001495,6056525.000000,124215.000000,0.020509
282,226,300,0.003404,0.001368,6037179.000000,123349.000000,0.020432
283,227,300,0.003390,0.001257,6047466.000000,124191.000000,0.020536
284,228,299,0.003415,0.001618,6116559.000000,122437.000000,0.020017
285,229,299,0.003399,0.001277,6118909.000000,126479.000000,0.020670
286,230,299,0.003392,0.001273,6210968.000000,127116.000000,0.020466
287,231,299,0.003418,0.001628,6213665.000000,127981.000000,0.020597
288,232,299,0.003400,0.001297,6335533.000000,128510.000000,0.020284
289,233,299,0.003413,0.001454,6680686.000000,145729.000000,0.021813
290,233,299,0.003416,0.001620,6428119.000000,129183.000000,0.020097
291,234,299,0.003393,0.001346,6506775.000000,133486.000000,0.020515
292,235,298,0.003635,0.001463,6543581.000000,133085.000000,0.020338
293,236,298,0.003386,0.001371,6581413.000000,133938.000000,0.020351
294,237,298,0.003415,0.001663,6477648.000000,128570.000000,0.019848
295,238,298,0.003400,0.001369,6533418.000000,133621.000000,0.020452
296,239,298,0.003407,0.001480,6568478.000000,133514.000000,0.020326
297,240,298,0.003413,0.001590,6657397.000000,136526.000000,0.020507
298,240,297,0.003405,0.001387,6652065.000000,133232.000000,0.020029
299,241,297,0.003405,0.001538,6755733.000000,132969.000000,0.019682
300,242,297,0.003416,0.001635,6857443.000000,138732.000000,0.020231
301,243,297,0.003413,0.001560,6948294.000000,140522.000000,0.020224
302,244,297,0.003406,0.001506,7045346.000000,140896.000000,0.019998
303,245,297,0.003421,0.001762,6966908.000000,140284.000000,0.020136
304,245,297,0.003405,0.001447,6880521.000000,135690.000000,0.019721
305,246,297,0.003387,0.001512,7119928.000000,142547.000000,0.020021
306,247,296,0.003422,0.001784,7097976.000000,139992.000000,0.019723
307,247,296,0.003409,0.001479,7147211.000000,140357.000000,0.019638
308,248,296,0.003415,0.001658,7323063.000000,144771.000000,0.019769
309,249,296,0.003420,0.001533,7339474.000000,141784.000000,0.019318
310,250,296,0.003422,0.001800,7448472.000000,148340.000000,0.019915
311,251,296,0.003412,0.001594,7528486.000000,150356.000000,0.019972
312,251,296,0.003401,0.001578,7623356.000000,151151.000000,0.019827
313,251,295,0.003428,0.001942,7504617.000000,144973.000000,0.019318
314,252,295,0.003421,0.001642,7721970.000000,150196.000000,0.019450
315,253,295,0.003418,0.001622,7778019.000000,152319.000000,0.019583
316,254,295,0.003353,0.002043,7806109.000000,153105.000000,0.019613
317,255,295,0.003322,0.001696,7855666.000000,152759.000000,0.019446
318,256,295,0.003324,0.001847,7884963.000000,148879.000000,0.018881
319,257,295,0.003325,0.001710,7928163.000000,152056.000000,0.019179
320,257,295,0.003328,0.001670,7881458.000000,150847.000000,0.019139
321,258,295,0.003326,0.001895,7987997.000000,154393.000000,0.019328
322,259,295,0.003325,0.001726,8138391.000000,154955.000000,0.019040
323,260,295,0.003328,0.001725,8211419.000000,153420.000000,0.018684
324,261,295,0.003327,0.001920,8130622.000000,155785.000000,0.019160
325,262,295,0.003325,0.001770,8288077.000000,159847.000000,0.019286
326,263,295,0.003329,0.001726,8191197.000000,155548.000000,0.018990
327,263,295,0.003327,0.001935,8142110.000000,156407.000000,0.019210
328,263,295,0.003326,0.001753,8108568.000000,152458.000000,0.018802
329,264,295,0.003329,0.001740,8166699.000000,157273.000000,0.019258
330,265,295,0.003328,0.001943,8257490.000000,159237.000000,0.019284
331,265,295,0.003325,0.001784,8374162.000000,157899.000000,0.018855
332,265,295,0.003329,0.001748,8259405.000000,155156.000000,0.018785
333,266,295,0.003330,0.001968,8429214.000000,156810.000000,0.018603
334,267,295,0.003327,0.001833,8658435.000000,165886.000000,0.019159
335,267,295,0.003329,0.001769,8541300.000000,161356.000000,0.018891
336,267,295,0.003330,0.002010,8518678.000000,162423.000000,0.019067
337,267,295,0.003326,0.001843,8541441.000000,163186.000000,0.019105
338,268,295,0.003331,0.001827,8622421.000000,157646.000000,0.018283
339,269,295,0.003332,0.002047,8632001.000000,165100.000000,0.019127
340,269,295,0.003327,0.001860,8617538.000000,165452.000000,0.019199
341,269,296,0.003332,0.001829,8751964.000000,164576.000000,0.018804
342,270,296,0.003334,0.002080,8827013.000000,167590.000000,0.018986
343,271,296,0.003327,0.001899,8743058.000000,162975.000000,0.018641
344,272,296,0.003332,0.001866,8792934.000000,166519.000000,0.018938
345,272,296,0.003335,0.002080,8932759.000000,167484.000000,0.018749
346,272,296,0.003333,0.001912,9018489.000000,166627.000000,0.018476
347,273,296,0.003333,0.001887,9004892.000000,168097.000000,0.018667
348,274,296,0.003327,0.001916,9066333.000000,167781.000000,0.018506
349,274,296,0.003330,0.001964,9102773.000000,171883.000000,0.018882
350,275,297,0.003337,0.001950,9171435.000000,171835.000000,0.018736
351,276,297,0.003341,0.002171,9326481.000000,175454.000000,0.018812
352,277,297,0.003334,0.001994,9394012.000000,174999.000000,0.018629
353,277,297,0.003338,0.001996,9460361.000000,170972.000000,0.018072
354,277,297,0.003341,0.002196,9465290.000000,175773.000000,0.018570
355,278,297,0.003335,0.002051,9487880.000000,176381.000000,0.018590
356,278,297,0.003337,0.002000,9432071.000000,176886.000000,0.018754
357,279,298,0.003343,0.002229,9629915.000000,178037.000000,0.018488
358,279,298,0.003338,0.002068,9667776.000000,175657.000000,0.018169
359,280,298,0.003340,0.002028,9491062.000000,177273.000000,0.018678
360,281,298,0.003343,0.002231,9595287.000000,176672.000000,0.018412
361,282,298,0.003341,0.002094,9819152.000000,180900.000000,0.018423
362,283,298,0.003341,0.002067,9759490.000000,178242.000000,0.018263
363,283,298,0.003333,0.002079,9699602.000000,174204.000000,0.017960
364,283,298,0.003336,0.002102,9832267.000000,180307.000000,0.018338
365,284,298,0.003343,0.002105,9846911.000000,182730.000000,0.018557
366,285,298,0.003349,0.002302,9917429.000000,182498.000000,0.018402
367,286,299,0.003340,0.002134,10083128.000000,184270.000000,0.018275
368,287,299,0.003341,0.002129,10032740.000000,183584.000000,0.018298
369,288,299,0.003340,0.002146,10047988.000000,185002.000000,0.018412
370,289,299,0.003343,0.002180,10176640.000000,184124.000000,0.018093
371,290,299,0.003345,0.002164,10317331.000000,189491.000000,0.018366
372,290,299,0.003345,0.002186,10403226.000000,190181.000000,0.018281
373,291,299,0.003346,0.002232,10417047.000000,187636.000000,0.018012
374,292,299,0.003351,0.002236,10492835.000000,190829.000000,0.018187
375,293,299,0.003344,0.002251,10577155.000000,193975.000000,0.018339
376,293,299,0.003352,0.002318,10466763.000000,194044.000000,0.018539
377,294,299,0.003348,0.002272,10617603.000000,195428.000000,0.018406
378,295,299,0.003346,0.002265,10554633.000000,189833.000000,0.017986
379,296,299,0.003352,0.002288,10794277.000000,196084.000000,0.018166
380,297,299,0.003352,0.002326,10878837.000000,196259.000000,0.018040
381,298,299,0.003331,0.002309,10790331.000000,196829.000000,0.018241
382,299,299,0.003350,0.002340,10956700.000000,197311.000000,0.018008
383,300,299,0.003352,0.002344,10967495.000000,195756.000000,0.017849
384,301,299,0.003351,0.002348,10965641.000000,201710.000000,0.018395
385,302,299,0.003354,0.002375,11125278.000000,200201.000000,0.017995
386,303,299,0.003354,0.002401,11133307.000000,202178.000000,0.018160
387,303,299,0.003354,0.002383,11281761.000000,203067.000000,0.018000
388,304,299,0.003355,0.002428,11286389.000000,200464.000000,0.017762
389,304,299,0.003355,0.002443,11278667.000000,204270.000000,0.018111
390,305,299,0.003356,0.002418,11410150.000000,205271.000000,0.017990
391,306,299,0.003357,0.002455,11369867.000000,204597.000000,0.017995
392,307,299,0.003367,0.002469,11573372.000000,209754.000000,0.018124
393,308,299,0.003353,0.002455,11613150.000000,206561.000000,0.017787
394,308,299,0.003362,0.002511,11890649.000000,212297.000000,0.017854
395,308,299,0.003364,0.002564,12040928.000000,215448.000000,0.017893
396,309,299,0.003371,0.002581,11984358.000000,215479.000000,0.017980
397,309,299,0.003358,0.002545,11977952.000000,213289.000000,0.017807
398,310,299,0.003364,0.002597,12085060.000000,213417.000000,0.017660
399,311,298,0.003366,0.002580,12230377.000000,215586.000000,0.017627
400,311,298,0.003366,0.002619,12302267.000000,215606.000000,0.017526
401,312,298,0.003368,0.002651,12294323.000000,220342.000000,0.017922
402,313,298,0.003368,0.002631,12361842.000000,219948.000000,0.017792
403,314,298,0.003367,0.002643,12419545.000000,216532.000000,0.017435
404,314,298,0.003370,0.002676,12540406.000000,223853.000000,0.017851
405,315,298,0.003369,0.002654,12473333.000000,221168.000000,0.017731
406,316,298,0.003373,0.002721,12577819.000000,223594.000000,0.017777
407,317,298,0.003370,0.002745,12628456.000000,222948.000000,0.017654
408,317,298,0.003374,0.002694,12517926.000000,220515.000000,0.017616
409,318,298,0.003365,0.002698,12736965.000000,225951.000000,0.017740
410,319,298,0.003373,0.002763,12834527.000000,228524.000000,0.017805
411,320,298,0.003377,0.002829,12971507.000000,230690.000000,0.017784
412,320,298,0.003370,0.002750,12876682.000000,229343.000000,0.017811
413,321,298,0.003376,0.002800,13042985.000000,228136.000000,0.017491
414,322,298,0.003375,0.002812,13078417.000000,229432.000000,0.017543
415,323,298,0.003374,0.002813,13076364.000000,232938.000000,0.017814
416,324,298,0.003344,0.002860,13208838.000000,234311.000000,0.017739
417,325,298,0.003376,0.002864,13277283.000000,232867.000000,0.017539
418,326,297,0.003375,0.002848,13264891.000000,231047.000000,0.017418
419,326,297,0.003381,0.002884,13501742.000000,237615.000000,0.017599
420,326,297,0.003378,0.002892,13407211.000000,236640.000000,0.017650
421,327,297,0.003379,0.002886,13500739.000000,234737.000000,0.017387
422,327,297,0.003384,0.002909,13648572.000000,238129.000000,0.017447
423,328,297,0.003379,0.002944,13576640.000000,234749.000000,0.017291
424,329,297,0.003382,0.002932,13734882.000000,240907.000000,0.017540
425,330,297,0.003385,0.002970,13845641.000000,238952.000000,0.017258
426,330,297,0.003347,0.003032,13996355.000000,242192.000000,0.017304
427,331,297,0.003388,0.002963,13914514.000000,240308.000000,0.017270
428,332,297,0.003385,0.003020,13980903.000000,235818.000000,0.016867
429,333,297,0.003361,0.003018,13966920.000000,238299.000000,0.017062
430,333,297,0.003388,0.002976,14069395.000000,243708.000000,0.017322
431,334,297,0.003366,0.003030,14229739.000000,247139.000000,0.017368
432,335,297,0.003340,0.003020,14110568.000000,240338.000000,0.017032
433,336,297,0.003329,0.003034,14170791.000000,247483.000000,0.017464
434,337,297,0.003375,0.003042,14284925.000000,246615.000000,0.017264
435,338,297,0.003369,0.003085,14272847.000000,245466.000000,0.017198
436,339,297,0.003498,0.003155,14466193.000000,250247.000000,0.017299
437,340,296,0.003378,0.003098,14366237.000000,246329.000000,0.017146
438,341,296,0.003424,0.003125,14501615.000000,249609.000000,0.017212
439,342,296,0.003440,0.003145,14493732.000000,249900.000000,0.017242
440,343,296,0.003405,0.003109,14548969.000000,249642.000000,0.017159
441,344,296,0.003495,0.003213,14622153.000000,255109.000000,0.017447
442,345,296,0.003463,0.003175,14638285.000000,251522.000000,0.017182
443,346,296,0.003481,0.003157,14825269.000000,256152.000000,0.017278
444,346,295,0.003557,0.003235,14989488.000000,255618.000000,0.017053
445,346,295,0.003506,0.003182,14815059.000000,253066.000000,0.017082
446,347,295,0.003526,0.003180,14957550.000000,260498.000000,0.017416
447,348,295,0.003525,0.003213,15021513.000000,252124.000000,0.016784
448,349,294,0.003575,0.003259,15158869.000000,260934.000000,0.017213
449,350,294,0.003579,0.003284,15193258.000000,261566.000000,0.017216
450,350,294,0.003502,0.003225,14984846.000000,256655.000000,0.017128
451,351,293,0.003552,0.003275,15041200.000000,257456.000000,0.017117
452,352,293,0.003541,0.003251,15084655.000000,254759.000000,0.016889
453,353,293,0.003588,0.003273,15295989.000000,258585.000000,0.016905
454,354,292,0.003646,0.003297,15456422.000000,264697.000000,0.017125
455,355,292,0.003728,0.003412,15642414.000000,267567.000000,0.017105
456,356,291,0.003702,0.003397,15694584.000000,265932.000000,0.016944
457,357,291,0.003689,0.003393,15675963.000000,270422.000000,0.017251
458,358,290,0.003744,0.003397,15890128.000000,272046.000000,0.017120
459,359,290,0.003821,0.003480,16225433.000000,280151.000000,0.017266
460,360,289,0.003770,0.003449,16016492.000000,274488.000000,0.017138
461,361,289,0.003749,0.003480,16098161.000000,274176.000000,0.017032
462,362,288,0.003859,0.003517,16374261.000000,280773.000000,0.017147
463,363,287,0.003938,0.003590,16533094.000000,286638.000000,0.017337
464,363,287,0.003868,0.003565,16417159.000000,283565.000000,0.017272
465,364,286,0.003860,0.003573,16481666.000000,279048.000000,0.016931
466,364,285,0.003896,0.003608,16535956.000000,282199.000000,0.017066
467,364,284,0.003884,0.003590,16530868.000000,282855.000000,0.017111
468,365,284,0.003942,0.003637,16635265.000000,283914.000000,0.017067
469,366,283,0.003906,0.003627,16620882.000000,281984.000000,0.016966
470,366,282,0.003895,0.003579,16729679.000000,286371.000000,0.017118
471,367,281,0.003974,0.003625,16960242.000000,289781.000000,0.017086
472,368,281,0.003992,0.003684,16934336.000000,290614.000000,0.017161
473,369,280,0.003971,0.003685,16938058.000000,290369.000000,0.017143
474,369,279,0.003967,0.003668,16954425.000000,286806.000000,0.016916
475,370,278,0.003979,0.003674,17105900.000000,293633.000000,0.017166
476,370,277,0.003952,0.003661,16902353.000000,288054.000000,0.017042
477,371,277,0.004017,0.003682,17102113.000000,290217.000000,0.016970
478,371,276,0.004009,0.003699,17135463.000000,289652.000000,0.016904
479,372,275,0.004069,0.003730,17319154.000000,295831.000000,0.017081
480,373,274,0.004041,0.003700,17268784.000000,291966.000000,0.016907
481,374,273,0.004128,0.003768,17564866.000000,300250.000000,0.017094
482,375,272,0.004113,0.003785,17515648.000000,293376.000000,0.016749
483,376,271,0.004103,0.003803,17537692.000000,297635.000000,0.016971
484,377,270,0.004163,0.003812,17717622.000000,299104.000000,0.016882
485,378,270,0.004160,0.003822,17771280.000000,301638.000000,0.016973
486,379,269,0.004112,0.003811,17664227.000000,295133.000000,0.016708
487,380,268,0.004191,0.003851,17874518.000000,303654.000000,0.016988
488,380,267,0.004254,0.003958,17868125.000000,301672.000000,0.016883
489,381,266,0.004193,0.003890,17845811.000000,302984.000000,0.016978
490,382,265,0.004210,0.003878,17897028.000000,299141.000000,0.016715
491,383,264,0.004253,0.003911,18138469.000000,308175.000000,0.016990
492,384,263,0.004264,0.003890,18202884.000000,306715.000000,0.016850
493,385,261,0.004232,0.003945,18207920.000000,307962.000000,0.016914
494,386,260,0.004318,0.003984,18325010.000000,307358.000000,0.016773
495,387,259,0.004380,0.004027,18713793.000000,316123.000000,0.016893
496,388,258,0.004420,0.004072,18776151.000000,318194.000000,0.016947
497,388,257,0.004414,0.004067,18912504.000000,319294.000000,0.016883
498,388,256,0.004371,0.004089,18778017.000000,313147.000000,0.016676
499,389,255,0.004413,0.004110,18842645.000000,317054.000000,0.016826
500,390,254,0.004410,0.004064,19025429.000000,319340.000000,0.016785
501,391,252,0.004888,0.004255,19004846.000000,321112.000000,0.016896
502,391,251,0.004645,0.004074,18985384.000000,322079.000000,0.016965
503,392,250,0.004924,0.004304,19126359.000000,325393.000000,0.017013
504,393,248,0.004984,0.004356,19279325.000000,325145.000000,0.016865
505,394,247,0.004923,0.004343,19197712.000000,323565.000000,0.016854
506,394,245,0.004934,0.004367,19185919.000000,324856.000000,0.016932
507,395,244,0.004941,0.004337,19228464.000000,326848.000000,0.016998
508,395,242,0.005001,0.004368,19390746.000000,324348.000000,0.016727
509,396,241,0.005032,0.004418,19676620.000000,331386.000000,0.016842
510,397,239,0.005127,0.004500,19728220.000000,333205.000000,0.016890
511,397,238,0.005013,0.004414,19542316.000000,330040.000000,0.016888
512,398,237,0.005096,0.004471,19756981.000000,328713.000000,0.016638
513,399,235,0.005332,0.004440,19839504.000000,334494.000000,0.016860
514,400,234,0.004879,0.004264,19961250.000000,335271.000000,0.016796
515,401,232,0.005329,0.004457,19880947.000000,330371.000000,0.016617
516,402,231,0.004912,0.004288,20104320.000000,338566.000000,0.016840
517,403,230,0.005418,0.004808,20239554.000000,340710.000000,0.016834
518,404,229,0.004959,0.004359,20319648.000000,339996.000000,0.016732
519,405,227,0.005455,0.004850,20468198.000000,345798.000000,0.016894
520,406,226,0.005011,0.004406,20574494.000000,347342.000000,0.016882
521,406,225,0.005456,0.004878,20523045.000000,343254.000000,0.016725
522,407,224,0.005267,0.004423,20734601.000000,347995.000000,0.016783
523,407,222,0.005349,0.004734,20975455.000000,351133.000000,0.016740
524,408,221,0.005335,0.004718,21009420.000000,349700.000000,0.016645
525,408,220,0.005315,0.004728,20852750.000000,352420.000000,0.016900
526,409,219,0.005341,0.004721,21014504.000000,354101.000000,0.016850
527,410,218,0.005362,0.004797,21043735.000000,350224.000000,0.016643
528,411,216,0.005615,0.004956,21319771.000000,357502.000000,0.016769
529,411,215,0.005526,0.004890,21509651.000000,356643.000000,0.016581
530,412,214,0.005542,0.004825,21521547.000000,361612.000000,0.016802
531,413,213,0.005250,0.004638,21658261.000000,357133.000000,0.016489
532,414,212,0.005711,0.005079,21621867.000000,362564.000000,0.016768
533,415,210,0.005506,0.004655,21768899.000000,364115.000000,0.016726
534,416,209,0.005572,0.004943,21909238.000000,361473.000000,0.016499
535,417,208,0.005626,0.004982,22316418.000000,372717.000000,0.016701
536,418,207,0.005621,0.004988,22140908.000000,370922.000000,0.016753
537,419,206,0.005543,0.004962,21986204.000000,367219.000000,0.016702
538,420,205,0.005650,0.005031,22229394.000000,370727.000000,0.016677
539,420,203,0.005799,0.005212,22062260.000000,367197.000000,0.016644
540,421,202,0.005562,0.004949,22239572.000000,369760.000000,0.016626
541,422,201,0.005883,0.005269,22433872.000000,374264.000000,0.016683
542,423,200,0.005679,0.005033,22556228.000000,370898.000000,0.016443
543,424,199,0.005736,0.005108,22716413.000000,376076.000000,0.016555
544,425,198,0.005711,0.005064,22749438.000000,378541.000000,0.016640
545,426,197,0.005788,0.005167,22978335.000000,376615.000000,0.016390
546,426,196,0.005954,0.005336,22764447.000000,380042.000000,0.016695
547,427,195,0.005739,0.005082,23158764.000000,383660.000000,0.016567
548,428,194,0.006091,0.005319,23097590.000000,388513.000000,0.016820
549,429,192,0.006030,0.005187,23179065.000000,383962.000000,0.016565
550,429,191,0.005855,0.005198,23335974.000000,382381.000000,0.016386
551,429,190,0.006052,0.005468,23293569.000000,383282.000000,0.016454
552,429,189,0.005639,0.005045,23386424.000000,384663.000000,0.016448
553,430,188,0.006110,0.005300,23559591.000000,390216.000000,0.016563
554,431,187,0.005927,0.005274,23525323.000000,385014.000000,0.016366
555,432,186,0.005927,0.005336,23667487.000000,391585.000000,0.016545
556,433,185,0.006185,0.005292,23795744.000000,395846.000000,0.016635
557,434,185,0.005722,0.005150,23714478.000000,387471.000000,0.016339
558,434,184,0.006192,0.005535,23858880.000000,394117.000000,0.016519
559,435,183,0.005946,0.005345,23914276.000000,391479.000000,0.016370
560,435,182,0.005784,0.005463,23941929.000000,394319.000000,0.016470
561,436,181,0.006427,0.005827,24064093.000000,398513.000000,0.016560
562,437,180,0.006010,0.005162,24134547.000000,392080.000000,0.016246
563,438,180,0.006045,0.005454,24164252.000000,399315.000000,0.016525
564,438,179,0.005755,0.005371,24164762.000000,396858.000000,0.016423
565,439,179,0.005558,0.005264,24193593.000000,390546.000000,0.016143
566,439,179,0.005630,0.005268,24377751.000000,396938.000000,0.016283
567,440,178,0.005641,0.005258,24516532.000000,397728.000000,0.016223
568,440,178,0.005623,0.005284,24324553.000000,390561.000000,0.016056
569,441,178,0.005656,0.005262,24555931.000000,397480.000000,0.016187
570,441,177,0.005644,0.005336,24526380.000000,401822.000000,0.016383
571,442,177,0.005645,0.005346,24546284.000000,397482.000000,0.016193
572,443,177,0.005910,0.005341,24714359.000000,402880.000000,0.016301
573,444,176,0.006404,0.005526,24863175.000000,410477.000000,0.016509
574,445,176,0.005921,0.005329,24815192.000000,406666.000000,0.016388
575,446,175,0.006426,0.005775,24941584.000000,411163.000000,0.016485
576,447,174,0.006155,0.005559,24913474.000000,407309.000000,0.016349
577,447,174,0.006210,0.005618,24981173.000000,410810.000000,0.016445
578,448,173,0.006485,0.005829,25218873.000000,415341.000000,0.016469
579,449,173,0.006303,0.005666,25453600.000000,413067.000000,0.016228
580,450,172,0.006362,0.005714,25375968.000000,416329.000000,0.016406
581,451,172,0.006500,0.005895,25279746.000000,417374.000000,0.016510
582,452,171,0.006124,0.005437,25479763.000000,410638.000000,0.016116
583,453,171,0.006472,0.005822,26045263.000000,422725.000000,0.016230
584,454,170,0.006393,0.005724,25904351.000000,416252.000000,0.016069
585,455,169,0.006490,0.005610,26281165.000000,424543.000000,0.016154
586,456,169,0.006726,0.006068,26298097.000000,429121.000000,0.016318
587,457,168,0.006557,0.005931,26497428.000000,427978.000000,0.016152
588,458,168,0.006586,0.005931,26637401.000000,431951.000000,0.016216
589,458,167,0.006790,0.006161,26657090.000000,430606.000000,0.016154
590,459,167,0.006654,0.006026,26838011.000000,437484.000000,0.016301
591,460,166,0.006722,0.006096,27108125.000000,437933.000000,0.016155
592,461,165,0.007049,0.006438,26967604.000000,435111.000000,0.016135
593,462,165,0.006895,0.006007,27137963.000000,439683.000000,0.016202
594,463,164,0.006652,0.005816,27182061.000000,434780.000000,0.015995
595,464,164,0.006817,0.006147,27434823.000000,441663.000000,0.016099
596,465,163,0.006946,0.006322,27269019.000000,440115.000000,0.016140
597,466,163,0.006793,0.006149,27653465.000000,443147.000000,0.016025
598,466,162,0.006728,0.006125,27437066.000000,444208.000000,0.016190
599,467,162,0.007013,0.006386,27667284.000000,444530.000000,0.016067
600,468,161,0.006823,0.006149,27822188.000000,449107.000000,0.016142
601,469,161,0.006989,0.006348,28412611.000000,450062.000000,0.015840
602,470,160,0.007145,0.006471,28220368.000000,452644.000000,0.016040
603,470,159,0.006947,0.006290,28441969.000000,456455.000000,0.016049
604,470,159,0.006963,0.006340,28495164.000000,453233.000000,0.015906
605,471,158,0.007268,0.006632,28817027.000000,461487.000000,0.016014
606,471,158,0.007152,0.006576,28461997.000000,454046.000000,0.015953
607,472,157,0.006969,0.006380,28568398.000000,457917.000000,0.016029
608,472,157,0.006962,0.006367,28486321.000000,455904.000000,0.016004
609,473,156,0.007174,0.006586,28482092.000000,453667.000000,0.015928
610,474,156,0.007135,0.006450,28930081.000000,463113.000000,0.016008
611,475,155,0.007141,0.006522,29204581.000000,461965.000000,0.015818
612,476,155,0.007282,0.006619,28882013.000000,463346.000000,0.016043
613,477,154,0.007277,0.006660,28902071.000000,457647.000000,0.015834
614,478,154,0.007153,0.006503,29164967.000000,463785.000000,0.015902
615,478,153,0.007232,0.006598,29560207.000000,469271.000000,0.015875
616,479,153,0.007427,0.006784,29408624.000000,465591.000000,0.015832
617,480,152,0.007202,0.006593,29521997.000000,470795.000000,0.015947
618,481,152,0.007438,0.006617,29533773.000000,467080.000000,0.015815
619,481,151,0.007238,0.006608,29671832.000000,469732.000000,0.015831
620,481,151,0.007368,0.007010,29786371.000000,469931.000000,0.015777
621,482,150,0.006905,0.006541,29888405.000000,469241.000000,0.015700
622,483,150,0.006809,0.006443,29925994.000000,465226.000000,0.015546
623,484,150,0.006918,0.006585,30317419.000000,474157.000000,0.015640
624,485,149,0.006932,0.006594,30259027.000000,474066.000000,0.015667
625,486,149,0.006929,0.006562,30457035.000000,472815.000000,0.015524
626,487,148,0.007014,0.006638,30706301.000000,477197.000000,0.015541
627,488,148,0.007086,0.006702,30928830.000000,479138.000000,0.015492
628,489,147,0.007063,0.006685,30998560.000000,482038.000000,0.015550
629,490,147,0.007065,0.006705,31107238.000000,485757.000000,0.015616
630,490,146,0.007080,0.006708,31107150.000000,482625.000000,0.015515
631,491,146,0.007152,0.006786,31442895.000000,488640.000000,0.015541
632,492,145,0.007095,0.006762,31238128.000000,486032.000000,0.015559
633,493,145,0.007183,0.006825,31504201.000000,492810.000000,0.015643
634,494,145,0.007171,0.006840,31453987.000000,488691.000000,0.015537
635,495,144,0.007233,0.006894,31793137.000000,497193.000000,0.015638
636,496,144,0.007247,0.006869,31914005.000000,500092.000000,0.015670
637,497,144,0.007285,0.006989,31934543.000000,494246.000000,0.015477
638,497,143,0.007377,0.007012,32084747.000000,500428.000000,0.015597
639,498,143,0.007311,0.006997,32071140.000000,498085.000000,0.015531
640,498,143,0.007280,0.006969,32059246.000000,498674.000000,0.015555
641,499,142,0.007420,0.007055,32359754.000000,497554.000000,0.015376
642,499,142,0.007356,0.006988,32336210.000000,499373.000000,0.015443
643,500,142,0.007379,0.007039,32481886.000000,501138.000000,0.015428
644,500,141,0.007478,0.007170,32548112.000000,503762.000000,0.015477
645,501,141,0.007433,0.007129,32499663.000000,503169.000000,0.015482
646,502,141,0.007440,0.007076,32565377.000000,499244.000000,0.015331
647,503,140,0.007471,0.007150,32899242.000000,507737.000000,0.015433
648,504,140,0.007489,0.007158,32897065.000000,505338.000000,0.015361
649,505,140,0.007635,0.007305,33386910.000000,513335.000000,0.015375
650,506,139,0.007546,0.007203,33169764.000000,508656.000000,0.015335
651,507,139,0.007601,0.007274,33188871.000000,513609.000000,0.015475
652,507,139,0.007519,0.007195,33029346.000000,505722.000000,0.015311
653,508,139,0.007603,0.007283,33252625.000000,514464.000000,0.015471
654,509,138,0.007592,0.007232,33299910.000000,507910.000000,0.015253
655,509,138,0.007650,0.007273,33435646.000000,514499.000000,0.015388
656,510,138,0.007628,0.007244,33594449.000000,515332.000000,0.015340
657,511,138,0.007681,0.007318,33668461.000000,512776.000000,0.015230
658,512,137,0.007663,0.007332,33657085.000000,515987.000000,0.015331
659,513,137,0.007648,0.007295,33701203.000000,513703.000000,0.015243
660,513,137,0.007607,0.007254,33524309.000000,514178.000000,0.015337
661,514,137,0.007697,0.007396,33760689.000000,515258.000000,0.015262
662,515,137,0.007789,0.007384,34067387.000000,522103.000000,0.015326
663,516,136,0.007748,0.007443,34030295.000000,522355.000000,0.015350
664,517,136,0.007903,0.007530,34205098.000000,532196.000000,0.015559
665,518,136,0.007900,0.007552,34459130.000000,525092.000000,0.015238
666,519,136,0.007880,0.007537,34302649.000000,524346.000000,0.015286
667,520,135,0.007841,0.007509,34372503.000000,523583.000000,0.015233
668,521,135,0.007873,0.007523,34491054.000000,528339.000000,0.015318
669,522,135,0.007856,0.007522,34580522.000000,529856.000000,0.015322
670,523,135,0.007932,0.007598,34610913.000000,526848.000000,0.015222
671,523,134,0.007935,0.007603,34738364.000000,535889.000000,0.015426
672,524,134,0.007957,0.007573,34859904.000000,533571.000000,0.015306
673,525,134,0.007962,0.007577,35054603.000000,535390.000000,0.015273
674,526,134,0.008050,0.007645,35417811.000000,537600.000000,0.015179
675,527,133,0.008103,0.007775,35606763.000000,542919.000000,0.015248
676,528,133,0.008122,0.007800,35631528.000000,537526.000000,0.015086
677,529,133,0.008237,0.007894,35825883.000000,545730.000000,0.015233
678,530,133,0.008158,0.007804,35931422.000000,541979.000000,0.015084
679,531,132,0.008069,0.007751,35719157.000000,542733.000000,0.015194
680,532,132,0.008220,0.007818,36039844.000000,539671.000000,0.014974
681,532,132,0.008319,0.007954,36358804.000000,549549.000000,0.015115
682,533,131,0.008315,0.007929,36441800.000000,549600.000000,0.015082
683,534,131,0.008218,0.007872,36285537.000000,546561.000000,0.015063
684,535,131,0.008363,0.007924,36663851.000000,552724.000000,0.015075
685,536,130,0.008283,0.007959,36556389.000000,553799.000000,0.015149
686,537,130,0.008333,0.007960,36714486.000000,551311.000000,0.015016
687,538,129,0.008317,0.007988,36628932.000000,555823.000000,0.015174
688,539,129,0.008390,0.008046,36949029.000000,554966.000000,0.015020
689,540,129,0.008541,0.008174,37381240.000000,566325.000000,0.015150
690,541,128,0.008576,0.008145,37644794.000000,573479.000000,0.015234
691,542,128,0.008559,0.008198,37785900.000000,568508.000000,0.015046
692,543,127,0.008527,0.008167,37605385.000000,561810.000000,0.014940
693,544,127,0.008694,0.008345,38236199.000000,572346.000000,0.014969
694,545,127,0.008683,0.008304,38245735.000000,568331.000000,0.014860
695,546,126,0.008677,0.008323,38236636.000000,569800.000000,0.014902
696,547,126,0.008663,0.008311,38247723.000000,567089.000000,0.014827
697,547,126,0.008675,0.008334,38411518.000000,571951.000000,0.014890
698,548,125,0.008746,0.008402,38673317.000000,575332.000000,0.014877
699,549,125,0.008769,0.008382,38863233.000000,577019.000000,0.014847
700,550,124,0.008889,0.008567,38953380.000000,578303.000000,0.014846
701,550,124,0.008843,0.008507,39108506.000000,580820.000000,0.014852
702,551,123,0.009490,0.009020,39202284.000000,587127.000000,0.014977
703,552,123,0.009428,0.008912,39519903.000000,591328.000000,0.014963
704,553,122,0.009456,0.008990,39689930.000000,597562.000000,0.015056
705,554,122,0.009459,0.009008,39694364.000000,594172.000000,0.014969
706,555,121,0.009566,0.009044,40131557.000000,602525.000000,0.015014
707,555,121,0.009522,0.009047,40060095.000000,596336.000000,0.014886
708,556,120,0.009594,0.009117,40310685.000000,605058.000000,0.015010
709,557,120,0.009439,0.008945,40509221.000000,604017.000000,0.014911
710,558,119,0.009412,0.008952,40508252.000000,601687.000000,0.014853
711,558,119,0.009588,0.009131,40410252.000000,605216.000000,0.014977
712,558,118,0.009597,0.009168,40435765.000000,600811.000000,0.014858
713,559,118,0.009715,0.009279,40794498.000000,610977.000000,0.014977
714,560,117,0.009728,0.009276,40869334.000000,606893.000000,0.014850
715,561,117,0.009560,0.009093,40892905.000000,606886.000000,0.014841
716,562,117,0.009491,0.009007,40852182.000000,609026.000000,0.014908
717,563,116,0.009768,0.009279,41142157.000000,614919.000000,0.014946
718,564,116,0.009816,0.009309,41255399.000000,620279.000000,0.015035
719,565,115,0.009774,0.009297,41168296.000000,610487.000000,0.014829
720,565,115,0.009894,0.009367,41673167.000000,622036.000000,0.014927
721,566,114,0.009956,0.009494,41865132.000000,621912.000000,0.014855
722,567,114,0.009943,0.009429,41814084.000000,621273.000000,0.014858
723,568,113,0.009913,0.009461,41741841.000000,626549.000000,0.015010
724,569,113,0.009980,0.009467,42006443.000000,623562.000000,0.014844
725,570,112,0.010022,0.009540,42204622.000000,629833.000000,0.014923
726,571,112,0.010146,0.009641,42743418.000000,631810.000000,0.014781
727,572,111,0.010069,0.009635,42497627.000000,631573.000000,0.014861
728,573,111,0.010122,0.009617,42635775.000000,636176.000000,0.014921
729,574,110,0.010156,0.009722,42985961.000000,638234.000000,0.014847
730,575,110,0.010198,0.009718,43158267.000000,642252.000000,0.014881
731,576,109,0.010619,0.009974,43402936.000000,641686.000000,0.014784
732,576,109,0.009996,0.009523,43119607.000000,636914.000000,0.014771
733,577,109,0.010303,0.009644,43503688.000000,644233.000000,0.014809
734,578,108,0.010586,0.010123,43678354.000000,644612.000000,0.014758
735,579,108,0.010314,0.009888,43601628.000000,642855.000000,0.014744
736,579,107,0.010280,0.009835,43451458.000000,645602.000000,0.014858
737,579,107,0.010269,0.009826,43411879.000000,642829.000000,0.014808
738,580,106,0.010658,0.009936,43889136.000000,648889.000000,0.014785
739,581,106,0.010402,0.009922,43994785.000000,648093.000000,0.014731
740,582,106,0.010392,0.009910,43985949.000000,647903.000000,0.014730
741,582,105,0.010472,0.010004,44031788.000000,650479.000000,0.014773
742,583,105,0.010453,0.009963,44193697.000000,649825.000000,0.014704
743,583,104,0.010391,0.009960,44037795.000000,646733.000000,0.014686
744,584,104,0.010511,0.009973,44457119.000000,656049.000000,0.014757
745,585,104,0.010555,0.010092,44612073.000000,653991.000000,0.014660
746,586,103,0.010590,0.010076,44887871.000000,661901.000000,0.014746
747,587,103,0.010583,0.010146,44725284.000000,656488.000000,0.014678
748,588,102,0.010618,0.010119,45021554.000000,657343.000000,0.014601
749,589,102,0.010644,0.010148,45098854.000000,664947.000000,0.014744
750,589,102,0.010700,0.010212,45198439.000000,659606.000000,0.014594
751,589,101,0.010612,0.010096,44919411.000000,654940.000000,0.014580
752,590,101,0.010741,0.010001,45630727.000000,671627.000000,0.014719
753,590,100,0.010680,0.010222,45464971.000000,661961.000000,0.014560
754,590,100,0.010685,0.010256,45494069.000000,663614.000000,0.014587
755,591,100,0.011136,0.010347,46132885.000000,676298.000000,0.014660
756,592,99,0.010907,0.010378,46344326.000000,673712.000000,0.014537
757,593,99,0.010864,0.010334,46109130.000000,673824.000000,0.014614
758,594,99,0.010828,0.010354,46054300.000000,670728.000000,0.014564
759,595,98,0.010950,0.010425,46400105.000000,674494.000000,0.014536
760,596,98,0.011207,0.010687,46873865.000000,685179.000000,0.014618
761,597,98,0.011046,0.010523,47015110.000000,681982.000000,0.014506
762,598,97,0.011187,0.010733,47485719.000000,688616.000000,0.014502
763,599,97,0.010911,0.010417,47372314.000000,692850.000000,0.014626
764,600,97,0.011116,0.010669,47417089.000000,689930.000000,0.014550
765,601,96,0.011422,0.010994,47629395.000000,693152.000000,0.014553
766,602,96,0.011253,0.010707,47871495.000000,699509.000000,0.014612
767,603,96,0.011353,0.010842,48346421.000000,700619.000000,0.014492
768,603,96,0.011253,0.010819,47879191.000000,695745.000000,0.014531
769,604,95,0.011580,0.011077,48521976.000000,703115.000000,0.014491
770,605,95,0.011342,0.010806,48365866.000000,704288.000000,0.014562
771,606,95,0.011194,0.010754,48450479.000000,703540.000000,0.014521
772,606,95,0.011619,0.011105,48505746.000000,703105.000000,0.014495
773,607,94,0.011525,0.011008,48903070.000000,711605.000000,0.014551
774,607,94,0.011303,0.010870,48220821.000000,699246.000000,0.014501
775,608,94,0.011528,0.011061,48421142.000000,704127.000000,0.014542
776,609,93,0.011421,0.010904,48711468.000000,709801.000000,0.014572
777,610,93,0.011525,0.011081,48843216.000000,706947.000000,0.014474
778,611,93,0.011333,0.010838,49220203.000000,709068.000000,0.014406
779,611,93,0.011805,0.011316,49446890.000000,713743.000000,0.014435
780,612,92,0.011592,0.011074,49402281.000000,710586.000000,0.014384
781,613,92,0.011583,0.011148,49476908.000000,714053.000000,0.014432
782,614,92,0.011675,0.011129,49836562.000000,719985.000000,0.014447
783,614,92,0.011651,0.011214,49679657.000000,715682.000000,0.014406
784,615,91,0.011492,0.011007,50006430.000000,717804.000000,0.014354
785,616,91,0.012092,0.011568,50552663.000000,724643.000000,0.014334
786,617,91,0.011981,0.011491,50742315.000000,730781.000000,0.014402
787,617,91,0.011900,0.011346,50842650.000000,738256.000000,0.014520
788,617,90,0.011902,0.011370,50985110.000000,729225.000000,0.014303
789,618,90,0.011910,0.011458,51034610.000000,733732.000000,0.014377
790,618,90,0.011961,0.011525,51107472.000000,731607.000000,0.014315
791,619,90,0.011938,0.011510,51144762.000000,730791.000000,0.014289
792,620,89,0.011958,0.011487,51234563.000000,731515.000000,0.014278
793,621,89,0.012001,0.011549,51370307.000000,740385.000000,0.014413
794,622,89,0.012114,0.011715,51691907.000000,739143.000000,0.014299
795,623,89,0.011804,0.011412,52292583.000000,740296.000000,0.014157
796,624,89,0.011626,0.011230,51829040.000000,739153.000000,0.014261
797,625,88,0.012391,0.011887,52036644.000000,743851.000000,0.014295
798,626,88,0.012118,0.011577,51931499.000000,739682.000000,0.014243
799,627,88,0.012210,0.011677,52360156.000000,745054.000000,0.014229
800,628,88,0.012255,0.011681,52387134.000000,748628.000000,0.014290
801,629,88,0.012254,0.011759,52599884.000000,751915.000000,0.014295
802,630,87,0.012327,0.011818,52919846.000000,754765.000000,0.014262
803,631,87,0.012326,0.011888,52844846.000000,753987.000000,0.014268
804,632,87,0.012403,0.011883,53110870.000000,760776.000000,0.014324
805,633,87,0.012334,0.011901,53007376.000000,755379.000000,0.014250
806,633,86,0.012315,0.011879,52936613.000000,755141.000000,0.014265
807,634,86,0.012531,0.012087,53010090.000000,757493.000000,0.014290
808,635,86,0.012436,0.011687,53278807.000000,761906.000000,0.014300
809,636,86,0.012397,0.011947,53283198.000000,760839.000000,0.014279
810,636,85,0.012446,0.011929,53504847.000000,761050.000000,0.014224
811,637,85,0.012502,0.012056,53459127.000000,760566.000000,0.014227
812,638,85,0.012582,0.011796,53915876.000000,767310.000000,0.014232
813,639,85,0.012522,0.012088,53823525.000000,764846.000000,0.014210
814,640,85,0.012540,0.012079,53931634.000000,766148.000000,0.014206
815,641,84,0.012589,0.012090,54200190.000000,765572.000000,0.014125
816,641,84,0.012646,0.012130,54343791.000000,775021.000000,0.014261
817,642,84,0.012595,0.012106,54198117.000000,767374.000000,0.014159
818,643,84,0.012699,0.012164,54484803.000000,772253.000000,0.014174
819,644,84,0.012620,0.012228,54608385.000000,777376.000000,0.014235
820,645,83,0.013352,0.012791,54880498.000000,785305.000000,0.014309
821,646,83,0.012775,0.012329,55051857.000000,782162.000000,0.014208
822,647,83,0.012856,0.012316,55368531.000000,783923.000000,0.014158
823,647,83,0.012885,0.012132,55465167.000000,782935.000000,0.014116
824,648,82,0.012963,0.012419,55852211.000000,792536.000000,0.014190
825,649,82,0.012960,0.012508,55845544.000000,790856.000000,0.014161
826,650,82,0.013138,0.012595,56219857.000000,793229.000000,0.014109
827,651,82,0.013165,0.012665,56442822.000000,792683.000000,0.014044
828,652,82,0.013099,0.012608,56445746.000000,794591.000000,0.014077
829,653,81,0.013097,0.012580,56492686.000000,799396.000000,0.014150
830,654,81,0.013135,0.012664,56509993.000000,798477.000000,0.014130
831,655,81,0.013152,0.012663,56748410.000000,799848.000000,0.014095
832,656,81,0.013327,0.012860,56747814.000000,801722.000000,0.014128
833,656,81,0.013162,0.012660,56757995.000000,797446.000000,0.014050
834,657,80,0.013290,0.012806,57030814.000000,808708.000000,0.014180
835,658,80,0.013296,0.012804,57321398.000000,808187.000000,0.014099
836,658,80,0.013293,0.012800,57295339.000000,808445.000000,0.014110
837,658,80,0.013234,0.012798,57127238.000000,806231.000000,0.014113
838,659,80,0.013308,0.012834,57441699.000000,810521.000000,0.014110
839,659,80,0.012954,0.012405,57656886.000000,812524.000000,0.014092
840,660,79,0.013691,0.013120,57949144.000000,821902.000000,0.014183
841,661,79,0.013411,0.013102,58563593.000000,825427.000000,0.014095
842,662,79,0.013136,0.012746,58553814.000000,823822.000000,0.014069
843,663,79,0.013157,0.012812,58756258.000000,830243.000000,0.014130
844,664,79,0.013051,0.012659,58618846.000000,826576.000000,0.014101
845,665,79,0.013224,0.012804,58967374.000000,828208.000000,0.014045
846,666,78,0.013216,0.012858,58984746.000000,823870.000000,0.013968
847,667,78,0.013434,0.013044,59459741.000000,834270.000000,0.014031
848,668,78,0.013380,0.012957,59497058.000000,836930.000000,0.014067
849,669,78,0.013465,0.013044,59830996.000000,836720.000000,0.013985
850,670,78,0.013347,0.012948,59640545.000000,831423.000000,0.013941
851,670,78,0.013321,0.013010,59528016.000000,835144.000000,0.014029
852,671,77,0.013444,0.013045,59994113.000000,841396.000000,0.014025
853,671,77,0.013321,0.012992,59625880.000000,838677.000000,0.014066
854,672,77,0.013529,0.013109,60290542.000000,839663.000000,0.013927
855,673,77,0.013404,0.013088,59936284.000000,838967.000000,0.013998
856,674,77,0.013534,0.013112,60293692.000000,842848.000000,0.013979
857,675,77,0.013553,0.013130,60500201.000000,845633.000000,0.013977
858,676,77,0.013495,0.013108,60491739.000000,842281.000000,0.013924
859,677,76,0.013686,0.013251,61077929.000000,856297.000000,0.014020
860,678,76,0.013468,0.013107,60421802.000000,843173.000000,0.013955
861,679,76,0.013634,0.013227,61007587.000000,850219.000000,0.013936
862,680,76,0.013589,0.013249,60931054.000000,848589.000000,0.013927
863,681,76,0.013830,0.013396,61710727.000000,856259.000000,0.013875
864,681,76,0.013869,0.013387,61472836.000000,853242.000000,0.013880
865,682,76,0.013893,0.013365,61718084.000000,865308.000000,0.014020
866,683,76,0.013775,0.013345,61626406.000000,852286.000000,0.013830
867,684,75,0.013821,0.013509,61862331.000000,853581.000000,0.013798
868,685,75,0.013921,0.013585,61990367.000000,859651.000000,0.013867
869,686,75,0.013969,0.013592,62318614.000000,864735.000000,0.013876
870,687,75,0.013958,0.013550,62280540.000000,865695.000000,0.013900
871,688,75,0.013991,0.013655,62312480.000000,863744.000000,0.013861
872,689,75,0.014608,0.014183,62742675.000000,867745.000000,0.013830
873,690,74,0.013992,0.013581,62676434.000000,867065.000000,0.013834
874,691,74,0.014076,0.013660,62885439.000000,871648.000000,0.013861
875,692,74,0.014065,0.013759,62968533.000000,875534.000000,0.013904
876,693,74,0.014012,0.013603,63061903.000000,875112.000000,0.013877
877,694,74,0.014169,0.013848,63451906.000000,880996.000000,0.013884
878,694,74,0.014118,0.013745,63292335.000000,876694.000000,0.013852
879,695,74,0.014166,0.013811,63663108.000000,880654.000000,0.013833
880,696,74,0.014162,0.013792,63839484.000000,882674.000000,0.013826
881,697,73,0.014143,0.013816,63735062.000000,881642.000000,0.013833
882,697,73,0.014120,0.013811,63569199.000000,880553.000000,0.013852
883,698,73,0.014102,0.013754,63697992.000000,885818.000000,0.013907
884,699,73,0.014155,0.013814,63998236.000000,883948.000000,0.013812
885,700,73,0.014263,0.013878,64195528.000000,885717.000000,0.013797
886,700,73,0.014364,0.013957,64567623.000000,888326.000000,0.013758
887,701,73,0.014280,0.013964,64363244.000000,888953.000000,0.013812
888,701,73,0.014251,0.013909,64424722.000000,886980.000000,0.013768
889,702,73,0.014697,0.014315,64679295.000000,888134.000000,0.013731
890,703,72,0.014770,0.014319,65230847.000000,907969.000000,0.013919
891,704,72,0.014483,0.014110,65506895.000000,900430.000000,0.013746
892,704,72,0.014624,0.014236,65576916.000000,901132.000000,0.013742
893,704,72,0.014576,0.014130,65669969.000000,904542.000000,0.013774
894,704,72,0.014576,0.014248,65889871.000000,907280.000000,0.013770
895,705,72,0.014929,0.014483,66858912.000000,915653.000000,0.013695
896,705,72,0.014724,0.014286,66418958.000000,910418.000000,0.013707
897,706,72,0.014753,0.014389,66358285.000000,911300.000000,0.013733
898,707,71,0.014888,0.014457,66707825.000000,915835.000000,0.013729
899,708,71,0.015240,0.014821,66894046.000000,922593.000000,0.013792
900,709,71,0.014946,0.014478,67097663.000000,918081.000000,0.013683
901,710,71,0.014946,0.014540,67197378.000000,917733.000000,0.013657
902,711,71,0.015069,0.014602,67894832.000000,925607.000000,0.013633
903,712,71,0.015024,0.014699,67909534.000000,927511.000000,0.013658
904,712,70,0.014849,0.014528,67371579.000000,921234.000000,0.013674
905,713,70,0.014981,0.014661,67789265.000000,924409.000000,0.013637
906,714,70,0.015345,0.014887,68327482.000000,934668.000000,0.013679
907,715,70,0.014970,0.014653,67782555.000000,926053.000000,0.013662
908,716,70,0.015019,0.014639,67983071.000000,926487.000000,0.013628
909,717,70,0.015042,0.014719,67993040.000000,929341.000000,0.013668
910,718,70,0.015079,0.014729,68160966.000000,927596.000000,0.013609
911,719,69,0.015166,0.014849,68419116.000000,931452.000000,0.013614
912,719,69,0.015205,0.014771,68520798.000000,931287.000000,0.013591
913,720,69,0.015344,0.014957,69269698.000000,936143.000000,0.013514
914,720,69,0.015231,0.014908,68663245.000000,933680.000000,0.013598
915,721,69,0.015496,0.015172,69323951.000000,938881.000000,0.013543
916,722,69,0.015416,0.015000,69362885.000000,939849.000000,0.013550
917,723,68,0.016785,0.016284,70550202.000000,961289.000000,0.013626
918,724,68,0.015449,0.015052,69370640.000000,942396.000000,0.013585
919,725,68,0.015497,0.015061,69679468.000000,945910.000000,0.013575
920,726,68,0.015484,0.015062,69805845.000000,945852.000000,0.013550
921,727,68,0.015508,0.015082,70139879.000000,949282.000000,0.013534
922,727,68,0.015596,0.015160,70270801.000000,954504.000000,0.013583
923,728,68,0.015546,0.015144,70105917.000000,944026.000000,0.013466
924,729,67,0.015694,0.015263,70775676.000000,956341.000000,0.013512
925,730,67,0.015953,0.015556,71132402.000000,963992.000000,0.013552
926,731,67,0.015762,0.015406,70925180.000000,959492.000000,0.013528
927,732,67,0.015532,0.015209,70333459.000000,955124.000000,0.013580
928,732,67,0.015600,0.015244,70411101.000000,952680.000000,0.013530
929,733,67,0.015676,0.015233,70944022.000000,961345.000000,0.013551
930,734,67,0.015733,0.015311,71314011.000000,965366.000000,0.013537
931,735,66,0.015870,0.015491,71296645.000000,963507.000000,0.013514
932,735,66,0.015919,0.015402,71884959.000000,978459.000000,0.013611
933,736,66,0.015806,0.015404,71748075.000000,970509.000000,0.013527
934,737,66,0.015830,0.015419,71743177.000000,967193.000000,0.013481
935,738,66,0.015924,0.015553,71980318.000000,975697.000000,0.013555
936,739,66,0.015929,0.015492,72112613.000000,977954.000000,0.013561
937,740,66,0.016028,0.015696,72469318.000000,979933.000000,0.013522
938,741,66,0.016206,0.015778,72796167.000000,983238.000000,0.013507
939,742,65,0.015961,0.015627,72321574.000000,979658.000000,0.013546
940,743,65,0.016043,0.015620,72659917.000000,982624.000000,0.013524
941,744,65,0.016070,0.015735,72772942.000000,984954.000000,0.013535
942,744,65,0.016156,0.015767,72772586.000000,988163.000000,0.013579
943,744,65,0.015978,0.015648,72571507.000000,980290.000000,0.013508
944,745,65,0.016343,0.015895,73721036.000000,989628.000000,0.013424
945,745,65,0.016151,0.015827,73296086.000000,989379.000000,0.013498
946,746,64,0.016306,0.015876,73867271.000000,995975.000000,0.013483
947,747,64,0.016472,0.016078,74569311.000000,1003884.000000,0.013462
948,747,64,0.016345,0.016032,74211122.000000,1000091.000000,0.013476
949,747,64,0.016337,0.016019,74160154.000000,998540.000000,0.013465
950,748,64,0.016629,0.016178,74995976.000000,1006095.000000,0.013415
951,749,64,0.016503,0.016181,74834645.000000,1008338.000000,0.013474
952,749,64,0.016369,0.016056,74395617.000000,1005834.000000,0.013520
953,749,63,0.016352,0.016037,74363172.000000,1003254.000000,0.013491
954,750,63,0.016677,0.016284,75306071.000000,1008500.000000,0.013392
955,751,63,0.016578,0.016254,75223684.000000,1011634.000000,0.013448
956,752,63,0.016682,0.016254,75580502.000000,1015176.000000,0.013432
957,753,63,0.016655,0.016333,75582729.000000,1018292.000000,0.013473
958,754,63,0.016699,0.016344,75777975.000000,1022108.000000,0.013488
959,755,63,0.016824,0.016497,76163685.000000,1022059.000000,0.013419
960,755,63,0.016724,0.016302,76037983.000000,1021546.000000,0.013435
961,756,63,0.016961,0.016533,76704585.000000,1029335.000000,0.013419
962,756,62,0.016840,0.016514,75802076.000000,1022143.000000,0.013484
963,757,62,0.016723,0.016406,75901638.000000,1021436.000000,0.013457
964,758,62,0.016827,0.016381,76306479.000000,1023761.000000,0.013416
965,758,62,0.016723,0.016404,76052213.000000,1025502.000000,0.013484
966,759,62,0.017066,0.016631,77088606.000000,1034376.000000,0.013418
967,760,62,0.017017,0.016690,76987134.000000,1036516.000000,0.013463
968,760,62,0.016851,0.016527,76329613.000000,1027917.000000,0.013467
969,761,62,0.016966,0.016647,76734229.000000,1033340.000000,0.013466
970,762,61,0.017058,0.016602,77186185.000000,1034294.000000,0.013400
971,763,61,0.017146,0.016765,77599010.000000,1042471.000000,0.013434
972,764,61,0.017092,0.016759,77353044.000000,1041051.000000,0.013458
973,764,61,0.017028,0.016665,77232509.000000,1038858.000000,0.013451
974,765,61,0.017531,0.017097,78262638.000000,1046659.000000,0.013374
975,766,61,0.017258,0.016918,77707031.000000,1045602.000000,0.013456
976,766,61,0.017186,0.016841,77536466.000000,1042125.000000,0.013440
977,767,61,0.017306,0.016889,78203943.000000,1047019.000000,0.013388
978,768,61,0.017200,0.016815,78096910.000000,1045422.000000,0.013386
979,769,60,0.017169,0.016844,78104900.000000,1045061.000000,0.013380
980,770,60,0.017240,0.016860,78300902.000000,1046143.000000,0.013361
981,771,60,0.017199,0.016880,78289217.000000,1045490.000000,0.013354
982,772,60,0.017305,0.016950,78674867.000000,1047941.000000,0.013320
983,773,60,0.017305,0.016954,78575915.000000,1048767.000000,0.013347
984,773,60,0.017414,0.016933,78954432.000000,1053022.000000,0.013337
985,774,60,0.017652,0.017182,79650629.000000,1062329.000000,0.013337
986,774,60,0.017530,0.017087,79640381.000000,1058030.000000,0.013285
987,775,60,0.017485,0.017079,79468264.000000,1057690.000000,0.013310
988,775,59,0.017641,0.017202,80076451.000000,1061726.000000,0.013259
