frame,nb of entities,FPS,frame length,physics length,L1-dcache-loads,L1-dcache-load-misses,L1-dcache-load-miss-ratio
0,3,301,0.002066,0.000024,477955.000000,32729.000000,0.068477
1,4,301,0.003345,0.000030,529533.000000,34650.000000,0.065435
2,5,301,0.003321,0.000029,548994.000000,33791.000000,0.061551
3,6,301,0.003325,0.000028,557324.000000,34190.000000,0.061347
4,7,301,0.003343,0.000040,495525.000000,33079.000000,0.066755
5,8,301,0.003320,0.000031,558334.000000,34053.000000,0.060990
6,9,301,0.003317,0.000030,552477.000000,34020.000000,0.061577
7,10,301,0.003352,0.000032,544939.000000,34255.000000,0.062860
8,11,301,0.003326,0.000029,565016.000000,34710.000000,0.061432
9,12,301,0.003321,0.000049,541455.000000,34193.000000,0.063150
10,13,301,0.003321,0.000035,584039.000000,34090.000000,0.058369
11,14,301,0.003323,0.000035,600654.000000,35189.000000,0.058584
12,15,301,0.003351,0.000035,541751.000000,34641.000000,0.063943
13,16,302,0.003304,0.000033,592877.000000,34527.000000,0.058236
14,17,302,0.003323,0.000036,561006.000000,32137.000000,0.057285
15,18,302,0.003319,0.000032,601235.000000,34691.000000,0.057700
16,19,302,0.003327,0.000040,630694.000000,35651.000000,0.056527
17,20,302,0.003317,0.000039,610406.000000,35038.000000,0.057401
18,21,302,0.003329,0.000039,581938.000000,34929.000000,0.060022
19,22,302,0.003317,0.000066,581689.000000,34038.000000,0.058516
20,23,302,0.003320,0.000040,624290.000000,35048.000000,0.056141
21,23,302,0.003324,0.000034,608900.000000,34601.000000,0.056825
22,24,302,0.003325,0.000045,619376.000000,34995.000000,0.056500
23,25,302,0.003322,0.000124,792442.000000,46835.000000,0.059102
24,25,302,0.003320,0.000095,719222.000000,40379.000000,0.056143
25,26,302,0.003329,0.000081,731913.000000,43933.000000,0.060025
26,27,302,0.003318,0.000055,636652.000000,38137.000000,0.059902
27,28,302,0.003326,0.000051,622894.000000,37638.000000,0.060424
28,29,302,0.003327,0.000055,637867.000000,36997.000000,0.058001
29,30,302,0.003361,0.000067,609988.000000,37753.000000,0.061891
30,31,302,0.003322,0.000055,653959.000000,37098.000000,0.056728
31,32,302,0.003327,0.000063,652924.000000,36941.000000,0.056578
32,33,302,0.003318,0.000062,677343.000000,38133.000000,0.056298
33,34,302,0.003324,0.000057,656513.000000,36829.000000,0.056098
34,34,302,0.003326,0.000057,607738.000000,32917.000000,0.054163
35,35,302,0.003319,0.000063,666529.000000,37565.000000,0.056359
36,36,302,0.003321,0.000063,653952.000000,36763.000000,0.056217
37,37,302,0.003327,0.000063,680448.000000,37484.000000,0.055087
38,38,302,0.003320,0.000063,667829.000000,38841.000000,0.058160
39,38,302,0.003320,0.000060,636565.000000,33541.000000,0.052691
40,39,302,0.003323,0.000067,702486.000000,37612.000000,0.053541
41,40,302,0.003321,0.000062,691875.000000,37948.000000,0.054848
42,40,302,0.003325,0.000055,678584.000000,36947.000000,0.054447
43,40,302,0.003325,0.000055,675508.000000,36963.000000,0.054719
44,41,302,0.003323,0.000061,668901.000000,34470.000000,0.051532
45,42,302,0.003325,0.000072,714477.000000,38567.000000,0.053979
46,43,302,0.003326,0.000065,706433.000000,38162.000000,0.054021
47,43,302,0.003319,0.000063,696645.000000,38402.000000,0.055124
48,44,302,0.003326,0.000066,721716.000000,38191.000000,0.052917
49,45,302,0.003327,0.000070,691225.000000,35004.000000,0.050641
50,46,302,0.003317,0.000083,770515.000000,39155.000000,0.050817
51,47,302,0.003324,0.000079,762193.000000,38726.000000,0.050809
52,47,302,0.003326,0.000072,737095.000000,37899.000000,0.051417
53,48,302,0.003320,0.000086,757090.000000,38832.000000,0.051291
54,49,302,0.003325,0.000078,760485.000000,35513.000000,0.046698
55,50,302,0.003327,0.000073,795452.000000,38789.000000,0.048763
56,51,302,0.003326,0.000075,774677.000000,39509.000000,0.051001
57,52,302,0.003319,0.000093,776766.000000,38259.000000,0.049254
58,52,302,0.003328,0.000078,750953.000000,37732.000000,0.050245
59,53,302,0.003319,0.000094,757676.000000,35452.000000,0.046790
60,53,300,0.003323,0.000071,796232.000000,38936.000000,0.048900
61,54,300,0.003330,0.000079,826334.000000,39890.000000,0.048273
62,54,300,0.003318,0.000130,849784.000000,52481.000000,0.061758
63,55,300,0.003322,0.000134,825567.000000,51517.000000,0.062402
64,55,300,0.003322,0.000126,782631.000000,45062.000000,0.057578
65,56,300,0.003314,0.000144,834523.000000,49817.000000,0.059695
66,57,300,0.003323,0.000084,805024.000000,39270.000000,0.048781
67,58,300,0.003325,0.000216,1014036.000000,53239.000000,0.052502
68,59,300,0.003322,0.000188,1030705.000000,53186.000000,0.051602
69,60,300,0.003326,0.000161,996387.000000,50013.000000,0.050194
70,61,300,0.003325,0.000181,1036281.000000,52678.000000,0.050834
71,62,300,0.003321,0.000226,1071175.000000,55442.000000,0.051758
72,63,300,0.003328,0.000159,952737.000000,46697.000000,0.049014
73,64,300,0.003318,0.000200,1021059.000000,53895.000000,0.052783
74,65,300,0.003317,0.000217,1038328.000000,50053.000000,0.048205
75,66,300,0.003321,0.000214,1200171.000000,61063.000000,0.050879
76,67,300,0.003330,0.000160,1076965.000000,53358.000000,0.049545
77,68,300,0.003317,0.000213,1119997.000000,54707.000000,0.048846
78,69,300,0.003323,0.000165,1021928.000000,51500.000000,0.050395
79,70,300,0.003318,0.000171,1006927.000000,46112.000000,0.045795
80,70,300,0.003324,0.000137,1013128.000000,47819.000000,0.047199
81,70,300,0.003319,0.000209,1021274.000000,53596.000000,0.052480
82,70,300,0.003330,0.000130,951566.000000,46617.000000,0.048990
83,71,300,0.003318,0.000216,984119.000000,50427.000000,0.051241
84,72,300,0.003321,0.000175,979475.000000,44071.000000,0.044995
85,73,300,0.003322,0.000174,1024886.000000,48374.000000,0.047199
86,74,300,0.003318,0.000176,1053322.000000,51252.000000,0.048657
87,74,300,0.003324,0.000139,1041986.000000,47780.000000,0.045855
88,75,300,0.003330,0.000153,1071594.000000,48118.000000,0.044903
89,76,301,0.003293,0.000207,1125387.000000,53410.000000,0.047459
90,77,301,0.003319,0.000210,1154635.000000,54620.000000,0.047305
91,78,300,0.003337,0.000241,1349616.000000,68269.000000,0.050584
92,79,301,0.003306,0.000408,1196396.000000,67782.000000,0.056655
93,80,301,0.003325,0.000227,1296195.000000,63649.000000,0.049104
94,81,301,0.003331,0.000226,1134153.000000,51532.000000,0.045437
95,81,301,0.003311,0.000206,1096930.000000,49137.000000,0.044795
96,82,301,0.003325,0.000203,1122729.000000,49065.000000,0.043702
97,83,301,0.003318,0.000220,1133279.000000,49249.000000,0.043457
98,84,301,0.003316,0.000227,1146372.000000,50599.000000,0.044138
99,84,301,0.003325,0.000199,1226827.000000,51580.000000,0.042043
100,85,301,0.003327,0.000250,1269473.000000,55625.000000,0.043817
101,86,301,0.003318,0.000268,1284842.000000,57774.000000,0.044966
102,87,301,0.003323,0.000252,1297876.000000,56346.000000,0.043414
103,88,301,0.003325,0.000256,1300787.000000,55829.000000,0.042919
104,89,301,0.003319,0.000249,1185670.000000,47512.000000,0.040072
105,90,301,0.003322,0.000228,1223176.000000,49754.000000,0.040676
106,91,301,0.003325,0.000226,1235667.000000,50299.000000,0.040706
107,92,301,0.003321,0.000286,1280120.000000,54016.000000,0.042196
108,92,301,0.003320,0.000237,1286763.000000,50378.000000,0.039151
109,93,301,0.003329,0.000196,1236717.000000,46443.000000,0.037553
110,94,301,0.003318,0.000248,1247502.000000,51939.000000,0.041634
111,95,301,0.003320,0.000253,1303207.000000,50769.000000,0.038957
112,96,301,0.003324,0.000246,1340623.000000,50514.000000,0.037679
113,97,301,0.003322,0.000249,1452275.000000,58588.000000,0.040342
114,98,301,0.003323,0.000248,1293523.000000,47568.000000,0.036774
115,99,301,0.003324,0.000410,1755256.000000,76065.000000,0.043336
116,99,301,0.003317,0.000394,1712156.000000,74813.000000,0.043695
117,100,301,0.003325,0.000363,1661422.000000,71483.000000,0.043025
118,101,301,0.003326,0.000368,1655058.000000,70414.000000,0.042545
119,102,301,0.003318,0.000377,1624454.000000,68445.000000,0.042134
120,103,301,0.003324,0.000364,1692905.000000,70989.000000,0.041933
121,104,301,0.003327,0.000398,1836860.000000,78793.000000,0.042895
122,105,301,0.003324,0.000347,1859681.000000,79570.000000,0.042787
123,106,301,0.003321,0.000417,1855303.000000,78781.000000,0.042463
124,107,301,0.003328,0.000334,1771570.000000,69357.000000,0.039150
125,108,301,0.003317,0.000421,1785476.000000,74128.000000,0.041517
126,109,301,0.003325,0.000358,1771071.000000,71783.000000,0.040531
127,109,301,0.003325,0.000440,1982741.000000,87826.000000,0.044295
128,110,301,0.003320,0.000474,1981657.000000,86829.000000,0.043816
129,111,301,0.003316,0.000465,1996063.000000,82958.000000,0.041561
130,112,301,0.003329,0.000414,2043756.000000,86171.000000,0.042163
131,113,301,0.003321,0.000520,2007022.000000,81547.000000,0.040631
132,113,301,0.003322,0.000456,1979992.000000,79669.000000,0.040237
133,113,301,0.003326,0.000423,1963115.000000,80184.000000,0.040845
134,114,301,0.003318,0.000441,1876779.000000,71759.000000,0.038235
135,114,301,0.003325,0.000418,2026161.000000,81259.000000,0.040105
136,114,301,0.003328,0.000433,2030911.000000,80494.000000,0.039634
137,115,301,0.003317,0.000460,1953288.000000,75450.000000,0.038627
138,115,301,0.003325,0.000400,1946559.000000,74498.000000,0.038272
139,116,301,0.003328,0.000378,1945815.000000,71534.000000,0.036763
140,117,301,0.003317,0.000455,1988417.000000,75033.000000,0.037735
141,118,301,0.003326,0.000408,1996988.000000,74693.000000,0.037403
142,118,301,0.003328,0.000386,2014009.000000,75801.000000,0.037637
143,119,301,0.003320,0.000486,2047214.000000,77233.000000,0.037726
144,120,301,0.003322,0.000432,2071109.000000,73627.000000,0.035550
145,120,301,0.003325,0.000418,2095366.000000,77916.000000,0.037185
146,121,301,0.003316,0.000484,2112848.000000,78000.000000,0.036917
147,122,300,0.003384,0.000545,2123099.000000,80626.000000,0.037976
148,123,300,0.003364,0.000446,2151337.000000,78988.000000,0.036716
149,124,300,0.003353,0.000586,2308130.000000,88870.000000,0.038503
150,125,300,0.003368,0.000579,2580943.000000,106331.000000,0.041199
151,125,300,0.003375,0.000657,2567676.000000,106161.000000,0.041345
152,125,300,0.003309,0.001052,2649148.000000,133291.000000,0.050315
153,126,300,0.003323,0.000537,2706398.000000,105512.000000,0.038986
154,127,300,0.003329,0.000540,2682433.000000,103333.000000,0.038522
155,128,300,0.003318,0.000700,2696355.000000,107469.000000,0.039857
156,129,300,0.003322,0.000659,2738816.000000,111819.000000,0.040827
157,130,300,0.003329,0.000839,3052906.000000,137770.000000,0.045127
158,130,300,0.003318,0.000740,2950329.000000,121509.000000,0.041185
159,131,300,0.003345,0.000703,2891121.000000,116649.000000,0.040347
160,132,300,0.003362,0.000910,3051774.000000,124005.000000,0.040634
161,133,300,0.003367,0.000928,3373053.000000,154049.000000,0.045670
162,134,300,0.003396,0.001281,3341032.000000,165505.000000,0.049537
163,135,300,0.003362,0.000746,3344294.000000,139772.000000,0.041794
164,136,300,0.003367,0.000773,3084309.000000,119823.000000,0.038849
165,137,300,0.003371,0.000714,3036272.000000,116748.000000,0.038451
166,137,300,0.003383,0.000715,3050409.000000,116761.000000,0.038277
167,138,299,0.003374,0.000856,3263854.000000,130145.000000,0.039875
168,138,299,0.003367,0.000915,3241325.000000,125705.000000,0.038782
169,139,299,0.003379,0.000764,3270111.000000,125313.000000,0.038321
170,140,299,0.003366,0.000738,3279462.000000,125556.000000,0.038286
171,141,299,0.003380,0.000884,3447409.000000,133134.000000,0.038619
172,142,299,0.003389,0.001162,3548276.000000,151268.000000,0.042631
173,142,299,0.003368,0.000718,3399040.000000,122702.000000,0.036099
174,142,299,0.003382,0.000844,3422262.000000,125450.000000,0.036657
175,143,299,0.003373,0.000804,3450779.000000,127363.000000,0.036908
176,144,299,0.003371,0.000899,3498732.000000,126334.000000,0.036109
177,144,299,0.003381,0.000951,3814117.000000,143514.000000,0.037627
178,144,299,0.003406,0.001358,3771661.000000,167754.000000,0.044477
179,145,298,0.003375,0.000980,3841209.000000,141681.000000,0.036884
180,146,298,0.003377,0.000938,3765705.000000,134998.000000,0.035849
181,147,298,0.003376,0.000902,3834273.000000,141241.000000,0.036836
182,148,298,0.003420,0.000891,3774454.000000,137057.000000,0.036312
183,149,298,0.003327,0.000834,3892922.000000,138860.000000,0.035670
184,150,298,0.003391,0.000885,3817178.000000,135859.000000,0.035591
185,151,298,0.003377,0.000968,3976421.000000,142927.000000,0.035944
186,152,298,0.003385,0.001040,3989443.000000,142600.000000,0.035744
187,153,298,0.003324,0.001371,4036352.000000,156602.000000,0.038798
188,154,298,0.003321,0.000856,4004256.000000,135352.000000,0.033802
189,155,298,0.003324,0.001007,4263959.000000,151092.000000,0.035435
190,156,298,0.003330,0.000998,4307990.000000,149355.000000,0.034669
191,156,298,0.003317,0.000998,4354553.000000,150445.000000,0.034549
192,157,298,0.003396,0.001208,4194439.000000,145751.000000,0.034749
193,158,298,0.003378,0.000872,4130797.000000,134357.000000,0.032526
194,158,298,0.003377,0.000941,4277764.000000,145923.000000,0.034112
195,159,298,0.003390,0.000984,4176552.000000,140769.000000,0.033705
196,160,297,0.003383,0.001010,4228635.000000,140250.000000,0.033167
197,160,297,0.003410,0.001604,4658095.000000,185000.000000,0.039716
198,161,296,0.004451,0.001494,4517492.000000,175695.000000,0.038892
199,162,296,0.003321,0.001125,4730124.000000,172930.000000,0.036559
200,163,296,0.003331,0.001750,4942203.000000,222523.000000,0.045025
201,164,296,0.003322,0.001328,5045701.000000,186615.000000,0.036985
202,165,296,0.003314,0.001565,4920918.000000,198523.000000,0.040343
203,166,296,0.003328,0.001429,5366277.000000,192074.000000,0.035793
204,166,296,0.003326,0.001224,5003993.000000,175750.000000,0.035122
205,166,296,0.003315,0.001111,4906211.000000,168044.000000,0.034251
206,166,296,0.003328,0.001246,4907379.000000,169363.000000,0.034512
207,167,296,0.003325,0.001800,5235296.000000,212812.000000,0.040649
208,168,296,0.003322,0.001066,4938725.000000,167872.000000,0.033991
209,169,296,0.003325,0.001354,5198175.000000,184631.000000,0.035518
210,170,296,0.003322,0.001459,5246331.000000,184342.000000,0.035137
211,171,296,0.003326,0.001176,5378379.000000,190812.000000,0.035478
212,171,296,0.003318,0.001731,5574796.000000,225055.000000,0.040370
213,172,296,0.003328,0.001187,5338484.000000,186159.000000,0.034871
214,173,296,0.003315,0.001625,5525224.000000,220843.000000,0.039970
215,174,296,0.003322,0.001394,5457331.000000,191626.000000,0.035114
216,175,296,0.003327,0.001473,6011783.000000,227245.000000,0.037800
217,176,296,0.003320,0.001435,5557627.000000,201173.000000,0.036198
218,177,296,0.003324,0.001251,5564302.000000,190406.000000,0.034219
219,178,296,0.003323,0.001419,5677937.000000,198980.000000,0.035044
220,179,296,0.003319,0.001246,5775391.000000,201031.000000,0.034808
221,180,296,0.003327,0.001475,5896126.000000,205238.000000,0.034809
222,181,296,0.003330,0.001221,5695230.000000,194813.000000,0.034206
223,182,296,0.003314,0.001545,6181798.000000,220278.000000,0.035633
224,183,296,0.003327,0.001508,5926321.000000,206144.000000,0.034784
225,183,296,0.003326,0.001471,5934646.000000,207333.000000,0.034936
226,184,297,0.003316,0.001487,6238313.000000,223418.000000,0.035814
227,185,297,0.003328,0.001642,6277088.000000,225930.000000,0.035993
228,186,297,0.003320,0.001563,6303147.000000,220747.000000,0.035022
229,187,297,0.003325,0.001404,6379368.000000,222882.000000,0.034938
230,188,297,0.003325,0.001475,6618136.000000,238606.000000,0.036053
231,189,297,0.003325,0.001577,6411096.000000,224194.000000,0.034970
232,190,297,0.003318,0.001553,6416313.000000,224687.000000,0.035018
233,190,297,0.003329,0.001712,6627215.000000,234369.000000,0.035365
234,191,297,0.003321,0.001689,6738166.000000,241056.000000,0.035775
235,192,297,0.003322,0.001512,6758819.000000,241333.000000,0.035706
236,192,297,0.003334,0.001899,6747733.000000,241147.000000,0.035737
237,193,297,0.003355,0.001877,6777412.000000,243242.000000,0.035890
238,194,297,0.003322,0.002050,6998096.000000,264966.000000,0.037863
239,195,297,0.003326,0.001735,6806462.000000,240543.000000,0.035340
240,196,298,0.003324,0.001697,6828816.000000,241074.000000,0.035302
241,196,298,0.003324,0.001531,6830245.000000,241546.000000,0.035364
242,197,298,0.003335,0.001736,6880269.000000,241999.000000,0.035173
243,197,298,0.003337,0.002083,7180452.000000,266043.000000,0.037051
244,197,298,0.003320,0.001557,6954431.000000,243569.000000,0.035024
245,197,298,0.003328,0.001752,6942781.000000,243558.000000,0.035081
246,197,298,0.003322,0.001723,7003985.000000,243738.000000,0.034800
247,198,298,0.003321,0.001675,7425861.000000,267478.000000,0.036020
248,199,298,0.003371,0.002751,7590653.000000,295059.000000,0.038871
249,200,298,0.003326,0.001635,7336520.000000,257561.000000,0.035107
250,200,298,0.003322,0.001632,7363078.000000,257070.000000,0.034913
251,201,298,0.003330,0.001841,7314680.000000,252021.000000,0.034454
252,201,298,0.003332,0.001798,7317539.000000,252590.000000,0.034518
253,201,298,0.003366,0.002782,7953697.000000,313261.000000,0.039386
254,202,298,0.003326,0.001683,7537082.000000,259498.000000,0.034430
255,203,298,0.003329,0.001889,7700272.000000,269321.000000,0.034976
256,204,298,0.003322,0.001731,7784446.000000,270497.000000,0.034748
257,205,298,0.003339,0.002078,8219064.000000,292217.000000,0.035554
258,206,300,0.003357,0.002407,8349146.000000,312937.000000,0.037481
259,207,300,0.003325,0.001853,8241819.000000,290968.000000,0.035304
260,208,300,0.003339,0.002060,8249530.000000,285278.000000,0.034581
261,208,300,0.003339,0.002025,8853605.000000,321801.000000,0.036347
262,209,300,0.003329,0.001983,8707183.000000,313305.000000,0.035982
263,210,300,0.003344,0.002237,8781879.000000,317899.000000,0.036199
264,211,300,0.003340,0.002022,8880389.000000,322206.000000,0.036283
265,212,300,0.003337,0.002088,9139023.000000,335289.000000,0.036688
266,213,300,0.003352,0.002362,9308722.000000,343956.000000,0.036950
267,214,300,0.003355,0.002144,9352408.000000,344455.000000,0.036831
268,214,300,0.003332,0.002165,9346588.000000,340112.000000,0.036389
269,215,300,0.003345,0.002215,9615608.000000,352532.000000,0.036662
270,216,300,0.003328,0.002135,9385220.000000,338402.000000,0.036057
271,217,300,0.003341,0.002176,9502997.000000,346329.000000,0.036444
272,218,300,0.003346,0.002234,9692911.000000,355100.000000,0.036635
273,219,300,0.003353,0.002237,9649548.000000,350034.000000,0.036275
274,220,300,0.003344,0.002211,9654266.000000,347293.000000,0.035973
275,221,300,0.003347,0.002237,9685809.000000,349356.000000,0.036069
276,222,300,0.003346,0.002174,9493146.000000,336725.000000,0.035470
277,223,300,0.003346,0.002228,9589613.000000,337948.000000,0.035241
278,223,299,0.003347,0.002216,9605661.000000,335038.000000,0.034879
279,224,299,0.003344,0.002136,9363646.000000,323980.000000,0.034600
280,225,299,0.003341,0.002132,9431422.000000,323089.000000,0.034257
281,226,299,0.003361,0.003038,10001046.000000,375883.000000,0.037584
282,227,299,0.003349,0.002148,9580117.000000,326854.000000,0.034118
283,228,299,0.003345,0.002229,9863280.000000,337496.000000,0.034217
284,229,299,0.003343,0.002317,10117625.000000,355935.000000,0.035180
285,230,299,0.003367,0.002620,10404513.000000,372750.000000,0.035826
286,230,299,0.003352,0.002316,10160433.000000,354848.000000,0.034924
287,231,299,0.003365,0.002451,10553234.000000,379508.000000,0.035961
288,232,299,0.003354,0.002344,10097205.000000,348025.000000,0.034467
289,233,299,0.003352,0.002327,10295723.000000,355516.000000,0.034530
290,234,299,0.003356,0.002371,10382139.000000,357618.000000,0.034446
291,234,299,0.003362,0.002521,10595444.000000,362569.000000,0.034219
292,234,299,0.003367,0.002648,10942143.000000,378909.000000,0.034628
293,235,299,0.003363,0.002542,10978456.000000,382203.000000,0.034814
294,235,299,0.003363,0.002557,10974776.000000,381923.000000,0.034800
295,236,299,0.003360,0.002505,10959110.000000,382277.000000,0.034882
296,237,299,0.003362,0.002525,11036669.000000,382073.000000,0.034619
297,238,299,0.003365,0.002623,11150924.000000,387461.000000,0.034747
298,239,299,0.003366,0.002591,11286763.000000,399470.000000,0.035393
299,240,298,0.003368,0.002641,11425098.000000,403206.000000,0.035291
300,241,298,0.003369,0.002685,11473760.000000,405383.000000,0.035331
301,242,298,0.003369,0.002666,11585115.000000,412004.000000,0.035563
302,243,298,0.003367,0.002676,11529386.000000,400720.000000,0.034756
303,244,298,0.003374,0.002735,11709377.000000,409314.000000,0.034956
304,245,298,0.003370,0.002698,11799495.000000,414117.000000,0.035096
305,246,298,0.003371,0.002711,11763393.000000,406673.000000,0.034571
306,246,298,0.003373,0.002726,11739616.000000,404341.000000,0.034442
307,247,298,0.003376,0.002836,12056818.000000,414316.000000,0.034364
308,247,298,0.003373,0.002774,12059592.000000,416715.000000,0.034555
309,248,298,0.003369,0.002856,12257842.000000,426022.000000,0.034755
310,248,298,0.003378,0.002857,12380785.000000,430251.000000,0.034752
311,248,297,0.004088,0.003761,12548762.000000,461590.000000,0.036784
312,249,297,0.003381,0.002880,12340582.000000,427282.000000,0.034624
313,249,297,0.003379,0.002876,12432533.000000,432750.000000,0.034808
314,250,297,0.003369,0.002908,12638871.000000,442870.000000,0.035040
315,251,296,0.003384,0.002963,12698851.000000,442867.000000,0.034875
316,252,296,0.003381,0.002925,12642188.000000,440068.000000,0.034809
317,252,296,0.003880,0.003407,12981753.000000,452473.000000,0.034855
318,253,295,0.003560,0.003204,12893278.000000,449488.000000,0.034862
319,254,295,0.003368,0.003034,13015085.000000,450347.000000,0.034602
320,255,295,0.003399,0.003046,12969261.000000,444279.000000,0.034256
321,256,295,0.003371,0.003045,13249353.000000,455824.000000,0.034403
322,256,295,0.003355,0.003042,13179238.000000,450106.000000,0.034153
323,257,295,0.003389,0.003045,13226766.000000,449739.000000,0.034002
324,258,295,0.003414,0.003086,13436340.000000,462820.000000,0.034445
325,259,295,0.003467,0.003133,13604510.000000,465924.000000,0.034248
326,260,294,0.003527,0.003211,13791757.000000,469711.000000,0.034057
327,261,294,0.003547,0.003214,13937927.000000,477308.000000,0.034245
328,261,294,0.003512,0.003191,13853742.000000,472427.000000,0.034101
329,262,294,0.003551,0.003225,13889700.000000,473846.000000,0.034115
330,262,293,0.003542,0.003207,13924852.000000,481145.000000,0.034553
331,263,292,0.004120,0.003519,13951987.000000,476494.000000,0.034152
332,263,291,0.003905,0.003249,13962601.000000,480932.000000,0.034444
333,264,291,0.003951,0.003314,14013953.000000,482218.000000,0.034410
334,265,290,0.003959,0.003327,14219913.000000,487553.000000,0.034287
335,266,289,0.003939,0.003586,14277191.000000,489317.000000,0.034273
336,267,288,0.003664,0.003319,14257071.000000,487611.000000,0.034201
337,268,288,0.003745,0.003388,14394081.000000,491591.000000,0.034152
338,269,287,0.003690,0.003347,14385322.000000,489824.000000,0.034050
339,269,286,0.004095,0.003731,14641971.000000,496316.000000,0.033897
340,270,286,0.003607,0.003281,14305057.000000,477579.000000,0.033385
341,270,285,0.003707,0.003338,14495522.000000,489374.000000,0.033760
342,271,284,0.004213,0.003822,14802700.000000,505747.000000,0.034166
343,272,283,0.004173,0.003368,14621698.000000,485747.000000,0.033221
344,273,282,0.004175,0.003509,14686623.000000,486548.000000,0.033129
345,274,281,0.004055,0.003414,14745863.000000,486846.000000,0.033016
346,274,280,0.004144,0.003510,14920659.000000,497158.000000,0.033320
347,275,279,0.004119,0.003471,14908049.000000,498347.000000,0.033428
348,276,278,0.004178,0.003539,15171551.000000,506836.000000,0.033407
349,277,277,0.004223,0.003581,15388675.000000,516700.000000,0.033577
350,278,276,0.004286,0.003606,15539804.000000,521720.000000,0.033573
351,279,275,0.004286,0.003609,15558606.000000,524338.000000,0.033701
352,280,274,0.004240,0.003607,15545762.000000,519907.000000,0.033444
353,281,272,0.004401,0.003763,16000530.000000,544297.000000,0.034017
354,282,271,0.004409,0.003774,15943664.000000,540364.000000,0.033892
355,283,270,0.004477,0.003831,16205483.000000,546202.000000,0.033705
356,283,268,0.004493,0.003872,16345654.000000,554154.000000,0.033902
357,284,267,0.004563,0.003924,16490259.000000,566328.000000,0.034343
358,285,265,0.004556,0.003893,16489053.000000,565699.000000,0.034308
359,286,264,0.004619,0.003943,16660377.000000,568135.000000,0.034101
360,287,262,0.004600,0.003958,16865983.000000,575434.000000,0.034118
361,288,261,0.004635,0.003974,17001617.000000,581849.000000,0.034223
362,289,259,0.004696,0.004044,16995244.000000,585172.000000,0.034432
363,290,258,0.004633,0.004002,17048159.000000,580333.000000,0.034041
364,291,257,0.004665,0.004008,17064887.000000,582420.000000,0.034130
365,292,255,0.004675,0.004011,17173939.000000,586516.000000,0.034152
366,292,254,0.004723,0.004079,17132628.000000,578648.000000,0.033775
367,293,252,0.004686,0.004048,17267856.000000,582174.000000,0.033714
368,294,251,0.004684,0.004040,17142160.000000,579813.000000,0.033824
369,295,250,0.004767,0.004121,17402217.000000,596773.000000,0.034293
370,296,248,0.004766,0.004133,17393618.000000,592418.000000,0.034060
371,297,247,0.004786,0.004133,17505768.000000,597517.000000,0.034133
372,298,246,0.004824,0.004170,17619790.000000,604224.000000,0.034292
373,299,244,0.004825,0.004176,17677825.000000,604165.000000,0.034176
374,300,243,0.004870,0.004227,17787242.000000,607666.000000,0.034163
375,301,241,0.004923,0.004269,18070692.000000,617861.000000,0.034191
376,302,240,0.004980,0.004312,18172292.000000,619976.000000,0.034117
377,303,239,0.004903,0.004263,18141912.000000,611578.000000,0.033711
378,304,238,0.004907,0.004256,18086109.000000,606791.000000,0.033550
379,305,236,0.004990,0.004342,18323752.000000,619046.000000,0.033784
380,306,235,0.004987,0.004350,18327113.000000,614568.000000,0.033533
381,307,233,0.005022,0.004370,18635026.000000,630849.000000,0.033853
382,307,232,0.005023,0.004381,18602238.000000,629235.000000,0.033826
383,308,230,0.005059,0.004410,18647842.000000,632308.000000,0.033908
384,309,229,0.005021,0.004395,18507507.000000,621172.000000,0.033563
385,310,227,0.005051,0.004386,18638164.000000,626850.000000,0.033633
386,311,226,0.005066,0.004399,18646870.000000,627593.000000,0.033657
387,312,225,0.004902,0.004543,18711034.000000,624434.000000,0.033373
388,313,224,0.004848,0.004466,19072485.000000,640855.000000,0.033601
389,314,223,0.004795,0.004439,19054881.000000,629386.000000,0.033030
390,315,222,0.004788,0.004437,19045539.000000,627703.000000,0.032958
391,315,221,0.004940,0.004581,19607871.000000,651141.000000,0.033208
392,316,220,0.004807,0.004456,19194926.000000,630938.000000,0.032870
393,316,219,0.004913,0.004557,19496782.000000,647442.000000,0.033208
394,317,219,0.004874,0.004525,19483716.000000,636223.000000,0.032654
395,318,218,0.005033,0.004631,19988315.000000,658058.000000,0.032922
396,319,217,0.005034,0.004659,20006868.000000,660665.000000,0.033022
397,320,216,0.005135,0.004778,20522706.000000,680087.000000,0.033138
398,320,215,0.005093,0.004734,20316520.000000,671479.000000,0.033051
399,321,214,0.005154,0.004802,20605236.000000,682694.000000,0.033132
400,322,213,0.005257,0.004899,20817784.000000,692230.000000,0.033252
401,323,211,0.005254,0.004896,21064628.000000,695344.000000,0.033010
402,323,211,0.005239,0.004864,20913453.000000,688682.000000,0.032930
403,324,210,0.005382,0.005010,21455021.000000,710776.000000,0.033129
404,325,209,0.005262,0.004922,21090793.000000,693167.000000,0.032866
405,326,208,0.005303,0.004941,21216358.000000,698710.000000,0.032933
406,326,207,0.005382,0.005024,21218238.000000,697503.000000,0.032873
407,326,206,0.005294,0.004944,21206352.000000,687017.000000,0.032397
408,327,205,0.005326,0.004937,21272104.000000,693666.000000,0.032609
409,328,205,0.005399,0.005030,21613193.000000,707976.000000,0.032757
410,329,204,0.005386,0.005027,21525970.000000,698398.000000,0.032444
411,329,203,0.005488,0.005119,21948396.000000,722826.000000,0.032933
412,330,202,0.005514,0.005110,21985425.000000,723164.000000,0.032893
413,331,201,0.005493,0.005141,22006934.000000,720803.000000,0.032753
414,332,201,0.005509,0.005135,22118325.000000,720960.000000,0.032596
415,332,200,0.005590,0.005210,22274287.000000,729579.000000,0.032754
416,332,199,0.005599,0.005229,22422192.000000,731164.000000,0.032609
417,332,198,0.005606,0.005235,22438349.000000,737760.000000,0.032879
418,333,198,0.005849,0.005320,22423704.000000,734610.000000,0.032760
419,334,197,0.005805,0.005388,22813770.000000,741705.000000,0.032511
420,335,196,0.005623,0.005241,22511435.000000,732750.000000,0.032550
421,336,196,0.005634,0.005251,22553091.000000,729098.000000,0.032328
422,337,195,0.005639,0.005264,22587595.000000,726977.000000,0.032185
423,338,194,0.005766,0.005362,23059443.000000,748184.000000,0.032446
424,338,193,0.005922,0.005520,23233086.000000,750882.000000,0.032320
425,339,193,0.005847,0.005460,23441010.000000,753533.000000,0.032146
426,340,192,0.005814,0.005429,23322746.000000,751769.000000,0.032233
427,341,191,0.005881,0.005506,23548898.000000,755105.000000,0.032065
428,341,191,0.005844,0.005479,23541537.000000,744957.000000,0.031644
429,341,190,0.005948,0.005557,23856935.000000,760363.000000,0.031872
430,342,189,0.005906,0.005544,23851066.000000,755399.000000,0.031671
431,343,188,0.006083,0.005697,24382286.000000,785919.000000,0.032233
432,343,188,0.005986,0.005614,24139952.000000,771204.000000,0.031947
433,344,187,0.005995,0.005637,24143203.000000,769472.000000,0.031871
434,345,186,0.006057,0.005657,24347621.000000,775694.000000,0.031859
435,346,186,0.006177,0.005789,24675040.000000,790134.000000,0.032022
436,347,185,0.006127,0.005761,24645300.000000,785125.000000,0.031857
437,348,184,0.006111,0.005714,24652309.000000,783640.000000,0.031788
438,349,184,0.006104,0.005723,24739244.000000,789153.000000,0.031899
439,350,183,0.006095,0.005721,24680588.000000,782714.000000,0.031714
440,350,182,0.006889,0.006479,25215175.000000,793913.000000,0.031486
441,351,181,0.006253,0.005875,24865682.000000,782480.000000,0.031468
442,352,181,0.006208,0.005818,24953611.000000,791705.000000,0.031727
443,353,180,0.006304,0.005913,25242949.000000,804183.000000,0.031858
444,353,179,0.006241,0.005864,24971841.000000,783502.000000,0.031375
445,354,179,0.006211,0.005820,25065018.000000,785775.000000,0.031349
446,355,178,0.006239,0.005850,25157737.000000,786181.000000,0.031250
447,355,177,0.006202,0.005829,25133544.000000,777735.000000,0.030944
448,356,177,0.006267,0.005866,25426581.000000,787971.000000,0.030990
449,357,176,0.006267,0.005908,25552002.000000,788892.000000,0.030874
450,358,175,0.006440,0.006056,25980798.000000,818099.000000,0.031489
451,359,174,0.006481,0.006076,26024905.000000,820593.000000,0.031531
452,359,173,0.006463,0.006105,26012889.000000,812662.000000,0.031241
453,360,173,0.006405,0.006024,26013447.000000,813099.000000,0.031257
454,361,172,0.006446,0.006055,26061850.000000,807019.000000,0.030966
455,361,171,0.006601,0.006221,26536443.000000,822955.000000,0.031012
456,361,170,0.007470,0.007005,27009584.000000,834117.000000,0.030882
457,362,169,0.007235,0.006529,26610989.000000,821921.000000,0.030887
458,363,168,0.006782,0.006109,26641012.000000,823424.000000,0.030908
459,364,167,0.006820,0.006186,26731386.000000,825113.000000,0.030867
460,365,166,0.006906,0.006232,26919990.000000,836751.000000,0.031083
461,366,166,0.006892,0.006222,26988854.000000,837109.000000,0.031017
462,366,165,0.006860,0.006213,26877630.000000,827095.000000,0.030773
463,367,164,0.006940,0.006278,27092915.000000,843050.000000,0.031117
464,368,164,0.006893,0.006238,27084268.000000,839269.000000,0.030987
465,368,163,0.007040,0.006383,27456041.000000,864527.000000,0.031488
466,369,162,0.006889,0.006470,27444145.000000,863123.000000,0.031450
467,370,161,0.006708,0.006331,27323824.000000,846333.000000,0.030974
468,371,161,0.006729,0.006344,27388164.000000,851294.000000,0.031083
469,371,160,0.006810,0.006440,27698868.000000,860600.000000,0.031070
470,372,159,0.008084,0.007389,27987860.000000,884887.000000,0.031617
471,373,158,0.007265,0.006593,28095449.000000,869233.000000,0.030939
472,373,158,0.007183,0.006514,28162743.000000,870096.000000,0.030895
473,374,157,0.007202,0.006532,28205786.000000,869561.000000,0.030829
474,374,156,0.007123,0.006469,28138647.000000,864258.000000,0.030714
475,374,156,0.007176,0.006494,28152350.000000,867954.000000,0.030831
476,374,155,0.007191,0.006542,28220342.000000,871601.000000,0.030886
477,375,154,0.007216,0.006549,28283570.000000,875341.000000,0.030949
478,376,154,0.007181,0.006512,28262388.000000,873624.000000,0.030911
479,377,153,0.007737,0.007056,28681327.000000,890845.000000,0.031060
480,378,152,0.007448,0.006753,28664429.000000,888337.000000,0.030991
481,379,151,0.007804,0.007112,28751577.000000,913322.000000,0.031766
482,380,151,0.007289,0.006612,28521331.000000,884033.000000,0.030996
483,381,150,0.007732,0.007058,28740161.000000,900406.000000,0.031329
484,382,149,0.007614,0.006923,29028684.000000,905671.000000,0.031199
485,382,149,0.007677,0.006787,29329578.000000,918902.000000,0.031330
486,382,148,0.007517,0.006800,28979168.000000,894082.000000,0.030853
487,383,148,0.007378,0.006703,28933131.000000,890878.000000,0.030791
488,384,147,0.008038,0.007321,29420229.000000,910307.000000,0.030942
489,385,146,0.007484,0.006811,29218665.000000,901531.000000,0.030855
490,385,146,0.007860,0.007426,29694062.000000,942021.000000,0.031724
491,386,145,0.007194,0.006805,29343083.000000,905258.000000,0.030851
492,387,145,0.007359,0.006901,29694829.000000,922716.000000,0.031073
493,388,144,0.007463,0.007044,30066802.000000,940775.000000,0.031289
494,389,144,0.007396,0.006979,30029582.000000,939731.000000,0.031294
495,390,143,0.007670,0.007256,30343272.000000,946355.000000,0.031188
496,391,143,0.007452,0.007045,30216379.000000,932699.000000,0.030867
497,391,142,0.007523,0.007109,30509988.000000,949963.000000,0.031136
498,392,142,0.007667,0.007254,30828352.000000,962369.000000,0.031217
499,393,141,0.007592,0.007181,30713433.000000,957333.000000,0.031170
500,394,141,0.007538,0.007153,30733924.000000,951016.000000,0.030944
501,395,140,0.008221,0.007784,30861364.000000,956425.000000,0.030991
502,396,140,0.007932,0.007527,30831121.000000,951431.000000,0.030859
503,397,139,0.008204,0.007734,31436459.000000,980775.000000,0.031199
504,398,139,0.007873,0.007430,31380515.000000,977714.000000,0.031157
505,398,138,0.007711,0.007274,31354305.000000,972924.000000,0.031030
506,399,138,0.007703,0.007289,31164841.000000,963213.000000,0.030907
507,400,137,0.007758,0.007344,31595377.000000,971554.000000,0.030750
508,401,137,0.007805,0.007390,31800135.000000,982539.000000,0.030897
509,402,136,0.007913,0.007518,32367530.000000,1005495.000000,0.031065
510,403,136,0.008133,0.007693,32576740.000000,1014140.000000,0.031131
511,404,135,0.008155,0.007728,33073597.000000,1032533.000000,0.031219
512,405,135,0.008067,0.007655,32778640.000000,1021030.000000,0.031149
513,406,134,0.008112,0.007713,33047102.000000,1027637.000000,0.031096
514,407,134,0.008104,0.007667,32950625.000000,1021960.000000,0.031015
515,408,133,0.008121,0.007726,33221745.000000,1026512.000000,0.030899
516,409,133,0.008148,0.007737,33095665.000000,1022300.000000,0.030889
517,410,133,0.008204,0.007796,33348337.000000,1035579.000000,0.031053
518,410,132,0.008335,0.007881,33645928.000000,1046929.000000,0.031116
519,411,132,0.008295,0.007886,33728193.000000,1042467.000000,0.030908
520,412,131,0.008236,0.007810,33605786.000000,1041083.000000,0.030979
521,412,131,0.008361,0.007960,34004319.000000,1052697.000000,0.030958
522,413,130,0.008569,0.008097,34210557.000000,1067735.000000,0.031211
523,414,130,0.008462,0.008020,34106264.000000,1057591.000000,0.031009
524,415,130,0.008464,0.008028,34133589.000000,1061970.000000,0.031112
525,415,129,0.008463,0.008062,34187262.000000,1057195.000000,0.030924
526,415,129,0.008974,0.008554,34772168.000000,1082346.000000,0.031127
527,415,128,0.008422,0.008019,34205348.000000,1057767.000000,0.030924
528,416,128,0.008586,0.008159,34494101.000000,1072378.000000,0.031089
529,417,127,0.008930,0.008496,34830361.000000,1089214.000000,0.031272
530,417,127,0.009314,0.008861,35388834.000000,1094889.000000,0.030939
531,418,126,0.008581,0.008155,34741967.000000,1072723.000000,0.030877
532,419,126,0.009049,0.008322,35155529.000000,1093706.000000,0.031110
533,420,125,0.008911,0.008221,35523091.000000,1096404.000000,0.030865
534,421,125,0.008812,0.008374,35493753.000000,1093036.000000,0.030795
535,422,125,0.008693,0.008264,35597746.000000,1096134.000000,0.030792
536,423,124,0.008735,0.008309,35733195.000000,1093300.000000,0.030596
537,423,124,0.008763,0.008329,35776150.000000,1090837.000000,0.030491
538,424,123,0.008858,0.008422,36109492.000000,1096893.000000,0.030377
539,425,123,0.008868,0.008435,36234715.000000,1098728.000000,0.030323
540,425,123,0.008854,0.008435,36169102.000000,1096549.000000,0.030317
541,425,122,0.008965,0.008510,36413322.000000,1109540.000000,0.030471
542,426,122,0.008893,0.008469,36325834.000000,1101961.000000,0.030335
543,427,122,0.009122,0.008672,36664576.000000,1124892.000000,0.030681
544,428,121,0.009102,0.008681,37120095.000000,1137962.000000,0.030656
545,429,121,0.009150,0.008684,37118304.000000,1134463.000000,0.030563
546,430,121,0.009037,0.008594,37160183.000000,1129173.000000,0.030387
547,431,120,0.009222,0.008800,37528671.000000,1141004.000000,0.030404
548,432,120,0.009190,0.008746,37468713.000000,1137677.000000,0.030363
549,433,119,0.009240,0.008805,37660137.000000,1139608.000000,0.030260
550,433,119,0.009381,0.008942,38150524.000000,1166615.000000,0.030579
551,434,119,0.009217,0.008797,37665104.000000,1142508.000000,0.030333
552,434,118,0.009284,0.008842,37762423.000000,1147377.000000,0.030384
553,435,118,0.009393,0.008946,38248055.000000,1162053.000000,0.030382
554,436,117,0.009809,0.009332,38565569.000000,1183755.000000,0.030695
555,437,117,0.009369,0.008958,38262743.000000,1160127.000000,0.030320
556,438,116,0.009779,0.009317,38340889.000000,1165942.000000,0.030410
557,439,116,0.010103,0.009177,38521432.000000,1164880.000000,0.030240
558,440,115,0.009604,0.008904,38304055.000000,1148719.000000,0.029989
559,441,115,0.009805,0.009093,39044961.000000,1184318.000000,0.030332
560,442,114,0.009727,0.009030,38682921.000000,1168376.000000,0.030204
561,442,114,0.009857,0.009131,39246625.000000,1191812.000000,0.030367
562,443,113,0.009948,0.009239,39590888.000000,1200581.000000,0.030325
563,444,113,0.009770,0.009341,39588366.000000,1198397.000000,0.030271
564,445,113,0.009700,0.009248,39851273.000000,1213797.000000,0.030458
565,446,112,0.009803,0.009387,40301250.000000,1220901.000000,0.030294
566,446,112,0.009754,0.009298,39962948.000000,1201965.000000,0.030077
567,447,111,0.009749,0.009315,40070186.000000,1206010.000000,0.030097
568,448,111,0.009848,0.009375,40268025.000000,1212032.000000,0.030099
569,449,111,0.009942,0.009449,40732251.000000,1228466.000000,0.030160
570,449,110,0.009944,0.009495,40891660.000000,1229823.000000,0.030075
571,450,110,0.009908,0.009447,40711565.000000,1226332.000000,0.030122
572,451,109,0.010015,0.009562,40950859.000000,1233715.000000,0.030127
573,452,109,0.010070,0.009624,41439501.000000,1244755.000000,0.030038
574,453,109,0.009992,0.009528,40905903.000000,1224305.000000,0.029930
575,454,108,0.010008,0.009572,40968978.000000,1224230.000000,0.029882
576,454,108,0.010103,0.009646,41263985.000000,1230894.000000,0.029830
577,454,108,0.010051,0.009605,41346728.000000,1226182.000000,0.029656
578,454,107,0.010123,0.009686,41627162.000000,1239321.000000,0.029772
579,455,107,0.010180,0.009725,41869726.000000,1247792.000000,0.029802
580,456,106,0.010206,0.009746,42079529.000000,1246585.000000,0.029624
581,457,106,0.010254,0.009789,42174236.000000,1256127.000000,0.029784
582,458,106,0.010325,0.009874,42520040.000000,1261895.000000,0.029678
583,459,105,0.010439,0.009981,42812798.000000,1269453.000000,0.029651
584,460,105,0.010446,0.009964,42975965.000000,1273926.000000,0.029643
585,461,105,0.011068,0.010593,43136941.000000,1269364.000000,0.029426
586,462,104,0.011155,0.010659,43320350.000000,1265221.000000,0.029206
587,463,104,0.011298,0.010762,43433872.000000,1286283.000000,0.029615
588,464,103,0.010634,0.010124,43374804.000000,1270638.000000,0.029294
589,465,103,0.010646,0.010137,43658074.000000,1290262.000000,0.029554
590,466,103,0.010738,0.010251,43841974.000000,1295034.000000,0.029539
591,466,102,0.011052,0.010563,44127135.000000,1297789.000000,0.029410
592,466,102,0.010796,0.010305,44207269.000000,1303882.000000,0.029495
593,466,102,0.010877,0.010394,44418994.000000,1309199.000000,0.029474
594,467,101,0.010716,0.010275,44107383.000000,1302399.000000,0.029528
595,468,101,0.011519,0.010719,44365872.000000,1313288.000000,0.029601
596,469,100,0.011108,0.010232,44378701.000000,1315381.000000,0.029640
597,469,100,0.010991,0.010269,44469353.000000,1312282.000000,0.029510
598,470,100,0.010914,0.010414,44567134.000000,1315833.000000,0.029525
599,471,99,0.010838,0.010382,44884527.000000,1314655.000000,0.029290
600,472,99,0.010848,0.010398,44998623.000000,1317725.000000,0.029284
601,473,98,0.013013,0.012506,46036614.000000,1388358.000000,0.030158
602,474,98,0.011245,0.010744,45631687.000000,1346861.000000,0.029516
603,475,98,0.011242,0.010739,46078730.000000,1366539.000000,0.029657
604,475,97,0.011278,0.010805,46162280.000000,1368059.000000,0.029636
605,475,97,0.011202,0.010706,46085880.000000,1363594.000000,0.029588
606,476,97,0.011185,0.010713,45994854.000000,1270497.000000,0.027623
607,477,96,0.011177,0.010717,46245814.000000,1366743.000000,0.029554
608,478,96,0.011270,0.010806,46316152.000000,1372363.000000,0.029630
609,478,96,0.011159,0.010719,46263035.000000,1360509.000000,0.029408
610,479,95,0.011263,0.010814,46552714.000000,1370723.000000,0.029445
611,480,95,0.011511,0.011025,46881214.000000,1382905.000000,0.029498
612,481,95,0.011221,0.010778,46814882.000000,1380892.000000,0.029497
613,482,94,0.011345,0.010895,46873811.000000,1385289.000000,0.029554
614,483,94,0.011906,0.011147,47037904.000000,1394460.000000,0.029645
615,484,94,0.011658,0.010928,47257289.000000,1393294.000000,0.029483
616,485,94,0.011706,0.010972,47257388.000000,1394111.000000,0.029500
617,485,93,0.011749,0.010967,47421171.000000,1402057.000000,0.029566
618,485,93,0.011714,0.010991,47485883.000000,1394252.000000,0.029361
619,485,93,0.011809,0.011079,47656159.000000,1399981.000000,0.029377
620,486,92,0.011789,0.011044,47714595.000000,1402344.000000,0.029390
621,487,92,0.011936,0.011181,48052974.000000,1417853.000000,0.029506
622,488,92,0.011849,0.011113,48171180.000000,1424501.000000,0.029572
623,488,91,0.011965,0.011244,48213146.000000,1416344.000000,0.029377
624,489,91,0.011998,0.011246,48411934.000000,1427358.000000,0.029484
625,490,91,0.011916,0.011200,48445180.000000,1420563.000000,0.029323
626,490,91,0.011944,0.011214,48384200.000000,1416349.000000,0.029273
627,491,90,0.011977,0.011248,48602241.000000,1425354.000000,0.029327
628,492,90,0.012101,0.011358,48924854.000000,1436679.000000,0.029365
629,493,90,0.012094,0.011370,48932122.000000,1437641.000000,0.029380
630,493,89,0.012157,0.011411,48958595.000000,1437847.000000,0.029369
631,494,89,0.012109,0.011362,49041485.000000,1437863.000000,0.029319
632,495,89,0.012077,0.011338,49204133.000000,1443055.000000,0.029328
633,495,89,0.012240,0.011507,49487571.000000,1446767.000000,0.029235
634,496,88,0.012322,0.011583,49831639.000000,1463281.000000,0.029364
635,497,88,0.012342,0.011593,50196956.000000,1473918.000000,0.029363
636,498,88,0.012365,0.011617,50289498.000000,1480704.000000,0.029444
637,498,87,0.012537,0.011813,50721928.000000,1489527.000000,0.029367
638,499,87,0.012607,0.011857,50869323.000000,1488454.000000,0.029260
639,500,87,0.012482,0.011731,50863144.000000,1488249.000000,0.029260
640,501,86,0.012551,0.011812,51119810.000000,1490886.000000,0.029165
641,502,86,0.012728,0.011982,51626393.000000,1507012.000000,0.029191
642,503,86,0.012961,0.012195,51604997.000000,1512274.000000,0.029305
643,504,85,0.012745,0.011992,51985370.000000,1519950.000000,0.029238
644,505,85,0.012675,0.012191,51967207.000000,1512169.000000,0.029099
645,506,85,0.012627,0.012158,52255496.000000,1524137.000000,0.029167
646,506,85,0.012972,0.012487,52683785.000000,1537821.000000,0.029190
647,507,85,0.012609,0.012132,52282252.000000,1521806.000000,0.029108
648,508,84,0.012627,0.012140,52270932.000000,1528855.000000,0.029249
649,508,84,0.012661,0.012173,52395946.000000,1524616.000000,0.029098
650,508,84,0.012844,0.012369,52579985.000000,1525049.000000,0.029004
651,509,84,0.012739,0.012249,52788289.000000,1531417.000000,0.029011
652,510,83,0.013122,0.012588,52962037.000000,1536315.000000,0.029008
653,510,83,0.012987,0.012500,53062409.000000,1534192.000000,0.028913
654,511,83,0.013855,0.013334,53433769.000000,1560096.000000,0.029197
655,512,83,0.012816,0.012340,53447074.000000,1531171.000000,0.028648
656,513,82,0.013402,0.012911,54077757.000000,1544743.000000,0.028565
657,514,82,0.013434,0.012942,54126131.000000,1544306.000000,0.028532
658,515,82,0.013550,0.013074,54144479.000000,1554095.000000,0.028703
659,515,82,0.013129,0.012664,54139613.000000,1548689.000000,0.028605
660,515,81,0.012868,0.012392,54147465.000000,1543461.000000,0.028505
661,516,81,0.013719,0.012929,54786425.000000,1569091.000000,0.028640
662,517,81,0.013389,0.012621,54916023.000000,1564413.000000,0.028487
663,518,81,0.013527,0.012772,55497551.000000,1585212.000000,0.028564
664,519,80,0.013577,0.012834,55764112.000000,1592541.000000,0.028559
665,519,80,0.013613,0.012863,55954458.000000,1608771.000000,0.028751
666,520,80,0.013578,0.012793,55711054.000000,1585366.000000,0.028457
667,521,80,0.013790,0.013020,56445403.000000,1620673.000000,0.028712
668,522,79,0.013539,0.013066,56167511.000000,1610626.000000,0.028675
669,522,79,0.013556,0.013085,56576387.000000,1618423.000000,0.028606
670,523,79,0.013488,0.013020,56570905.000000,1618185.000000,0.028605
671,524,79,0.013503,0.013043,56663842.000000,1610066.000000,0.028414
672,524,79,0.013520,0.013037,56606061.000000,1611203.000000,0.028463
673,525,78,0.013482,0.013014,56562918.000000,1604732.000000,0.028371
674,526,78,0.013586,0.013110,56920396.000000,1609992.000000,0.028285
675,527,78,0.013672,0.013199,57300675.000000,1620358.000000,0.028278
676,528,78,0.013864,0.013271,57517174.000000,1633782.000000,0.028405
677,529,77,0.013828,0.013334,57802512.000000,1628160.000000,0.028168
678,530,77,0.014008,0.013520,57819537.000000,1630055.000000,0.028192
679,531,77,0.014077,0.013597,58067147.000000,1632339.000000,0.028111
680,532,77,0.014124,0.013631,58120028.000000,1634252.000000,0.028119
681,533,77,0.014312,0.013813,58771989.000000,1654395.000000,0.028149
682,533,76,0.014180,0.013713,58494150.000000,1645728.000000,0.028135
683,534,76,0.014331,0.013849,58692218.000000,1648463.000000,0.028087
684,535,76,0.014210,0.013717,58689189.000000,1650415.000000,0.028121
685,536,76,0.014206,0.013747,58720633.000000,1655443.000000,0.028192
686,537,75,0.014275,0.013818,59051089.000000,1657202.000000,0.028064
687,538,75,0.014272,0.013812,58776064.000000,1639816.000000,0.027899
688,539,75,0.014352,0.013868,58862073.000000,1640272.000000,0.027866
689,540,75,0.014316,0.013852,59178767.000000,1651213.000000,0.027902
690,541,75,0.014473,0.013984,59354796.000000,1656750.000000,0.027913
691,542,74,0.014456,0.013982,59668204.000000,1671112.000000,0.028007
692,542,74,0.014313,0.013855,59377769.000000,1664373.000000,0.028030
693,543,74,0.014290,0.013833,59403766.000000,1665924.000000,0.028044
694,544,74,0.014069,0.013592,59217478.000000,1657335.000000,0.027987
695,545,74,0.014283,0.013821,59814927.000000,1679120.000000,0.028072
696,546,73,0.014312,0.013847,60069651.000000,1686226.000000,0.028071
697,547,73,0.014662,0.014187,60535973.000000,1695963.000000,0.028016
698,548,73,0.014383,0.013899,60467018.000000,1693508.000000,0.028007
699,549,73,0.014373,0.013869,60542103.000000,1693392.000000,0.027970
700,550,73,0.014340,0.013880,60513341.000000,1691784.000000,0.027957
701,551,73,0.014736,0.014141,60763736.000000,1704063.000000,0.028044
702,552,72,0.014508,0.013918,60700517.000000,1695355.000000,0.027930
703,553,72,0.014664,0.014066,61225143.000000,1714108.000000,0.027997
704,554,72,0.014666,0.014068,60987892.000000,1705372.000000,0.027962
705,555,72,0.014651,0.014066,61307176.000000,1709007.000000,0.027876
706,556,72,0.014641,0.014029,61344394.000000,1712337.000000,0.027914
707,557,72,0.014747,0.014151,61676766.000000,1728083.000000,0.028018
708,558,71,0.014749,0.014169,61684277.000000,1726321.000000,0.027986
709,558,71,0.014864,0.014274,62064072.000000,1732297.000000,0.027911
710,559,71,0.014810,0.014203,62015904.000000,1731561.000000,0.027921
711,560,71,0.014985,0.014383,62285320.000000,1736988.000000,0.027888
712,560,71,0.014860,0.014272,62215136.000000,1738895.000000,0.027950
713,560,71,0.014851,0.014259,62190101.000000,1737552.000000,0.027939
714,561,70,0.014900,0.014312,62369590.000000,1738436.000000,0.027873
715,562,70,0.015093,0.014491,62640910.000000,1742840.000000,0.027823
716,562,70,0.015194,0.014579,62800478.000000,1756082.000000,0.027963
717,562,70,0.015356,0.014848,62971022.000000,1753570.000000,0.027847
718,562,70,0.015008,0.014484,63019628.000000,1760913.000000,0.027942
719,563,70,0.015023,0.014540,63054582.000000,1759180.000000,0.027899
720,564,70,0.014963,0.014482,63060644.000000,1759379.000000,0.027900
721,565,69,0.015110,0.014598,63353908.000000,1767866.000000,0.027905
722,566,69,0.015254,0.014757,63325640.000000,1766744.000000,0.027899
723,567,69,0.015030,0.014553,63486977.000000,1767267.000000,0.027837
724,568,69,0.015093,0.014610,63683852.000000,1771479.000000,0.027817
725,569,69,0.015021,0.014542,63841232.000000,1777150.000000,0.027837
726,569,69,0.015002,0.014520,63854020.000000,1778539.000000,0.027853
727,570,69,0.015018,0.014549,63810575.000000,1775295.000000,0.027821
728,571,69,0.015011,0.014540,63713958.000000,1765520.000000,0.027710
729,571,68,0.015261,0.014784,64511579.000000,1788345.000000,0.027721
730,571,68,0.015369,0.014846,64457894.000000,1785736.000000,0.027704
731,571,68,0.015242,0.014729,64498894.000000,1777244.000000,0.027555
732,572,68,0.015264,0.014784,64832017.000000,1789123.000000,0.027596
733,572,68,0.015212,0.014729,64847833.000000,1779576.000000,0.027442
734,572,68,0.015307,0.014842,65260416.000000,1789378.000000,0.027419
735,573,68,0.015372,0.014904,65394414.000000,1797747.000000,0.027491
736,574,67,0.015395,0.014911,65565068.000000,1799782.000000,0.027450
737,575,67,0.015578,0.015097,66045365.000000,1812762.000000,0.027447
738,575,67,0.015401,0.014914,65711121.000000,1804550.000000,0.027462
739,576,67,0.015452,0.014985,65852719.000000,1807264.000000,0.027444
740,577,67,0.015483,0.014996,65970343.000000,1806126.000000,0.027378
741,577,67,0.015522,0.015055,66240280.000000,1809917.000000,0.027324
742,577,67,0.015661,0.015186,66657450.000000,1828858.000000,0.027437
743,578,66,0.019257,0.015459,66721885.000000,1830789.000000,0.027439
744,579,65,0.028127,0.027044,71264469.000000,1991601.000000,0.027947
745,580,65,0.022541,0.021801,70464886.000000,1915961.000000,0.027190
746,581,65,0.016187,0.015558,67619577.000000,1844556.000000,0.027278
747,582,64,0.019289,0.018582,68803351.000000,1901453.000000,0.027636
748,583,63,0.029806,0.029139,71338959.000000,1928345.000000,0.027031
749,583,63,0.017917,0.017102,67651238.000000,1851604.000000,0.027370
750,583,62,0.025733,0.025022,71702965.000000,1897564.000000,0.026464
751,584,62,0.016336,0.015727,67491331.000000,1839645.000000,0.027258
752,585,62,0.016952,0.016325,68127136.000000,1854985.000000,0.027228
753,586,62,0.016439,0.015857,68361350.000000,1859529.000000,0.027201
754,587,62,0.016198,0.015638,68238986.000000,1857484.000000,0.027220
755,588,62,0.016286,0.015789,69028618.000000,1894857.000000,0.027450
756,588,61,0.016168,0.015657,68757497.000000,1876999.000000,0.027299
757,589,61,0.016144,0.015642,68495737.000000,1869557.000000,0.027295
758,590,61,0.016333,0.015819,68814263.000000,1879735.000000,0.027316
759,591,61,0.016185,0.015708,69159758.000000,1873895.000000,0.027095
760,592,61,0.016298,0.015816,69363439.000000,1887297.000000,0.027209
761,593,61,0.016313,0.015823,69567076.000000,1889527.000000,0.027161
762,594,61,0.016358,0.015862,69582492.000000,1890241.000000,0.027165
763,595,61,0.016368,0.015865,69684234.000000,1885242.000000,0.027054
764,596,61,0.016435,0.015956,69600695.000000,1882400.000000,0.027046
765,597,60,0.016489,0.016005,70192587.000000,1911895.000000,0.027238
766,597,60,0.016456,0.015967,70032209.000000,1900348.000000,0.027135
767,598,60,0.016476,0.015985,69849852.000000,1887482.000000,0.027022
768,599,60,0.016346,0.015857,69803784.000000,1881328.000000,0.026952
769,600,60,0.016423,0.015944,70074215.000000,1888291.000000,0.026947
770,601,60,0.016716,0.016227,70175600.000000,1893676.000000,0.026985
771,601,60,0.016443,0.015963,70238779.000000,1890353.000000,0.026913
772,601,60,0.016550,0.016066,70364199.000000,1900011.000000,0.027003
773,601,60,0.016547,0.016067,70426146.000000,1904292.000000,0.027040
774,602,60,0.016653,0.016167,70825342.000000,1929153.000000,0.027238
775,603,59,0.016729,0.016244,71031490.000000,1932941.000000,0.027212
