frame,nb of entities,FPS,frame length,physics length,L1-dcache-loads,L1-dcache-load-misses,L1-dcache-load-miss-ratio
0,3,301,0.002094,0.000025,461669.000000,29614.000000,0.064146
1,4,301,0.003321,0.000023,593095.000000,32870.000000,0.055421
2,5,301,0.003326,0.000024,555728.000000,32319.000000,0.058156
3,6,301,0.003325,0.000035,569012.000000,33372.000000,0.058649
4,7,301,0.003316,0.000035,562034.000000,30015.000000,0.053404
5,8,301,0.003324,0.000028,580582.000000,34035.000000,0.058622
6,9,301,0.003323,0.000034,598294.000000,33100.000000,0.055324
7,10,301,0.003320,0.000031,591418.000000,34230.000000,0.057878
8,11,301,0.003325,0.000036,577218.000000,33137.000000,0.057408
9,12,302,0.003326,0.000036,545019.000000,29428.000000,0.053994
10,13,302,0.003320,0.000038,585651.000000,33455.000000,0.057124
11,14,302,0.003320,0.000038,621253.000000,33638.000000,0.054145
12,15,302,0.003329,0.000041,596705.000000,34109.000000,0.057162
13,15,302,0.003321,0.000033,592682.000000,33677.000000,0.056821
14,16,302,0.003319,0.000045,572870.000000,29938.000000,0.052260
15,17,302,0.003329,0.000045,615794.000000,33810.000000,0.054905
16,18,302,0.003315,0.000044,603701.000000,34029.000000,0.056367
17,18,302,0.003322,0.000036,587950.000000,32846.000000,0.055865
18,19,302,0.003327,0.000044,598570.000000,33127.000000,0.055344
19,20,302,0.003320,0.000044,558254.000000,30342.000000,0.054352
20,21,302,0.003320,0.000051,657932.000000,33796.000000,0.051367
21,22,302,0.003328,0.000039,629319.000000,33915.000000,0.053892
22,23,302,0.003319,0.000166,763044.000000,44746.000000,0.058641
23,24,302,0.003322,0.000093,782127.000000,43280.000000,0.055336
24,25,302,0.003327,0.000107,728518.000000,38870.000000,0.053355
25,25,302,0.003321,0.000103,747422.000000,42846.000000,0.057325
26,26,302,0.003291,0.000117,772245.000000,42801.000000,0.055424
27,27,302,0.003328,0.000110,771978.000000,42908.000000,0.055582
28,28,302,0.003317,0.000108,763878.000000,43165.000000,0.056508
29,29,302,0.003323,0.000111,754179.000000,39653.000000,0.052578
30,30,302,0.003323,0.000116,787434.000000,43048.000000,0.054669
31,31,302,0.003319,0.000115,780891.000000,43323.000000,0.055479
32,32,302,0.003323,0.000115,784535.000000,42605.000000,0.054306
33,33,302,0.003322,0.000116,816454.000000,42692.000000,0.052290
34,34,302,0.003325,0.000095,756496.000000,39334.000000,0.051995
35,34,302,0.003318,0.000092,790713.000000,42329.000000,0.053533
36,34,302,0.003333,0.000110,778926.000000,42388.000000,0.054419
37,35,302,0.003308,0.000121,840278.000000,44530.000000,0.052994
38,36,302,0.003326,0.000168,924613.000000,50526.000000,0.054646
39,37,302,0.003323,0.000154,906630.000000,46219.000000,0.050979
40,38,302,0.003323,0.000129,942904.000000,51052.000000,0.054143
41,39,302,0.003321,0.000156,946751.000000,49842.000000,0.052645
42,39,302,0.003328,0.000129,937186.000000,49729.000000,0.053062
43,40,302,0.003319,0.000161,955419.000000,50490.000000,0.052846
44,41,302,0.003327,0.000162,906544.000000,47364.000000,0.052247
45,41,302,0.003323,0.000227,974420.000000,55753.000000,0.057217
46,42,302,0.003316,0.000213,966692.000000,57345.000000,0.059321
47,43,302,0.003327,0.000137,980465.000000,51496.000000,0.052522
48,44,302,0.003325,0.000226,983815.000000,54088.000000,0.054978
49,45,302,0.003317,0.000175,938894.000000,47720.000000,0.050826
50,45,302,0.003348,0.000220,1093572.000000,58389.000000,0.053393
51,46,302,0.003298,0.000206,1070900.000000,57033.000000,0.053257
52,46,302,0.003317,0.000170,973428.000000,51104.000000,0.052499
53,47,302,0.003322,0.000216,1008564.000000,51652.000000,0.051213
54,48,302,0.003327,0.000176,959404.000000,47288.000000,0.049289
55,49,302,0.003319,0.000187,1002394.000000,51868.000000,0.051744
56,49,302,0.003321,0.000173,1017463.000000,51398.000000,0.050516
57,50,302,0.003327,0.000179,1004567.000000,51283.000000,0.051050
58,51,302,0.003318,0.000195,1005907.000000,51605.000000,0.051302
59,52,302,0.003324,0.000183,980666.000000,47600.000000,0.048538
60,53,301,0.003324,0.000203,1046165.000000,53255.000000,0.050905
61,54,301,0.003324,0.000252,1086676.000000,59938.000000,0.055157
62,54,301,0.003319,0.000192,1078655.000000,52935.000000,0.049075
63,55,300,0.003350,0.000159,1087117.000000,52789.000000,0.048559
64,55,300,0.003322,0.000365,1044795.000000,63734.000000,0.061001
65,56,301,0.003307,0.000228,1099494.000000,55758.000000,0.050712
66,56,301,0.003325,0.000197,1077393.000000,52366.000000,0.048604
67,57,301,0.003319,0.000212,1082157.000000,53376.000000,0.049324
68,57,301,0.003321,0.000180,1080851.000000,52111.000000,0.048213
69,57,301,0.003327,0.000194,1056286.000000,49024.000000,0.046412
70,58,301,0.003317,0.000213,1121479.000000,52792.000000,0.047074
71,59,301,0.003324,0.000170,1100332.000000,52084.000000,0.047335
72,60,301,0.003330,0.000168,1126643.000000,52731.000000,0.046804
73,61,301,0.003316,0.000314,1175896.000000,61891.000000,0.052633
74,62,301,0.003325,0.000229,1229802.000000,58729.000000,0.047755
75,63,301,0.003324,0.000409,1383632.000000,84366.000000,0.060974
76,64,301,0.003317,0.000461,1490974.000000,88477.000000,0.059342
77,65,301,0.003320,0.000442,1501968.000000,89957.000000,0.059893
78,66,301,0.003328,0.000302,1575814.000000,80714.000000,0.051221
79,67,301,0.003320,0.000333,1418230.000000,70152.000000,0.049464
80,68,301,0.003326,0.000272,1381083.000000,66198.000000,0.047932
81,69,301,0.003323,0.000248,1212094.000000,53509.000000,0.044146
82,70,301,0.003320,0.000208,1246832.000000,54876.000000,0.044012
83,70,301,0.003323,0.000187,1216804.000000,53629.000000,0.044074
84,71,301,0.003326,0.000233,1168129.000000,49864.000000,0.042687
85,72,301,0.003320,0.000238,1213212.000000,54971.000000,0.045310
86,72,300,0.003322,0.000256,1303523.000000,59762.000000,0.045847
87,73,300,0.003327,0.000306,1415143.000000,67259.000000,0.047528
88,74,300,0.003320,0.000385,1626654.000000,81134.000000,0.049878
89,75,300,0.003323,0.000300,1392371.000000,63560.000000,0.045649
90,75,300,0.003326,0.000263,1310003.000000,60061.000000,0.045848
91,76,300,0.003320,0.000279,1319311.000000,60390.000000,0.045774
92,76,300,0.003324,0.000234,1221710.000000,53159.000000,0.043512
93,77,300,0.003327,0.000253,1235680.000000,54110.000000,0.043790
94,78,300,0.003320,0.000291,1321461.000000,58363.000000,0.044166
95,79,300,0.003323,0.000276,1358953.000000,60869.000000,0.044791
96,80,300,0.003327,0.000283,1379642.000000,61184.000000,0.044348
97,80,300,0.003321,0.000288,1366997.000000,61307.000000,0.044848
98,81,300,0.003322,0.000287,1382552.000000,61198.000000,0.044265
99,82,300,0.003328,0.000253,1260303.000000,51045.000000,0.040502
100,83,300,0.003320,0.000266,1298731.000000,55663.000000,0.042860
101,84,300,0.003323,0.000255,1303428.000000,54806.000000,0.042048
102,85,300,0.003327,0.000335,1522283.000000,68628.000000,0.045082
103,85,300,0.003324,0.000375,1622114.000000,75946.000000,0.046819
104,86,300,0.003319,0.000367,1632874.000000,72736.000000,0.044545
105,87,300,0.003328,0.000373,1676298.000000,77284.000000,0.046104
106,88,300,0.003317,0.000441,1819115.000000,83977.000000,0.046164
107,89,300,0.003322,0.000404,1798451.000000,82807.000000,0.046044
108,90,300,0.003327,0.000387,1707891.000000,77161.000000,0.045179
109,91,300,0.003319,0.000426,1774704.000000,80060.000000,0.045112
110,91,300,0.003322,0.000446,1934721.000000,90181.000000,0.046612
111,92,300,0.003328,0.000509,2040438.000000,97874.000000,0.047967
112,93,300,0.003319,0.000538,2128428.000000,103988.000000,0.048857
113,93,300,0.003323,0.000498,2113675.000000,103094.000000,0.048775
114,94,300,0.003328,0.000488,1994948.000000,93330.000000,0.046783
115,95,300,0.003319,0.000538,2145783.000000,104375.000000,0.048642
116,96,300,0.003323,0.000511,2266273.000000,110857.000000,0.048916
117,97,300,0.003329,0.000525,2281020.000000,111535.000000,0.048897
118,98,300,0.003320,0.000625,2414920.000000,118298.000000,0.048986
119,99,300,0.003326,0.000559,2305599.000000,107530.000000,0.046639
120,100,300,0.003323,0.000674,2549419.000000,121340.000000,0.047595
121,101,300,0.003316,0.000776,2490478.000000,120048.000000,0.048203
122,102,300,0.003330,0.000540,2577113.000000,119710.000000,0.046451
123,103,300,0.003317,0.000869,2689031.000000,136776.000000,0.050864
124,104,300,0.003321,0.000617,2702096.000000,125542.000000,0.046461
125,104,300,0.003324,0.000715,2734830.000000,131955.000000,0.048250
126,105,300,0.003324,0.000687,2702372.000000,127378.000000,0.047136
127,105,300,0.003318,0.000958,2877989.000000,147646.000000,0.051302
128,106,300,0.003323,0.000717,2844131.000000,136256.000000,0.047908
129,107,300,0.003320,0.000757,2828845.000000,133321.000000,0.047129
130,108,300,0.003320,0.000734,2879300.000000,134731.000000,0.046793
131,109,300,0.003322,0.000706,2863222.000000,134632.000000,0.047021
132,110,300,0.003327,0.000783,2893458.000000,137275.000000,0.047443
133,111,300,0.003321,0.000693,2877637.000000,135206.000000,0.046985
134,112,300,0.003323,0.000718,2997136.000000,138613.000000,0.046248
135,113,300,0.003324,0.000726,2963371.000000,137035.000000,0.046243
136,114,300,0.003320,0.000755,3077743.000000,143103.000000,0.046496
137,115,300,0.003323,0.000698,2973241.000000,136186.000000,0.045804
138,116,300,0.003328,0.000641,2878491.000000,130482.000000,0.045330
139,117,300,0.003318,0.000690,2850376.000000,126592.000000,0.044412
140,118,300,0.003323,0.000703,3004518.000000,136140.000000,0.045312
141,119,300,0.003328,0.000684,3029005.000000,138310.000000,0.045662
142,120,300,0.003317,0.000774,3170751.000000,144809.000000,0.045670
143,121,300,0.003323,0.000722,3077490.000000,137766.000000,0.044766
144,122,300,0.003327,0.000743,3217776.000000,143689.000000,0.044655
145,123,300,0.003316,0.000749,3141966.000000,139425.000000,0.044375
146,124,300,0.003323,0.000733,3150646.000000,138914.000000,0.044091
147,124,300,0.003327,0.000716,3176868.000000,138606.000000,0.043630
148,125,300,0.003318,0.000807,3296474.000000,146516.000000,0.044446
149,126,300,0.003323,0.000784,3263248.000000,142140.000000,0.043558
150,127,300,0.003328,0.000844,3530733.000000,161345.000000,0.045697
151,128,300,0.003318,0.000922,3677953.000000,167893.000000,0.045648
152,129,300,0.003324,0.000864,3580870.000000,160591.000000,0.044847
153,130,300,0.003324,0.000969,3723368.000000,169589.000000,0.045547
154,130,300,0.003320,0.001040,3825219.000000,169107.000000,0.044208
155,131,300,0.003320,0.000982,3837238.000000,171778.000000,0.044766
156,132,300,0.003323,0.000925,3870278.000000,173076.000000,0.044719
157,132,300,0.003324,0.001082,3908278.000000,173448.000000,0.044380
158,133,300,0.003323,0.000869,3910870.000000,169677.000000,0.043386
159,134,300,0.003322,0.000920,3825362.000000,165604.000000,0.043291
160,135,300,0.003324,0.001075,4011583.000000,176775.000000,0.044066
161,136,300,0.003325,0.000895,4026435.000000,176335.000000,0.043794
162,137,300,0.003324,0.000994,4089151.000000,180025.000000,0.044025
163,137,300,0.003320,0.001054,4290546.000000,195984.000000,0.045678
164,138,300,0.003327,0.001005,4330100.000000,189793.000000,0.043831
165,139,300,0.003315,0.001137,4386724.000000,193868.000000,0.044194
166,139,300,0.003327,0.001151,4318096.000000,185830.000000,0.043035
167,140,300,0.003322,0.001103,4291551.000000,186222.000000,0.043393
168,141,300,0.003321,0.001100,4349492.000000,187048.000000,0.043005
169,142,300,0.003324,0.001188,4343712.000000,183168.000000,0.042169
170,143,300,0.003322,0.001158,4513963.000000,195166.000000,0.043236
171,144,300,0.003322,0.001210,4687141.000000,205280.000000,0.043796
172,144,300,0.003328,0.001271,4714375.000000,202203.000000,0.042891
173,145,300,0.003321,0.001296,4954218.000000,217004.000000,0.043802
174,146,300,0.003322,0.001278,4854032.000000,205893.000000,0.042417
175,147,300,0.003328,0.001287,4806915.000000,203970.000000,0.042433
176,147,300,0.003322,0.001242,4798665.000000,203062.000000,0.042316
177,147,300,0.003322,0.001295,4919951.000000,212195.000000,0.043129
178,147,300,0.003328,0.001327,4925944.000000,210224.000000,0.042677
179,148,300,0.003321,0.001289,4858632.000000,205599.000000,0.042316
180,148,300,0.003322,0.001297,4950899.000000,213084.000000,0.043039
181,149,300,0.003328,0.001265,5025486.000000,211818.000000,0.042149
182,150,300,0.003323,0.001239,5010970.000000,211945.000000,0.042296
183,151,300,0.003322,0.001276,5036864.000000,213749.000000,0.042437
184,152,300,0.003328,0.001392,5427039.000000,231962.000000,0.042742
185,152,300,0.003320,0.001377,5262412.000000,225707.000000,0.042890
186,153,300,0.003323,0.001359,5287045.000000,228856.000000,0.043286
187,154,300,0.003327,0.001353,5361198.000000,227419.000000,0.042419
188,155,300,0.003322,0.001399,5562992.000000,241463.000000,0.043405
189,155,300,0.003323,0.001423,5549742.000000,238911.000000,0.043049
190,156,300,0.003327,0.001398,5527407.000000,233929.000000,0.042322
191,157,300,0.003325,0.001386,5471619.000000,232666.000000,0.042522
192,158,300,0.003320,0.001407,5529020.000000,234947.000000,0.042493
193,159,300,0.003328,0.001600,5717528.000000,247425.000000,0.043275
194,160,300,0.003322,0.001451,5755601.000000,238932.000000,0.041513
195,160,300,0.003321,0.001434,5654991.000000,236263.000000,0.041780
196,161,300,0.003326,0.001482,5804032.000000,244942.000000,0.042202
197,162,300,0.003322,0.001527,5775002.000000,242879.000000,0.042057
198,163,300,0.003323,0.001547,5943136.000000,252804.000000,0.042537
199,164,300,0.003326,0.001362,5852561.000000,240431.000000,0.041081
200,164,300,0.003325,0.001489,5931210.000000,250402.000000,0.042218
201,165,300,0.003323,0.001532,5971525.000000,254280.000000,0.042582
202,166,300,0.003326,0.001396,6083229.000000,253429.000000,0.041660
203,167,300,0.003324,0.001518,5983143.000000,251410.000000,0.042020
204,167,300,0.003329,0.001578,6002179.000000,250574.000000,0.041747
205,168,300,0.003368,0.002452,6405872.000000,309911.000000,0.048379
206,169,300,0.003318,0.001567,6178530.000000,260612.000000,0.042180
207,170,300,0.003331,0.001681,6198643.000000,254055.000000,0.040986
208,171,300,0.003315,0.001496,6273874.000000,256529.000000,0.040888
209,172,300,0.003323,0.001612,6194618.000000,251130.000000,0.040540
210,173,300,0.003324,0.001538,6317829.000000,256704.000000,0.040632
211,173,300,0.003325,0.001457,6369854.000000,255111.000000,0.040050
212,174,300,0.003325,0.001649,6395265.000000,256414.000000,0.040094
213,174,300,0.003321,0.001667,6427597.000000,258217.000000,0.040173
214,175,300,0.003333,0.001909,6566718.000000,277194.000000,0.042212
215,175,300,0.003327,0.001658,6418960.000000,255939.000000,0.039872
216,176,300,0.003329,0.001838,6509734.000000,272867.000000,0.041917
217,177,300,0.003329,0.001848,6757784.000000,288107.000000,0.042633
218,178,300,0.003324,0.001479,6495398.000000,255687.000000,0.039364
219,179,300,0.003322,0.001697,6484316.000000,255209.000000,0.039358
220,180,300,0.003332,0.001916,6815090.000000,278303.000000,0.040836
221,181,300,0.003323,0.001528,6712873.000000,266013.000000,0.039627
222,181,300,0.003321,0.001727,6961368.000000,278070.000000,0.039945
223,182,300,0.003325,0.001764,7174699.000000,289472.000000,0.040346
224,182,300,0.003324,0.001794,6933155.000000,269891.000000,0.038928
225,183,300,0.003325,0.001594,7004422.000000,274090.000000,0.039131
226,184,300,0.003325,0.001708,7276590.000000,288652.000000,0.039669
227,184,300,0.003327,0.001872,7260919.000000,288695.000000,0.039760
228,185,300,0.003325,0.001669,7252944.000000,287793.000000,0.039679
229,186,300,0.003325,0.001679,7226766.000000,286153.000000,0.039596
230,187,300,0.003329,0.001899,7308648.000000,289179.000000,0.039567
231,188,300,0.003326,0.001678,7297765.000000,288519.000000,0.039535
232,188,300,0.003325,0.001699,7337381.000000,289501.000000,0.039456
233,188,300,0.003328,0.001906,7333963.000000,291122.000000,0.039695
234,189,300,0.003330,0.001710,7329734.000000,288369.000000,0.039342
235,189,300,0.003319,0.001763,7541436.000000,299833.000000,0.039758
236,190,300,0.003330,0.001927,7445676.000000,292568.000000,0.039294
237,190,300,0.003325,0.001757,7586233.000000,298877.000000,0.039397
238,191,300,0.003325,0.001738,7508152.000000,293369.000000,0.039073
239,191,300,0.003331,0.001953,7443106.000000,289352.000000,0.038875
240,192,300,0.003325,0.001744,7537214.000000,294307.000000,0.039047
241,193,300,0.003326,0.001819,7827794.000000,308532.000000,0.039415
242,194,300,0.003334,0.002018,7835414.000000,306985.000000,0.039179
243,195,300,0.003325,0.001789,7722558.000000,300771.000000,0.038947
244,196,300,0.003329,0.001897,8078620.000000,318671.000000,0.039446
245,196,300,0.003338,0.002062,8015765.000000,315625.000000,0.039376
246,197,300,0.003331,0.001936,8267946.000000,329539.000000,0.039857
247,197,300,0.003332,0.001943,8183465.000000,323403.000000,0.039519
248,198,300,0.003343,0.002163,8387649.000000,331757.000000,0.039553
249,199,300,0.003332,0.001970,8390008.000000,327800.000000,0.039070
250,200,300,0.003340,0.002079,8652201.000000,339751.000000,0.039268
251,201,300,0.003342,0.002151,8416205.000000,324740.000000,0.038585
252,202,300,0.003339,0.002077,8934378.000000,345859.000000,0.038711
253,203,300,0.003350,0.002276,9007401.000000,350006.000000,0.038858
254,204,300,0.003339,0.002113,9000826.000000,343976.000000,0.038216
255,205,300,0.003345,0.002105,9042685.000000,349514.000000,0.038652
256,206,300,0.003338,0.002139,9130009.000000,348839.000000,0.038208
257,206,300,0.003340,0.002123,9114011.000000,347896.000000,0.038172
258,207,300,0.003341,0.002120,9127330.000000,347819.000000,0.038107
259,208,300,0.003342,0.002160,9245050.000000,351457.000000,0.038016
260,209,300,0.003340,0.002125,9181328.000000,347014.000000,0.037796
261,210,300,0.003344,0.002195,9404566.000000,356282.000000,0.037884
262,210,300,0.003344,0.002202,9450702.000000,358458.000000,0.037929
263,211,300,0.003344,0.002204,9435209.000000,356988.000000,0.037836
264,212,300,0.003346,0.002231,9509858.000000,354947.000000,0.037324
265,212,300,0.003349,0.002275,9779297.000000,369396.000000,0.037773
266,213,300,0.003344,0.002208,9541145.000000,357145.000000,0.037432
267,213,300,0.003347,0.002244,9556230.000000,358761.000000,0.037542
268,214,300,0.003348,0.002270,9738745.000000,365263.000000,0.037506
269,215,300,0.003350,0.002312,9890149.000000,370562.000000,0.037468
270,216,299,0.003354,0.002387,10181788.000000,386484.000000,0.037958
271,217,299,0.003354,0.002375,10198706.000000,385004.000000,0.037750
272,218,299,0.003331,0.002534,10716998.000000,412413.000000,0.038482
273,219,299,0.003358,0.002488,10619130.000000,403212.000000,0.037970
274,219,299,0.003382,0.002951,10975165.000000,423831.000000,0.038617
275,220,299,0.003367,0.002589,11006659.000000,419397.000000,0.038104
276,221,299,0.003368,0.002633,11249136.000000,424904.000000,0.037772
277,222,299,0.003365,0.002602,11081974.000000,414830.000000,0.037433
278,223,299,0.003364,0.002570,10982068.000000,409676.000000,0.037304
279,224,299,0.003362,0.002557,10953677.000000,405939.000000,0.037060
280,225,299,0.003366,0.002691,11415771.000000,431836.000000,0.037828
281,226,299,0.003366,0.002678,11396193.000000,431272.000000,0.037844
282,226,299,0.003369,0.002680,11386968.000000,431571.000000,0.037900
283,227,299,0.003379,0.002844,11571382.000000,441122.000000,0.038122
284,227,299,0.003375,0.002832,12051961.000000,451968.000000,0.037502
285,228,299,0.003376,0.002818,12047571.000000,452577.000000,0.037566
286,229,299,0.003382,0.002940,12474993.000000,478321.000000,0.038342
287,230,298,0.003382,0.002891,12343066.000000,465124.000000,0.037683
288,231,298,0.003379,0.002907,12400990.000000,466149.000000,0.037590
289,232,298,0.003493,0.003031,12962813.000000,500738.000000,0.038629
290,233,298,0.003385,0.002928,12489499.000000,467077.000000,0.037398
291,234,298,0.003373,0.002856,12271294.000000,454935.000000,0.037073
292,235,298,0.003379,0.002876,12299916.000000,453592.000000,0.036878
293,236,298,0.003378,0.002846,12218102.000000,447961.000000,0.036664
294,237,298,0.003385,0.002983,12271501.000000,449644.000000,0.036641
295,238,298,0.003381,0.002911,12324400.000000,449210.000000,0.036449
296,239,298,0.003383,0.002949,12626153.000000,465773.000000,0.036890
297,239,297,0.003379,0.002872,12320518.000000,447164.000000,0.036294
298,240,297,0.003341,0.003000,12387609.000000,452313.000000,0.036513
299,240,297,0.003342,0.003026,12851515.000000,475051.000000,0.036965
300,241,297,0.003382,0.002885,12372825.000000,450102.000000,0.036378
301,242,297,0.003350,0.003024,12882614.000000,478730.000000,0.037161
302,242,297,0.003440,0.003113,13198349.000000,489817.000000,0.037112
303,243,297,0.003367,0.003047,12987114.000000,479390.000000,0.036913
304,244,297,0.003412,0.003092,13117656.000000,483061.000000,0.036825
305,244,297,0.003415,0.003083,13171120.000000,486708.000000,0.036953
306,245,297,0.003540,0.003217,13576378.000000,502730.000000,0.037030
307,246,296,0.003461,0.003139,13396033.000000,489950.000000,0.036574
308,246,296,0.003474,0.003150,13432102.000000,491667.000000,0.036604
309,247,296,0.003448,0.003137,13395633.000000,486628.000000,0.036327
310,248,295,0.003740,0.003407,13852976.000000,507293.000000,0.036620
311,249,295,0.003694,0.003344,13937061.000000,512279.000000,0.036757
312,250,294,0.004061,0.003700,14000648.000000,524028.000000,0.037429
313,251,294,0.003585,0.003259,13841068.000000,501213.000000,0.036212
314,252,293,0.003762,0.003432,14397627.000000,534234.000000,0.037106
315,252,292,0.003704,0.003381,14295719.000000,522975.000000,0.036583
316,253,292,0.003684,0.003346,14252564.000000,524056.000000,0.036769
317,254,291,0.003662,0.003342,14210068.000000,520219.000000,0.036609
318,255,291,0.003706,0.003401,14361647.000000,526074.000000,0.036630
319,255,290,0.003718,0.003382,14418407.000000,530457.000000,0.036790
320,256,290,0.003781,0.003457,14666024.000000,538707.000000,0.036732
321,257,289,0.003781,0.003440,14628740.000000,538634.000000,0.036820
322,258,289,0.003772,0.003460,14659200.000000,534498.000000,0.036462
323,259,288,0.003816,0.003478,14729368.000000,539676.000000,0.036639
324,260,287,0.003846,0.003508,14892905.000000,548342.000000,0.036819
325,260,287,0.003842,0.003507,14886735.000000,545730.000000,0.036659
326,261,286,0.003917,0.003514,14869922.000000,543554.000000,0.036554
327,262,284,0.004289,0.003906,15218457.000000,557011.000000,0.036601
328,263,284,0.003919,0.003573,15012381.000000,548753.000000,0.036553
329,264,283,0.004099,0.003749,15165259.000000,557953.000000,0.036792
330,264,282,0.004014,0.003664,15561364.000000,572686.000000,0.036802
331,265,281,0.004064,0.003740,15829594.000000,583014.000000,0.036831
332,265,280,0.004336,0.003974,16270089.000000,605422.000000,0.037211
333,265,279,0.004033,0.003692,15671040.000000,571866.000000,0.036492
334,265,278,0.003999,0.003657,15551836.000000,564204.000000,0.036279
335,266,277,0.004046,0.003725,15725627.000000,570665.000000,0.036289
336,267,276,0.004181,0.003841,16200286.000000,596590.000000,0.036826
337,267,275,0.004361,0.003854,16240917.000000,597271.000000,0.036776
338,268,273,0.004402,0.004028,16396564.000000,603689.000000,0.036818
339,269,272,0.004136,0.003806,16054817.000000,584025.000000,0.036377
340,270,271,0.004196,0.003851,16260458.000000,594740.000000,0.036576
341,271,270,0.004736,0.004341,16499552.000000,608347.000000,0.036871
342,272,269,0.004258,0.003909,16499491.000000,602452.000000,0.036513
343,273,268,0.004205,0.003867,16341210.000000,596395.000000,0.036496
344,273,267,0.004252,0.003913,16574159.000000,606465.000000,0.036591
345,273,266,0.004249,0.003914,16563413.000000,605636.000000,0.036565
346,273,265,0.004251,0.003907,16529909.000000,603553.000000,0.036513
347,274,264,0.004285,0.003941,16597518.000000,606934.000000,0.036568
348,275,262,0.004384,0.004034,17026895.000000,622706.000000,0.036572
349,276,261,0.004370,0.004032,17016643.000000,622960.000000,0.036609
350,277,260,0.004379,0.004050,17003769.000000,615527.000000,0.036199
351,278,259,0.004417,0.004045,17101820.000000,621236.000000,0.036326
352,279,257,0.004854,0.004386,17312293.000000,627402.000000,0.036240
353,280,256,0.004508,0.004147,17387280.000000,622795.000000,0.035819
354,280,255,0.004428,0.004103,17375866.000000,621039.000000,0.035741
355,281,253,0.004875,0.004504,17466739.000000,624197.000000,0.035736
356,282,252,0.004621,0.004255,17911015.000000,643458.000000,0.035925
357,283,251,0.004519,0.004185,17744414.000000,629257.000000,0.035462
358,284,250,0.004566,0.004214,17765643.000000,636961.000000,0.035854
359,285,248,0.004610,0.004248,17909570.000000,639465.000000,0.035705
360,286,247,0.004905,0.004528,18325026.000000,670058.000000,0.036565
361,287,245,0.004685,0.004332,18212310.000000,650906.000000,0.035740
362,288,244,0.004749,0.004400,18510696.000000,663170.000000,0.035826
363,289,243,0.004696,0.004333,18304187.000000,654544.000000,0.035759
364,289,241,0.004688,0.004346,18384626.000000,656720.000000,0.035721
365,289,240,0.004711,0.004379,18434293.000000,652886.000000,0.035417
366,289,239,0.004771,0.004423,18638457.000000,665325.000000,0.035696
367,290,238,0.004806,0.004454,18728900.000000,669732.000000,0.035759
368,291,236,0.004815,0.004476,18851411.000000,673375.000000,0.035720
369,292,235,0.004857,0.004500,18907528.000000,678345.000000,0.035877
370,293,234,0.004868,0.004519,18981960.000000,680459.000000,0.035848
371,294,233,0.004894,0.004543,19022151.000000,679448.000000,0.035719
372,294,232,0.004887,0.004542,19114885.000000,680193.000000,0.035584
373,294,231,0.004889,0.004547,19101348.000000,679353.000000,0.035566
374,295,230,0.004947,0.004599,19306500.000000,687189.000000,0.035594
375,295,229,0.004873,0.004543,19091677.000000,675033.000000,0.035357
376,295,228,0.004959,0.004611,19468556.000000,689198.000000,0.035401
377,295,227,0.004936,0.004562,19289141.000000,683576.000000,0.035438
378,295,226,0.004988,0.004628,19478277.000000,690427.000000,0.035446
379,296,225,0.004976,0.004594,19405622.000000,684615.000000,0.035279
380,297,223,0.005156,0.004719,19582993.000000,686166.000000,0.035039
381,298,222,0.005149,0.004726,19776276.000000,696436.000000,0.035216
382,299,221,0.004990,0.004652,19597029.000000,681851.000000,0.034794
383,300,220,0.005032,0.004673,19653041.000000,688121.000000,0.035013
384,301,219,0.005027,0.004678,19801683.000000,686705.000000,0.034679
385,302,218,0.005090,0.004752,20037477.000000,694029.000000,0.034637
386,303,217,0.005109,0.004764,20208815.000000,696615.000000,0.034471
387,304,217,0.005102,0.004750,20206336.000000,696649.000000,0.034477
388,305,216,0.005151,0.004794,20343924.000000,695634.000000,0.034194
389,306,215,0.005166,0.004801,20383941.000000,700184.000000,0.034350
390,307,214,0.005284,0.004935,20866865.000000,715957.000000,0.034311
391,308,213,0.005276,0.004943,20871968.000000,719776.000000,0.034485
392,309,212,0.005379,0.004993,21131768.000000,732471.000000,0.034662
393,310,211,0.005319,0.004948,21029231.000000,721419.000000,0.034306
394,311,210,0.005337,0.004977,21160049.000000,722882.000000,0.034163
395,312,209,0.005411,0.005035,21324448.000000,730644.000000,0.034263
396,312,208,0.005407,0.005061,21477867.000000,736393.000000,0.034286
397,313,208,0.005437,0.005054,21485221.000000,737373.000000,0.034320
398,314,207,0.005427,0.005091,21554577.000000,734240.000000,0.034064
399,314,206,0.005415,0.005060,21556803.000000,732920.000000,0.033999
400,315,205,0.005599,0.005225,21654933.000000,735611.000000,0.033970
401,316,205,0.005451,0.005099,21628327.000000,732876.000000,0.033885
402,317,204,0.005460,0.005103,21700001.000000,738424.000000,0.034029
403,318,203,0.005458,0.005095,21685230.000000,736835.000000,0.033979
404,319,202,0.005509,0.005169,21842612.000000,741690.000000,0.033956
405,320,201,0.005520,0.005146,21926217.000000,748540.000000,0.034139
406,321,200,0.005604,0.005202,22119709.000000,746316.000000,0.033740
407,322,199,0.006023,0.005614,22359584.000000,751967.000000,0.033631
408,323,198,0.006018,0.005622,22709903.000000,765902.000000,0.033725
409,324,197,0.005736,0.005354,22765181.000000,765827.000000,0.033640
410,325,196,0.005702,0.005324,22686667.000000,755765.000000,0.033313
411,325,195,0.005789,0.005411,22529861.000000,748540.000000,0.033224
412,326,195,0.005711,0.005351,22784191.000000,760152.000000,0.033363
413,327,194,0.005746,0.005368,22900219.000000,765183.000000,0.033414
414,328,193,0.005789,0.005412,23096997.000000,772477.000000,0.033445
415,328,193,0.005775,0.005406,23044865.000000,770901.000000,0.033452
416,329,192,0.005797,0.005426,23213653.000000,772966.000000,0.033298
417,329,191,0.006131,0.005748,23262890.000000,780184.000000,0.033538
418,329,190,0.005743,0.005385,23020830.000000,763277.000000,0.033156
419,329,189,0.005887,0.005508,23523657.000000,786596.000000,0.033439
420,329,189,0.006001,0.005616,23738540.000000,793107.000000,0.033410
421,330,188,0.005997,0.005633,24033825.000000,799552.000000,0.033268
422,331,187,0.005937,0.005553,23848322.000000,790013.000000,0.033127
423,332,186,0.006063,0.005685,24325514.000000,809272.000000,0.033268
424,333,186,0.006021,0.005656,24254301.000000,798268.000000,0.032912
425,334,185,0.006116,0.005729,24501128.000000,812910.000000,0.033178
426,334,184,0.006219,0.005845,24571690.000000,808170.000000,0.032890
427,335,183,0.006132,0.005746,24596670.000000,812244.000000,0.033023
428,336,182,0.006225,0.005842,24792642.000000,820302.000000,0.033087
429,336,182,0.006177,0.005815,24848231.000000,816235.000000,0.032849
430,337,181,0.006219,0.005830,24990033.000000,823214.000000,0.032942
431,338,180,0.006286,0.005904,25250484.000000,832174.000000,0.032957
432,339,179,0.006295,0.005936,25376818.000000,832577.000000,0.032809
433,340,179,0.006600,0.005998,25425817.000000,836669.000000,0.032906
434,340,178,0.006536,0.006065,25694308.000000,839026.000000,0.032654
435,341,177,0.006647,0.006252,25931734.000000,848738.000000,0.032730
436,342,176,0.006872,0.006460,26183955.000000,860870.000000,0.032878
437,343,175,0.006533,0.006149,26026561.000000,851531.000000,0.032718
438,344,174,0.006514,0.006120,26236385.000000,862679.000000,0.032881
439,344,173,0.006524,0.006157,26371045.000000,857496.000000,0.032517
440,345,173,0.006545,0.006139,26375697.000000,859970.000000,0.032605
441,346,172,0.006543,0.006161,26464893.000000,855386.000000,0.032322
442,346,171,0.006503,0.006139,26306243.000000,856005.000000,0.032540
443,347,171,0.006557,0.006171,26580563.000000,862550.000000,0.032450
444,348,170,0.006706,0.006311,26870288.000000,873241.000000,0.032498
445,349,169,0.006667,0.006304,26787097.000000,867902.000000,0.032400
446,350,168,0.006644,0.006260,26937041.000000,875801.000000,0.032513
447,351,167,0.006655,0.006265,26858018.000000,865973.000000,0.032243
448,352,167,0.006667,0.006280,26968183.000000,871223.000000,0.032306
449,352,166,0.006924,0.006527,27261986.000000,882758.000000,0.032381
450,353,165,0.006725,0.006353,27155947.000000,880830.000000,0.032436
451,353,165,0.006777,0.006390,27366720.000000,889442.000000,0.032501
452,354,164,0.006746,0.006384,27197208.000000,885218.000000,0.032548
453,355,163,0.006947,0.006545,27601501.000000,903879.000000,0.032747
454,356,163,0.006893,0.006522,27850937.000000,905599.000000,0.032516
455,356,162,0.006910,0.006524,27968404.000000,913761.000000,0.032671
456,356,161,0.006906,0.006515,27913163.000000,912036.000000,0.032674
457,357,161,0.006868,0.006484,27830548.000000,902376.000000,0.032424
458,358,160,0.006893,0.006514,27952798.000000,908259.000000,0.032493
459,358,159,0.006876,0.006516,27867562.000000,904110.000000,0.032443
460,359,159,0.006914,0.006537,27916810.000000,907132.000000,0.032494
461,360,158,0.006964,0.006576,28078877.000000,915781.000000,0.032615
462,361,158,0.007016,0.006640,28259351.000000,918773.000000,0.032512
463,362,157,0.007410,0.006995,28842719.000000,950215.000000,0.032945
464,363,156,0.007050,0.006669,28547765.000000,928334.000000,0.032519
465,364,155,0.007060,0.006673,28572771.000000,932261.000000,0.032628
466,365,155,0.007142,0.006772,28786884.000000,940131.000000,0.032658
467,366,154,0.007191,0.006802,28834243.000000,944065.000000,0.032741
468,367,154,0.007282,0.006894,29238737.000000,964887.000000,0.033000
469,368,153,0.007198,0.006810,29017438.000000,947694.000000,0.032659
470,368,153,0.007260,0.006873,29240006.000000,958535.000000,0.032782
471,369,152,0.007271,0.006899,29216966.000000,958140.000000,0.032794
472,370,151,0.007309,0.006917,29358484.000000,959127.000000,0.032670
473,370,151,0.007256,0.006892,29287739.000000,954752.000000,0.032599
474,371,150,0.007311,0.006921,29409280.000000,960192.000000,0.032649
475,372,150,0.007308,0.006912,29387461.000000,954001.000000,0.032463
476,373,149,0.007317,0.006919,29611865.000000,954030.000000,0.032218
477,374,149,0.007666,0.007243,30120667.000000,985819.000000,0.032729
478,375,148,0.007588,0.007176,30169425.000000,984447.000000,0.032631
479,376,147,0.007636,0.007218,30636615.000000,1009662.000000,0.032956
480,376,147,0.007670,0.007151,30703551.000000,1003869.000000,0.032696
481,377,146,0.007509,0.007121,30484605.000000,987047.000000,0.032379
482,378,146,0.007577,0.007187,30692903.000000,986651.000000,0.032146
483,379,145,0.007498,0.007077,30425913.000000,977718.000000,0.032134
484,380,144,0.007804,0.007417,31040370.000000,1008318.000000,0.032484
485,380,144,0.007686,0.007284,31046014.000000,1004716.000000,0.032362
486,381,143,0.007686,0.007294,31023636.000000,1002688.000000,0.032320
487,382,143,0.007641,0.007253,31012081.000000,1003606.000000,0.032362
488,382,142,0.007715,0.007315,31327312.000000,1016315.000000,0.032442
489,383,142,0.007680,0.007284,31168237.000000,1003822.000000,0.032207
490,384,141,0.008358,0.007885,31760190.000000,1035628.000000,0.032608
491,385,141,0.007752,0.007349,31499902.000000,1005487.000000,0.031920
492,385,140,0.007935,0.007518,31839321.000000,1020602.000000,0.032055
493,386,140,0.007873,0.007476,32020109.000000,1023139.000000,0.031953
494,387,139,0.007847,0.007446,31896559.000000,1020037.000000,0.031980
495,388,139,0.007839,0.007447,31803316.000000,1009405.000000,0.031739
496,389,138,0.007938,0.007524,32246348.000000,1030484.000000,0.031957
497,390,138,0.007942,0.007550,32216600.000000,1028651.000000,0.031929
498,391,138,0.008047,0.007597,32557377.000000,1038819.000000,0.031907
499,391,137,0.007985,0.007599,32616912.000000,1029020.000000,0.031549
500,392,137,0.008132,0.007710,32764611.000000,1041794.000000,0.031796
501,393,136,0.008068,0.007676,32864512.000000,1038942.000000,0.031613
502,394,136,0.008303,0.007766,33053874.000000,1046937.000000,0.031674
503,395,135,0.008166,0.007756,33241007.000000,1042444.000000,0.031360
504,396,135,0.008276,0.007863,33705750.000000,1056613.000000,0.031348
505,397,134,0.008219,0.007826,33546465.000000,1050951.000000,0.031328
506,398,134,0.008334,0.007932,34019137.000000,1071590.000000,0.031500
507,399,133,0.008365,0.007948,33943721.000000,1064928.000000,0.031373
508,400,133,0.008311,0.007910,33951571.000000,1068260.000000,0.031464
509,401,132,0.008854,0.008459,33940224.000000,1068723.000000,0.031488
510,402,132,0.008408,0.008000,34205298.000000,1077151.000000,0.031491
511,402,131,0.008401,0.007984,34169619.000000,1073665.000000,0.031422
512,402,131,0.008433,0.008026,34286899.000000,1077597.000000,0.031429
513,402,130,0.008386,0.007987,34181531.000000,1072284.000000,0.031370
514,403,130,0.008572,0.008161,34269925.000000,1075320.000000,0.031378
515,404,129,0.008396,0.007993,34228189.000000,1072715.000000,0.031340
516,405,129,0.008452,0.008041,34560093.000000,1081192.000000,0.031284
517,406,128,0.008416,0.008025,34501940.000000,1076445.000000,0.031200
518,407,128,0.008440,0.008035,34565093.000000,1074402.000000,0.031083
519,408,128,0.008404,0.008011,34538170.000000,1071220.000000,0.031016
520,409,127,0.008449,0.008037,34670121.000000,1078233.000000,0.031100
521,409,127,0.008440,0.008047,34663697.000000,1072296.000000,0.030934
522,410,126,0.008658,0.008045,34713107.000000,1077965.000000,0.031054
523,411,126,0.008422,0.008036,34636056.000000,1071705.000000,0.030942
524,412,126,0.008473,0.008065,34794683.000000,1078577.000000,0.030998
525,412,125,0.008459,0.008075,34766401.000000,1075400.000000,0.030932
526,413,125,0.008785,0.008362,34884069.000000,1084480.000000,0.031088
527,414,125,0.008563,0.008139,34842238.000000,1078474.000000,0.030953
528,415,124,0.008624,0.008190,35206856.000000,1089921.000000,0.030958
529,415,124,0.008585,0.008186,35034664.000000,1079767.000000,0.030820
530,416,123,0.008618,0.008205,35168427.000000,1088329.000000,0.030946
531,417,123,0.008601,0.008205,35164239.000000,1079447.000000,0.030697
532,418,123,0.008613,0.008193,35214140.000000,1086875.000000,0.030865
533,419,122,0.008622,0.008215,35297770.000000,1081290.000000,0.030633
534,420,122,0.008691,0.008259,35448998.000000,1089195.000000,0.030726
535,421,122,0.008731,0.008309,35745299.000000,1090042.000000,0.030495
536,422,121,0.008813,0.008387,36109893.000000,1104232.000000,0.030580
537,422,121,0.008790,0.008385,36045835.000000,1099918.000000,0.030514
538,423,121,0.009053,0.008602,36215512.000000,1106869.000000,0.030563
539,424,120,0.008805,0.008402,36061120.000000,1098498.000000,0.030462
540,425,120,0.009014,0.008620,36686501.000000,1126956.000000,0.030719
541,425,120,0.008990,0.008556,36773313.000000,1129120.000000,0.030705
542,425,119,0.009045,0.008630,37072383.000000,1129435.000000,0.030466
543,426,119,0.008988,0.008565,36867013.000000,1125114.000000,0.030518
544,427,119,0.009047,0.008636,37062565.000000,1129658.000000,0.030480
545,427,118,0.009039,0.008602,37053781.000000,1133940.000000,0.030603
546,428,118,0.009091,0.008678,37078953.000000,1130862.000000,0.030499
547,429,118,0.009115,0.008666,37208315.000000,1142514.000000,0.030706
548,430,117,0.009182,0.008772,37394954.000000,1142121.000000,0.030542
549,430,117,0.009587,0.009103,37619044.000000,1149107.000000,0.030546
550,431,117,0.009316,0.008863,37829040.000000,1157272.000000,0.030592
551,432,116,0.009337,0.008906,37704795.000000,1143858.000000,0.030337
552,433,116,0.009237,0.008783,37903909.000000,1155396.000000,0.030482
553,433,116,0.009583,0.009139,38356732.000000,1174241.000000,0.030614
554,434,115,0.009267,0.008818,38069299.000000,1156932.000000,0.030390
555,435,115,0.009487,0.009065,38326313.000000,1155283.000000,0.030143
556,436,115,0.009312,0.008888,38371459.000000,1157737.000000,0.030172
557,437,114,0.009280,0.008875,38317899.000000,1153811.000000,0.030112
558,438,114,0.009415,0.008967,38618815.000000,1167329.000000,0.030227
559,439,114,0.010085,0.009624,38755564.000000,1180037.000000,0.030448
560,440,113,0.009444,0.009028,38839464.000000,1171870.000000,0.030172
561,441,113,0.010455,0.009953,39207605.000000,1194772.000000,0.030473
562,442,113,0.009824,0.009391,39245561.000000,1178885.000000,0.030039
563,443,112,0.010028,0.009571,39328922.000000,1182685.000000,0.030072
564,444,112,0.010207,0.009761,39648060.000000,1196736.000000,0.030184
565,444,111,0.010118,0.009697,39635744.000000,1178149.000000,0.029724
566,444,111,0.010002,0.009560,39656673.000000,1184693.000000,0.029874
567,445,111,0.009661,0.009208,39615998.000000,1184138.000000,0.029890
568,446,110,0.009748,0.009261,39824846.000000,1191516.000000,0.029919
569,446,110,0.010439,0.009999,39916311.000000,1172189.000000,0.029366
570,447,110,0.009726,0.009282,39839136.000000,1186745.000000,0.029788
571,448,110,0.009713,0.009256,39918574.000000,1187693.000000,0.029753
572,449,109,0.009743,0.009319,40122159.000000,1195649.000000,0.029800
573,450,109,0.009841,0.009397,40386865.000000,1200299.000000,0.029720
574,450,109,0.009796,0.009355,40361027.000000,1191902.000000,0.029531
575,451,108,0.009835,0.009399,40579582.000000,1199213.000000,0.029552
576,452,108,0.009856,0.009402,40646376.000000,1206266.000000,0.029677
577,453,108,0.009835,0.009404,40577357.000000,1200377.000000,0.029582
578,454,108,0.009873,0.009425,40739989.000000,1204455.000000,0.029564
579,455,107,0.009868,0.009422,40757505.000000,1202230.000000,0.029497
580,455,107,0.010189,0.009740,41546416.000000,1222161.000000,0.029417
581,456,107,0.009911,0.009466,41229675.000000,1215354.000000,0.029478
582,457,107,0.009970,0.009552,41505361.000000,1218924.000000,0.029368
583,458,106,0.009888,0.009457,41235084.000000,1208880.000000,0.029317
584,459,106,0.010063,0.009645,41845102.000000,1233763.000000,0.029484
585,460,106,0.010011,0.009597,41750989.000000,1226714.000000,0.029382
586,461,105,0.010090,0.009655,42082437.000000,1237821.000000,0.029414
587,462,105,0.010150,0.009731,42212037.000000,1243130.000000,0.029450
588,463,105,0.010208,0.009753,42557307.000000,1253109.000000,0.029445
589,464,104,0.010347,0.009882,42803066.000000,1256830.000000,0.029363
590,465,104,0.010534,0.010059,43230577.000000,1277187.000000,0.029544
591,466,104,0.010435,0.009991,43216226.000000,1277785.000000,0.029567
592,467,103,0.010498,0.009957,43357591.000000,1284714.000000,0.029631
593,468,103,0.010357,0.009927,43242314.000000,1267677.000000,0.029316
594,468,103,0.010302,0.009888,43214869.000000,1258196.000000,0.029115
595,468,103,0.010335,0.009908,43245134.000000,1262861.000000,0.029202
596,469,102,0.010379,0.009948,43407041.000000,1264523.000000,0.029132
597,469,102,0.010365,0.009954,43461427.000000,1262429.000000,0.029047
598,470,102,0.010386,0.009970,43504367.000000,1262688.000000,0.029024
599,470,101,0.010653,0.010206,43734990.000000,1270691.000000,0.029054
600,471,101,0.010476,0.010050,43773502.000000,1271474.000000,0.029047
601,472,101,0.010484,0.010044,43808088.000000,1272451.000000,0.029046
602,473,101,0.010555,0.010135,44258316.000000,1282133.000000,0.028969
603,474,100,0.010548,0.010119,44202462.000000,1272544.000000,0.028789
604,475,100,0.010620,0.010178,44447972.000000,1279982.000000,0.028797
605,476,100,0.010614,0.010181,44576367.000000,1282843.000000,0.028779
606,477,100,0.010762,0.010346,45121255.000000,1309127.000000,0.029014
607,477,99,0.010837,0.010394,45160264.000000,1311887.000000,0.029050
608,478,99,0.010753,0.010339,45106312.000000,1306463.000000,0.028964
609,479,99,0.010964,0.010525,45117361.000000,1299406.000000,0.028801
610,480,99,0.010815,0.010380,45263222.000000,1310843.000000,0.028960
611,481,98,0.010852,0.010421,45256730.000000,1309021.000000,0.028924
612,482,98,0.010879,0.010442,45501518.000000,1314578.000000,0.028891
613,482,98,0.011007,0.010562,46126653.000000,1331443.000000,0.028865
614,483,98,0.010954,0.010529,45750160.000000,1316646.000000,0.028779
615,484,97,0.010968,0.010527,45801877.000000,1315335.000000,0.028718
616,485,97,0.011061,0.010618,46346809.000000,1343141.000000,0.028980
617,486,97,0.011046,0.010618,46318801.000000,1338078.000000,0.028888
618,487,96,0.011375,0.010939,46601628.000000,1345129.000000,0.028864
619,488,96,0.011177,0.010728,46766366.000000,1349450.000000,0.028855
620,489,96,0.011142,0.010711,46698286.000000,1341869.000000,0.028735
621,490,96,0.011229,0.010790,47136730.000000,1356706.000000,0.028782
622,490,96,0.011249,0.010805,47191228.000000,1356399.000000,0.028743
623,490,96,0.011268,0.010843,47449161.000000,1347722.000000,0.028403
624,491,95,0.011314,0.010884,47480764.000000,1347303.000000,0.028376
625,492,95,0.011304,0.010856,47499353.000000,1350859.000000,0.028440
626,493,95,0.011340,0.010912,47635958.000000,1351810.000000,0.028378
627,493,95,0.012051,0.011599,47847250.000000,1356214.000000,0.028345
628,494,94,0.011406,0.010941,47760748.000000,1355664.000000,0.028384
629,495,94,0.011389,0.010955,47818361.000000,1351478.000000,0.028263
630,496,94,0.011433,0.010999,47926273.000000,1352798.000000,0.028227
631,496,94,0.011442,0.010990,47988980.000000,1356188.000000,0.028260
632,497,93,0.011476,0.011033,48088612.000000,1362655.000000,0.028336
633,498,93,0.011484,0.011035,48117458.000000,1363259.000000,0.028332
634,499,93,0.011648,0.011185,48568590.000000,1374604.000000,0.028302
635,500,93,0.011965,0.011505,48388437.000000,1369583.000000,0.028304
636,501,92,0.011579,0.011135,48537436.000000,1371552.000000,0.028258
637,502,92,0.011643,0.011176,48634970.000000,1379864.000000,0.028372
638,503,92,0.011746,0.011269,49082143.000000,1390112.000000,0.028322
639,504,92,0.011614,0.011158,48640769.000000,1366521.000000,0.028094
640,504,91,0.011677,0.011227,48968859.000000,1379518.000000,0.028171
641,505,91,0.011672,0.011194,48976594.000000,1373695.000000,0.028048
642,506,91,0.011815,0.011358,49445804.000000,1387237.000000,0.028056
643,507,91,0.011834,0.011372,49537250.000000,1393073.000000,0.028122
644,508,90,0.012256,0.011787,50341635.000000,1421496.000000,0.028237
645,509,90,0.012229,0.011751,50604919.000000,1432973.000000,0.028317
646,510,90,0.012349,0.011901,51139821.000000,1462166.000000,0.028592
647,511,89,0.012243,0.011797,50893591.000000,1451237.000000,0.028515
648,512,89,0.012443,0.011979,51328714.000000,1463711.000000,0.028516
649,512,89,0.012328,0.011882,51234663.000000,1458529.000000,0.028468
650,513,89,0.012325,0.011870,51182808.000000,1455828.000000,0.028444
651,513,88,0.012424,0.011949,51537722.000000,1459489.000000,0.028319
652,514,88,0.012809,0.012312,51909759.000000,1473928.000000,0.028394
653,515,88,0.012364,0.011916,51658218.000000,1458556.000000,0.028235
654,516,88,0.012330,0.011888,51760578.000000,1459390.000000,0.028195
655,517,87,0.012368,0.011903,51817178.000000,1457299.000000,0.028124
656,518,87,0.012643,0.012164,52616158.000000,1483375.000000,0.028192
657,518,87,0.012458,0.011997,52331650.000000,1468010.000000,0.028052
658,519,86,0.012471,0.012011,52339915.000000,1469979.000000,0.028085
659,519,86,0.012546,0.012088,52707498.000000,1477458.000000,0.028031
660,520,86,0.013200,0.012709,53091194.000000,1487461.000000,0.028017
661,521,86,0.012681,0.012197,52840278.000000,1483157.000000,0.028069
662,522,85,0.012952,0.012484,53324013.000000,1497667.000000,0.028086
663,523,85,0.012710,0.012244,53268445.000000,1496724.000000,0.028098
664,524,85,0.013013,0.012530,54015053.000000,1526608.000000,0.028263
665,525,84,0.012869,0.012377,54022275.000000,1523811.000000,0.028207
666,526,84,0.012993,0.012529,54457388.000000,1536784.000000,0.028220
667,526,84,0.012923,0.012474,54354802.000000,1525676.000000,0.028069
668,527,84,0.013409,0.012918,54885331.000000,1539787.000000,0.028055
669,528,83,0.013123,0.012643,55146695.000000,1544095.000000,0.028000
670,528,83,0.013110,0.012657,55298699.000000,1547645.000000,0.027987
671,529,83,0.013184,0.012733,55594522.000000,1555874.000000,0.027986
672,529,83,0.013271,0.012806,55619755.000000,1553777.000000,0.027936
673,530,82,0.013283,0.012809,55935055.000000,1572511.000000,0.028113
674,531,82,0.013334,0.012851,56044645.000000,1578753.000000,0.028170
675,532,82,0.013682,0.013202,56300389.000000,1583833.000000,0.028132
676,532,81,0.013445,0.012954,56588430.000000,1578312.000000,0.027891
677,533,81,0.013529,0.012972,56924671.000000,1597944.000000,0.028071
678,534,81,0.013521,0.013068,57016521.000000,1582438.000000,0.027754
679,535,81,0.013644,0.013141,57149918.000000,1590799.000000,0.027836
680,536,80,0.013640,0.013163,57564651.000000,1601126.000000,0.027814
681,537,80,0.013660,0.013186,57617982.000000,1611681.000000,0.027972
682,537,80,0.013902,0.013363,57918492.000000,1629887.000000,0.028141
683,537,80,0.013881,0.013382,57945786.000000,1626365.000000,0.028067
684,538,79,0.013946,0.013470,58370026.000000,1642945.000000,0.028147
685,539,79,0.013798,0.013316,58171800.000000,1637555.000000,0.028150
686,540,79,0.013874,0.013406,58376598.000000,1651726.000000,0.028294
687,541,79,0.013889,0.013419,58387384.000000,1649861.000000,0.028257
688,542,78,0.013946,0.013473,58612567.000000,1658932.000000,0.028303
689,543,78,0.013929,0.013454,58560806.000000,1646885.000000,0.028123
690,543,78,0.014270,0.013776,59183757.000000,1670309.000000,0.028222
691,543,77,0.014158,0.013667,59612698.000000,1686292.000000,0.028287
692,544,77,0.014118,0.013651,59402716.000000,1683088.000000,0.028334
693,545,77,0.014153,0.013698,59609808.000000,1684645.000000,0.028261
694,546,77,0.014272,0.013814,60178388.000000,1701038.000000,0.028267
695,547,76,0.014333,0.013883,60396622.000000,1696383.000000,0.028087
696,547,76,0.014353,0.013911,60655045.000000,1706213.000000,0.028130
697,547,76,0.014629,0.014154,60479874.000000,1694742.000000,0.028022
698,548,76,0.014418,0.013946,60757914.000000,1709392.000000,0.028134
699,548,75,0.014332,0.013886,60507358.000000,1705447.000000,0.028186
700,548,75,0.014398,0.013948,60587165.000000,1712877.000000,0.028271
701,548,75,0.014426,0.013982,60674558.000000,1713605.000000,0.028243
702,549,75,0.014483,0.014026,60834871.000000,1722724.000000,0.028318
703,549,74,0.014445,0.013992,60878321.000000,1728175.000000,0.028387
704,550,74,0.014912,0.014433,61490484.000000,1740348.000000,0.028303
705,551,74,0.014773,0.014283,61183112.000000,1734437.000000,0.028348
706,552,74,0.014796,0.014299,61546431.000000,1746130.000000,0.028371
707,553,73,0.014893,0.014375,61692482.000000,1739115.000000,0.028190
708,554,73,0.014928,0.014449,62184540.000000,1757720.000000,0.028266
709,555,73,0.014886,0.014401,61938723.000000,1748581.000000,0.028231
710,556,73,0.015277,0.014789,62285973.000000,1757706.000000,0.028220
711,557,72,0.014966,0.014476,62114574.000000,1753955.000000,0.028237
712,558,72,0.015074,0.014592,62780397.000000,1769053.000000,0.028178
713,559,72,0.015062,0.014584,62696373.000000,1761684.000000,0.028099
714,560,72,0.015245,0.014759,63298893.000000,1784071.000000,0.028185
715,561,72,0.015259,0.014767,63201588.000000,1784247.000000,0.028231
716,562,71,0.015300,0.014811,63731532.000000,1800184.000000,0.028246
717,563,71,0.015471,0.014991,63590805.000000,1793560.000000,0.028205
718,563,71,0.015341,0.014838,63797096.000000,1797775.000000,0.028180
719,564,71,0.015642,0.015145,64308830.000000,1812958.000000,0.028191
720,565,70,0.015442,0.014956,64439962.000000,1805919.000000,0.028025
721,565,70,0.015455,0.014966,64226712.000000,1798383.000000,0.028001
722,566,70,0.015500,0.015007,64727276.000000,1814593.000000,0.028034
723,567,70,0.015818,0.015296,65053236.000000,1832128.000000,0.028164
724,568,69,0.015689,0.015197,65302501.000000,1835884.000000,0.028114
725,569,69,0.015787,0.015292,65706415.000000,1845381.000000,0.028085
726,570,69,0.015896,0.015411,66004358.000000,1856654.000000,0.028129
727,570,69,0.015812,0.015317,65884011.000000,1849483.000000,0.028072
728,571,68,0.016024,0.015528,66543819.000000,1887154.000000,0.028360
729,571,68,0.015958,0.015460,66417856.000000,1872301.000000,0.028190
730,572,68,0.016451,0.015946,66680131.000000,1883987.000000,0.028254
731,572,68,0.016035,0.015523,66549641.000000,1878964.000000,0.028234
732,573,68,0.015937,0.015450,66335688.000000,1865338.000000,0.028120
733,573,67,0.015994,0.015489,66371274.000000,1868971.000000,0.028159
734,574,67,0.016210,0.015665,66511967.000000,1866791.000000,0.028067
735,575,67,0.016060,0.015583,66353056.000000,1867268.000000,0.028141
736,576,67,0.016204,0.015685,66693326.000000,1871377.000000,0.028059
737,577,67,0.015918,0.015440,66547142.000000,1869772.000000,0.028097
738,578,66,0.016123,0.015635,67148149.000000,1889332.000000,0.028137
739,579,66,0.015993,0.015521,66907921.000000,1876322.000000,0.028043
740,580,66,0.016170,0.015698,67386705.000000,1883741.000000,0.027954
741,581,66,0.016250,0.015778,67498186.000000,1901285.000000,0.028168
742,582,66,0.016505,0.016017,67896028.000000,1919988.000000,0.028278
743,583,65,0.016545,0.016039,68064387.000000,1909005.000000,0.028047
744,584,65,0.018888,0.018084,68698546.000000,1925119.000000,0.028023
745,585,65,0.021189,0.020300,69380317.000000,2001853.000000,0.028853
746,586,64,0.017806,0.017123,69574673.000000,1932384.000000,0.027774
747,587,64,0.017446,0.016756,68743681.000000,1928340.000000,0.028051
748,588,63,0.029233,0.028450,68933007.000000,1816901.000000,0.026357
749,589,63,0.018319,0.017634,69137456.000000,1907693.000000,0.027593
750,589,62,0.020153,0.019443,69732209.000000,1874732.000000,0.026885
751,590,62,0.016860,0.016268,69805004.000000,1936072.000000,0.027735
752,590,62,0.017839,0.017224,70471697.000000,1960052.000000,0.027813
753,590,62,0.016936,0.016391,70612412.000000,1961636.000000,0.027780
754,590,62,0.016741,0.016225,69990277.000000,1930722.000000,0.027586
755,591,61,0.016794,0.016265,70315034.000000,1937926.000000,0.027561
756,592,61,0.016931,0.016414,71020531.000000,1959408.000000,0.027589
757,593,61,0.017017,0.016513,71753600.000000,1976908.000000,0.027551
758,594,61,0.017263,0.016755,71993320.000000,1978134.000000,0.027477
759,595,61,0.017052,0.016552,71684437.000000,1974606.000000,0.027546
760,596,61,0.017096,0.016608,71985487.000000,1987769.000000,0.027613
761,597,60,0.017076,0.016586,72024539.000000,1986063.000000,0.027575
762,597,60,0.017086,0.016604,72199186.000000,1991546.000000,0.027584
763,597,60,0.017240,0.016756,72471796.000000,2000139.000000,0.027599
764,598,60,0.017449,0.016937,72402818.000000,1994055.000000,0.027541
765,599,60,0.017380,0.016891,73081128.000000,2017008.000000,0.027600
766,599,60,0.017294,0.016799,72793039.000000,2009240.000000,0.027602
767,600,59,0.017345,0.016837,73094500.000000,2015646.000000,0.027576
