frame,nb of entities,FPS,frame length,physics length,cache-references,cache-misses,cache-miss-ratio
0,3,302,0.001719,0.000025,91054.000000,37948.000000,0.416764
1,4,302,0.003319,0.000036,97942.000000,41979.000000,0.428611
2,5,302,0.003327,0.000029,89996.000000,37562.000000,0.417374
3,6,302,0.003321,0.000030,90852.000000,37291.000000,0.410459
4,7,302,0.003325,0.000026,96719.000000,39878.000000,0.412308
5,8,302,0.003325,0.000026,95866.000000,37322.000000,0.389314
6,9,302,0.003321,0.000032,91358.000000,39202.000000,0.429103
7,10,302,0.003323,0.000031,93088.000000,39824.000000,0.427810
8,11,302,0.003330,0.000030,89878.000000,38657.000000,0.430105
9,12,302,0.003319,0.000034,94194.000000,41000.000000,0.435272
10,13,302,0.003323,0.000122,115102.000000,46941.000000,0.407821
11,14,302,0.003328,0.000082,113521.000000,43498.000000,0.383171
12,15,302,0.003321,0.000087,108250.000000,42243.000000,0.390236
13,15,302,0.003325,0.000088,114734.000000,47114.000000,0.410637
14,16,302,0.003328,0.000044,97026.000000,41108.000000,0.423680
15,17,302,0.003318,0.000044,90245.000000,39114.000000,0.433420
16,18,302,0.003321,0.000056,98207.000000,42706.000000,0.434857
17,19,302,0.003327,0.000037,96858.000000,40528.000000,0.418427
18,20,302,0.003327,0.000047,91743.000000,38180.000000,0.416163
19,21,302,0.003314,0.000058,100173.000000,43449.000000,0.433740
20,22,302,0.003326,0.000138,114957.000000,43244.000000,0.376175
21,23,302,0.003321,0.000126,119532.000000,44491.000000,0.372210
22,24,302,0.003324,0.000137,120554.000000,45197.000000,0.374911
23,25,302,0.003326,0.000127,118910.000000,44500.000000,0.374233
24,25,302,0.003324,0.000112,122966.000000,45628.000000,0.371062
25,26,302,0.003323,0.000199,129690.000000,52344.000000,0.403609
26,27,302,0.003326,0.000099,116439.000000,47317.000000,0.406367
27,28,302,0.003318,0.000062,101309.000000,45112.000000,0.445291
28,29,302,0.003324,0.000057,102386.000000,46098.000000,0.450237
29,30,302,0.003349,0.000057,114074.000000,48868.000000,0.428389
30,31,302,0.003284,0.000116,107844.000000,41441.000000,0.384268
31,32,302,0.003322,0.000125,116806.000000,46302.000000,0.396401
32,33,302,0.003329,0.000102,108919.000000,42360.000000,0.388913
33,34,302,0.003317,0.000114,114390.000000,45726.000000,0.399738
34,35,302,0.003325,0.000065,100259.000000,42576.000000,0.424660
35,36,302,0.003330,0.000061,94849.000000,39556.000000,0.417042
36,37,303,0.003318,0.000078,101867.000000,42321.000000,0.415453
37,38,303,0.003319,0.000084,111778.000000,50018.000000,0.447476
38,39,303,0.003326,0.000072,101101.000000,44058.000000,0.435782
39,40,303,0.003321,0.000065,102509.000000,43004.000000,0.419514
40,41,303,0.003322,0.000083,96615.000000,41248.000000,0.426932
41,42,303,0.003327,0.000068,102915.000000,43443.000000,0.422125
42,42,303,0.003320,0.000079,94416.000000,39126.000000,0.414400
43,43,303,0.003327,0.000087,105771.000000,45028.000000,0.425712
44,44,303,0.003323,0.000089,98943.000000,41897.000000,0.423446
45,45,303,0.003323,0.000072,97616.000000,42189.000000,0.432193
46,46,303,0.003322,0.000210,139850.000000,49525.000000,0.354129
47,47,303,0.003328,0.000166,134065.000000,45599.000000,0.340126
48,47,303,0.003323,0.000243,144265.000000,49191.000000,0.340977
49,47,303,0.003316,0.000209,147771.000000,50460.000000,0.341474
50,48,303,0.003326,0.000254,148564.000000,48165.000000,0.324204
51,48,303,0.003322,0.000145,127774.000000,48557.000000,0.380023
52,49,303,0.003324,0.000200,127709.000000,53219.000000,0.416721
53,50,303,0.003319,0.000198,154709.000000,47865.000000,0.309387
54,51,303,0.003322,0.000279,173340.000000,53112.000000,0.306404
55,51,303,0.003322,0.000399,177435.000000,54816.000000,0.308936
56,51,303,0.003327,0.000279,160730.000000,49859.000000,0.310203
57,52,303,0.003317,0.000266,150478.000000,49855.000000,0.331311
58,53,303,0.003328,0.000246,148794.000000,49474.000000,0.332500
59,54,303,0.003326,0.000227,160816.000000,55089.000000,0.342559
60,55,300,0.003314,0.000274,145753.000000,47781.000000,0.327822
61,56,300,0.003326,0.000225,147203.000000,52682.000000,0.357887
62,57,300,0.003326,0.000201,134814.000000,48746.000000,0.361580
63,58,300,0.003322,0.000218,134511.000000,47892.000000,0.356045
64,59,300,0.003321,0.000157,121030.000000,47735.000000,0.394406
65,59,300,0.003328,0.000138,109493.000000,44980.000000,0.410803
66,60,300,0.003320,0.000128,118296.000000,46874.000000,0.396243
67,60,300,0.003328,0.000166,123391.000000,46584.000000,0.377532
68,61,300,0.003325,0.000160,119724.000000,48577.000000,0.405742
69,62,300,0.003323,0.000127,123660.000000,50639.000000,0.409502
70,63,300,0.003320,0.000198,125897.000000,47356.000000,0.376149
71,64,300,0.003328,0.000177,127870.000000,48460.000000,0.378979
72,65,300,0.003317,0.000166,117530.000000,46830.000000,0.398451
73,65,300,0.003325,0.000161,119020.000000,47879.000000,0.402277
74,66,300,0.003330,0.000234,131157.000000,47084.000000,0.358990
75,67,300,0.003317,0.000166,111563.000000,44808.000000,0.401639
76,68,300,0.003324,0.000233,142582.000000,51781.000000,0.363166
77,69,300,0.003328,0.000208,137615.000000,49711.000000,0.361232
78,70,300,0.003321,0.000201,124105.000000,45788.000000,0.368946
79,70,300,0.003325,0.000208,126517.000000,47814.000000,0.377925
80,71,300,0.003326,0.000189,121940.000000,46411.000000,0.380605
81,71,300,0.003319,0.000202,125414.000000,46640.000000,0.371888
82,72,300,0.003327,0.000193,127560.000000,47503.000000,0.372397
83,72,300,0.003328,0.000182,123141.000000,46055.000000,0.374002
84,73,300,0.003320,0.000204,125234.000000,47266.000000,0.377421
85,73,300,0.003324,0.000219,127765.000000,49530.000000,0.387665
86,74,300,0.003325,0.000219,139156.000000,49057.000000,0.352532
87,75,300,0.003320,0.000240,139289.000000,49723.000000,0.356977
88,76,300,0.003327,0.000224,138175.000000,48777.000000,0.353009
89,77,300,0.003327,0.000195,140368.000000,50708.000000,0.361250
90,78,300,0.003318,0.000249,132514.000000,46354.000000,0.349805
91,79,300,0.003326,0.000234,138033.000000,48706.000000,0.352858
92,79,300,0.003327,0.000291,153290.000000,49279.000000,0.321476
93,80,300,0.003321,0.000316,158310.000000,51384.000000,0.324578
94,81,300,0.003324,0.000277,152395.000000,53087.000000,0.348351
95,82,300,0.003325,0.000291,140243.000000,46452.000000,0.331225
96,83,300,0.003322,0.000300,148819.000000,50962.000000,0.342443
97,84,300,0.003324,0.000312,151468.000000,50320.000000,0.332215
98,85,300,0.003324,0.000303,147627.000000,50277.000000,0.340568
99,85,300,0.003325,0.000273,161251.000000,53283.000000,0.330435
100,86,300,0.003322,0.000349,155706.000000,50838.000000,0.326500
101,87,300,0.003324,0.000340,159529.000000,52132.000000,0.326787
102,88,300,0.003320,0.000344,160015.000000,51827.000000,0.323888
103,89,300,0.003326,0.000319,159590.000000,51085.000000,0.320102
104,90,300,0.003328,0.000300,165827.000000,51463.000000,0.310342
105,91,300,0.003317,0.000349,159958.000000,52286.000000,0.326873
106,92,300,0.003327,0.000384,179880.000000,55926.000000,0.310907
107,93,300,0.003323,0.000355,167040.000000,49130.000000,0.294121
108,93,300,0.003323,0.000396,180685.000000,54951.000000,0.304126
109,94,300,0.003323,0.000379,176117.000000,53029.000000,0.301101
110,95,300,0.003325,0.000415,166416.000000,48997.000000,0.294425
111,96,300,0.003323,0.000348,164850.000000,51693.000000,0.313576
112,97,300,0.003323,0.000404,165429.000000,52209.000000,0.315598
113,98,300,0.003327,0.000387,161193.000000,49834.000000,0.309157
114,99,300,0.003322,0.000321,164417.000000,49460.000000,0.300820
115,100,300,0.003326,0.000412,162742.000000,51238.000000,0.314842
116,101,300,0.003325,0.000464,189294.000000,55136.000000,0.291272
117,102,300,0.003318,0.000429,180604.000000,54396.000000,0.301189
118,103,300,0.003327,0.000431,182451.000000,54868.000000,0.300727
119,104,300,0.003324,0.000378,172275.000000,51114.000000,0.296700
120,105,300,0.003319,0.000415,169507.000000,52067.000000,0.307167
121,106,300,0.003326,0.000403,174560.000000,53630.000000,0.307230
122,106,300,0.003326,0.000405,182177.000000,53738.000000,0.294977
123,107,300,0.003331,0.000475,193190.000000,55156.000000,0.285501
124,108,300,0.003308,0.000519,198397.000000,55693.000000,0.280715
125,109,300,0.003327,0.000486,191770.000000,52498.000000,0.273755
126,110,300,0.003319,0.000469,192426.000000,58343.000000,0.303197
127,111,300,0.003325,0.000454,190742.000000,56737.000000,0.297454
128,112,300,0.003327,0.000409,179143.000000,53973.000000,0.301284
129,113,300,0.003316,0.000502,183499.000000,56239.000000,0.306481
130,114,300,0.003325,0.000603,216734.000000,53218.000000,0.245545
131,115,300,0.003330,0.000604,224643.000000,59556.000000,0.265114
132,116,300,0.003319,0.000554,222744.000000,56994.000000,0.255872
133,116,300,0.003328,0.000612,222722.000000,57119.000000,0.256459
134,117,300,0.003325,0.000626,210619.000000,55538.000000,0.263689
135,118,300,0.003319,0.000508,182551.000000,55315.000000,0.303011
136,118,300,0.003325,0.000522,186153.000000,54292.000000,0.291653
137,119,300,0.003330,0.000480,181983.000000,53841.000000,0.295857
138,120,300,0.003318,0.000549,197586.000000,59325.000000,0.300249
139,121,300,0.003326,0.000498,196975.000000,55787.000000,0.283219
140,122,300,0.003327,0.000597,207893.000000,56270.000000,0.270668
141,122,300,0.003316,0.000600,208913.000000,59924.000000,0.286837
142,123,300,0.003327,0.000607,206904.000000,56957.000000,0.275282
143,124,300,0.003326,0.000544,196894.000000,56921.000000,0.289095
144,125,300,0.003320,0.000665,210574.000000,58975.000000,0.280068
145,126,300,0.003321,0.000691,206847.000000,58490.000000,0.282769
146,127,300,0.003327,0.000610,214296.000000,58098.000000,0.271111
147,128,300,0.003320,0.000581,196889.000000,55586.000000,0.282322
148,128,300,0.003330,0.000641,198717.000000,57855.000000,0.291143
149,129,300,0.003306,0.000572,200657.000000,57164.000000,0.284884
150,130,300,0.003321,0.000631,206805.000000,58447.000000,0.282619
151,131,300,0.003321,0.000725,219405.000000,56970.000000,0.259657
152,132,300,0.003328,0.000632,219831.000000,58203.000000,0.264762
153,133,300,0.003318,0.000685,222429.000000,57375.000000,0.257947
154,134,300,0.003325,0.000589,209638.000000,54817.000000,0.261484
155,135,300,0.003329,0.000690,221698.000000,61176.000000,0.275943
156,136,300,0.003318,0.000764,238870.000000,58371.000000,0.244363
157,136,300,0.003325,0.000722,249381.000000,59781.000000,0.239718
158,137,300,0.003325,0.000852,276058.000000,69607.000000,0.252146
159,138,300,0.003322,0.000747,257299.000000,60805.000000,0.236320
160,139,300,0.003322,0.000868,264462.000000,61841.000000,0.233837
161,139,300,0.003330,0.000818,262800.000000,60861.000000,0.231587
162,140,300,0.003319,0.000835,253552.000000,62824.000000,0.247776
163,141,300,0.003323,0.000825,254442.000000,63382.000000,0.249102
164,141,300,0.003329,0.000776,241326.000000,58862.000000,0.243911
165,141,300,0.003319,0.000866,247554.000000,59016.000000,0.238396
166,142,300,0.003328,0.000814,246146.000000,63804.000000,0.259212
167,143,300,0.003319,0.000944,282394.000000,64045.000000,0.226793
168,144,300,0.003319,0.000922,266720.000000,64404.000000,0.241467
169,145,300,0.003321,0.000972,278073.000000,65684.000000,0.236211
170,145,300,0.003325,0.000982,278738.000000,64800.000000,0.232476
171,146,300,0.003325,0.000984,278259.000000,64044.000000,0.230160
172,147,300,0.003319,0.001168,314457.000000,72502.000000,0.230563
173,148,300,0.003327,0.000970,286604.000000,64884.000000,0.226389
174,149,300,0.003321,0.001104,339556.000000,68574.000000,0.201952
175,150,300,0.003322,0.001060,293766.000000,65151.000000,0.221779
176,151,300,0.003327,0.001017,313614.000000,66097.000000,0.210759
177,152,300,0.003324,0.001092,295372.000000,62215.000000,0.210633
178,153,300,0.003319,0.001026,280138.000000,63383.000000,0.226256
179,154,300,0.003327,0.001010,285774.000000,64431.000000,0.225461
180,155,300,0.003318,0.001175,277345.000000,58829.000000,0.212115
181,156,300,0.003325,0.001052,284850.000000,70924.000000,0.248987
182,157,300,0.003326,0.001081,286519.000000,65137.000000,0.227339
183,158,300,0.003319,0.001210,288638.000000,64766.000000,0.224385
184,158,300,0.003321,0.001204,297631.000000,66433.000000,0.223206
185,159,300,0.003329,0.001192,297319.000000,63753.000000,0.214426
186,160,300,0.003327,0.001788,441215.000000,69661.000000,0.157884
187,160,300,0.003321,0.001686,413658.000000,60984.000000,0.147426
188,160,300,0.003324,0.001251,320448.000000,59836.000000,0.186726
189,161,300,0.003322,0.001278,291306.000000,61742.000000,0.211949
190,162,300,0.003323,0.001215,279099.000000,63249.000000,0.226619
191,163,300,0.003326,0.001088,289186.000000,68525.000000,0.236958
192,164,300,0.003322,0.001087,307872.000000,68913.000000,0.223837
193,165,300,0.003322,0.001213,305250.000000,79002.000000,0.258811
194,166,300,0.003322,0.001204,304201.000000,63890.000000,0.210026
195,167,300,0.003321,0.001095,304193.000000,69508.000000,0.228500
196,168,300,0.003329,0.001075,302710.000000,72215.000000,0.238562
197,169,300,0.003320,0.001250,315722.000000,68196.000000,0.216000
198,169,300,0.003331,0.001144,316692.000000,68628.000000,0.216703
199,170,300,0.003310,0.001405,341232.000000,79010.000000,0.231543
200,171,300,0.003325,0.001280,306411.000000,63048.000000,0.205763
201,172,300,0.003319,0.001125,308567.000000,67670.000000,0.219304
202,173,300,0.003327,0.001323,316303.000000,70127.000000,0.221708
203,173,300,0.003325,0.001345,330268.000000,63929.000000,0.193567
204,174,300,0.003322,0.001417,356522.000000,77254.000000,0.216688
205,175,300,0.003326,0.001434,317624.000000,69472.000000,0.218724
206,176,300,0.003325,0.001389,336305.000000,67780.000000,0.201543
207,176,300,0.003322,0.001268,325261.000000,65344.000000,0.200897
208,177,300,0.003330,0.001364,322051.000000,69915.000000,0.217093
209,178,300,0.003321,0.001608,362730.000000,83475.000000,0.230130
210,178,300,0.003320,0.001271,331576.000000,65372.000000,0.197155
211,179,300,0.003326,0.001542,361523.000000,71265.000000,0.197124
212,180,300,0.003326,0.001405,335778.000000,66644.000000,0.198476
213,180,300,0.003321,0.001305,335033.000000,64619.000000,0.192874
214,180,300,0.003326,0.001548,341786.000000,69896.000000,0.204502
215,180,300,0.003323,0.001490,344833.000000,65405.000000,0.189672
216,181,300,0.003325,0.001384,351803.000000,69040.000000,0.196246
217,182,300,0.003324,0.001560,346501.000000,66648.000000,0.192346
218,183,300,0.003324,0.001536,358650.000000,65170.000000,0.181709
219,183,300,0.003321,0.001436,366727.000000,65700.000000,0.179152
220,183,300,0.003326,0.001624,353124.000000,62352.000000,0.176573
221,184,300,0.003324,0.001538,353892.000000,63249.000000,0.178724
222,185,300,0.003322,0.001415,362260.000000,68881.000000,0.190142
223,185,300,0.003341,0.001670,373013.000000,65364.000000,0.175232
224,186,300,0.003317,0.001529,391038.000000,69730.000000,0.178320
225,186,300,0.003322,0.001470,371338.000000,67320.000000,0.181290
226,187,300,0.003327,0.001675,373368.000000,66763.000000,0.178813
227,188,300,0.003321,0.001618,377885.000000,67673.000000,0.179084
228,189,300,0.003327,0.001684,425207.000000,78342.000000,0.184244
229,190,300,0.003325,0.001860,449382.000000,81150.000000,0.180581
230,191,300,0.003324,0.001642,421814.000000,72469.000000,0.171803
231,192,300,0.003326,0.001658,418937.000000,71696.000000,0.171138
232,192,300,0.003327,0.001739,411213.000000,72403.000000,0.176072
233,193,300,0.003322,0.001768,423606.000000,74516.000000,0.175909
234,194,300,0.003325,0.001810,444782.000000,73330.000000,0.164867
235,195,300,0.003331,0.001940,438932.000000,71298.000000,0.162435
236,196,300,0.003328,0.001881,477890.000000,79996.000000,0.167394
237,196,300,0.003325,0.001752,448119.000000,78530.000000,0.175244
238,197,300,0.003331,0.001842,435099.000000,72454.000000,0.166523
239,197,300,0.003326,0.001894,432561.000000,74375.000000,0.171941
240,198,300,0.003325,0.001763,438874.000000,72996.000000,0.166326
241,199,300,0.003330,0.001842,436115.000000,76825.000000,0.176158
242,200,300,0.003331,0.001988,482968.000000,80019.000000,0.165682
243,201,300,0.003327,0.001857,477271.000000,77460.000000,0.162298
244,202,300,0.003337,0.002022,462193.000000,75527.000000,0.163410
245,202,300,0.003329,0.001915,480313.000000,75381.000000,0.156941
246,203,300,0.003329,0.001883,486861.000000,82198.000000,0.168833
247,204,300,0.003340,0.002126,500238.000000,86003.000000,0.171924
248,205,300,0.003332,0.001955,502204.000000,79051.000000,0.157408
249,205,300,0.003362,0.001982,510645.000000,82163.000000,0.160900
250,205,300,0.003310,0.002200,502463.000000,79943.000000,0.159102
251,205,300,0.003332,0.001932,486958.000000,76998.000000,0.158120
252,206,300,0.003325,0.001962,498267.000000,81568.000000,0.163703
253,207,300,0.003338,0.002092,496366.000000,84865.000000,0.170973
254,208,300,0.003329,0.001889,470234.000000,77440.000000,0.164684
255,209,300,0.003325,0.002021,496436.000000,81482.000000,0.164134
256,209,300,0.003344,0.002199,500500.000000,82040.000000,0.163916
257,209,300,0.003333,0.001995,503058.000000,85315.000000,0.169593
258,210,300,0.003336,0.002018,504913.000000,81365.000000,0.161147
259,211,300,0.003353,0.002384,544618.000000,90985.000000,0.167062
260,211,300,0.003342,0.002154,536662.000000,86650.000000,0.161461
261,212,300,0.003343,0.002171,542388.000000,88534.000000,0.163230
262,212,300,0.003342,0.002163,538154.000000,85887.000000,0.159596
263,213,300,0.003348,0.002260,545561.000000,93136.000000,0.170716
264,213,300,0.003345,0.002227,552878.000000,86294.000000,0.156081
265,213,300,0.003345,0.002231,548132.000000,86383.000000,0.157595
266,214,300,0.003353,0.002328,572380.000000,96097.000000,0.167890
267,214,300,0.003345,0.002228,546443.000000,88603.000000,0.162145
268,215,300,0.003349,0.002290,540882.000000,89887.000000,0.166186
269,216,300,0.003345,0.002200,543329.000000,89902.000000,0.165465
270,217,300,0.003337,0.002201,524822.000000,84910.000000,0.161788
271,217,300,0.003344,0.002177,530483.000000,89055.000000,0.167875
272,218,300,0.003325,0.002237,554782.000000,96232.000000,0.173459
273,219,300,0.003347,0.002182,535188.000000,89873.000000,0.167928
274,220,300,0.003351,0.002314,574540.000000,99401.000000,0.173010
275,220,300,0.003346,0.002284,553171.000000,95060.000000,0.171846
276,221,299,0.003350,0.002311,562926.000000,94051.000000,0.167075
277,222,299,0.003350,0.002292,564504.000000,93999.000000,0.166516
278,222,299,0.003352,0.002344,576215.000000,96050.000000,0.166691
279,222,299,0.003352,0.002359,569813.000000,92248.000000,0.161892
280,223,299,0.003355,0.002409,581506.000000,94212.000000,0.162014
281,224,299,0.003355,0.002406,586813.000000,96773.000000,0.164913
282,225,299,0.003357,0.002449,593534.000000,95642.000000,0.161140
283,226,299,0.003358,0.002462,597844.000000,96883.000000,0.162054
284,227,299,0.003353,0.002458,595010.000000,96781.000000,0.162654
285,228,299,0.003358,0.002468,589953.000000,94868.000000,0.160806
286,229,299,0.003361,0.002526,611479.000000,100145.000000,0.163775
287,230,299,0.003361,0.002510,605476.000000,97106.000000,0.160380
288,231,299,0.003365,0.002588,622698.000000,102510.000000,0.164622
289,232,299,0.003364,0.002545,615790.000000,102490.000000,0.166437
290,233,299,0.003370,0.002587,662784.000000,115443.000000,0.174179
291,234,299,0.003364,0.002568,612817.000000,100208.000000,0.163520
292,235,299,0.003366,0.002617,621994.000000,100237.000000,0.161154
293,236,299,0.003365,0.002599,623877.000000,100329.000000,0.160815
294,237,299,0.003377,0.002835,682761.000000,108017.000000,0.158206
295,238,298,0.003376,0.002765,655452.000000,107575.000000,0.164123
296,238,298,0.003380,0.002912,684837.000000,117557.000000,0.171657
297,238,298,0.003379,0.002874,683624.000000,109756.000000,0.160550
298,239,298,0.003380,0.002874,682020.000000,107702.000000,0.157916
299,239,298,0.003378,0.002902,692534.000000,110698.000000,0.159845
300,240,298,0.003379,0.002868,671859.000000,105538.000000,0.157084
301,241,298,0.003380,0.002906,691577.000000,109144.000000,0.157819
302,242,298,0.003383,0.002931,692011.000000,109009.000000,0.157525
303,242,298,0.003384,0.002972,705395.000000,111753.000000,0.158426
304,243,298,0.003344,0.003041,688294.000000,111342.000000,0.161765
305,244,298,0.003386,0.002936,697776.000000,113565.000000,0.162753
306,245,298,0.003385,0.002988,702411.000000,110709.000000,0.157613
307,246,298,0.003324,0.002993,702959.000000,112232.000000,0.159657
308,247,298,0.003337,0.003012,706996.000000,118011.000000,0.166919
309,248,298,0.003379,0.003075,688812.000000,109039.000000,0.158300
310,249,298,0.003361,0.003029,704281.000000,114680.000000,0.162833
311,250,298,0.003327,0.003012,704267.000000,119134.000000,0.169160
312,251,297,0.003384,0.003066,719202.000000,122402.000000,0.170191
313,252,297,0.003388,0.003061,707530.000000,115220.000000,0.162848
314,253,297,0.003499,0.003188,704081.000000,111291.000000,0.158066
315,253,297,0.003488,0.003150,744717.000000,128650.000000,0.172750
316,254,297,0.003509,0.003183,742092.000000,119768.000000,0.161392
317,255,296,0.003508,0.003186,741754.000000,124811.000000,0.168265
318,256,296,0.003604,0.003273,740871.000000,116326.000000,0.157012
319,256,296,0.003560,0.003251,754845.000000,122098.000000,0.161752
320,257,295,0.003568,0.003242,763759.000000,122844.000000,0.160841
321,258,295,0.003605,0.003280,770968.000000,127481.000000,0.165352
322,259,294,0.003706,0.003381,770109.000000,124777.000000,0.162025
323,260,294,0.003585,0.003265,763102.000000,120896.000000,0.158427
324,261,294,0.003630,0.003282,757130.000000,121000.000000,0.159814
325,262,293,0.003641,0.003308,768308.000000,123640.000000,0.160925
326,263,293,0.003653,0.003328,769756.000000,121850.000000,0.158297
327,264,292,0.003718,0.003373,761460.000000,120497.000000,0.158245
328,265,292,0.003650,0.003334,762740.000000,120657.000000,0.158189
329,266,291,0.003690,0.003352,774057.000000,126073.000000,0.162873
330,267,291,0.003976,0.003613,816360.000000,132900.000000,0.162796
331,267,289,0.004265,0.003854,802586.000000,121243.000000,0.151065
332,268,287,0.004994,0.004597,922740.000000,163395.000000,0.177076
333,269,286,0.003918,0.003547,803438.000000,135537.000000,0.168696
334,269,285,0.003965,0.003603,832008.000000,135542.000000,0.162909
335,270,284,0.004420,0.004048,866443.000000,149312.000000,0.172328
336,271,283,0.003858,0.003531,799281.000000,124292.000000,0.155505
337,272,282,0.003909,0.003572,815793.000000,126780.000000,0.155407
338,273,282,0.003891,0.003561,805330.000000,123851.000000,0.153789
339,274,281,0.004009,0.003654,809481.000000,129069.000000,0.159447
340,275,280,0.003835,0.003491,784830.000000,121760.000000,0.155142
341,275,279,0.003908,0.003562,787259.000000,121013.000000,0.153714
342,276,279,0.004080,0.003703,803255.000000,126171.000000,0.157075
343,277,278,0.003942,0.003555,791685.000000,124579.000000,0.157359
344,278,277,0.003941,0.003596,800932.000000,122328.000000,0.152732
345,279,276,0.003879,0.003556,784042.000000,121135.000000,0.154501
346,279,276,0.003944,0.003604,799001.000000,124306.000000,0.155577
347,280,275,0.003964,0.003623,800911.000000,125053.000000,0.156138
348,281,274,0.003985,0.003654,806428.000000,122079.000000,0.151382
349,281,273,0.004066,0.003733,826716.000000,124717.000000,0.150858
350,282,272,0.004183,0.003800,856562.000000,133971.000000,0.156405
351,283,271,0.004045,0.003698,828460.000000,127336.000000,0.153702
352,284,270,0.004157,0.003809,852681.000000,130315.000000,0.152830
353,284,269,0.004157,0.003841,848083.000000,130938.000000,0.154393
354,284,268,0.004182,0.003835,851231.000000,130473.000000,0.153276
355,285,267,0.004226,0.003883,862431.000000,131482.000000,0.152455
356,286,266,0.004238,0.003897,870921.000000,132050.000000,0.151621
357,287,265,0.004400,0.004058,890195.000000,136071.000000,0.152855
358,288,264,0.004367,0.004022,900798.000000,138301.000000,0.153532
359,289,263,0.004449,0.004078,913415.000000,143724.000000,0.157348
360,290,262,0.004408,0.004059,903980.000000,136246.000000,0.150718
361,291,260,0.004520,0.004166,928588.000000,148302.000000,0.159707
362,292,259,0.004513,0.004175,928200.000000,140070.000000,0.150905
363,293,258,0.004526,0.004188,931010.000000,143762.000000,0.154415
364,294,256,0.004605,0.004241,941802.000000,140280.000000,0.148949
365,295,255,0.004565,0.004230,933816.000000,140819.000000,0.150800
366,296,253,0.004987,0.004634,998101.000000,155453.000000,0.155749
367,297,252,0.004652,0.004287,954344.000000,143885.000000,0.150768
368,297,250,0.004660,0.004316,945059.000000,139204.000000,0.147297
369,298,249,0.004737,0.004382,942478.000000,140548.000000,0.149126
370,299,248,0.004716,0.004364,969668.000000,149699.000000,0.154382
371,300,246,0.004691,0.004331,954183.000000,146121.000000,0.153137
372,301,245,0.004718,0.004389,957487.000000,144243.000000,0.150647
373,302,244,0.004684,0.004333,951778.000000,146910.000000,0.154353
374,302,242,0.004686,0.004336,945439.000000,146269.000000,0.154710
375,303,241,0.004741,0.004397,936094.000000,138287.000000,0.147728
376,304,240,0.004746,0.004402,958244.000000,144643.000000,0.150946
377,304,239,0.004727,0.004389,950761.000000,138705.000000,0.145888
378,305,238,0.004795,0.004430,965021.000000,147673.000000,0.153026
379,305,237,0.004824,0.004480,948241.000000,140874.000000,0.148563
380,306,235,0.004767,0.004416,953209.000000,142159.000000,0.149137
381,306,234,0.004820,0.004461,975090.000000,149015.000000,0.152822
382,307,233,0.004923,0.004599,976426.000000,141297.000000,0.144708
383,308,232,0.004873,0.004526,989438.000000,145286.000000,0.146837
384,309,231,0.004894,0.004554,993655.000000,144979.000000,0.145905
385,309,230,0.004867,0.004512,981971.000000,143583.000000,0.146219
386,310,229,0.004864,0.004520,982026.000000,148027.000000,0.150736
387,311,228,0.004868,0.004510,987270.000000,146692.000000,0.148583
388,312,227,0.004918,0.004558,997336.000000,147277.000000,0.147670
389,313,225,0.005104,0.004732,1013351.000000,147579.000000,0.145635
390,314,225,0.005034,0.004664,1030341.000000,151850.000000,0.147378
391,315,224,0.005045,0.004682,1030437.000000,151702.000000,0.147221
392,316,223,0.005538,0.005192,1036371.000000,147951.000000,0.142759
393,317,222,0.005151,0.004791,1052867.000000,151571.000000,0.143960
394,317,221,0.005132,0.004757,1046332.000000,151509.000000,0.144800
395,318,221,0.005210,0.004863,1039503.000000,150375.000000,0.144660
396,319,220,0.005212,0.004840,1057807.000000,154106.000000,0.145684
397,320,219,0.005262,0.004908,1080507.000000,160686.000000,0.148714
398,320,218,0.005262,0.004916,1070854.000000,154191.000000,0.143989
399,321,216,0.005308,0.004950,1079532.000000,161282.000000,0.149400
400,322,215,0.005338,0.004960,1091224.000000,171484.000000,0.157148
401,323,214,0.005397,0.005034,1074761.000000,154637.000000,0.143880
402,323,213,0.005304,0.004971,1066939.000000,151876.000000,0.142347
403,324,212,0.005330,0.004974,1086622.000000,158658.000000,0.146010
404,325,211,0.005353,0.004994,1080282.000000,157551.000000,0.145842
405,326,210,0.005453,0.005112,1103776.000000,158388.000000,0.143497
406,327,209,0.005441,0.005079,1098482.000000,160182.000000,0.145821
407,327,208,0.005449,0.005084,1101054.000000,163641.000000,0.148622
408,328,207,0.005436,0.005089,1096773.000000,159373.000000,0.145311
409,329,206,0.005503,0.005117,1105307.000000,166121.000000,0.150294
410,330,205,0.005577,0.005213,1109041.000000,162103.000000,0.146165
411,330,204,0.005600,0.005229,1120512.000000,171580.000000,0.153126
412,331,203,0.005578,0.005199,1121315.000000,163577.000000,0.145880
413,332,202,0.005701,0.005340,1127465.000000,162065.000000,0.143743
414,333,201,0.005646,0.005297,1136191.000000,169587.000000,0.149259
415,334,200,0.005652,0.005279,1132423.000000,164620.000000,0.145370
416,335,199,0.005756,0.005400,1133618.000000,164452.000000,0.145068
417,335,198,0.005660,0.005308,1123179.000000,163565.000000,0.145627
418,336,197,0.005706,0.005333,1139582.000000,168254.000000,0.147645
419,337,196,0.005647,0.005285,1125435.000000,164795.000000,0.146428
420,338,195,0.005663,0.005294,1115502.000000,162249.000000,0.145449
421,338,195,0.005691,0.005325,1128137.000000,162086.000000,0.143676
422,339,194,0.005654,0.005271,1118337.000000,160145.000000,0.143199
423,339,193,0.005776,0.005419,1133779.000000,171698.000000,0.151439
424,340,192,0.005830,0.005455,1147785.000000,174659.000000,0.152170
425,341,192,0.005727,0.005326,1129124.000000,169105.000000,0.149767
426,341,191,0.005769,0.005394,1115079.000000,163518.000000,0.146643
427,342,191,0.005710,0.005335,1129813.000000,170781.000000,0.151159
428,343,190,0.005833,0.005436,1145505.000000,170644.000000,0.148968
429,344,189,0.005982,0.005613,1176737.000000,179610.000000,0.152634
430,345,188,0.005969,0.005599,1179332.000000,173640.000000,0.147236
431,345,188,0.005941,0.005585,1179793.000000,179051.000000,0.151765
432,346,187,0.005899,0.005540,1164157.000000,169974.000000,0.146006
433,347,186,0.005936,0.005577,1170160.000000,171604.000000,0.146650
434,347,185,0.006162,0.005791,1208696.000000,176084.000000,0.145681
435,348,185,0.006074,0.005704,1203662.000000,178132.000000,0.147992
436,348,184,0.006118,0.005725,1202803.000000,173780.000000,0.144479
437,348,183,0.006078,0.005690,1187330.000000,171030.000000,0.144046
438,349,182,0.006191,0.005785,1219699.000000,181895.000000,0.149131
439,350,181,0.006199,0.005814,1225144.000000,182619.000000,0.149059
440,351,181,0.006078,0.005704,1210072.000000,182237.000000,0.150600
441,351,180,0.006057,0.005660,1196200.000000,174605.000000,0.145966
442,351,179,0.006214,0.005852,1216449.000000,178443.000000,0.146692
443,351,179,0.006106,0.005728,1208408.000000,177065.000000,0.146527
444,352,178,0.006585,0.006155,1270852.000000,186707.000000,0.146915
445,353,177,0.006481,0.006086,1255456.000000,200800.000000,0.159942
446,354,176,0.006631,0.006218,1266268.000000,188043.000000,0.148502
447,355,175,0.006375,0.005986,1246003.000000,178174.000000,0.142996
448,356,174,0.006442,0.006055,1251249.000000,176696.000000,0.141216
449,356,174,0.006368,0.005989,1236353.000000,171619.000000,0.138811
450,357,173,0.006774,0.006392,1283897.000000,193455.000000,0.150678
451,358,172,0.006742,0.006339,1291969.000000,192634.000000,0.149101
452,359,172,0.006707,0.006317,1296412.000000,196994.000000,0.151953
453,360,171,0.006542,0.006163,1265442.000000,178613.000000,0.141147
454,361,170,0.006646,0.006226,1294013.000000,182839.000000,0.141296
455,361,169,0.006478,0.006116,1263571.000000,186800.000000,0.147835
456,362,169,0.006522,0.006130,1260863.000000,181255.000000,0.143755
457,363,168,0.006517,0.006135,1257449.000000,182076.000000,0.144798
458,364,168,0.006626,0.006244,1278298.000000,184246.000000,0.144134
459,365,167,0.006753,0.006321,1296611.000000,183081.000000,0.141200
460,366,166,0.006724,0.006361,1289500.000000,189687.000000,0.147101
461,367,166,0.006684,0.006291,1294379.000000,184317.000000,0.142398
462,367,165,0.006925,0.006540,1332040.000000,196120.000000,0.147233
463,368,164,0.006827,0.006449,1321213.000000,193370.000000,0.146358
464,369,164,0.006871,0.006481,1334168.000000,193945.000000,0.145368
465,369,163,0.006916,0.006536,1345333.000000,201002.000000,0.149407
466,370,162,0.006857,0.006454,1328761.000000,197374.000000,0.148540
467,370,162,0.006918,0.006551,1312735.000000,186748.000000,0.142259
468,371,161,0.006846,0.006446,1322226.000000,195594.000000,0.147928
469,372,160,0.006981,0.006603,1325485.000000,193594.000000,0.146055
470,373,160,0.006857,0.006492,1312421.000000,184942.000000,0.140917
471,373,159,0.006911,0.006529,1318810.000000,187268.000000,0.141998
472,373,159,0.006914,0.006548,1325615.000000,192258.000000,0.145033
473,374,158,0.007017,0.006632,1352802.000000,196327.000000,0.145126
474,375,158,0.007082,0.006679,1348570.000000,193906.000000,0.143786
475,376,157,0.007105,0.006727,1369443.000000,203119.000000,0.148322
476,377,156,0.007073,0.006668,1360443.000000,200241.000000,0.147188
477,378,156,0.007100,0.006729,1368181.000000,201132.000000,0.147007
478,379,155,0.007171,0.006764,1386918.000000,205623.000000,0.148259
479,380,155,0.007253,0.006871,1415896.000000,210409.000000,0.148605
480,381,154,0.007342,0.006901,1404317.000000,206423.000000,0.146992
481,382,153,0.007722,0.007275,1437322.000000,218518.000000,0.152031
482,383,152,0.007298,0.006908,1404612.000000,205527.000000,0.146323
483,384,152,0.007338,0.006936,1398727.000000,201585.000000,0.144120
484,385,151,0.007510,0.007113,1414583.000000,209219.000000,0.147902
485,386,151,0.007492,0.007061,1418019.000000,200227.000000,0.141202
486,387,150,0.008085,0.007413,1481927.000000,232084.000000,0.156610
487,388,149,0.007936,0.007453,1459242.000000,223364.000000,0.153069
488,389,148,0.007935,0.007529,1489378.000000,230529.000000,0.154782
489,389,147,0.007607,0.007201,1452849.000000,216221.000000,0.148826
490,390,147,0.007812,0.007415,1465295.000000,217627.000000,0.148521
491,391,146,0.007695,0.007266,1457146.000000,212183.000000,0.145615
492,392,145,0.007889,0.007447,1464553.000000,210976.000000,0.144055
493,393,145,0.007734,0.007320,1453764.000000,212699.000000,0.146309
494,394,144,0.007804,0.007383,1459634.000000,212473.000000,0.145566
495,395,144,0.007660,0.007261,1439467.000000,208336.000000,0.144731
496,395,143,0.007887,0.007490,1468388.000000,210235.000000,0.143174
497,396,142,0.007881,0.007489,1492175.000000,216841.000000,0.145319
498,397,142,0.007935,0.007526,1515380.000000,227513.000000,0.150136
499,397,141,0.007997,0.007589,1484209.000000,217973.000000,0.146861
500,398,141,0.007936,0.007526,1496660.000000,222135.000000,0.148420
501,399,140,0.008041,0.007632,1507955.000000,219429.000000,0.145514
502,400,139,0.008034,0.007586,1507124.000000,219193.000000,0.145438
503,401,139,0.007977,0.007573,1500317.000000,218749.000000,0.145802
504,402,138,0.008100,0.007613,1503176.000000,217082.000000,0.144416
505,403,138,0.007967,0.007573,1490448.000000,214125.000000,0.143665
506,404,137,0.008041,0.007622,1494044.000000,214854.000000,0.143807
507,405,137,0.008064,0.007649,1505554.000000,227058.000000,0.150814
508,406,136,0.008002,0.007589,1485927.000000,213252.000000,0.143514
509,406,136,0.008129,0.007730,1512767.000000,227599.000000,0.150452
510,406,135,0.008128,0.007718,1506604.000000,221088.000000,0.146746
511,407,135,0.008111,0.007701,1503537.000000,218125.000000,0.145075
512,408,135,0.008183,0.007775,1523497.000000,227041.000000,0.149026
513,409,134,0.008236,0.007836,1533285.000000,235306.000000,0.153465
514,410,134,0.008273,0.007855,1528191.000000,229079.000000,0.149902
515,410,133,0.008309,0.007902,1529666.000000,224966.000000,0.147069
516,411,132,0.008278,0.007862,1523668.000000,222845.000000,0.146256
517,412,132,0.008272,0.007857,1523815.000000,227496.000000,0.149294
518,413,131,0.008326,0.007922,1541923.000000,234063.000000,0.151799
519,414,131,0.008274,0.007870,1526173.000000,228221.000000,0.149538
520,415,131,0.008327,0.007899,1525301.000000,222555.000000,0.145909
521,416,130,0.008350,0.007953,1518669.000000,221587.000000,0.145909
522,416,130,0.008374,0.007953,1533998.000000,226245.000000,0.147487
523,417,129,0.008453,0.008042,1555801.000000,234148.000000,0.150500
524,418,129,0.008537,0.008104,1564723.000000,224715.000000,0.143613
525,419,128,0.008576,0.008180,1581340.000000,240261.000000,0.151935
526,420,128,0.008547,0.008107,1570745.000000,231605.000000,0.147449
527,421,127,0.008607,0.008198,1585383.000000,230645.000000,0.145482
528,422,127,0.008660,0.008227,1588172.000000,229989.000000,0.144814
529,423,126,0.008944,0.008545,1590707.000000,230669.000000,0.145010
530,424,126,0.008856,0.008420,1651750.000000,235493.000000,0.142572
531,425,125,0.008753,0.008348,1600564.000000,235016.000000,0.146833
532,425,125,0.009043,0.008615,1682156.000000,251739.000000,0.149653
533,425,124,0.008815,0.008416,1621652.000000,231080.000000,0.142497
534,425,124,0.008851,0.008433,1627653.000000,230343.000000,0.141518
535,426,123,0.008992,0.008587,1647794.000000,241313.000000,0.146446
536,427,123,0.008984,0.008560,1652639.000000,242040.000000,0.146457
537,427,122,0.008928,0.008509,1637906.000000,232533.000000,0.141970
538,428,122,0.009007,0.008587,1675216.000000,238851.000000,0.142579
539,429,122,0.008811,0.008417,1609809.000000,221213.000000,0.137416
540,430,121,0.008955,0.008474,1629358.000000,229384.000000,0.140782
541,431,121,0.008954,0.008532,1650322.000000,234213.000000,0.141920
542,432,120,0.008870,0.008454,1616127.000000,222467.000000,0.137654
543,433,120,0.008968,0.008541,1647448.000000,231001.000000,0.140217
544,434,120,0.009081,0.008685,1674527.000000,234700.000000,0.140159
545,434,119,0.009075,0.008650,1673739.000000,233335.000000,0.139409
546,435,119,0.009172,0.008686,1669329.000000,230989.000000,0.138372
547,435,119,0.009148,0.008729,1684847.000000,235820.000000,0.139965
548,436,118,0.009336,0.008918,1714463.000000,255984.000000,0.149309
549,437,118,0.009337,0.008911,1708313.000000,243798.000000,0.142713
550,437,118,0.009363,0.008917,1720629.000000,242110.000000,0.140710
551,438,117,0.009442,0.009001,1729670.000000,239396.000000,0.138406
552,439,117,0.009443,0.009023,1733330.000000,243840.000000,0.140677
553,440,117,0.009364,0.008954,1716274.000000,239124.000000,0.139327
554,440,116,0.009477,0.009068,1719603.000000,238127.000000,0.138478
555,440,116,0.009437,0.008981,1712217.000000,236393.000000,0.138063
556,441,115,0.010251,0.009737,1831532.000000,280395.000000,0.153093
557,441,115,0.009630,0.009213,1740368.000000,244864.000000,0.140697
558,442,114,0.009613,0.009200,1768450.000000,247423.000000,0.139910
559,442,114,0.009658,0.009232,1760456.000000,243068.000000,0.138071
560,443,114,0.009558,0.009150,1755459.000000,239004.000000,0.136149
561,443,113,0.009876,0.009352,1778024.000000,244538.000000,0.137534
562,444,113,0.010400,0.009964,1886300.000000,273683.000000,0.145090
563,445,112,0.010085,0.009637,1843882.000000,266223.000000,0.144382
564,446,112,0.010427,0.009975,1921199.000000,292794.000000,0.152402
565,447,111,0.010351,0.009899,1903740.000000,284256.000000,0.149315
566,448,111,0.010228,0.009780,1875527.000000,277068.000000,0.147728
567,449,110,0.010273,0.009814,1869893.000000,274149.000000,0.146612
568,450,110,0.011149,0.010607,1938833.000000,292877.000000,0.151058
569,451,109,0.010269,0.009799,1894054.000000,279613.000000,0.147627
570,452,109,0.010566,0.010105,1942207.000000,292727.000000,0.150719
571,453,108,0.010693,0.010216,1902679.000000,278498.000000,0.146372
572,454,108,0.010178,0.009752,1853150.000000,258118.000000,0.139286
573,455,108,0.010179,0.009756,1858637.000000,257808.000000,0.138708
574,456,107,0.010169,0.009739,1860932.000000,255773.000000,0.137443
575,457,107,0.010426,0.009999,1908468.000000,271449.000000,0.142234
576,457,106,0.010522,0.010105,1917426.000000,263167.000000,0.137250
577,458,106,0.010461,0.010024,1934158.000000,268856.000000,0.139004
578,458,106,0.010635,0.010217,1949290.000000,269985.000000,0.138504
579,458,105,0.010538,0.010108,1937785.000000,270583.000000,0.139635
580,459,105,0.010643,0.010166,1948709.000000,270483.000000,0.138801
581,460,104,0.011261,0.010803,1996453.000000,296151.000000,0.148339
582,460,104,0.010823,0.010368,1995834.000000,287348.000000,0.143974
583,461,103,0.010979,0.010543,2014585.000000,292023.000000,0.144954
584,462,103,0.011014,0.010578,2040985.000000,302983.000000,0.148449
585,463,102,0.011263,0.010678,2046050.000000,289435.000000,0.141460
586,464,102,0.011228,0.010747,2009961.000000,292533.000000,0.145542
587,465,101,0.011220,0.010776,2068319.000000,310046.000000,0.149902
588,466,101,0.011495,0.011019,2115049.000000,315490.000000,0.149164
589,467,101,0.011180,0.010740,2063497.000000,309429.000000,0.149954
590,468,100,0.011259,0.010775,2035672.000000,298512.000000,0.146641
591,469,100,0.011802,0.011343,2132243.000000,317868.000000,0.149077
592,470,99,0.011068,0.010609,2020570.000000,283769.000000,0.140440
593,470,99,0.011348,0.010814,2061538.000000,303154.000000,0.147052
594,471,98,0.011358,0.010801,2082324.000000,311649.000000,0.149664
595,471,98,0.011254,0.010793,2051358.000000,303002.000000,0.147708
596,472,98,0.011940,0.011506,2090321.000000,303041.000000,0.144973
597,473,97,0.011205,0.010766,2023713.000000,287063.000000,0.141850
598,474,97,0.011170,0.010713,2031183.000000,278975.000000,0.137346
599,475,97,0.011237,0.010794,2049145.000000,294386.000000,0.143663
600,476,96,0.011520,0.011084,2080659.000000,297357.000000,0.142915
601,477,96,0.011447,0.010987,2090649.000000,301898.000000,0.144404
602,478,95,0.012147,0.011700,2114881.000000,311780.000000,0.147422
603,479,95,0.011313,0.010871,2046951.000000,292190.000000,0.142744
604,480,94,0.011731,0.011286,2111141.000000,313259.000000,0.148384
605,481,94,0.011407,0.010965,2055985.000000,290244.000000,0.141170
606,481,94,0.011771,0.011320,2134561.000000,308622.000000,0.144583
607,482,93,0.011730,0.011270,2119379.000000,300843.000000,0.141949
608,482,93,0.012082,0.011620,2210726.000000,330532.000000,0.149513
609,483,93,0.011940,0.011489,2172091.000000,322989.000000,0.148700
610,484,92,0.011668,0.011221,2115903.000000,299515.000000,0.141554
611,485,92,0.012099,0.011608,2192929.000000,322845.000000,0.147221
612,486,92,0.012006,0.011554,2177466.000000,312148.000000,0.143354
613,487,91,0.012050,0.011591,2185087.000000,314689.000000,0.144017
614,488,91,0.011957,0.011506,2165558.000000,313329.000000,0.144687
615,489,90,0.012178,0.011713,2197890.000000,315512.000000,0.143552
616,489,90,0.012103,0.011654,2188838.000000,319463.000000,0.145951
617,489,90,0.012032,0.011589,2175071.000000,309867.000000,0.142463
618,490,89,0.012108,0.011641,2176438.000000,307300.000000,0.141194
619,491,89,0.012208,0.011750,2201118.000000,319755.000000,0.145269
620,492,89,0.012154,0.011683,2176631.000000,301284.000000,0.138418
621,493,88,0.012384,0.011940,2207662.000000,317315.000000,0.143734
622,493,88,0.012190,0.011728,2182959.000000,307971.000000,0.141080
623,494,88,0.012333,0.011872,2214304.000000,324552.000000,0.146571
624,494,88,0.012233,0.011768,2180598.000000,305731.000000,0.140205
625,494,87,0.012262,0.011795,2184838.000000,310771.000000,0.142240
626,495,87,0.012333,0.011862,2203045.000000,308939.000000,0.140233
627,496,87,0.012415,0.011931,2225807.000000,319584.000000,0.143581
628,497,87,0.012494,0.012036,2241279.000000,323033.000000,0.144129
629,498,86,0.012705,0.012222,2261725.000000,326976.000000,0.144569
630,498,86,0.012450,0.011969,2228154.000000,317105.000000,0.142317
631,499,86,0.012408,0.011938,2215982.000000,316176.000000,0.142680
632,499,86,0.012780,0.012311,2244926.000000,317500.000000,0.141430
633,500,85,0.012560,0.012101,2213633.000000,309221.000000,0.139689
634,501,85,0.012592,0.012123,2238668.000000,318520.000000,0.142281
635,502,85,0.012647,0.012187,2250258.000000,319513.000000,0.141989
636,503,85,0.012542,0.012092,2229549.000000,303215.000000,0.135998
637,504,84,0.012766,0.012306,2252350.000000,313989.000000,0.139405
638,504,84,0.012553,0.012085,2237738.000000,310017.000000,0.138540
639,505,84,0.012526,0.012064,2227846.000000,306114.000000,0.137404
640,506,84,0.012612,0.012145,2239256.000000,309083.000000,0.138029
641,506,83,0.012547,0.012112,2221251.000000,303968.000000,0.136845
642,507,83,0.012627,0.012139,2237180.000000,310786.000000,0.138919
643,508,83,0.012615,0.012170,2230327.000000,306241.000000,0.137308
644,508,83,0.012710,0.012258,2229659.000000,307419.000000,0.137877
645,509,83,0.013010,0.012540,2278918.000000,330355.000000,0.144961
646,510,82,0.012998,0.012527,2291885.000000,330797.000000,0.144334
647,511,82,0.014507,0.013879,2554176.000000,358047.000000,0.140181
648,511,82,0.014291,0.013787,2432076.000000,375676.000000,0.154467
649,511,81,0.013619,0.013138,2395798.000000,355943.000000,0.148570
650,512,81,0.013977,0.013454,2490712.000000,382895.000000,0.153729
651,513,81,0.013049,0.012592,2302508.000000,315031.000000,0.136821
652,514,81,0.013064,0.012548,2314574.000000,322237.000000,0.139221
653,515,81,0.012993,0.012530,2309168.000000,313971.000000,0.135967
654,516,80,0.012948,0.012484,2281822.000000,311821.000000,0.136654
655,517,80,0.013173,0.012698,2324570.000000,330292.000000,0.142087
656,518,80,0.013021,0.012567,2321060.000000,332243.000000,0.143143
657,519,80,0.013013,0.012537,2305704.000000,316981.000000,0.137477
658,520,80,0.013116,0.012664,2331277.000000,327259.000000,0.140378
659,521,80,0.013078,0.012621,2325314.000000,321577.000000,0.138294
660,522,79,0.013329,0.012864,2359447.000000,327084.000000,0.138627
661,522,79,0.013481,0.012983,2379073.000000,332337.000000,0.139692
662,523,79,0.013322,0.012870,2365016.000000,323410.000000,0.136747
663,524,79,0.013397,0.012938,2393327.000000,329819.000000,0.137808
664,525,79,0.013384,0.012927,2380705.000000,325202.000000,0.136599
665,526,78,0.013594,0.013120,2400464.000000,333528.000000,0.138943
666,527,78,0.014195,0.013666,2532952.000000,367078.000000,0.144921
667,528,78,0.013811,0.013300,2468287.000000,351051.000000,0.142225
668,529,78,0.013932,0.013424,2482685.000000,346191.000000,0.139442
669,530,78,0.014013,0.013506,2491805.000000,355558.000000,0.142691
670,530,77,0.014055,0.013553,2464674.000000,349987.000000,0.142001
671,530,77,0.014354,0.013864,2509962.000000,356763.000000,0.142139
672,531,77,0.014248,0.013770,2520519.000000,361480.000000,0.143415
673,532,77,0.014188,0.013693,2529268.000000,366316.000000,0.144831
674,532,76,0.014202,0.013609,2533347.000000,363649.000000,0.143545
675,533,76,0.014199,0.013728,2535112.000000,361141.000000,0.142456
676,533,76,0.014320,0.013850,2557283.000000,358825.000000,0.140315
677,534,76,0.014488,0.014007,2595926.000000,369745.000000,0.142433
678,535,76,0.014441,0.013957,2555837.000000,350191.000000,0.137016
679,536,75,0.014538,0.014060,2569873.000000,355844.000000,0.138468
680,536,75,0.014598,0.014106,2629563.000000,382326.000000,0.145395
681,537,75,0.014608,0.014134,2593315.000000,366250.000000,0.141229
682,538,75,0.014788,0.014308,2631061.000000,375259.000000,0.142626
683,539,74,0.017556,0.017019,2919605.000000,432803.000000,0.148240
684,540,74,0.014639,0.014150,2575431.000000,367108.000000,0.142542
685,541,74,0.014515,0.014021,2549040.000000,347546.000000,0.136344
686,542,73,0.014463,0.014014,2529130.000000,338888.000000,0.133994
687,543,73,0.015431,0.014970,2619555.000000,366059.000000,0.139741
688,544,73,0.014764,0.014274,2594266.000000,359155.000000,0.138442
689,545,73,0.014643,0.014168,2564780.000000,344396.000000,0.134279
690,545,73,0.014678,0.014199,2584610.000000,350489.000000,0.135606
691,546,72,0.015548,0.015075,2660686.000000,383591.000000,0.144170
692,547,72,0.014877,0.014412,2612471.000000,354544.000000,0.135712
693,548,72,0.014832,0.014368,2607175.000000,354087.000000,0.135813
694,549,72,0.015042,0.014595,2631619.000000,364794.000000,0.138620
695,550,71,0.015592,0.015130,2737467.000000,387507.000000,0.141557
696,551,71,0.015183,0.014712,2686920.000000,374142.000000,0.139246
697,552,71,0.015002,0.014537,2665452.000000,371308.000000,0.139304
698,553,71,0.015207,0.014743,2690201.000000,369716.000000,0.137431
699,554,71,0.015093,0.014631,2668606.000000,364335.000000,0.136526
700,554,70,0.015773,0.015295,2712686.000000,376078.000000,0.138637
701,554,70,0.015179,0.014696,2667724.000000,364329.000000,0.136569
702,555,70,0.015183,0.014724,2667913.000000,358216.000000,0.134268
703,556,70,0.015304,0.014835,2677283.000000,361753.000000,0.135119
704,557,70,0.015275,0.014807,2673189.000000,358071.000000,0.133949
705,557,69,0.015387,0.014928,2698408.000000,364820.000000,0.135198
706,558,69,0.015471,0.014986,2719172.000000,372986.000000,0.137169
707,559,69,0.015808,0.015351,2757569.000000,381547.000000,0.138364
708,560,69,0.015558,0.015063,2726948.000000,372149.000000,0.136471
709,560,69,0.015634,0.015163,2718800.000000,378367.000000,0.139167
710,560,69,0.015636,0.015160,2719074.000000,374097.000000,0.137583
711,560,68,0.015510,0.015041,2717036.000000,374282.000000,0.137754
712,561,68,0.015625,0.015151,2735839.000000,382870.000000,0.139946
713,561,68,0.015673,0.015194,2733449.000000,379497.000000,0.138834
714,562,68,0.015808,0.015330,2765942.000000,396710.000000,0.143427
715,563,68,0.015786,0.015289,2765055.000000,384144.000000,0.138928
716,564,67,0.015913,0.015397,2776340.000000,390896.000000,0.140795
717,565,67,0.016389,0.015884,2823518.000000,393444.000000,0.139345
718,566,67,0.016358,0.015877,2865790.000000,419855.000000,0.146506
719,567,67,0.016541,0.016056,2875141.000000,417521.000000,0.145218
720,567,66,0.016489,0.016004,2892879.000000,421262.000000,0.145620
721,567,66,0.016138,0.015650,2836023.000000,404485.000000,0.142624
722,568,66,0.016160,0.015671,2833714.000000,408287.000000,0.144082
723,569,66,0.016920,0.016430,2896032.000000,422445.000000,0.145870
724,570,65,0.016200,0.015730,2842837.000000,402878.000000,0.141717
725,571,65,0.016259,0.015775,2849646.000000,405214.000000,0.142198
726,571,65,0.016229,0.015713,2834751.000000,398438.000000,0.140555
727,571,65,0.016977,0.016463,2946692.000000,445272.000000,0.151109
728,571,65,0.016430,0.015920,2900495.000000,422662.000000,0.145721
729,572,65,0.016466,0.015981,2893600.000000,429958.000000,0.148589
730,573,64,0.016492,0.016005,2877613.000000,407071.000000,0.141461
731,573,64,0.016468,0.015995,2879737.000000,417584.000000,0.145008
732,574,64,0.016502,0.016009,2899504.000000,420403.000000,0.144991
733,574,64,0.018043,0.017548,3064337.000000,467294.000000,0.152494
734,574,64,0.016610,0.016125,2904323.000000,430189.000000,0.148120
735,574,64,0.016440,0.015975,2877102.000000,410608.000000,0.142716
736,575,63,0.016542,0.016047,2900672.000000,419992.000000,0.144791
737,576,63,0.016687,0.016218,2922810.000000,423465.000000,0.144883
738,576,63,0.016791,0.016148,2955997.000000,441182.000000,0.149250
739,577,63,0.016658,0.016174,2908696.000000,418322.000000,0.143818
740,578,63,0.016717,0.016237,2912869.000000,423383.000000,0.145349
741,579,63,0.016905,0.016420,2936198.000000,434167.000000,0.147867
742,580,62,0.016821,0.016356,2936977.000000,426544.000000,0.145232
743,580,63,0.017007,0.016524,2971248.000000,434006.000000,0.146069
744,580,62,0.017099,0.016610,2966070.000000,430640.000000,0.145189
745,580,62,0.017237,0.016749,3005291.000000,444483.000000,0.147900
746,581,62,0.017142,0.016636,2983859.000000,433000.000000,0.145114
747,581,62,0.017246,0.016752,3015726.000000,450588.000000,0.149413
748,581,62,0.017181,0.016698,2991776.000000,431005.000000,0.144063
749,582,62,0.017366,0.016882,3037561.000000,450441.000000,0.148290
750,583,61,0.017425,0.016929,3041598.000000,452211.000000,0.148675
751,584,61,0.017329,0.016831,3032527.000000,445624.000000,0.146948
752,585,61,0.017406,0.016904,3015007.000000,432224.000000,0.143358
753,586,61,0.017488,0.016998,3031089.000000,436086.000000,0.143871
754,586,61,0.017390,0.016899,3024923.000000,443882.000000,0.146742
755,587,61,0.017533,0.017060,3021009.000000,430920.000000,0.142641
756,588,61,0.017683,0.017106,3062311.000000,445538.000000,0.145491
757,589,60,0.017565,0.017078,3043840.000000,439370.000000,0.144347
758,589,60,0.017614,0.017132,3060233.000000,441778.000000,0.144361
759,590,60,0.017902,0.017403,3106866.000000,454772.000000,0.146376
760,591,60,0.017717,0.017221,3073556.000000,440586.000000,0.143347
761,592,60,0.017855,0.017364,3100154.000000,456711.000000,0.147319
762,593,60,0.017890,0.017395,3119017.000000,470164.000000,0.150741
763,594,59,0.017918,0.017419,3095650.000000,453494.000000,0.146494
