frame,nb of entities,FPS,frame length,physics length,L1-dcache-loads,L1-dcache-load-misses,L1-dcache-load-miss-ratio
0,3,302,0.001688,0.000030,529198.000000,31434.000000,0.059399
1,4,302,0.003322,0.000034,602256.000000,33329.000000,0.055340
2,5,302,0.003324,0.000024,557600.000000,32109.000000,0.057584
3,6,302,0.003322,0.000030,545114.000000,32087.000000,0.058863
4,7,302,0.003323,0.000030,583396.000000,32042.000000,0.054923
5,8,302,0.003323,0.000026,521667.000000,28707.000000,0.055029
6,9,302,0.003387,0.000032,512965.000000,33369.000000,0.065051
7,10,302,0.003339,0.000034,501617.000000,33403.000000,0.066591
8,11,302,0.003316,0.000035,574625.000000,32948.000000,0.057338
9,12,302,0.003321,0.000130,772100.000000,43964.000000,0.056941
10,13,302,0.003328,0.000081,676472.000000,38494.000000,0.056904
11,14,302,0.003319,0.000089,731243.000000,41245.000000,0.056404
12,15,302,0.003324,0.000039,620099.000000,35363.000000,0.057028
13,16,302,0.003328,0.000041,648740.000000,34665.000000,0.053434
14,17,302,0.003320,0.000039,620458.000000,34833.000000,0.056141
15,18,302,0.003323,0.000042,584453.000000,32396.000000,0.055430
16,19,302,0.003328,0.000041,611042.000000,34708.000000,0.056801
17,20,302,0.003319,0.000047,622845.000000,34666.000000,0.055658
18,21,302,0.003327,0.000043,606178.000000,34777.000000,0.057371
19,22,302,0.003326,0.000050,608700.000000,34506.000000,0.056688
20,23,302,0.003320,0.000050,606318.000000,31377.000000,0.051750
21,24,302,0.003325,0.000085,785950.000000,42819.000000,0.054481
22,24,302,0.003328,0.000077,751537.000000,40846.000000,0.054350
23,25,302,0.003322,0.000081,744540.000000,41307.000000,0.055480
24,26,302,0.003325,0.000089,747356.000000,41628.000000,0.055700
25,27,302,0.003330,0.000050,591506.000000,31385.000000,0.053059
26,28,302,0.003317,0.000057,668343.000000,35502.000000,0.053119
27,29,302,0.003326,0.000047,653760.000000,35801.000000,0.054762
28,30,302,0.003333,0.000053,639162.000000,36037.000000,0.056382
29,31,302,0.003307,0.000063,674026.000000,36836.000000,0.054651
30,31,302,0.003326,0.000049,616653.000000,31332.000000,0.050810
31,32,302,0.003326,0.000056,665868.000000,35806.000000,0.053773
32,33,302,0.003318,0.000062,667901.000000,35110.000000,0.052568
33,34,302,0.003324,0.000057,674901.000000,35570.000000,0.052704
34,34,302,0.003329,0.000066,654441.000000,35744.000000,0.054618
35,35,302,0.003319,0.000063,629761.000000,31656.000000,0.050267
36,36,302,0.003324,0.000058,682393.000000,36469.000000,0.053443
37,36,302,0.003329,0.000053,672035.000000,35678.000000,0.053089
38,37,302,0.003318,0.000067,687218.000000,35657.000000,0.051886
39,38,302,0.003325,0.000126,815968.000000,42768.000000,0.052414
40,39,302,0.003329,0.000141,862108.000000,45359.000000,0.052614
41,40,302,0.003318,0.000150,914353.000000,48074.000000,0.052577
42,40,302,0.003329,0.000135,903432.000000,48330.000000,0.053496
43,41,303,0.003325,0.000124,809877.000000,43047.000000,0.053153
44,42,303,0.003316,0.000128,851591.000000,43074.000000,0.050581
45,43,302,0.003356,0.000281,844629.000000,47116.000000,0.055783
46,43,302,0.003347,0.000119,729189.000000,42674.000000,0.058523
47,44,302,0.003344,0.000122,732783.000000,42930.000000,0.058585
48,45,302,0.003341,0.000128,733967.000000,43202.000000,0.058861
49,46,302,0.003330,0.000111,818019.000000,43403.000000,0.053059
50,47,302,0.003328,0.000135,739733.000000,40253.000000,0.054416
51,48,302,0.003342,0.000115,752161.000000,43067.000000,0.057258
52,49,302,0.003342,0.000115,762850.000000,42849.000000,0.056170
53,50,302,0.003545,0.000134,883700.000000,50355.000000,0.056982
54,51,302,0.003342,0.000148,863883.000000,49326.000000,0.057098
55,52,302,0.003642,0.000149,854848.000000,47045.000000,0.055033
56,52,302,0.003323,0.000113,916612.000000,43860.000000,0.047850
57,53,302,0.003323,0.000130,897851.000000,43832.000000,0.048819
58,54,302,0.003326,0.000157,908191.000000,47280.000000,0.052060
59,55,302,0.003318,0.000177,1003489.000000,50363.000000,0.050188
60,55,299,0.003324,0.000155,954810.000000,45887.000000,0.048059
61,55,299,0.003325,0.000164,998246.000000,50551.000000,0.050640
62,56,299,0.003319,0.000177,996969.000000,50371.000000,0.050524
63,57,299,0.003326,0.000143,892985.000000,43339.000000,0.048533
64,58,299,0.003330,0.000162,919465.000000,45265.000000,0.049230
65,59,299,0.003312,0.000247,914765.000000,54070.000000,0.059108
66,59,299,0.003322,0.000203,945746.000000,55322.000000,0.058496
67,59,299,0.003327,0.000210,962272.000000,54566.000000,0.056705
68,59,299,0.003316,0.000211,952635.000000,56542.000000,0.059353
69,60,299,0.003321,0.000216,988611.000000,59553.000000,0.060239
70,61,299,0.003324,0.000216,939396.000000,55517.000000,0.059099
71,62,299,0.003316,0.000199,979849.000000,55750.000000,0.056897
72,63,299,0.003323,0.000137,960939.000000,44090.000000,0.045882
73,63,299,0.003327,0.000157,959351.000000,45920.000000,0.047866
74,64,299,0.003320,0.000143,963916.000000,44308.000000,0.045967
75,64,299,0.003323,0.000171,1019655.000000,46480.000000,0.045584
76,65,299,0.003327,0.000184,1067989.000000,51768.000000,0.048472
77,66,299,0.003320,0.000179,1088312.000000,51222.000000,0.047066
78,67,299,0.003322,0.000175,1057980.000000,50276.000000,0.047521
79,68,299,0.003328,0.000217,1098206.000000,53310.000000,0.048543
80,69,299,0.003323,0.000150,961018.000000,41217.000000,0.042889
81,70,299,0.003322,0.000153,991644.000000,45243.000000,0.045624
82,71,299,0.003325,0.000176,993438.000000,45425.000000,0.045725
83,71,299,0.003318,0.000164,981648.000000,44146.000000,0.044971
84,72,299,0.003323,0.000167,994622.000000,44856.000000,0.045099
85,73,299,0.003327,0.000216,1090898.000000,48972.000000,0.044891
86,74,299,0.003321,0.000202,1096767.000000,51098.000000,0.046590
87,75,299,0.003323,0.000247,1215750.000000,58220.000000,0.047888
88,76,299,0.003327,0.000213,1115092.000000,51942.000000,0.046581
89,77,299,0.003321,0.000208,1121994.000000,51034.000000,0.045485
90,78,299,0.003327,0.000210,1106932.000000,48603.000000,0.043908
91,78,299,0.003324,0.000255,1242011.000000,57846.000000,0.046574
92,79,299,0.003319,0.000247,1245067.000000,57691.000000,0.046336
93,80,299,0.003323,0.000253,1264722.000000,58064.000000,0.045910
94,81,299,0.003327,0.000262,1286389.000000,58804.000000,0.045712
95,82,299,0.003323,0.000348,1448155.000000,69819.000000,0.048212
96,83,299,0.003319,0.000279,1459711.000000,65752.000000,0.045045
97,84,299,0.003328,0.000277,1521268.000000,71885.000000,0.047253
98,85,299,0.003318,0.000326,1525378.000000,71568.000000,0.046918
99,85,299,0.003324,0.000251,1440491.000000,65329.000000,0.045352
100,86,299,0.003325,0.000292,1451993.000000,63841.000000,0.043968
101,87,299,0.003320,0.000291,1489380.000000,66229.000000,0.044467
102,87,299,0.003323,0.000281,1478925.000000,65891.000000,0.044553
103,88,299,0.003327,0.000295,1481293.000000,66631.000000,0.044982
104,89,299,0.003321,0.000286,1495222.000000,66065.000000,0.044184
105,89,299,0.003323,0.000287,1460854.000000,62655.000000,0.042889
106,90,299,0.003328,0.000326,1609477.000000,73869.000000,0.045896
107,91,299,0.003319,0.000361,1736626.000000,80142.000000,0.046148
108,92,300,0.003324,0.000348,1733992.000000,80007.000000,0.046140
109,93,300,0.003329,0.000397,1730078.000000,79454.000000,0.045925
110,94,300,0.003319,0.000357,1707257.000000,75623.000000,0.044295
111,95,300,0.003324,0.000397,1865052.000000,86264.000000,0.046253
112,96,300,0.003369,0.000536,1827070.000000,87702.000000,0.048001
113,97,300,0.003354,0.000445,1948993.000000,93323.000000,0.047883
114,98,300,0.003345,0.000413,1842378.000000,86125.000000,0.046747
115,99,300,0.003351,0.000380,1721560.000000,77085.000000,0.044776
116,100,300,0.003342,0.000381,1766694.000000,81382.000000,0.046065
117,101,300,0.003350,0.000430,1893536.000000,88472.000000,0.046723
118,101,300,0.003354,0.000420,1899119.000000,86930.000000,0.045774
119,102,300,0.003345,0.000427,1932095.000000,88659.000000,0.045887
120,103,300,0.003357,0.000459,1944230.000000,86199.000000,0.044336
121,104,300,0.003354,0.000440,1981718.000000,88338.000000,0.044576
122,104,300,0.003355,0.000448,1978572.000000,89032.000000,0.044998
123,104,300,0.003355,0.000443,1982707.000000,89094.000000,0.044936
124,105,300,0.003330,0.000447,2080272.000000,89747.000000,0.043142
125,105,300,0.003320,0.000465,2103526.000000,86202.000000,0.040980
126,106,300,0.003321,0.000470,2144660.000000,90145.000000,0.042032
127,107,300,0.003328,0.000460,2141845.000000,90169.000000,0.042099
128,108,300,0.003320,0.000471,2171730.000000,91016.000000,0.041909
129,109,300,0.003320,0.000476,2162696.000000,89901.000000,0.041569
130,109,300,0.003328,0.000467,2119047.000000,85956.000000,0.040564
131,110,300,0.003320,0.000469,2156907.000000,90089.000000,0.041768
132,110,300,0.003323,0.000514,2183593.000000,91726.000000,0.042007
133,111,300,0.003326,0.000481,2213861.000000,90666.000000,0.040954
134,112,300,0.003321,0.000483,2213242.000000,91464.000000,0.041326
135,113,300,0.003323,0.000533,2301378.000000,94648.000000,0.041127
136,114,300,0.003327,0.000510,2338691.000000,97453.000000,0.041670
137,115,300,0.003378,0.000726,2416719.000000,106180.000000,0.043936
138,116,300,0.003368,0.000545,2413980.000000,104554.000000,0.043312
139,117,300,0.003323,0.000619,2465458.000000,104427.000000,0.042356
140,117,300,0.003322,0.000555,2455222.000000,101776.000000,0.041453
141,118,300,0.003326,0.000596,2622390.000000,110810.000000,0.042255
142,118,300,0.003376,0.000583,2535905.000000,110151.000000,0.043437
143,119,300,0.003364,0.000551,2460645.000000,105107.000000,0.042715
144,120,300,0.003362,0.000533,2356567.000000,98478.000000,0.041789
145,121,299,0.003372,0.000513,2221721.000000,88796.000000,0.039967
146,122,299,0.003365,0.000513,2281990.000000,92563.000000,0.040562
147,123,299,0.003353,0.000547,2365780.000000,98468.000000,0.041622
148,124,299,0.003379,0.000549,2410497.000000,100012.000000,0.041490
149,125,299,0.003327,0.001123,2741976.000000,130031.000000,0.047422
150,126,299,0.003318,0.000919,2626982.000000,129630.000000,0.049346
151,127,299,0.003325,0.000693,2633168.000000,111819.000000,0.042466
152,128,299,0.003326,0.000536,2602031.000000,99910.000000,0.038397
153,128,299,0.003314,0.001066,2714213.000000,132574.000000,0.048844
154,129,299,0.003324,0.000673,2683228.000000,103131.000000,0.038435
155,129,299,0.003319,0.000814,2784884.000000,124390.000000,0.044666
156,130,299,0.003318,0.000771,2912042.000000,117535.000000,0.040362
157,130,299,0.003328,0.000645,2916997.000000,112610.000000,0.038605
158,131,299,0.003320,0.000703,2847221.000000,103311.000000,0.036285
159,132,299,0.003320,0.000715,2850096.000000,102841.000000,0.036083
160,133,299,0.003324,0.000773,2964592.000000,106793.000000,0.036023
161,134,299,0.003322,0.000793,3128511.000000,117616.000000,0.037595
162,134,299,0.003321,0.000839,3217138.000000,121960.000000,0.037909
163,135,299,0.003325,0.000849,3238200.000000,123083.000000,0.038010
164,135,299,0.003323,0.000870,3363080.000000,130916.000000,0.038927
165,136,299,0.003321,0.000840,3234006.000000,118419.000000,0.036617
166,136,299,0.003323,0.000890,3402972.000000,131446.000000,0.038627
167,137,299,0.003323,0.001023,3684173.000000,143767.000000,0.039023
168,138,299,0.003324,0.000934,3547417.000000,135695.000000,0.038252
169,139,299,0.003321,0.001094,3645499.000000,147070.000000,0.040343
170,140,299,0.003324,0.000947,3617794.000000,139128.000000,0.038457
171,141,299,0.003321,0.000956,3694008.000000,142759.000000,0.038646
172,142,299,0.003323,0.001013,3840996.000000,152997.000000,0.039833
173,143,299,0.003325,0.000833,3740335.000000,145129.000000,0.038801
174,144,299,0.003320,0.001000,3876029.000000,149719.000000,0.038627
175,145,299,0.003323,0.001125,4143327.000000,168889.000000,0.040762
176,146,300,0.003323,0.000974,4250753.000000,169307.000000,0.039830
177,147,300,0.003325,0.001080,4137843.000000,162532.000000,0.039279
178,148,300,0.003323,0.001069,4077496.000000,162089.000000,0.039752
179,149,300,0.003322,0.000933,4124448.000000,157818.000000,0.038264
180,150,300,0.003325,0.001136,4131134.000000,158517.000000,0.038371
181,151,300,0.003323,0.001152,4407166.000000,178579.000000,0.040520
182,151,300,0.003322,0.001018,4406848.000000,171990.000000,0.039028
183,152,300,0.003325,0.001173,4420609.000000,173107.000000,0.039159
184,153,300,0.003324,0.001140,4340935.000000,173327.000000,0.039928
185,154,300,0.003321,0.001037,4448840.000000,168834.000000,0.037950
186,154,300,0.003325,0.001164,4446412.000000,172323.000000,0.038756
187,155,300,0.003323,0.001182,4520712.000000,181156.000000,0.040072
188,156,300,0.003322,0.001199,5074546.000000,202084.000000,0.039823
189,157,300,0.003329,0.001304,4981098.000000,194128.000000,0.038973
190,158,300,0.003318,0.001443,4993538.000000,208957.000000,0.041845
191,158,300,0.003323,0.001753,5350588.000000,229605.000000,0.042912
192,159,300,0.003326,0.001130,5055425.000000,191162.000000,0.037813
193,160,300,0.003332,0.001864,5333745.000000,231814.000000,0.043462
194,161,300,0.003336,0.001891,5363755.000000,234113.000000,0.043647
195,161,300,0.003332,0.001894,5292605.000000,226752.000000,0.042843
196,162,300,0.003319,0.001616,5246298.000000,209329.000000,0.039900
197,163,300,0.003319,0.001373,5301356.000000,204916.000000,0.038654
198,164,300,0.003325,0.001189,5284355.000000,204962.000000,0.038787
199,165,300,0.003320,0.001368,5288616.000000,204450.000000,0.038659
200,166,300,0.003318,0.001225,5182844.000000,193876.000000,0.037407
201,167,300,0.003326,0.001442,5476026.000000,212562.000000,0.038817
202,168,300,0.003320,0.001370,5321042.000000,202696.000000,0.038093
203,169,300,0.003315,0.001215,5363941.000000,202495.000000,0.037751
204,170,300,0.003325,0.001392,5369400.000000,200102.000000,0.037267
205,170,300,0.003324,0.001452,5576978.000000,211283.000000,0.037885
206,171,300,0.003315,0.001395,5717308.000000,221076.000000,0.038668
207,172,300,0.003327,0.001483,5731985.000000,219457.000000,0.038286
208,173,300,0.003323,0.001486,5768734.000000,222534.000000,0.038576
209,174,300,0.003317,0.001363,5946497.000000,230094.000000,0.038694
210,174,300,0.003327,0.001677,6032310.000000,235760.000000,0.039083
211,175,300,0.003322,0.001651,6281610.000000,252502.000000,0.040197
212,175,300,0.003319,0.001410,6104150.000000,239666.000000,0.039263
213,176,300,0.003327,0.001585,6088993.000000,239109.000000,0.039269
214,177,300,0.003322,0.001573,6031773.000000,236699.000000,0.039242
215,178,300,0.003319,0.001460,6240816.000000,244688.000000,0.039208
216,179,300,0.003327,0.001629,6234010.000000,246904.000000,0.039606
217,180,300,0.003322,0.001697,6407769.000000,256849.000000,0.040084
218,181,300,0.003321,0.001461,6316564.000000,249112.000000,0.039438
219,182,300,0.003357,0.002528,6932091.000000,297582.000000,0.042928
220,182,300,0.003326,0.001549,6581534.000000,256338.000000,0.038948
221,183,300,0.003323,0.001663,7025272.000000,281065.000000,0.040008
222,184,300,0.003329,0.001746,6686266.000000,258306.000000,0.038632
223,184,300,0.003396,0.002032,7019818.000000,274396.000000,0.039089
224,185,300,0.003422,0.001818,6890699.000000,267899.000000,0.038878
225,185,300,0.003422,0.001821,7044229.000000,269376.000000,0.038241
226,186,300,0.003337,0.002031,7320199.000000,284293.000000,0.038837
227,187,300,0.003328,0.001822,7087427.000000,268227.000000,0.037845
228,188,300,0.003417,0.001952,7320986.000000,282630.000000,0.038605
229,189,300,0.003341,0.002169,7549444.000000,289159.000000,0.038302
230,190,300,0.003434,0.002047,7553133.000000,290665.000000,0.038483
231,190,299,0.003531,0.001708,7480214.000000,283808.000000,0.037941
232,191,299,0.003316,0.001758,7581080.000000,285337.000000,0.037638
233,192,299,0.003324,0.001755,7702820.000000,291896.000000,0.037895
234,193,299,0.003334,0.001981,7864127.000000,294101.000000,0.037398
235,194,299,0.003405,0.003031,8204415.000000,333297.000000,0.040624
236,194,299,0.003390,0.002909,8417581.000000,342349.000000,0.040671
237,195,299,0.003446,0.002927,8429707.000000,329114.000000,0.039042
238,195,299,0.003476,0.003068,8595079.000000,337901.000000,0.039313
239,196,299,0.003365,0.002991,8522913.000000,334494.000000,0.039246
240,197,298,0.003380,0.002866,8592967.000000,340530.000000,0.039629
241,198,298,0.003358,0.002390,8342382.000000,319406.000000,0.038287
242,199,298,0.003331,0.001954,8452230.000000,322397.000000,0.038143
243,200,298,0.003356,0.002149,8443812.000000,322974.000000,0.038250
244,200,298,0.003322,0.001952,8412727.000000,316498.000000,0.037621
245,201,298,0.003340,0.001963,8464165.000000,323890.000000,0.038266
246,201,298,0.003366,0.002659,8927216.000000,348844.000000,0.039076
247,202,298,0.003330,0.001994,8622797.000000,329236.000000,0.038182
248,202,298,0.003333,0.001989,8594006.000000,329204.000000,0.038306
249,203,298,0.003349,0.002175,8561056.000000,324166.000000,0.037865
250,204,298,0.003335,0.002088,8642892.000000,330831.000000,0.038278
251,205,298,0.003356,0.002403,8696530.000000,332658.000000,0.038252
252,205,298,0.003349,0.001995,8679131.000000,331809.000000,0.038231
253,206,298,0.003333,0.002024,8680106.000000,330734.000000,0.038103
254,207,298,0.003336,0.002050,8699309.000000,325562.000000,0.037424
255,208,298,0.003346,0.002261,8907809.000000,338834.000000,0.038038
256,209,298,0.003336,0.002056,8899244.000000,339318.000000,0.038129
257,210,298,0.003347,0.002283,8961427.000000,341819.000000,0.038143
258,211,298,0.003338,0.002095,9040850.000000,343827.000000,0.038030
259,211,298,0.003337,0.002087,9007812.000000,340823.000000,0.037836
260,212,298,0.003442,0.002322,9063895.000000,340578.000000,0.037575
261,213,298,0.003450,0.002350,9226094.000000,347852.000000,0.037703
262,214,297,0.003447,0.002430,9403121.000000,355483.000000,0.037805
263,215,297,0.003435,0.002058,9020532.000000,330641.000000,0.036654
264,216,297,0.003442,0.002343,9214350.000000,335724.000000,0.036435
265,217,297,0.003442,0.002370,9241547.000000,337914.000000,0.036565
266,218,297,0.003439,0.002114,9249621.000000,336906.000000,0.036424
267,218,297,0.003457,0.002477,9467146.000000,346704.000000,0.036622
268,219,296,0.003453,0.002430,9442561.000000,346431.000000,0.036688
269,220,296,0.003400,0.002266,9729509.000000,359349.000000,0.036934
270,221,296,0.003459,0.002507,9821780.000000,368073.000000,0.037475
271,222,296,0.003367,0.002623,9789104.000000,362272.000000,0.037008
272,223,296,0.003350,0.002326,10039973.000000,373465.000000,0.037198
273,223,296,0.003347,0.002246,9665337.000000,348847.000000,0.036093
274,224,296,0.003351,0.002367,10015380.000000,366301.000000,0.036574
275,224,296,0.003349,0.002293,9977775.000000,363101.000000,0.036391
276,225,296,0.003355,0.002387,10205902.000000,372798.000000,0.036528
277,226,296,0.003358,0.002454,10496062.000000,384882.000000,0.036669
278,227,296,0.003359,0.002489,10731616.000000,396544.000000,0.036951
279,228,296,0.003363,0.002574,10845584.000000,401960.000000,0.037062
280,229,296,0.003364,0.002573,10874096.000000,404395.000000,0.037189
281,230,296,0.003365,0.002612,11159216.000000,417621.000000,0.037424
282,230,295,0.003366,0.002611,11093771.000000,409736.000000,0.036934
283,230,296,0.003367,0.002626,11193212.000000,411330.000000,0.036748
284,231,296,0.003365,0.002610,11164466.000000,408816.000000,0.036618
285,232,296,0.003367,0.002627,11174266.000000,408574.000000,0.036564
286,232,296,0.003364,0.002580,11011541.000000,399713.000000,0.036299
287,233,296,0.003370,0.002700,11484027.000000,424811.000000,0.036991
288,234,296,0.003365,0.002590,10988681.000000,398282.000000,0.036245
289,234,296,0.003369,0.002552,11130874.000000,402426.000000,0.036154
290,234,296,0.003364,0.002604,11119939.000000,401021.000000,0.036063
291,235,296,0.003367,0.002618,11154472.000000,402726.000000,0.036104
292,236,296,0.003368,0.002659,11300304.000000,407276.000000,0.036041
293,237,296,0.003369,0.002692,11479455.000000,411752.000000,0.035869
294,238,296,0.003370,0.002667,11398058.000000,407755.000000,0.035774
295,239,296,0.003379,0.002875,12133032.000000,443935.000000,0.036589
296,240,296,0.003379,0.002788,11825230.000000,429911.000000,0.036355
297,241,296,0.003375,0.002781,11914749.000000,430329.000000,0.036117
298,241,296,0.003381,0.002849,12156177.000000,434986.000000,0.035783
299,242,296,0.003381,0.002854,12226366.000000,438296.000000,0.035848
300,243,296,0.003375,0.002878,12253372.000000,439328.000000,0.035854
301,244,296,0.003379,0.002880,12309860.000000,440786.000000,0.035808
302,245,296,0.003386,0.002973,12611372.000000,459230.000000,0.036414
303,246,296,0.003381,0.002908,12357448.000000,441552.000000,0.035732
304,246,296,0.003384,0.002982,12705991.000000,461079.000000,0.036288
305,246,296,0.003323,0.003002,12633760.000000,452412.000000,0.035810
306,247,296,0.003341,0.003015,12672522.000000,453805.000000,0.035810
307,248,296,0.003339,0.003024,12851636.000000,458890.000000,0.035707
308,249,296,0.003363,0.003057,12839569.000000,457718.000000,0.035649
309,250,296,0.003501,0.003176,13281511.000000,479936.000000,0.036136
310,250,295,0.003561,0.003245,13582601.000000,495104.000000,0.036451
311,250,295,0.003514,0.003188,13382382.000000,481651.000000,0.035991
312,251,295,0.003478,0.003141,13211170.000000,473623.000000,0.035850
313,251,295,0.003556,0.003250,13660837.000000,491875.000000,0.036006
314,252,294,0.003536,0.003214,13495078.000000,480219.000000,0.035585
315,253,294,0.003702,0.003365,14097994.000000,511057.000000,0.036250
316,253,293,0.003643,0.003322,14071268.000000,505428.000000,0.035919
317,254,292,0.003886,0.003549,14719657.000000,541203.000000,0.036767
318,254,292,0.003816,0.003498,14472129.000000,520583.000000,0.035971
319,255,291,0.003803,0.003484,14655732.000000,531044.000000,0.036235
320,256,290,0.003952,0.003624,14881146.000000,540535.000000,0.036323
321,257,290,0.003868,0.003548,14818271.000000,538773.000000,0.036359
322,258,289,0.003910,0.003598,14859925.000000,536527.000000,0.036106
323,259,288,0.003975,0.003646,15077508.000000,547388.000000,0.036305
324,260,288,0.003957,0.003634,15148137.000000,548896.000000,0.036235
325,260,287,0.004003,0.003677,15212070.000000,547609.000000,0.035998
326,261,286,0.003918,0.003608,15094373.000000,536860.000000,0.035567
327,262,286,0.004003,0.003678,15217738.000000,542791.000000,0.035668
328,262,285,0.004057,0.003723,15243554.000000,545484.000000,0.035785
329,262,284,0.003931,0.003607,15167970.000000,541484.000000,0.035699
330,263,283,0.004044,0.003729,15407300.000000,543913.000000,0.035302
331,264,282,0.004046,0.003719,15590546.000000,553579.000000,0.035507
332,265,281,0.004069,0.003739,15592681.000000,552844.000000,0.035455
333,266,280,0.004072,0.003742,15680029.000000,554971.000000,0.035393
334,266,279,0.004058,0.003741,15704368.000000,550144.000000,0.035031
335,267,278,0.004120,0.003780,15734619.000000,550502.000000,0.034987
336,268,278,0.004063,0.003707,15739417.000000,549574.000000,0.034917
337,269,276,0.004176,0.003826,15950533.000000,555773.000000,0.034844
338,269,276,0.004138,0.003807,15968825.000000,557441.000000,0.034908
339,270,275,0.004138,0.003808,15936462.000000,553063.000000,0.034704
340,271,273,0.004209,0.003860,16165561.000000,563066.000000,0.034831
341,272,272,0.004197,0.003867,16287049.000000,566804.000000,0.034801
342,273,271,0.004250,0.003883,16303907.000000,565071.000000,0.034659
343,273,270,0.004209,0.003893,16390568.000000,568976.000000,0.034714
344,273,269,0.004287,0.003943,16437159.000000,571968.000000,0.034797
345,274,268,0.004254,0.003919,16480567.000000,574372.000000,0.034851
346,275,267,0.004262,0.003876,16323047.000000,562415.000000,0.034455
347,275,266,0.004248,0.003920,16463718.000000,565637.000000,0.034357
348,276,265,0.004236,0.003897,16539200.000000,568450.000000,0.034370
349,277,264,0.004320,0.003978,16651983.000000,569050.000000,0.034173
350,277,263,0.004219,0.003905,16589028.000000,564465.000000,0.034026
351,278,262,0.004334,0.004002,16813081.000000,577216.000000,0.034331
352,279,261,0.004353,0.004009,16693758.000000,571019.000000,0.034206
353,280,260,0.004308,0.003927,16707322.000000,570025.000000,0.034118
354,280,259,0.004260,0.003942,16663536.000000,565842.000000,0.033957
355,281,258,0.004261,0.003933,16719361.000000,571154.000000,0.034161
356,281,256,0.004376,0.003977,16795254.000000,569715.000000,0.033921
357,282,255,0.004505,0.004133,17000093.000000,576348.000000,0.033903
358,282,254,0.004391,0.004043,17122337.000000,582042.000000,0.033993
359,283,253,0.004357,0.004010,17188379.000000,585194.000000,0.034046
360,283,252,0.004381,0.004039,17192972.000000,583196.000000,0.033921
361,284,251,0.004399,0.004056,17246218.000000,585482.000000,0.033948
362,285,250,0.004399,0.004061,17231125.000000,583976.000000,0.033891
363,286,249,0.004375,0.004020,17254208.000000,587252.000000,0.034035
364,287,247,0.004859,0.004232,17277836.000000,588420.000000,0.034056
365,288,245,0.005217,0.004570,17584275.000000,597270.000000,0.033966
366,289,244,0.004683,0.004076,17457335.000000,592070.000000,0.033915
367,289,242,0.005208,0.004581,17690187.000000,597699.000000,0.033787
368,290,241,0.004728,0.004110,17550291.000000,586494.000000,0.033418
369,291,239,0.005231,0.004615,17737084.000000,595964.000000,0.033600
370,292,238,0.004737,0.004116,17711780.000000,597407.000000,0.033729
371,293,236,0.005317,0.004686,18017129.000000,609289.000000,0.033817
372,294,235,0.004787,0.004171,17785801.000000,587678.000000,0.033042
373,295,234,0.005347,0.004692,18099313.000000,603198.000000,0.033327
374,296,232,0.004896,0.004266,18326246.000000,614187.000000,0.033514
375,297,231,0.005382,0.004761,18378390.000000,615053.000000,0.033466
376,297,230,0.004879,0.004243,18298659.000000,611274.000000,0.033405
377,298,228,0.005371,0.004736,18389286.000000,613587.000000,0.033367
378,299,227,0.004977,0.004344,18561890.000000,622522.000000,0.033538
379,300,226,0.005427,0.004802,18649111.000000,618956.000000,0.033190
380,301,225,0.004898,0.004274,18474412.000000,613594.000000,0.033213
381,301,224,0.005193,0.004814,19201664.000000,648090.000000,0.033752
382,301,223,0.004893,0.004515,19087602.000000,646050.000000,0.033847
383,302,222,0.004894,0.004513,19147939.000000,648072.000000,0.033846
384,303,221,0.005572,0.004713,19157154.000000,648884.000000,0.033872
385,304,220,0.005322,0.004716,19141711.000000,643983.000000,0.033643
386,305,219,0.005372,0.004715,19174921.000000,640882.000000,0.033423
387,306,218,0.005353,0.004714,19281098.000000,640750.000000,0.033232
388,307,217,0.005329,0.004703,19026527.000000,632639.000000,0.033250
389,308,216,0.005336,0.004700,19235923.000000,642362.000000,0.033394
390,309,215,0.005558,0.004684,19270137.000000,644343.000000,0.033437
391,309,214,0.005112,0.004490,19275601.000000,645683.000000,0.033497
392,309,213,0.005359,0.005000,19575349.000000,656967.000000,0.033561
393,310,212,0.004868,0.004517,19381070.000000,649726.000000,0.033524
394,311,212,0.004877,0.004529,19347716.000000,647589.000000,0.033471
395,312,211,0.004925,0.004579,19609669.000000,653048.000000,0.033302
396,313,210,0.004970,0.004594,19746570.000000,666945.000000,0.033775
397,314,210,0.004938,0.004566,19700727.000000,664872.000000,0.033749
398,315,209,0.005030,0.004682,19880829.000000,672209.000000,0.033812
399,316,208,0.004962,0.004610,19890621.000000,663470.000000,0.033356
400,317,208,0.005041,0.004675,20164160.000000,675126.000000,0.033481
401,317,207,0.005081,0.004749,20493621.000000,680915.000000,0.033226
402,318,207,0.005177,0.004825,20752338.000000,692417.000000,0.033366
403,319,206,0.005220,0.004880,21003452.000000,704340.000000,0.033534
404,320,205,0.005266,0.004890,21134463.000000,704077.000000,0.033314
405,321,204,0.005373,0.005026,21622315.000000,725737.000000,0.033564
406,322,204,0.005382,0.005019,21552387.000000,723190.000000,0.033555
407,322,203,0.005522,0.005126,21715032.000000,724741.000000,0.033375
408,322,202,0.005378,0.005034,21630117.000000,720263.000000,0.033299
409,322,201,0.005439,0.005072,21711606.000000,726414.000000,0.033457
410,322,200,0.005405,0.005051,21692975.000000,725655.000000,0.033451
411,323,200,0.005450,0.005106,21691803.000000,724279.000000,0.033390
412,324,199,0.005505,0.005129,21827077.000000,730547.000000,0.033470
413,325,198,0.005632,0.005251,22091048.000000,738799.000000,0.033443
414,325,197,0.005470,0.005120,21946856.000000,729788.000000,0.033253
415,326,196,0.005586,0.005206,22077882.000000,736914.000000,0.033378
416,326,196,0.005562,0.005194,22092670.000000,735776.000000,0.033304
417,327,195,0.005527,0.005180,22090493.000000,732398.000000,0.033154
418,328,194,0.005512,0.005150,22067239.000000,732960.000000,0.033215
419,329,193,0.005518,0.005156,22167731.000000,736529.000000,0.033225
420,330,193,0.005577,0.005223,22204314.000000,735282.000000,0.033114
421,331,192,0.005572,0.005200,22361281.000000,742106.000000,0.033187
422,332,191,0.005569,0.005195,22425955.000000,744571.000000,0.033201
423,333,190,0.005745,0.005396,22645902.000000,748478.000000,0.033051
424,333,190,0.005623,0.005257,22488906.000000,739223.000000,0.032871
425,334,190,0.005655,0.005288,22513774.000000,740359.000000,0.032885
426,334,189,0.005549,0.005200,22433726.000000,735769.000000,0.032797
427,335,189,0.005790,0.005415,23000711.000000,766888.000000,0.033342
428,336,188,0.005623,0.005257,22627510.000000,751356.000000,0.033205
429,337,188,0.005728,0.005325,22711041.000000,755419.000000,0.033262
430,337,187,0.005710,0.005307,22848008.000000,754429.000000,0.033019
431,337,187,0.005957,0.005572,23030092.000000,766850.000000,0.033298
432,338,186,0.005792,0.005415,23085940.000000,765752.000000,0.033170
433,339,186,0.005816,0.005438,23228269.000000,767949.000000,0.033061
434,340,186,0.005973,0.005591,23561079.000000,782669.000000,0.033219
435,341,185,0.005745,0.005386,23199450.000000,767267.000000,0.033073
436,341,185,0.005820,0.005437,23224881.000000,768900.000000,0.033107
437,342,185,0.005786,0.005411,23240044.000000,765966.000000,0.032959
438,343,184,0.005951,0.005562,23694451.000000,788430.000000,0.033275
439,344,184,0.005901,0.005513,23373009.000000,772584.000000,0.033055
440,345,183,0.005928,0.005569,23866195.000000,789643.000000,0.033086
441,345,183,0.006006,0.005622,23904539.000000,795632.000000,0.033284
442,346,182,0.006120,0.005737,24251109.000000,806950.000000,0.033275
443,346,181,0.006053,0.005681,24160197.000000,802632.000000,0.033221
444,347,181,0.006103,0.005723,24328097.000000,808004.000000,0.033213
445,348,181,0.006081,0.005710,24467959.000000,816053.000000,0.033352
446,349,180,0.006461,0.006071,24660484.000000,822979.000000,0.033372
447,350,180,0.006336,0.005944,24982663.000000,832018.000000,0.033304
448,351,179,0.006437,0.006038,25177445.000000,839105.000000,0.033328
449,352,178,0.006698,0.006281,25524092.000000,859326.000000,0.033667
450,353,178,0.006421,0.005957,25351815.000000,844276.000000,0.033302
451,354,177,0.006620,0.006208,25863477.000000,855749.000000,0.033087
452,354,176,0.006486,0.006071,25621662.000000,847888.000000,0.033093
453,354,176,0.006387,0.006016,25722894.000000,847070.000000,0.032931
454,354,175,0.006585,0.006192,26100682.000000,863251.000000,0.033074
455,355,174,0.006532,0.006109,26103576.000000,862698.000000,0.033049
456,355,172,0.007749,0.007368,26606911.000000,886499.000000,0.033318
457,355,172,0.006436,0.006042,25865882.000000,849576.000000,0.032845
458,355,171,0.006583,0.006195,26089616.000000,851994.000000,0.032656
459,356,170,0.006591,0.006155,26383746.000000,861388.000000,0.032648
460,357,169,0.006669,0.006240,26606685.000000,870894.000000,0.032732
461,357,169,0.006818,0.006441,26920702.000000,884930.000000,0.032872
462,358,168,0.006909,0.006449,26882768.000000,883908.000000,0.032880
463,359,167,0.007406,0.006716,27206197.000000,899624.000000,0.033067
464,360,166,0.007491,0.006795,27086567.000000,890481.000000,0.032875
465,361,165,0.007498,0.006571,27260513.000000,894741.000000,0.032822
466,361,164,0.007188,0.006316,27175588.000000,881013.000000,0.032419
467,361,163,0.007274,0.006593,27427061.000000,885164.000000,0.032273
468,362,162,0.007561,0.006880,27602298.000000,888319.000000,0.032183
469,363,161,0.007702,0.006765,28071237.000000,907740.000000,0.032337
470,364,160,0.007495,0.006603,27665771.000000,889427.000000,0.032149
471,365,159,0.007470,0.006797,28154345.000000,911912.000000,0.032390
472,366,158,0.007900,0.007230,28131734.000000,907672.000000,0.032265
473,367,158,0.007409,0.006657,28433804.000000,924411.000000,0.032511
474,368,157,0.007315,0.006633,28455384.000000,930571.000000,0.032703
475,369,156,0.007489,0.006809,28680310.000000,937297.000000,0.032681
476,370,155,0.007479,0.006784,28704880.000000,932540.000000,0.032487
477,371,154,0.007521,0.006787,28919296.000000,940680.000000,0.032528
478,371,154,0.007634,0.006913,28852011.000000,944720.000000,0.032744
479,372,153,0.007579,0.006904,29249366.000000,955307.000000,0.032661
480,373,152,0.007647,0.006962,29413981.000000,955559.000000,0.032487
481,374,151,0.007647,0.006970,29451190.000000,956444.000000,0.032476
482,375,150,0.007636,0.006938,29571628.000000,963679.000000,0.032588
483,375,150,0.007758,0.006997,29788300.000000,974269.000000,0.032706
484,376,149,0.007740,0.007048,29705031.000000,967101.000000,0.032557
485,377,148,0.007718,0.007042,29778858.000000,966531.000000,0.032457
486,377,147,0.007666,0.006993,29848521.000000,973452.000000,0.032613
487,378,147,0.007565,0.007163,29879698.000000,974127.000000,0.032602
488,379,146,0.007545,0.007145,29981887.000000,978183.000000,0.032626
489,380,145,0.007603,0.007192,30022481.000000,978929.000000,0.032607
490,380,145,0.007549,0.007145,29911659.000000,967190.000000,0.032335
491,381,144,0.007574,0.007139,30141548.000000,978846.000000,0.032475
492,382,144,0.007568,0.007070,29920240.000000,969258.000000,0.032395
493,383,143,0.007654,0.007237,30369525.000000,988596.000000,0.032552
494,384,142,0.007646,0.007202,30257531.000000,982414.000000,0.032468
495,384,142,0.007562,0.007156,30474143.000000,987200.000000,0.032395
496,385,141,0.007767,0.007356,30680638.000000,997757.000000,0.032521
497,386,140,0.007764,0.007353,30704111.000000,998595.000000,0.032523
498,386,140,0.007816,0.007407,30874239.000000,1008060.000000,0.032651
499,387,139,0.007813,0.007411,31085432.000000,1019126.000000,0.032785
500,388,139,0.007923,0.007474,31273418.000000,1021638.000000,0.032668
501,389,138,0.008181,0.007679,31574002.000000,1031137.000000,0.032658
502,389,137,0.007799,0.007360,31268893.000000,1008123.000000,0.032240
503,389,137,0.007796,0.007396,31392773.000000,1008906.000000,0.032138
504,390,136,0.007798,0.007376,31514227.000000,1011346.000000,0.032092
505,391,136,0.007852,0.007442,31771829.000000,1012642.000000,0.031872
506,392,135,0.007863,0.007443,32015827.000000,1022729.000000,0.031944
507,393,135,0.008018,0.007608,32315550.000000,1029452.000000,0.031856
508,394,134,0.007973,0.007536,32234954.000000,1028585.000000,0.031909
509,395,134,0.008082,0.007683,32717062.000000,1040174.000000,0.031793
510,395,133,0.008148,0.007680,32761460.000000,1043101.000000,0.031839
511,396,133,0.008158,0.007728,32853314.000000,1042234.000000,0.031724
512,397,132,0.008127,0.007711,32864788.000000,1043486.000000,0.031751
513,397,132,0.008243,0.007819,33187670.000000,1062880.000000,0.032026
514,397,131,0.008177,0.007768,33196985.000000,1062513.000000,0.032006
515,398,131,0.008171,0.007761,33158460.000000,1059295.000000,0.031946
516,399,131,0.008153,0.007741,33147444.000000,1057959.000000,0.031917
517,400,130,0.008185,0.007782,33102917.000000,1051786.000000,0.031773
518,401,130,0.008161,0.007750,33360336.000000,1056483.000000,0.031669
519,402,129,0.008250,0.007851,33346552.000000,1055577.000000,0.031655
520,403,129,0.008203,0.007796,33534670.000000,1065274.000000,0.031766
521,404,129,0.008290,0.007897,33773463.000000,1070914.000000,0.031709
522,405,128,0.008297,0.007883,33731666.000000,1068844.000000,0.031687
523,405,128,0.008386,0.007951,34072735.000000,1078363.000000,0.031649
524,406,128,0.008439,0.008000,33844525.000000,1074482.000000,0.031748
525,407,127,0.008452,0.008043,34135338.000000,1091503.000000,0.031976
526,408,127,0.008594,0.008154,34352378.000000,1103928.000000,0.032135
527,409,127,0.008871,0.008429,34957300.000000,1132015.000000,0.032383
528,410,126,0.008759,0.008322,35350154.000000,1146422.000000,0.032430
529,411,126,0.008700,0.008302,35306262.000000,1139298.000000,0.032269
530,412,126,0.008704,0.008283,35265433.000000,1136516.000000,0.032227
531,413,125,0.008750,0.008352,35486712.000000,1146704.000000,0.032314
532,414,125,0.008742,0.008320,35391526.000000,1140495.000000,0.032225
533,415,125,0.008818,0.008412,35514578.000000,1138140.000000,0.032047
534,415,124,0.008807,0.008381,35464039.000000,1134226.000000,0.031982
535,416,124,0.008746,0.008346,35591160.000000,1138278.000000,0.031982
536,417,124,0.008740,0.008316,35454286.000000,1134065.000000,0.031987
537,418,123,0.008813,0.008390,35561655.000000,1134185.000000,0.031893
538,419,123,0.008908,0.008451,36145550.000000,1146370.000000,0.031715
539,420,123,0.009133,0.008680,36296069.000000,1149632.000000,0.031674
540,421,122,0.009148,0.008721,36335860.000000,1152305.000000,0.031713
541,422,122,0.009025,0.008595,36397992.000000,1153792.000000,0.031699
542,423,122,0.008881,0.008464,36349948.000000,1148165.000000,0.031586
543,424,121,0.009100,0.008672,36908352.000000,1182193.000000,0.032031
544,424,121,0.009062,0.008665,37035843.000000,1180614.000000,0.031878
545,424,121,0.009088,0.008675,36828132.000000,1174799.000000,0.031900
546,425,120,0.008962,0.008556,36599056.000000,1160735.000000,0.031715
547,426,120,0.008983,0.008561,36682821.000000,1159138.000000,0.031599
548,427,120,0.009132,0.008710,36711666.000000,1159632.000000,0.031588
549,427,119,0.008974,0.008551,36783360.000000,1160772.000000,0.031557
550,428,119,0.009009,0.008604,36893444.000000,1162050.000000,0.031497
551,429,118,0.009096,0.008686,37340891.000000,1179282.000000,0.031582
552,430,118,0.009151,0.008731,37474151.000000,1185412.000000,0.031633
553,431,118,0.009263,0.008848,37913961.000000,1198044.000000,0.031599
554,432,117,0.009255,0.008839,37971296.000000,1204443.000000,0.031720
555,433,117,0.009347,0.008935,38139726.000000,1213382.000000,0.031814
556,433,117,0.009331,0.008909,38291668.000000,1205036.000000,0.031470
557,433,116,0.009268,0.008857,37965536.000000,1189961.000000,0.031343
558,434,116,0.009329,0.008903,38307710.000000,1204123.000000,0.031433
559,435,116,0.009398,0.008975,38259516.000000,1200911.000000,0.031389
560,436,115,0.009492,0.009068,38425268.000000,1201814.000000,0.031277
561,437,115,0.009423,0.008985,38714563.000000,1213100.000000,0.031334
562,438,115,0.009602,0.009187,39000192.000000,1226063.000000,0.031437
563,438,114,0.009443,0.009013,38929003.000000,1214010.000000,0.031185
564,439,114,0.009605,0.009185,39231367.000000,1226865.000000,0.031273
565,440,113,0.009817,0.009383,39793744.000000,1252721.000000,0.031480
566,441,113,0.009625,0.009206,39370465.000000,1229994.000000,0.031242
567,442,113,0.009654,0.009244,39588651.000000,1239208.000000,0.031302
568,443,112,0.009589,0.009152,39508887.000000,1233985.000000,0.031233
569,443,112,0.009862,0.009434,39963763.000000,1246782.000000,0.031198
570,443,112,0.009917,0.009474,40315662.000000,1255942.000000,0.031153
571,444,111,0.009738,0.009318,40120380.000000,1251362.000000,0.031190
572,445,111,0.009906,0.009474,40496500.000000,1262050.000000,0.031164
573,446,110,0.009944,0.009518,40797630.000000,1268302.000000,0.031088
574,447,110,0.009977,0.009557,40860853.000000,1271877.000000,0.031127
575,448,110,0.010137,0.009683,41234885.000000,1290027.000000,0.031285
576,448,109,0.010111,0.009681,41418296.000000,1289056.000000,0.031123
577,449,109,0.010017,0.009574,41160974.000000,1282210.000000,0.031151
578,450,109,0.010036,0.009607,41229835.000000,1279554.000000,0.031035
579,451,108,0.010183,0.009758,41575548.000000,1289175.000000,0.031008
580,451,108,0.010076,0.009625,41499939.000000,1286655.000000,0.031004
581,452,107,0.010170,0.009749,41941761.000000,1296546.000000,0.030913
582,452,107,0.010166,0.009748,41962655.000000,1300804.000000,0.030999
583,453,107,0.010240,0.009798,42202681.000000,1306708.000000,0.030963
584,453,106,0.010201,0.009772,42133014.000000,1302486.000000,0.030914
585,454,106,0.010371,0.009929,42542778.000000,1313401.000000,0.030872
586,455,106,0.010376,0.009935,42463625.000000,1312629.000000,0.030912
587,456,105,0.010391,0.009961,42753277.000000,1318221.000000,0.030833
588,457,105,0.010396,0.009952,42824392.000000,1327428.000000,0.030997
589,457,105,0.010524,0.010086,42984239.000000,1331336.000000,0.030973
590,458,104,0.010503,0.010050,43250502.000000,1341514.000000,0.031017
591,459,104,0.010484,0.010055,43305780.000000,1337609.000000,0.030888
592,460,104,0.010497,0.010067,43386752.000000,1337394.000000,0.030825
593,461,103,0.010517,0.010079,43367519.000000,1337731.000000,0.030846
594,461,103,0.010535,0.010109,43533460.000000,1339554.000000,0.030771
595,462,103,0.010705,0.010186,43943145.000000,1366274.000000,0.031092
596,462,102,0.010658,0.010213,43717093.000000,1356743.000000,0.031035
597,462,102,0.010577,0.010151,43688439.000000,1351196.000000,0.030928
598,463,102,0.010738,0.010309,44201005.000000,1372108.000000,0.031042
599,463,102,0.010807,0.010359,44465910.000000,1378168.000000,0.030994
600,464,101,0.010756,0.010327,44391849.000000,1379968.000000,0.031086
601,465,101,0.010802,0.010352,44572612.000000,1384431.000000,0.031060
602,466,101,0.010772,0.010347,44571547.000000,1373622.000000,0.030818
603,467,100,0.010804,0.010368,44705618.000000,1376196.000000,0.030784
604,468,100,0.010859,0.010411,44893533.000000,1380429.000000,0.030749
605,469,100,0.010948,0.010510,45220391.000000,1387948.000000,0.030693
606,470,99,0.010904,0.010465,45131810.000000,1379422.000000,0.030564
607,470,99,0.010969,0.010530,45476922.000000,1393583.000000,0.030644
608,470,99,0.011396,0.010961,45840667.000000,1406672.000000,0.030686
609,471,98,0.011039,0.010601,45632944.000000,1398064.000000,0.030637
610,471,98,0.011049,0.010607,45700863.000000,1407204.000000,0.030792
611,472,98,0.011030,0.010602,45664074.000000,1401735.000000,0.030697
612,473,97,0.011192,0.010758,45920857.000000,1413875.000000,0.030789
613,474,97,0.011218,0.010757,46437737.000000,1430653.000000,0.030808
614,474,97,0.011204,0.010763,46402039.000000,1426514.000000,0.030742
615,475,97,0.011230,0.010795,46538423.000000,1425324.000000,0.030627
616,476,96,0.011255,0.010788,46447196.000000,1419934.000000,0.030571
617,477,96,0.011793,0.011328,46730827.000000,1425094.000000,0.030496
618,477,95,0.011624,0.011170,46721476.000000,1422110.000000,0.030438
619,477,95,0.011266,0.010816,46737776.000000,1425069.000000,0.030491
620,478,95,0.011299,0.010841,46713666.000000,1422219.000000,0.030445
621,479,94,0.012183,0.011447,46839187.000000,1426228.000000,0.030449
622,480,94,0.011785,0.011059,47327374.000000,1442256.000000,0.030474
623,481,94,0.011799,0.011049,46973958.000000,1435095.000000,0.030551
624,482,93,0.011809,0.011089,47289632.000000,1452679.000000,0.030719
625,483,93,0.012080,0.011347,47539294.000000,1461115.000000,0.030735
626,484,93,0.011953,0.011204,47885639.000000,1476612.000000,0.030836
627,485,92,0.012045,0.011321,48352995.000000,1488730.000000,0.030789
628,486,92,0.011995,0.011261,47982264.000000,1475003.000000,0.030741
629,487,92,0.012134,0.011418,48358634.000000,1495520.000000,0.030926
630,488,91,0.012097,0.011348,48406931.000000,1497061.000000,0.030927
631,488,91,0.012208,0.011484,48731508.000000,1501038.000000,0.030802
632,488,91,0.012162,0.011415,48761489.000000,1500194.000000,0.030766
633,489,90,0.012491,0.012027,49246347.000000,1510739.000000,0.030677
634,490,90,0.011965,0.011489,48707534.000000,1493543.000000,0.030663
635,490,90,0.011964,0.011509,48754626.000000,1489387.000000,0.030549
636,491,90,0.012010,0.011550,48954333.000000,1495943.000000,0.030558
637,492,89,0.012138,0.011612,49389746.000000,1512017.000000,0.030614
638,493,89,0.012734,0.011989,49427463.000000,1515321.000000,0.030657
639,494,89,0.012329,0.011593,49459124.000000,1512839.000000,0.030588
640,495,88,0.012340,0.011603,49519829.000000,1515958.000000,0.030613
641,495,88,0.012589,0.011782,50066258.000000,1538283.000000,0.030725
642,496,88,0.012819,0.012084,50623877.000000,1549906.000000,0.030616
643,497,87,0.012743,0.011822,50538924.000000,1546476.000000,0.030600
644,498,87,0.012484,0.011749,50412539.000000,1541772.000000,0.030583
645,499,87,0.012682,0.011928,50699222.000000,1553109.000000,0.030634
646,500,87,0.012719,0.011978,50633277.000000,1548925.000000,0.030591
647,501,86,0.012685,0.011946,50964223.000000,1563323.000000,0.030675
648,502,86,0.012916,0.012176,51005860.000000,1567429.000000,0.030730
649,503,86,0.012780,0.012031,51140225.000000,1568870.000000,0.030678
650,504,85,0.013091,0.012343,51211038.000000,1570182.000000,0.030661
651,505,85,0.012755,0.012020,51259052.000000,1563140.000000,0.030495
652,505,85,0.012803,0.012049,51366898.000000,1564270.000000,0.030453
653,506,85,0.013017,0.012264,51469455.000000,1568150.000000,0.030468
654,507,84,0.012840,0.012082,51610230.000000,1570817.000000,0.030436
655,508,84,0.012941,0.012204,51923007.000000,1577999.000000,0.030391
656,509,84,0.012984,0.012239,52038523.000000,1583780.000000,0.030435
657,510,83,0.013481,0.012737,53154169.000000,1626259.000000,0.030595
658,511,83,0.013071,0.012557,52888915.000000,1619466.000000,0.030620
659,512,83,0.013133,0.012652,53212472.000000,1633060.000000,0.030689
660,513,83,0.013201,0.012723,53496625.000000,1643277.000000,0.030717
661,514,82,0.013221,0.012759,53774584.000000,1646328.000000,0.030615
662,515,82,0.013245,0.012755,53682223.000000,1645473.000000,0.030652
663,516,82,0.013330,0.012838,54132363.000000,1661267.000000,0.030689
664,517,81,0.013228,0.012761,54288437.000000,1661503.000000,0.030605
665,518,81,0.013879,0.013130,54570776.000000,1669044.000000,0.030585
666,519,81,0.013619,0.012865,54611074.000000,1666111.000000,0.030509
667,520,81,0.013626,0.013136,54953910.000000,1678552.000000,0.030545
668,520,80,0.013493,0.013013,54989366.000000,1668821.000000,0.030348
669,521,80,0.013759,0.012993,54771740.000000,1667733.000000,0.030449
670,522,80,0.013648,0.012888,54869927.000000,1664365.000000,0.030333
671,523,79,0.013874,0.013104,55884518.000000,1697075.000000,0.030368
672,524,79,0.013995,0.013233,55713638.000000,1694644.000000,0.030417
673,525,79,0.013892,0.013143,55825735.000000,1695368.000000,0.030369
674,526,79,0.013909,0.013129,55929681.000000,1702733.000000,0.030444
675,527,78,0.013903,0.013126,56123869.000000,1699528.000000,0.030282
676,528,78,0.013993,0.013210,56175394.000000,1698875.000000,0.030242
677,529,78,0.014127,0.013287,56882818.000000,1723786.000000,0.030304
678,530,77,0.014070,0.013311,56660125.000000,1708328.000000,0.030150
679,531,77,0.014313,0.013553,57321080.000000,1736572.000000,0.030296
680,532,77,0.014127,0.013372,56980454.000000,1715051.000000,0.030099
681,533,77,0.014219,0.013435,57432495.000000,1731818.000000,0.030154
682,533,76,0.014126,0.013366,57196292.000000,1716602.000000,0.030012
683,534,76,0.014118,0.013368,56992080.000000,1711830.000000,0.030036
684,535,76,0.014292,0.013531,57464428.000000,1728485.000000,0.030079
685,536,76,0.014396,0.013630,57825366.000000,1734851.000000,0.030002
686,536,76,0.014301,0.013798,57993171.000000,1747277.000000,0.030129
687,537,75,0.014127,0.013637,57764675.000000,1734242.000000,0.030023
688,538,75,0.014178,0.013682,57988864.000000,1741087.000000,0.030025
689,539,75,0.014226,0.013748,58266811.000000,1752107.000000,0.030070
690,539,75,0.014297,0.013812,58375991.000000,1746686.000000,0.029921
691,540,75,0.014279,0.013801,58697352.000000,1763620.000000,0.030046
692,540,74,0.014233,0.013759,58531575.000000,1750786.000000,0.029912
693,541,74,0.014290,0.013809,58696490.000000,1754127.000000,0.029885
694,542,74,0.014291,0.013769,58722354.000000,1757836.000000,0.029935
695,543,74,0.014956,0.014192,59113359.000000,1767572.000000,0.029901
696,543,73,0.014627,0.013837,58945949.000000,1764031.000000,0.029926
697,544,73,0.014614,0.013851,59087273.000000,1761732.000000,0.029816
698,544,73,0.014539,0.013769,58868471.000000,1757494.000000,0.029855
699,545,73,0.014806,0.014050,59751867.000000,1783104.000000,0.029842
700,546,73,0.014672,0.013898,59332906.000000,1770483.000000,0.029840
701,547,72,0.014951,0.014176,60474522.000000,1804506.000000,0.029839
702,548,72,0.014816,0.014216,60676024.000000,1810378.000000,0.029837
703,549,72,0.014841,0.014233,60875372.000000,1811433.000000,0.029756
704,550,72,0.014844,0.014243,60976817.000000,1809573.000000,0.029676
705,550,72,0.015052,0.014467,61692828.000000,1833006.000000,0.029712
706,550,71,0.014911,0.014322,61463764.000000,1815066.000000,0.029531
707,550,71,0.015062,0.014472,61755761.000000,1823289.000000,0.029524
708,551,71,0.015010,0.014422,61807055.000000,1824353.000000,0.029517
709,551,71,0.015109,0.014500,62186912.000000,1826566.000000,0.029372
710,552,71,0.015103,0.014506,62225881.000000,1829048.000000,0.029394
711,553,70,0.015272,0.014673,62790371.000000,1854003.000000,0.029527
712,554,70,0.015554,0.014961,62465847.000000,1835054.000000,0.029377
713,555,70,0.015334,0.014616,62668291.000000,1840397.000000,0.029367
714,556,70,0.015274,0.014787,63037137.000000,1854021.000000,0.029412
715,556,70,0.015345,0.014869,63305678.000000,1869804.000000,0.029536
716,557,69,0.015509,0.015043,63540546.000000,1867339.000000,0.029388
717,558,69,0.015366,0.014877,63466951.000000,1862398.000000,0.029344
718,559,69,0.015399,0.014922,63508594.000000,1857931.000000,0.029255
719,560,69,0.015468,0.014982,63761189.000000,1866630.000000,0.029275
720,561,69,0.015576,0.015074,63990485.000000,1884159.000000,0.029444
721,562,69,0.015521,0.015020,64447555.000000,1870654.000000,0.029026
722,563,68,0.015467,0.014977,64562012.000000,1868672.000000,0.028944
723,564,68,0.015542,0.015070,64838319.000000,1881086.000000,0.029012
724,564,68,0.015545,0.015088,64919735.000000,1876616.000000,0.028907
725,565,68,0.015569,0.015088,64874854.000000,1871282.000000,0.028844
726,566,68,0.015534,0.015074,64756795.000000,1862105.000000,0.028755
727,567,68,0.015503,0.015025,64813413.000000,1860212.000000,0.028701
728,568,67,0.015484,0.015030,64757139.000000,1857696.000000,0.028687
729,568,67,0.015525,0.015064,64999703.000000,1862374.000000,0.028652
730,568,67,0.016529,0.016018,65395832.000000,1885853.000000,0.028838
731,569,67,0.016644,0.016152,65876299.000000,1893185.000000,0.028738
732,570,67,0.015599,0.015137,65238372.000000,1876181.000000,0.028759
733,570,67,0.015668,0.015196,65397508.000000,1877428.000000,0.028708
734,571,66,0.015607,0.015129,65410824.000000,1878782.000000,0.028723
735,572,66,0.015636,0.015178,65759721.000000,1885790.000000,0.028677
736,573,66,0.015709,0.015230,65881394.000000,1888049.000000,0.028658
737,574,66,0.015766,0.015301,66158665.000000,1892579.000000,0.028607
738,574,66,0.015874,0.015386,66264866.000000,1894325.000000,0.028587
739,575,66,0.015883,0.015408,66300282.000000,1893339.000000,0.028557
740,576,66,0.015896,0.015417,66339808.000000,1894272.000000,0.028554
741,577,66,0.015985,0.015514,66602936.000000,1901508.000000,0.028550
742,578,65,0.015928,0.015442,66574809.000000,1898549.000000,0.028518
743,579,64,0.028581,0.027655,70743419.000000,2104024.000000,0.029742
744,579,64,0.021172,0.020402,69269425.000000,1937293.000000,0.027968
745,579,64,0.016439,0.015817,67000100.000000,1906638.000000,0.028457
746,580,64,0.018173,0.017376,67589690.000000,1933390.000000,0.028605
747,581,63,0.021078,0.019101,67728881.000000,1919802.000000,0.028345
748,582,62,0.024855,0.023523,70693969.000000,1966336.000000,0.027815
749,583,61,0.027643,0.026737,68942992.000000,1901970.000000,0.027588
750,583,61,0.016904,0.016137,67792649.000000,1929203.000000,0.028457
751,584,61,0.018745,0.018122,69109561.000000,1964996.000000,0.028433
752,585,61,0.016655,0.016083,68425910.000000,1950950.000000,0.028512
753,585,61,0.016503,0.015986,68216423.000000,1934394.000000,0.028357
754,585,61,0.016501,0.015993,68215771.000000,1936104.000000,0.028382
755,586,61,0.016834,0.016195,68623246.000000,1955494.000000,0.028496
756,587,60,0.016784,0.015974,68679607.000000,1961529.000000,0.028561
757,588,60,0.016863,0.016362,68636011.000000,1952939.000000,0.028454
758,588,60,0.016794,0.016308,69212957.000000,1973005.000000,0.028506
759,589,60,0.016763,0.016287,69145336.000000,1974746.000000,0.028559
760,590,60,0.016847,0.016376,69173671.000000,1973733.000000,0.028533
761,591,60,0.016851,0.016353,69189403.000000,1977998.000000,0.028588
762,592,60,0.017041,0.016411,69771580.000000,2002019.000000,0.028694
763,593,59,0.017194,0.016569,69995582.000000,2004577.000000,0.028639
