frame,nb of entities,FPS,frame length,physics length,L1-dcache-loads,L1-dcache-load-misses,L1-dcache-load-miss-ratio
0,3,302,0.001949,0.000038,442985.000000,30442.000000,0.068720
1,4,302,0.003315,0.000031,571259.000000,33975.000000,0.059474
2,5,302,0.003327,0.000030,552496.000000,32814.000000,0.059392
3,6,302,0.003318,0.000033,586725.000000,34239.000000,0.058356
4,7,302,0.003323,0.000028,593448.000000,33506.000000,0.056460
5,8,302,0.003325,0.000030,551259.000000,29761.000000,0.053987
6,9,302,0.003324,0.000030,586352.000000,33845.000000,0.057721
7,10,302,0.003322,0.000035,582544.000000,33809.000000,0.058037
8,11,302,0.003329,0.000032,570882.000000,33619.000000,0.058890
9,12,302,0.003317,0.000032,582725.000000,34321.000000,0.058897
10,13,302,0.003325,0.000035,554948.000000,29931.000000,0.053935
11,14,302,0.003327,0.000034,594438.000000,34027.000000,0.057242
12,14,302,0.003321,0.000031,580556.000000,33242.000000,0.057259
13,15,302,0.003324,0.000037,611389.000000,33727.000000,0.055165
14,16,302,0.003329,0.000039,592905.000000,33459.000000,0.056432
15,17,302,0.003317,0.000043,563823.000000,30126.000000,0.053432
16,18,302,0.003324,0.000041,597047.000000,33107.000000,0.055451
17,19,302,0.003328,0.000042,601092.000000,33747.000000,0.056143
18,20,302,0.003320,0.000048,604273.000000,33522.000000,0.055475
19,21,302,0.003325,0.000043,604618.000000,33950.000000,0.056151
20,22,302,0.003326,0.000050,585164.000000,30466.000000,0.052064
21,23,302,0.003323,0.000045,629366.000000,34285.000000,0.054475
22,24,302,0.003324,0.000053,613238.000000,33566.000000,0.054736
23,25,302,0.003328,0.000093,656091.000000,38443.000000,0.058594
24,26,302,0.003319,0.000051,634861.000000,33915.000000,0.053421
25,26,302,0.003325,0.000045,583438.000000,29914.000000,0.051272
26,27,302,0.003326,0.000056,642673.000000,34343.000000,0.053438
27,28,302,0.003322,0.000052,653530.000000,34600.000000,0.052943
28,28,302,0.003326,0.000047,648542.000000,34533.000000,0.053247
29,28,302,0.003325,0.000051,685181.000000,35137.000000,0.051281
30,29,302,0.003321,0.000062,673227.000000,31684.000000,0.047063
31,30,302,0.003322,0.000058,670004.000000,35430.000000,0.052880
32,31,302,0.003326,0.000064,675905.000000,34959.000000,0.051722
33,32,302,0.003319,0.000059,723200.000000,35701.000000,0.049365
34,33,302,0.003323,0.000136,854818.000000,44767.000000,0.052370
35,34,302,0.003326,0.000113,794291.000000,41591.000000,0.052362
36,35,302,0.003321,0.000123,878203.000000,44444.000000,0.050608
37,36,302,0.003322,0.000110,842469.000000,44596.000000,0.052935
38,37,302,0.003325,0.000111,844907.000000,43821.000000,0.051865
39,38,302,0.003323,0.000100,892943.000000,44859.000000,0.050237
40,39,302,0.003325,0.000115,797225.000000,40484.000000,0.050781
41,39,302,0.003322,0.000142,868034.000000,45945.000000,0.052930
42,40,302,0.003320,0.000137,856540.000000,44582.000000,0.052049
43,40,302,0.003323,0.000111,840726.000000,43996.000000,0.052331
44,41,302,0.003329,0.000114,837847.000000,43851.000000,0.052338
45,42,302,0.003319,0.000145,833917.000000,41913.000000,0.050260
46,43,302,0.003324,0.000117,841302.000000,44565.000000,0.052971
47,43,302,0.003326,0.000123,860025.000000,44385.000000,0.051609
48,44,302,0.003321,0.000134,862699.000000,45414.000000,0.052642
49,44,302,0.003325,0.000123,840247.000000,43963.000000,0.052322
50,45,302,0.003326,0.000121,824683.000000,41146.000000,0.049893
51,46,302,0.003320,0.000133,867617.000000,44919.000000,0.051773
52,47,302,0.003324,0.000118,861517.000000,44243.000000,0.051355
53,47,302,0.003331,0.000130,893717.000000,46854.000000,0.052426
54,48,302,0.003320,0.000141,944806.000000,45272.000000,0.047917
55,49,302,0.003321,0.000198,887048.000000,48166.000000,0.054299
56,49,302,0.003325,0.000120,875585.000000,44558.000000,0.050889
57,50,302,0.003322,0.000142,942865.000000,45251.000000,0.047993
58,51,302,0.003324,0.000125,889888.000000,44595.000000,0.050113
59,52,302,0.003328,0.000125,916341.000000,45465.000000,0.049616
60,53,300,0.003322,0.000148,914893.000000,42016.000000,0.045924
61,54,300,0.003324,0.000143,944791.000000,45483.000000,0.048141
62,55,300,0.003327,0.000120,932329.000000,45321.000000,0.048611
63,56,300,0.003321,0.000154,945304.000000,45798.000000,0.048448
64,57,300,0.003326,0.000173,1039228.000000,51942.000000,0.049981
65,58,300,0.003324,0.000186,1032886.000000,48360.000000,0.046820
66,58,300,0.003321,0.000164,1133446.000000,53434.000000,0.047143
67,58,300,0.003324,0.000188,1048188.000000,52196.000000,0.049796
68,59,300,0.003329,0.000191,1048356.000000,52657.000000,0.050228
69,60,300,0.003315,0.000176,1058672.000000,48376.000000,0.045695
70,61,300,0.003325,0.000200,1039146.000000,48911.000000,0.047068
71,62,300,0.003323,0.000202,1108648.000000,53122.000000,0.047916
72,62,300,0.003320,0.000166,1142516.000000,52724.000000,0.046147
73,63,300,0.003325,0.000180,1096749.000000,52473.000000,0.047844
74,64,300,0.003330,0.000182,1100337.000000,52488.000000,0.047702
75,65,300,0.003321,0.000193,1117960.000000,49320.000000,0.044116
76,65,300,0.003320,0.000181,1104288.000000,52586.000000,0.047620
77,66,300,0.003327,0.000155,1035781.000000,46751.000000,0.045136
78,66,300,0.003323,0.000228,1276225.000000,60004.000000,0.047017
79,67,300,0.003327,0.000217,1217448.000000,59459.000000,0.048839
80,68,300,0.003325,0.000293,1413094.000000,69394.000000,0.049108
81,69,300,0.003324,0.000231,1270141.000000,59804.000000,0.047085
82,70,300,0.003320,0.000231,1287879.000000,60061.000000,0.046636
83,71,300,0.003327,0.000258,1294693.000000,61287.000000,0.047337
84,71,300,0.003315,0.000274,1351410.000000,61448.000000,0.045470
85,72,300,0.003323,0.000261,1263505.000000,57038.000000,0.045143
86,73,300,0.003328,0.000262,1296582.000000,61333.000000,0.047304
87,74,300,0.003320,0.000300,1436989.000000,67738.000000,0.047139
88,75,300,0.003321,0.000237,1310141.000000,61021.000000,0.046576
89,76,300,0.003329,0.000265,1315494.000000,61046.000000,0.046405
90,77,300,0.003322,0.000333,1386076.000000,58827.000000,0.042441
91,78,300,0.003321,0.000257,1389006.000000,61872.000000,0.044544
92,79,300,0.003323,0.000322,1489997.000000,68852.000000,0.046209
93,79,300,0.003324,0.000364,1481701.000000,68661.000000,0.046339
94,80,300,0.003322,0.000320,1474516.000000,68059.000000,0.046157
95,81,300,0.003325,0.000293,1381795.000000,59664.000000,0.043179
96,82,300,0.003318,0.000302,1466093.000000,63676.000000,0.043432
97,83,300,0.003323,0.000270,1415515.000000,62178.000000,0.043926
98,83,300,0.003326,0.000319,1498684.000000,68414.000000,0.045649
99,84,300,0.003318,0.000298,1575264.000000,69402.000000,0.044057
100,85,300,0.003327,0.000290,1480897.000000,64587.000000,0.043613
101,86,300,0.003324,0.000294,1545754.000000,68656.000000,0.044416
102,87,300,0.003322,0.000274,1444596.000000,63095.000000,0.043677
103,88,300,0.003326,0.000270,1450669.000000,61932.000000,0.042692
104,89,300,0.003327,0.000340,1664110.000000,75859.000000,0.045585
105,90,300,0.003325,0.000330,1545958.000000,60904.000000,0.039396
106,91,300,0.003321,0.000260,1422307.000000,57103.000000,0.040148
107,92,300,0.003327,0.000255,1436946.000000,57665.000000,0.040130
108,92,300,0.003319,0.000267,1437136.000000,57875.000000,0.040271
109,93,300,0.003325,0.000299,1606209.000000,64409.000000,0.040100
110,94,300,0.003328,0.000278,1472970.000000,54264.000000,0.036840
111,95,300,0.003319,0.000319,1641418.000000,65299.000000,0.039782
112,96,300,0.003326,0.000314,1655195.000000,65298.000000,0.039450
113,96,300,0.003327,0.000315,1649268.000000,65136.000000,0.039494
114,97,300,0.003320,0.000329,1657666.000000,66046.000000,0.039843
115,98,300,0.003322,0.000319,1645960.000000,61702.000000,0.037487
116,99,300,0.003327,0.000358,1795595.000000,72107.000000,0.040158
117,100,300,0.003324,0.000365,1794430.000000,73368.000000,0.040887
118,100,300,0.003322,0.000383,1904287.000000,78308.000000,0.041122
119,101,300,0.003330,0.000390,1935402.000000,79127.000000,0.040884
120,101,300,0.003319,0.000423,1826872.000000,70620.000000,0.038656
121,102,300,0.003326,0.000373,1893735.000000,73328.000000,0.038721
122,102,300,0.003325,0.000395,1947524.000000,75092.000000,0.038558
123,103,300,0.003320,0.000415,1950339.000000,75596.000000,0.038760
124,104,300,0.003325,0.000420,2033181.000000,80106.000000,0.039399
125,105,300,0.003325,0.000430,2019218.000000,76481.000000,0.037877
126,106,300,0.003320,0.000435,2052028.000000,81682.000000,0.039805
127,107,300,0.003325,0.000424,2084829.000000,81611.000000,0.039145
128,108,300,0.003324,0.000558,2338278.000000,97025.000000,0.041494
129,108,300,0.003321,0.000499,2293816.000000,94963.000000,0.041400
130,108,300,0.003327,0.000482,2245584.000000,89139.000000,0.039695
131,109,300,0.003326,0.000532,2259539.000000,90073.000000,0.039863
132,110,300,0.003320,0.000481,2236789.000000,88493.000000,0.039563
133,110,300,0.003324,0.000469,2227579.000000,87517.000000,0.039288
134,110,300,0.003326,0.000489,2228390.000000,88703.000000,0.039806
135,111,300,0.003322,0.000485,2212041.000000,84777.000000,0.038325
136,111,300,0.003323,0.000474,2246586.000000,87331.000000,0.038873
137,112,300,0.003327,0.000494,2296061.000000,88962.000000,0.038745
138,113,300,0.003321,0.000581,2458116.000000,97826.000000,0.039797
139,113,300,0.003326,0.000519,2413751.000000,95316.000000,0.039489
140,114,300,0.003327,0.000552,2399750.000000,92073.000000,0.038368
141,115,300,0.003320,0.000504,2362538.000000,90489.000000,0.038302
142,115,300,0.003325,0.000528,2460056.000000,96861.000000,0.039373
143,116,300,0.003327,0.000546,2490430.000000,97881.000000,0.039303
144,117,300,0.003320,0.000566,2531478.000000,98441.000000,0.038887
145,117,300,0.003324,0.000549,2516228.000000,93037.000000,0.036975
146,118,300,0.003324,0.000629,2701316.000000,108070.000000,0.040006
147,119,300,0.003324,0.000568,2569409.000000,98755.000000,0.038435
148,119,300,0.003325,0.000643,2869640.000000,118664.000000,0.041352
149,120,300,0.003322,0.000667,2907403.000000,118891.000000,0.040893
150,121,300,0.003322,0.000669,2880447.000000,115244.000000,0.040009
151,122,300,0.003326,0.000717,3150690.000000,133226.000000,0.042285
152,123,300,0.003321,0.001227,3383251.000000,165572.000000,0.048939
153,124,300,0.003324,0.000749,3213677.000000,138587.000000,0.043124
154,124,300,0.003325,0.000678,3185484.000000,132314.000000,0.041537
155,124,300,0.003320,0.000692,3064064.000000,121792.000000,0.039749
156,125,300,0.003323,0.000906,3026347.000000,122975.000000,0.040635
157,126,300,0.003319,0.000725,3048757.000000,120115.000000,0.039398
158,126,300,0.003330,0.000640,3048785.000000,121572.000000,0.039876
159,127,300,0.003317,0.001099,3208628.000000,161211.000000,0.050243
160,128,300,0.003320,0.001007,3163979.000000,140616.000000,0.044443
161,128,300,0.003318,0.000712,3084351.000000,121591.000000,0.039422
162,129,300,0.003324,0.000791,3093413.000000,122201.000000,0.039504
163,130,300,0.003388,0.000922,3180288.000000,128492.000000,0.040403
164,131,300,0.003390,0.001050,3130233.000000,123532.000000,0.039464
165,131,300,0.003391,0.001044,3092283.000000,119524.000000,0.038652
166,131,300,0.003372,0.000741,3163922.000000,123205.000000,0.038941
167,132,300,0.003369,0.001112,3331470.000000,132277.000000,0.039705
168,132,300,0.003384,0.001057,3311892.000000,131184.000000,0.039610
169,133,300,0.003368,0.000733,3431205.000000,136679.000000,0.039834
170,134,300,0.003392,0.001113,3414516.000000,133967.000000,0.039235
171,135,300,0.003381,0.001062,3454903.000000,137919.000000,0.039920
172,136,300,0.003330,0.000912,3480558.000000,138246.000000,0.039719
173,137,300,0.003376,0.001042,3577490.000000,149061.000000,0.041666
174,138,299,0.003372,0.001083,3615453.000000,145706.000000,0.040301
175,138,299,0.003378,0.000908,3442545.000000,133115.000000,0.038668
176,139,299,0.003391,0.001083,3560555.000000,139520.000000,0.039185
177,140,299,0.003384,0.001026,3580711.000000,138620.000000,0.038713
178,141,299,0.003625,0.000921,3591910.000000,139176.000000,0.038747
179,142,299,0.003322,0.000842,3739525.000000,144471.000000,0.038634
180,143,299,0.003318,0.000984,3755993.000000,141335.000000,0.037629
181,144,299,0.003329,0.000969,3864149.000000,148956.000000,0.038548
182,145,299,0.003319,0.000873,3897008.000000,147664.000000,0.037892
183,145,299,0.003321,0.001059,3912647.000000,146264.000000,0.037382
184,145,299,0.003326,0.000992,4027617.000000,155108.000000,0.038511
185,145,299,0.003321,0.000911,3987310.000000,149540.000000,0.037504
186,146,299,0.003321,0.001048,4075971.000000,155151.000000,0.038065
187,147,299,0.003326,0.001008,4123710.000000,156013.000000,0.037833
188,148,299,0.003409,0.001226,4166218.000000,159285.000000,0.038233
189,149,299,0.003389,0.001094,4264284.000000,162715.000000,0.038158
190,150,298,0.003385,0.001021,4222743.000000,158810.000000,0.037608
191,151,298,0.003396,0.001123,4289565.000000,164108.000000,0.038257
192,152,298,0.003323,0.001071,4318512.000000,162970.000000,0.037738
193,153,298,0.003362,0.001023,4371470.000000,164900.000000,0.037722
194,154,298,0.003317,0.001000,4542057.000000,173217.000000,0.038136
195,155,298,0.003324,0.001022,4546994.000000,169637.000000,0.037308
196,156,298,0.003326,0.001061,4522359.000000,167816.000000,0.037108
197,157,298,0.003318,0.001038,4652257.000000,173930.000000,0.037386
198,158,298,0.003322,0.001136,4647031.000000,173159.000000,0.037262
199,159,298,0.003323,0.001129,4808264.000000,182559.000000,0.037968
200,160,298,0.003322,0.001079,4896397.000000,183373.000000,0.037451
201,161,298,0.003325,0.001084,5004200.000000,188919.000000,0.037752
202,162,298,0.003324,0.001210,5162888.000000,195474.000000,0.037861
203,162,298,0.003321,0.001129,5209426.000000,195894.000000,0.037604
204,163,298,0.003324,0.001313,5317125.000000,202406.000000,0.038067
205,164,298,0.003322,0.001203,5102674.000000,190281.000000,0.037290
206,165,298,0.003323,0.001194,5422892.000000,209733.000000,0.038675
207,166,298,0.003325,0.001326,5383950.000000,206443.000000,0.038344
208,166,298,0.003320,0.001386,5789356.000000,228126.000000,0.039404
209,166,298,0.003325,0.001465,5720247.000000,226563.000000,0.039607
210,167,298,0.003321,0.001417,5637600.000000,216550.000000,0.038412
211,168,298,0.003326,0.001384,5814080.000000,226649.000000,0.038983
212,168,298,0.003325,0.001359,6000354.000000,234547.000000,0.039089
213,168,298,0.003319,0.001708,5972363.000000,230739.000000,0.038634
214,169,298,0.003330,0.001369,6000652.000000,232111.000000,0.038681
215,170,298,0.003316,0.001609,6081418.000000,239922.000000,0.039452
216,171,298,0.003319,0.001605,6109716.000000,236961.000000,0.038784
217,172,298,0.003331,0.001376,6078619.000000,232638.000000,0.038272
218,173,298,0.003316,0.001418,6219972.000000,239159.000000,0.038450
219,173,298,0.003320,0.001560,6250257.000000,244286.000000,0.039084
220,174,298,0.003328,0.001436,6180126.000000,236391.000000,0.038250
221,175,298,0.003324,0.001379,6221275.000000,239374.000000,0.038477
222,175,298,0.003323,0.001546,6197771.000000,239404.000000,0.038627
223,176,298,0.003324,0.001542,6255175.000000,241931.000000,0.038677
224,177,298,0.003324,0.001424,6360473.000000,247567.000000,0.038923
225,178,299,0.003321,0.001733,6548921.000000,254519.000000,0.038864
226,179,299,0.003327,0.001588,6884028.000000,274612.000000,0.039891
227,179,299,0.003324,0.001706,6785407.000000,264681.000000,0.039007
228,180,299,0.003319,0.001745,6911341.000000,272187.000000,0.039383
229,181,299,0.003328,0.001498,6700639.000000,253472.000000,0.037828
230,182,299,0.003324,0.001724,6728550.000000,252200.000000,0.037482
231,183,299,0.003322,0.001712,6761101.000000,256474.000000,0.037934
232,184,299,0.003332,0.001577,6916216.000000,264729.000000,0.038277
233,185,299,0.003322,0.001559,6944045.000000,265208.000000,0.038192
234,186,299,0.003320,0.001772,7022918.000000,266375.000000,0.037929
235,186,299,0.003327,0.001575,6970643.000000,261268.000000,0.037481
236,187,299,0.003323,0.001632,7199286.000000,279351.000000,0.038803
237,188,299,0.003356,0.002001,7352477.000000,299754.000000,0.040769
238,189,295,0.006528,0.002726,7876054.000000,336506.000000,0.042725
239,190,295,0.003376,0.002662,7725438.000000,304740.000000,0.039446
240,191,295,0.003378,0.002770,7963645.000000,317850.000000,0.039913
241,192,295,0.003380,0.002705,7816719.000000,316768.000000,0.040524
242,193,295,0.003355,0.002479,7901153.000000,322921.000000,0.040870
243,193,295,0.003408,0.002121,7663861.000000,302427.000000,0.039461
244,194,295,0.003415,0.001713,7511192.000000,283914.000000,0.037799
245,195,294,0.003417,0.001726,7555093.000000,288370.000000,0.038169
246,196,294,0.003426,0.001729,7593910.000000,287941.000000,0.037917
247,197,294,0.003417,0.001736,7645852.000000,290117.000000,0.037944
248,198,294,0.003348,0.001750,7664826.000000,285054.000000,0.037190
249,199,294,0.003344,0.002290,7961642.000000,302936.000000,0.038049
250,200,294,0.003325,0.001830,7968176.000000,305575.000000,0.038349
251,201,295,0.003325,0.001813,7975326.000000,302575.000000,0.037939
252,202,294,0.003339,0.002065,8188536.000000,313592.000000,0.038296
253,203,295,0.003325,0.001826,7989051.000000,300320.000000,0.037591
254,204,295,0.003331,0.001954,8299399.000000,317969.000000,0.038312
255,205,294,0.003352,0.002103,8324867.000000,318912.000000,0.038308
256,206,294,0.003331,0.001992,8480041.000000,326375.000000,0.038487
257,207,294,0.003329,0.001953,8493751.000000,327568.000000,0.038566
258,207,294,0.003342,0.002185,8575450.000000,328674.000000,0.038327
259,207,294,0.003333,0.002002,8673270.000000,332930.000000,0.038386
260,208,294,0.003333,0.002001,8709154.000000,333834.000000,0.038331
261,209,294,0.003349,0.002173,8549930.000000,327146.000000,0.038263
262,209,294,0.003328,0.001926,8469095.000000,319269.000000,0.037698
263,210,294,0.003326,0.001960,8588985.000000,322325.000000,0.037528
264,211,294,0.003341,0.002138,8839458.000000,338558.000000,0.038301
265,212,294,0.003418,0.002537,9064620.000000,345154.000000,0.038077
266,213,294,0.003439,0.002156,9283598.000000,362092.000000,0.039003
267,213,294,0.003461,0.002429,9535710.000000,373930.000000,0.039214
268,214,294,0.003458,0.002520,9680220.000000,377228.000000,0.038969
269,214,293,0.003447,0.002277,9826485.000000,385071.000000,0.039187
270,214,293,0.003458,0.002500,9816988.000000,384983.000000,0.039216
271,215,293,0.003460,0.002531,9844465.000000,386792.000000,0.039290
272,216,293,0.003444,0.002242,9698189.000000,373714.000000,0.038534
273,217,293,0.003456,0.002447,9679241.000000,366121.000000,0.037825
274,218,293,0.003459,0.002526,9930458.000000,379944.000000,0.038260
275,218,292,0.003447,0.002286,9887015.000000,377976.000000,0.038230
276,219,292,0.003460,0.002514,9968375.000000,382022.000000,0.038323
277,220,292,0.003461,0.002569,10114642.000000,389868.000000,0.038545
278,221,292,0.003444,0.002301,9929419.000000,377452.000000,0.038014
279,221,292,0.003458,0.002517,9978759.000000,382676.000000,0.038349
280,221,291,0.003461,0.002542,9993544.000000,383739.000000,0.038399
281,222,291,0.003379,0.002297,9967822.000000,380749.000000,0.038198
282,223,291,0.003682,0.002593,10269914.000000,397525.000000,0.038708
283,224,291,0.003449,0.002371,10248905.000000,393977.000000,0.038441
284,225,290,0.003465,0.002419,10480622.000000,401808.000000,0.038338
285,226,290,0.003453,0.002331,10150459.000000,384738.000000,0.037904
286,227,290,0.003450,0.002379,10335514.000000,392185.000000,0.037945
287,228,290,0.003466,0.002623,10372710.000000,394087.000000,0.037993
288,229,290,0.003477,0.002751,10978757.000000,428665.000000,0.039045
289,230,289,0.003465,0.002553,10970312.000000,426495.000000,0.038877
290,231,289,0.003533,0.002934,11276136.000000,438630.000000,0.038899
291,231,289,0.003427,0.002807,11073546.000000,422879.000000,0.038188
292,232,289,0.003466,0.002614,11172971.000000,424721.000000,0.038013
293,232,289,0.003432,0.002836,11273590.000000,431109.000000,0.038241
294,233,288,0.003478,0.002874,11323169.000000,432165.000000,0.038166
295,234,288,0.003467,0.002604,11201934.000000,423709.000000,0.037825
296,235,288,0.003462,0.002863,11394822.000000,431947.000000,0.037907
297,236,288,0.003505,0.002914,11495180.000000,429876.000000,0.037396
298,237,292,0.003489,0.002727,11723826.000000,441911.000000,0.037693
299,238,292,0.003510,0.002899,11595148.000000,435313.000000,0.037543
300,239,292,0.003582,0.002975,11819426.000000,442042.000000,0.037400
301,240,292,0.003357,0.002747,11838484.000000,441917.000000,0.037329
302,241,291,0.003843,0.003016,11982764.000000,444299.000000,0.037078
303,242,290,0.004062,0.003705,12372174.000000,474420.000000,0.038346
304,243,290,0.003533,0.003141,12715478.000000,489344.000000,0.038484
305,244,290,0.003399,0.003041,12897173.000000,497289.000000,0.038558
306,245,290,0.003327,0.003025,12802082.000000,491489.000000,0.038391
307,246,290,0.003476,0.003133,13154296.000000,514241.000000,0.039093
308,247,290,0.003498,0.003162,13291303.000000,515022.000000,0.038749
309,248,290,0.003378,0.003058,12998585.000000,501656.000000,0.038593
310,249,289,0.003476,0.003148,13214518.000000,504411.000000,0.038171
311,249,289,0.003623,0.003297,13008645.000000,486567.000000,0.037403
312,249,289,0.003483,0.003130,13231756.000000,500636.000000,0.037836
313,250,288,0.003609,0.003258,13046861.000000,489566.000000,0.037524
314,251,288,0.003435,0.003108,13041366.000000,488467.000000,0.037455
315,252,288,0.003528,0.003189,13574568.000000,515572.000000,0.037981
316,253,288,0.003662,0.003312,13341087.000000,501104.000000,0.037561
317,254,287,0.003626,0.003298,13765556.000000,524097.000000,0.038073
318,255,286,0.004109,0.003515,13920833.000000,528994.000000,0.038000
319,256,286,0.003799,0.003442,14348882.000000,547650.000000,0.038167
320,257,285,0.003743,0.003419,14282012.000000,534531.000000,0.037427
321,258,284,0.003970,0.003618,14446695.000000,552521.000000,0.038245
322,259,283,0.003851,0.003511,14608587.000000,559587.000000,0.038305
323,260,282,0.004058,0.003717,14717984.000000,566180.000000,0.038469
324,261,282,0.003840,0.003515,14645756.000000,556348.000000,0.037987
325,262,281,0.003846,0.003529,14615402.000000,554059.000000,0.037909
326,263,280,0.004050,0.003712,14724309.000000,564896.000000,0.038365
327,264,280,0.003855,0.003524,14640832.000000,553075.000000,0.037776
328,265,279,0.003976,0.003570,14781490.000000,555911.000000,0.037609
329,266,279,0.003923,0.003568,14767595.000000,549576.000000,0.037215
330,267,278,0.003854,0.003529,14840246.000000,554757.000000,0.037382
331,268,277,0.004112,0.003768,14903425.000000,561272.000000,0.037661
332,269,277,0.003987,0.003656,15123001.000000,569984.000000,0.037690
333,270,276,0.004088,0.003687,15210789.000000,561879.000000,0.036940
334,270,275,0.004074,0.003703,15461193.000000,573445.000000,0.037089
335,271,274,0.003973,0.003640,15366205.000000,565371.000000,0.036793
336,272,273,0.004245,0.003904,15714240.000000,586101.000000,0.037297
337,273,273,0.004010,0.003690,15405630.000000,558858.000000,0.036276
338,274,272,0.004262,0.003896,15604646.000000,571527.000000,0.036625
339,275,271,0.004136,0.003781,15864220.000000,580553.000000,0.036595
340,276,270,0.004020,0.003691,15717299.000000,572062.000000,0.036397
341,277,269,0.004309,0.003973,15972207.000000,576466.000000,0.036092
342,278,268,0.004215,0.003879,16279318.000000,588024.000000,0.036121
343,279,267,0.004374,0.004014,16173142.000000,585378.000000,0.036194
344,280,266,0.004123,0.003790,16152276.000000,578728.000000,0.035830
345,281,266,0.004158,0.003818,16229287.000000,584083.000000,0.035989
346,282,265,0.004233,0.003902,16557598.000000,596179.000000,0.036006
347,283,264,0.004228,0.003895,16517258.000000,595740.000000,0.036068
348,284,263,0.004237,0.003870,16580350.000000,598883.000000,0.036120
349,285,262,0.004310,0.003967,16737003.000000,602410.000000,0.035993
350,286,261,0.004367,0.004028,17100027.000000,618530.000000,0.036171
351,287,260,0.004404,0.004057,17178959.000000,620508.000000,0.036120
352,287,259,0.004422,0.004082,17334628.000000,626104.000000,0.036119
353,288,258,0.004432,0.004086,17344254.000000,623301.000000,0.035937
354,288,257,0.004514,0.004167,17680367.000000,634680.000000,0.035897
355,288,255,0.004419,0.004069,17374416.000000,618701.000000,0.035610
356,289,254,0.004437,0.004088,17399698.000000,622129.000000,0.035755
357,289,253,0.004450,0.004122,17505569.000000,622819.000000,0.035578
358,290,252,0.004472,0.004139,17554074.000000,628276.000000,0.035791
359,290,251,0.004483,0.004121,17576905.000000,627912.000000,0.035724
360,291,250,0.004480,0.004145,17709927.000000,624697.000000,0.035274
361,292,249,0.004560,0.004178,17858882.000000,633257.000000,0.035459
362,293,248,0.004635,0.004292,18323714.000000,646633.000000,0.035289
363,294,248,0.004602,0.004220,17987659.000000,633024.000000,0.035192
364,294,246,0.004756,0.004389,18542220.000000,658807.000000,0.035530
365,295,245,0.004765,0.004392,18622216.000000,666312.000000,0.035780
366,295,244,0.004880,0.004512,18883031.000000,679879.000000,0.036005
367,296,242,0.004839,0.004503,18967457.000000,681348.000000,0.035922
368,297,241,0.004786,0.004436,18876197.000000,670553.000000,0.035524
369,297,240,0.004838,0.004490,19037168.000000,681882.000000,0.035818
370,298,238,0.004846,0.004488,19043180.000000,683300.000000,0.035882
371,299,237,0.004820,0.004485,18919850.000000,671027.000000,0.035467
372,300,236,0.004868,0.004512,19207212.000000,683908.000000,0.035607
373,301,235,0.004837,0.004483,19065728.000000,675532.000000,0.035432
374,302,233,0.004838,0.004506,19171201.000000,672908.000000,0.035100
375,303,232,0.004866,0.004517,19222940.000000,676958.000000,0.035216
376,304,231,0.004964,0.004621,19598211.000000,699230.000000,0.035678
377,305,230,0.004989,0.004640,19569165.000000,699666.000000,0.035753
378,306,229,0.004965,0.004630,19544572.000000,691207.000000,0.035366
379,307,228,0.004905,0.004549,19457940.000000,684109.000000,0.035158
380,308,227,0.004954,0.004593,19548236.000000,683525.000000,0.034966
381,309,226,0.004935,0.004577,19532889.000000,682486.000000,0.034940
382,309,225,0.005043,0.004678,19937244.000000,704879.000000,0.035355
383,310,224,0.005002,0.004637,19782930.000000,698236.000000,0.035295
384,311,223,0.005045,0.004704,19966742.000000,706587.000000,0.035388
385,312,222,0.005060,0.004702,20029002.000000,710735.000000,0.035485
386,313,221,0.005264,0.004900,20402003.000000,722775.000000,0.035427
387,314,220,0.005103,0.004757,20255562.000000,717658.000000,0.035430
388,315,219,0.005100,0.004765,20228092.000000,715265.000000,0.035360
389,316,218,0.005131,0.004781,20419957.000000,720779.000000,0.035298
390,317,217,0.005129,0.004762,20351191.000000,714086.000000,0.035088
391,318,217,0.005162,0.004819,20409915.000000,717859.000000,0.035172
392,319,216,0.005170,0.004820,20544926.000000,722331.000000,0.035159
393,320,215,0.005172,0.004824,20617459.000000,724941.000000,0.035162
394,321,214,0.005199,0.004870,20679724.000000,722653.000000,0.034945
395,321,213,0.005285,0.004927,20958547.000000,735228.000000,0.035080
396,322,212,0.005286,0.004922,21025077.000000,734760.000000,0.034947
397,323,211,0.005355,0.005006,21274797.000000,746117.000000,0.035070
398,323,210,0.005357,0.004997,21223467.000000,748721.000000,0.035278
399,324,209,0.005362,0.005001,21304784.000000,753052.000000,0.035347
400,325,208,0.005407,0.005045,21465072.000000,753944.000000,0.035124
401,326,208,0.005529,0.005160,21932681.000000,778158.000000,0.035479
402,327,207,0.005435,0.005067,21617272.000000,763423.000000,0.035315
403,328,206,0.005553,0.005190,22054610.000000,776641.000000,0.035214
404,328,205,0.005488,0.005140,21917197.000000,763613.000000,0.034841
405,329,204,0.005701,0.005315,22303601.000000,786103.000000,0.035246
406,330,203,0.005617,0.005249,22331309.000000,779720.000000,0.034916
407,331,202,0.005581,0.005226,22223764.000000,768171.000000,0.034565
408,332,201,0.005677,0.005312,22521350.000000,783811.000000,0.034803
409,333,200,0.005702,0.005331,22600206.000000,784149.000000,0.034697
410,334,199,0.005818,0.005436,23105351.000000,809021.000000,0.035014
411,335,198,0.005828,0.005462,23188482.000000,816330.000000,0.035204
412,336,197,0.005782,0.005430,23030783.000000,804278.000000,0.034922
413,337,196,0.005795,0.005418,23003637.000000,804216.000000,0.034960
414,338,195,0.005931,0.005542,23552280.000000,823289.000000,0.034956
415,338,194,0.006064,0.005692,24076671.000000,841314.000000,0.034943
416,338,193,0.005924,0.005556,23607665.000000,824545.000000,0.034927
417,339,193,0.005929,0.005545,23582847.000000,821266.000000,0.034825
418,340,192,0.006019,0.005652,23923054.000000,833945.000000,0.034859
419,340,191,0.006039,0.005665,24039547.000000,843084.000000,0.035071
420,341,190,0.006102,0.005721,24269894.000000,851564.000000,0.035087
421,342,189,0.006054,0.005685,24085358.000000,840342.000000,0.034890
422,343,188,0.006308,0.005914,24715046.000000,873483.000000,0.035342
423,344,187,0.006170,0.005784,24430413.000000,856412.000000,0.035055
424,345,186,0.006250,0.005871,24871415.000000,875393.000000,0.035197
425,345,185,0.006276,0.005891,24870431.000000,873529.000000,0.035123
426,346,184,0.006326,0.005933,24865052.000000,869389.000000,0.034964
427,347,183,0.006318,0.005938,25045133.000000,880616.000000,0.035161
428,347,182,0.006406,0.006028,25391727.000000,889037.000000,0.035013
429,348,182,0.006375,0.006002,25329533.000000,885123.000000,0.034944
430,348,181,0.006342,0.005963,25315966.000000,888293.000000,0.035088
431,348,180,0.006391,0.006028,25268361.000000,878281.000000,0.034758
432,349,179,0.006367,0.005973,25268012.000000,882960.000000,0.034944
433,349,178,0.006332,0.005943,25237417.000000,880330.000000,0.034882
434,350,177,0.006466,0.006073,25330609.000000,881675.000000,0.034807
435,351,177,0.006350,0.005973,25316081.000000,882269.000000,0.034850
436,352,176,0.006404,0.006023,25454888.000000,884863.000000,0.034762
437,352,175,0.006604,0.006226,25775648.000000,898591.000000,0.034862
438,353,174,0.006543,0.006143,25749354.000000,900150.000000,0.034958
439,353,174,0.006374,0.006011,25404058.000000,881506.000000,0.034699
440,354,173,0.006427,0.006047,25634973.000000,898511.000000,0.035050
441,355,172,0.006551,0.006164,26042315.000000,910801.000000,0.034974
442,356,171,0.006564,0.006194,26169109.000000,905569.000000,0.034605
443,356,170,0.006681,0.006286,26538081.000000,922808.000000,0.034773
444,356,170,0.006577,0.006200,26409837.000000,911856.000000,0.034527
445,357,169,0.006661,0.006276,26672238.000000,925505.000000,0.034699
446,358,168,0.006722,0.006342,26876041.000000,933696.000000,0.034741
447,358,167,0.006775,0.006403,27105683.000000,947199.000000,0.034945
448,358,167,0.006735,0.006347,26888079.000000,928529.000000,0.034533
449,358,166,0.006784,0.006406,26982782.000000,936827.000000,0.034719
450,359,165,0.006803,0.006412,27249136.000000,949528.000000,0.034846
451,360,164,0.006768,0.006381,27064632.000000,942288.000000,0.034816
452,361,164,0.006806,0.006434,27119122.000000,938008.000000,0.034588
453,362,163,0.006855,0.006450,27215642.000000,943742.000000,0.034676
454,362,162,0.006854,0.006476,27510536.000000,947170.000000,0.034429
455,363,161,0.006923,0.006520,27599321.000000,952497.000000,0.034512
456,364,161,0.007071,0.006675,28037273.000000,971495.000000,0.034650
457,365,160,0.006962,0.006577,27935611.000000,955630.000000,0.034208
458,366,159,0.006971,0.006582,27999658.000000,953561.000000,0.034056
459,367,159,0.007042,0.006658,28186706.000000,963765.000000,0.034192
460,368,158,0.007060,0.006659,28348289.000000,966497.000000,0.034094
461,368,157,0.007150,0.006761,28610153.000000,975342.000000,0.034091
462,369,157,0.007168,0.006776,28569935.000000,974734.000000,0.034117
463,370,156,0.007204,0.006796,28877880.000000,986175.000000,0.034150
464,370,155,0.007270,0.006892,29094206.000000,989241.000000,0.034001
465,370,154,0.007254,0.006848,29124315.000000,994259.000000,0.034138
466,371,154,0.007259,0.006885,29175629.000000,986979.000000,0.033829
467,372,153,0.007298,0.006890,29242873.000000,993657.000000,0.033979
468,373,152,0.007382,0.006977,29647502.000000,1007280.000000,0.033975
469,374,152,0.007436,0.007035,29507392.000000,1004496.000000,0.034042
470,375,151,0.007488,0.007090,29761844.000000,1008374.000000,0.033881
471,376,151,0.007484,0.007072,29910246.000000,1015805.000000,0.033962
472,377,150,0.007498,0.007090,30079586.000000,1022442.000000,0.033991
473,378,149,0.007492,0.007091,29953737.000000,1012125.000000,0.033790
474,379,149,0.007485,0.007087,30171745.000000,1017848.000000,0.033735
475,380,148,0.007494,0.007110,30110651.000000,1013001.000000,0.033643
476,381,148,0.007557,0.007145,30452199.000000,1025094.000000,0.033662
477,381,147,0.007888,0.007480,30309412.000000,1020754.000000,0.033678
478,382,146,0.007576,0.007172,30409744.000000,1018211.000000,0.033483
479,383,146,0.007858,0.007357,30898348.000000,1044282.000000,0.033797
480,384,145,0.007761,0.007329,30757423.000000,1032211.000000,0.033560
481,385,144,0.007607,0.007219,30606501.000000,1021049.000000,0.033361
482,386,144,0.007781,0.007362,31152628.000000,1043717.000000,0.033503
483,387,143,0.007913,0.007499,31505642.000000,1060086.000000,0.033647
484,388,143,0.007821,0.007429,31312370.000000,1043411.000000,0.033323
485,389,142,0.007944,0.007523,31773647.000000,1071445.000000,0.033721
486,390,142,0.007890,0.007484,31679848.000000,1048644.000000,0.033101
487,391,141,0.007906,0.007488,31922537.000000,1058785.000000,0.033167
488,392,141,0.007909,0.007512,31979113.000000,1057483.000000,0.033068
489,392,140,0.007847,0.007444,31903969.000000,1053731.000000,0.033028
490,393,140,0.007863,0.007473,31848737.000000,1046265.000000,0.032851
491,394,139,0.007862,0.007458,31918747.000000,1055114.000000,0.033056
492,395,139,0.007981,0.007591,32186126.000000,1063389.000000,0.033039
493,396,138,0.008090,0.007667,32504940.000000,1078683.000000,0.033185
494,396,138,0.007991,0.007592,32503481.000000,1073530.000000,0.033028
495,396,137,0.008047,0.007642,32742052.000000,1086874.000000,0.033195
496,397,137,0.007988,0.007602,32416206.000000,1067324.000000,0.032926
497,398,136,0.008026,0.007624,32648451.000000,1076950.000000,0.032986
498,399,136,0.008035,0.007641,32629099.000000,1077070.000000,0.033009
499,400,135,0.008097,0.007652,32841103.000000,1083818.000000,0.033002
500,401,135,0.008628,0.008202,33351258.000000,1098700.000000,0.032943
501,402,134,0.008323,0.007878,33271028.000000,1095887.000000,0.032938
502,402,133,0.008278,0.007860,33293941.000000,1087078.000000,0.032651
503,402,133,0.008293,0.007853,33176437.000000,1085666.000000,0.032724
504,403,132,0.008283,0.007885,33142001.000000,1082000.000000,0.032647
505,404,132,0.008502,0.008069,33508566.000000,1103700.000000,0.032938
506,405,131,0.008293,0.007896,33226473.000000,1084596.000000,0.032643
507,406,131,0.008438,0.007999,33683977.000000,1113698.000000,0.033063
508,407,131,0.008424,0.007977,33748782.000000,1107431.000000,0.032814
509,407,130,0.008475,0.008042,34071987.000000,1118978.000000,0.032842
510,408,130,0.008501,0.008104,34093296.000000,1116800.000000,0.032757
511,409,129,0.008522,0.008090,34094528.000000,1119415.000000,0.032833
512,410,129,0.008509,0.008106,34167825.000000,1118837.000000,0.032745
513,410,128,0.008532,0.008085,34205499.000000,1122120.000000,0.032805
514,411,128,0.008478,0.008073,34155167.000000,1115335.000000,0.032655
515,412,127,0.008502,0.008060,34213060.000000,1121252.000000,0.032773
516,412,127,0.008503,0.008098,34285678.000000,1116414.000000,0.032562
517,413,126,0.008628,0.008197,34475747.000000,1132859.000000,0.032860
518,414,126,0.008580,0.008176,34536241.000000,1122842.000000,0.032512
519,415,126,0.008772,0.008341,35112324.000000,1151451.000000,0.032793
520,415,125,0.008644,0.008232,34727928.000000,1127665.000000,0.032471
521,416,125,0.008635,0.008202,34816669.000000,1130342.000000,0.032466
522,417,124,0.008698,0.008277,35060896.000000,1137345.000000,0.032439
523,418,124,0.008728,0.008315,35331757.000000,1148439.000000,0.032504
524,419,124,0.008756,0.008343,35304598.000000,1145895.000000,0.032457
525,420,123,0.008884,0.008445,35720442.000000,1163033.000000,0.032559
526,420,123,0.008844,0.008439,35722345.000000,1153302.000000,0.032285
527,421,122,0.008900,0.008460,35860299.000000,1164546.000000,0.032475
528,422,122,0.009088,0.008677,36327804.000000,1175667.000000,0.032363
529,422,122,0.008966,0.008541,36162186.000000,1171473.000000,0.032395
530,423,121,0.009004,0.008576,36398950.000000,1183582.000000,0.032517
531,424,121,0.009112,0.008665,36646933.000000,1188329.000000,0.032426
532,424,120,0.009242,0.008790,37230870.000000,1206734.000000,0.032412
533,425,120,0.009169,0.008739,37119325.000000,1203126.000000,0.032412
534,425,119,0.009260,0.008839,37404935.000000,1214070.000000,0.032457
535,426,119,0.009262,0.008837,37411015.000000,1210955.000000,0.032369
536,427,119,0.009256,0.008829,37445423.000000,1211846.000000,0.032363
537,428,118,0.009279,0.008860,37454905.000000,1208089.000000,0.032254
538,429,118,0.009268,0.008850,37553125.000000,1211699.000000,0.032266
539,429,118,0.009426,0.008995,37659873.000000,1218632.000000,0.032359
540,429,117,0.009406,0.008994,38026262.000000,1230123.000000,0.032349
541,430,117,0.009368,0.008922,37734898.000000,1222580.000000,0.032399
542,431,116,0.009462,0.009045,38183465.000000,1231430.000000,0.032250
543,431,116,0.009395,0.008956,37985925.000000,1227346.000000,0.032311
544,432,116,0.009401,0.008976,38001480.000000,1224290.000000,0.032217
545,432,115,0.009454,0.009030,38198746.000000,1233095.000000,0.032281
546,433,115,0.009475,0.009044,38253236.000000,1233767.000000,0.032253
547,433,115,0.009477,0.009060,38383774.000000,1237692.000000,0.032245
548,434,114,0.009545,0.009066,38452600.000000,1243062.000000,0.032327
549,435,114,0.009528,0.009104,38686869.000000,1243226.000000,0.032136
550,436,114,0.009747,0.009309,39216621.000000,1259591.000000,0.032119
551,436,113,0.009547,0.009131,38895326.000000,1249735.000000,0.032131
552,437,113,0.009612,0.009184,39157954.000000,1261641.000000,0.032219
553,438,112,0.009538,0.009127,38834957.000000,1244858.000000,0.032055
554,439,112,0.009619,0.009201,39234075.000000,1260607.000000,0.032130
555,440,112,0.009661,0.009231,39330598.000000,1269996.000000,0.032290
556,441,111,0.009769,0.009356,39777007.000000,1279458.000000,0.032166
557,441,111,0.009749,0.009306,39777221.000000,1277294.000000,0.032111
558,442,111,0.009780,0.009357,39929177.000000,1277749.000000,0.032000
559,443,110,0.009796,0.009355,39742058.000000,1273311.000000,0.032039
560,444,110,0.010022,0.009599,40264115.000000,1292645.000000,0.032104
561,444,110,0.009907,0.009493,40236402.000000,1289827.000000,0.032056
562,444,109,0.009959,0.009504,40306961.000000,1295748.000000,0.032147
563,445,109,0.010050,0.009599,40578879.000000,1296347.000000,0.031946
564,446,109,0.010138,0.009675,40986451.000000,1312775.000000,0.032029
565,447,108,0.010183,0.009701,40980534.000000,1310661.000000,0.031983
566,448,108,0.010119,0.009677,41230945.000000,1310944.000000,0.031795
567,449,108,0.010159,0.009719,41417716.000000,1325998.000000,0.032015
568,450,107,0.010144,0.009721,41453991.000000,1323302.000000,0.031922
569,451,107,0.010120,0.009697,41390640.000000,1317967.000000,0.031842
570,452,107,0.010357,0.009908,42051805.000000,1341407.000000,0.031899
571,453,106,0.010265,0.009802,41802162.000000,1329509.000000,0.031805
572,454,106,0.010605,0.010164,42310549.000000,1351829.000000,0.031950
573,455,106,0.010571,0.010127,42515657.000000,1350054.000000,0.031754
574,456,105,0.010664,0.010233,42927547.000000,1364186.000000,0.031779
575,457,105,0.010595,0.010139,43001603.000000,1372118.000000,0.031909
576,458,104,0.010641,0.010194,43178337.000000,1369323.000000,0.031713
577,459,104,0.010519,0.010076,43040870.000000,1365811.000000,0.031733
578,459,104,0.010696,0.010217,43505364.000000,1370923.000000,0.031512
579,460,103,0.010753,0.010319,43525376.000000,1369601.000000,0.031467
580,461,103,0.010841,0.010365,44034753.000000,1385261.000000,0.031458
581,462,102,0.010826,0.010381,44083368.000000,1381519.000000,0.031339
582,463,102,0.010857,0.010418,44254742.000000,1384522.000000,0.031285
583,463,102,0.010831,0.010382,44356978.000000,1384848.000000,0.031221
584,464,101,0.010845,0.010421,44352440.000000,1384310.000000,0.031212
585,465,101,0.010820,0.010392,44336311.000000,1383830.000000,0.031212
586,466,101,0.011271,0.010818,44605601.000000,1391490.000000,0.031195
587,467,100,0.010869,0.010431,44535763.000000,1384970.000000,0.031098
588,468,100,0.011176,0.010645,45263383.000000,1413325.000000,0.031224
589,469,99,0.011757,0.010786,44838909.000000,1400834.000000,0.031241
590,470,99,0.011587,0.010862,44831934.000000,1394273.000000,0.031100
591,471,99,0.011615,0.010895,44955879.000000,1396101.000000,0.031055
592,471,98,0.011737,0.010993,45487600.000000,1413982.000000,0.031085
593,471,98,0.011776,0.011046,45721335.000000,1419806.000000,0.031053
594,472,97,0.011622,0.010894,45764220.000000,1423491.000000,0.031105
595,472,97,0.012057,0.011324,45749290.000000,1422728.000000,0.031098
596,473,97,0.011877,0.011143,46020459.000000,1434331.000000,0.031167
597,474,96,0.012145,0.011414,46172208.000000,1431460.000000,0.031003
598,475,96,0.011965,0.011247,46524326.000000,1445254.000000,0.031064
599,475,95,0.011987,0.011258,46575835.000000,1447978.000000,0.031089
600,476,95,0.012011,0.011286,46557446.000000,1442330.000000,0.030980
601,476,95,0.012086,0.011367,46982063.000000,1463445.000000,0.031149
602,476,94,0.012033,0.011297,46681610.000000,1450848.000000,0.031080
603,477,94,0.012028,0.011287,46682977.000000,1454146.000000,0.031149
604,478,93,0.011875,0.011142,46911927.000000,1462212.000000,0.031169
605,479,93,0.012271,0.011826,47317916.000000,1469449.000000,0.031055
606,479,93,0.011552,0.011102,47342111.000000,1464301.000000,0.030930
607,480,92,0.011618,0.011142,47782379.000000,1483546.000000,0.031048
608,481,92,0.011610,0.011156,47571143.000000,1470642.000000,0.030915
609,482,92,0.011626,0.011150,47655129.000000,1469246.000000,0.030831
610,483,91,0.011568,0.011106,47702895.000000,1474314.000000,0.030906
611,483,91,0.011695,0.011226,47853971.000000,1472836.000000,0.030778
612,484,91,0.011707,0.011253,48146353.000000,1488282.000000,0.030912
613,485,91,0.011642,0.011179,47914998.000000,1476808.000000,0.030821
614,485,90,0.011724,0.011272,48122880.000000,1483903.000000,0.030836
615,486,90,0.011696,0.011249,48224752.000000,1488040.000000,0.030856
616,487,90,0.011748,0.011298,48292166.000000,1495372.000000,0.030965
617,488,89,0.011868,0.011406,48566498.000000,1506287.000000,0.031015
618,489,89,0.011900,0.011438,48704130.000000,1507757.000000,0.030957
619,490,89,0.011914,0.011448,48814677.000000,1503785.000000,0.030806
620,491,89,0.011866,0.011406,49006321.000000,1509911.000000,0.030811
621,491,88,0.011919,0.011452,49149062.000000,1510664.000000,0.030736
622,492,88,0.012012,0.011553,49217887.000000,1515189.000000,0.030785
623,492,88,0.011987,0.011537,49442733.000000,1523066.000000,0.030805
624,493,88,0.011985,0.011517,49506238.000000,1519241.000000,0.030688
625,494,87,0.012019,0.011564,49671892.000000,1520281.000000,0.030606
626,495,87,0.012101,0.011651,50021004.000000,1536724.000000,0.030722
627,496,87,0.012217,0.011756,50099493.000000,1541993.000000,0.030779
628,497,87,0.012187,0.011736,50235996.000000,1538153.000000,0.030619
629,497,86,0.012276,0.011814,50554870.000000,1552217.000000,0.030704
630,498,86,0.012231,0.011772,50262713.000000,1539153.000000,0.030622
631,499,86,0.012372,0.011903,50596495.000000,1551154.000000,0.030657
632,500,86,0.012314,0.011871,50561830.000000,1552430.000000,0.030704
633,501,85,0.012337,0.011861,50559767.000000,1546793.000000,0.030593
634,501,85,0.012302,0.011857,50721093.000000,1543730.000000,0.030436
635,501,85,0.012330,0.011856,50758725.000000,1550310.000000,0.030543
636,502,85,0.012331,0.011862,50713149.000000,1542816.000000,0.030422
637,503,85,0.012276,0.011826,50738469.000000,1548443.000000,0.030518
638,504,84,0.012413,0.011958,51193813.000000,1567383.000000,0.030617
639,504,84,0.012505,0.012036,51266552.000000,1574778.000000,0.030717
640,504,84,0.012448,0.011999,51183797.000000,1567201.000000,0.030619
641,505,84,0.012376,0.011906,51096669.000000,1564583.000000,0.030620
642,506,84,0.012427,0.011981,51475653.000000,1574658.000000,0.030590
643,507,83,0.012560,0.012090,51900611.000000,1580736.000000,0.030457
644,508,83,0.012610,0.012160,51909838.000000,1576579.000000,0.030371
645,509,83,0.012585,0.012106,51991686.000000,1567906.000000,0.030157
646,510,83,0.012710,0.012245,52383435.000000,1584836.000000,0.030255
647,510,83,0.012756,0.012254,52422156.000000,1586445.000000,0.030263
648,511,82,0.012744,0.012300,52568755.000000,1587626.000000,0.030201
649,511,82,0.012765,0.012294,52718157.000000,1590212.000000,0.030164
650,512,82,0.012791,0.012335,52794505.000000,1589933.000000,0.030116
651,512,82,0.012826,0.012347,52773507.000000,1596078.000000,0.030244
652,513,82,0.012791,0.012328,52760669.000000,1594866.000000,0.030228
653,514,82,0.012815,0.012335,52839004.000000,1594283.000000,0.030172
654,515,82,0.012850,0.012393,53067013.000000,1604898.000000,0.030243
655,516,82,0.012939,0.012453,53135359.000000,1603829.000000,0.030184
656,517,81,0.012884,0.012421,53232780.000000,1603922.000000,0.030130
657,517,81,0.012952,0.012500,53578851.000000,1610366.000000,0.030056
658,518,81,0.012931,0.012476,53391606.000000,1605077.000000,0.030062
659,519,81,0.012936,0.012461,53398376.000000,1605775.000000,0.030072
660,520,81,0.013034,0.012564,53796843.000000,1618444.000000,0.030084
661,521,81,0.013033,0.012572,53880192.000000,1618361.000000,0.030036
662,521,81,0.013188,0.012721,54363575.000000,1637166.000000,0.030115
663,522,81,0.013224,0.012743,54556529.000000,1642286.000000,0.030102
664,523,81,0.013350,0.012854,55014214.000000,1653280.000000,0.030052
665,524,80,0.013178,0.012696,54601478.000000,1637968.000000,0.029999
666,524,80,0.013188,0.012710,54676226.000000,1633206.000000,0.029870
667,525,80,0.013243,0.012759,54654851.000000,1632454.000000,0.029868
668,526,80,0.013980,0.013476,55685070.000000,1661608.000000,0.029839
669,527,80,0.013468,0.012967,55291024.000000,1655420.000000,0.029940
670,528,79,0.013682,0.013110,55848389.000000,1673503.000000,0.029965
671,529,79,0.013510,0.013046,55825913.000000,1668045.000000,0.029879
672,529,79,0.013658,0.013179,56501665.000000,1682730.000000,0.029782
673,530,79,0.013611,0.013151,56339553.000000,1674180.000000,0.029716
674,530,79,0.013637,0.013176,56499925.000000,1675853.000000,0.029661
675,531,78,0.013706,0.013226,56686484.000000,1688137.000000,0.029780
676,532,78,0.013733,0.013261,56758019.000000,1686326.000000,0.029711
677,533,78,0.013870,0.013387,57007038.000000,1693687.000000,0.029710
678,534,78,0.013910,0.013424,57364930.000000,1703971.000000,0.029704
679,535,78,0.013972,0.013485,57659414.000000,1710888.000000,0.029672
680,536,77,0.013914,0.013436,57684415.000000,1712001.000000,0.029679
681,536,77,0.013999,0.013508,57879811.000000,1723122.000000,0.029771
682,537,77,0.014026,0.013554,57926122.000000,1720744.000000,0.029706
683,538,77,0.013953,0.013474,57821764.000000,1716658.000000,0.029689
684,538,77,0.014128,0.013644,58347562.000000,1730495.000000,0.029658
685,539,76,0.014030,0.013548,58130332.000000,1723936.000000,0.029656
686,540,76,0.014198,0.013697,58798626.000000,1735135.000000,0.029510
687,541,76,0.014150,0.013644,58610866.000000,1726918.000000,0.029464
688,542,76,0.014254,0.013771,59094980.000000,1733937.000000,0.029342
689,543,76,0.014344,0.013859,59374170.000000,1740119.000000,0.029308
690,544,75,0.014345,0.013846,59693549.000000,1757565.000000,0.029443
691,545,75,0.014530,0.014054,59905459.000000,1774580.000000,0.029623
692,546,75,0.014608,0.014132,60392164.000000,1785654.000000,0.029568
693,547,75,0.014682,0.014200,60537153.000000,1799760.000000,0.029730
694,547,74,0.014594,0.014114,60338593.000000,1787212.000000,0.029620
695,548,74,0.014704,0.014222,60475000.000000,1787861.000000,0.029564
696,549,74,0.014616,0.014135,60420616.000000,1781993.000000,0.029493
697,550,74,0.014808,0.014330,61191672.000000,1806009.000000,0.029514
698,551,74,0.014914,0.014440,61197727.000000,1807805.000000,0.029540
699,551,73,0.014987,0.014521,61833003.000000,1820467.000000,0.029442
700,552,73,0.014951,0.014483,61764408.000000,1813415.000000,0.029360
701,552,73,0.014896,0.014434,61682645.000000,1813998.000000,0.029409
702,552,73,0.015007,0.014542,61786141.000000,1820480.000000,0.029464
703,553,72,0.014967,0.014497,61751476.000000,1818803.000000,0.029454
704,554,72,0.015007,0.014489,62065853.000000,1825505.000000,0.029412
705,555,72,0.015050,0.014573,62109318.000000,1818037.000000,0.029272
706,556,72,0.015112,0.014641,62633506.000000,1839364.000000,0.029367
707,557,72,0.015098,0.014629,62522179.000000,1832887.000000,0.029316
708,558,71,0.015129,0.014656,62729974.000000,1832325.000000,0.029210
709,559,71,0.015162,0.014670,62857567.000000,1834846.000000,0.029191
710,560,71,0.015134,0.014656,63131095.000000,1849081.000000,0.029290
711,561,71,0.015309,0.014805,63232701.000000,1855197.000000,0.029339
712,561,71,0.015318,0.014845,63414328.000000,1826379.000000,0.028801
713,562,70,0.015279,0.014789,63294974.000000,1817915.000000,0.028721
714,563,70,0.015328,0.014861,63495502.000000,1831593.000000,0.028846
715,563,70,0.015325,0.014845,63450574.000000,1831821.000000,0.028870
716,563,70,0.015224,0.014723,63382752.000000,1824088.000000,0.028779
717,563,70,0.015222,0.014741,63395218.000000,1824180.000000,0.028775
718,564,69,0.015671,0.015060,63387438.000000,1826530.000000,0.028815
719,565,69,0.015667,0.015066,63339809.000000,1827196.000000,0.028848
720,566,69,0.015757,0.015149,63765540.000000,1832097.000000,0.028732
721,566,69,0.015752,0.015150,63805787.000000,1838855.000000,0.028820
722,567,68,0.015813,0.015215,63820481.000000,1837764.000000,0.028796
723,568,68,0.015748,0.015147,63734265.000000,1832275.000000,0.028749
724,569,68,0.016155,0.015651,64211400.000000,1847636.000000,0.028774
725,570,68,0.015304,0.014787,64063229.000000,1840307.000000,0.028726
726,571,68,0.015411,0.014935,64449396.000000,1853051.000000,0.028752
727,572,68,0.015323,0.014847,64427234.000000,1850694.000000,0.028725
728,573,67,0.015791,0.015323,65216593.000000,1879974.000000,0.028827
729,574,67,0.015751,0.015264,64723998.000000,1852671.000000,0.028624
730,574,67,0.016199,0.015576,65132082.000000,1856132.000000,0.028498
731,575,67,0.016281,0.015646,65171860.000000,1853305.000000,0.028437
732,576,67,0.016265,0.015685,65451297.000000,1860895.000000,0.028432
733,577,66,0.016220,0.015599,65328438.000000,1852512.000000,0.028357
734,578,66,0.016277,0.015670,65915905.000000,1871952.000000,0.028399
735,579,66,0.016313,0.015692,66275102.000000,1879265.000000,0.028356
736,580,66,0.020302,0.019410,67640839.000000,1977502.000000,0.029235
737,581,65,0.028589,0.027542,71322276.000000,2062504.000000,0.028918
738,582,64,0.016605,0.015662,67040174.000000,1892033.000000,0.028222
739,583,64,0.016957,0.016258,67105550.000000,1902114.000000,0.028345
740,583,63,0.035378,0.034545,70458607.000000,2007175.000000,0.028487
741,583,62,0.018945,0.018015,67484595.000000,1905769.000000,0.028240
742,584,62,0.023124,0.022255,70137632.000000,1944034.000000,0.027717
743,585,62,0.017230,0.016478,67947713.000000,1914704.000000,0.028179
744,586,61,0.017857,0.017246,68714128.000000,1926842.000000,0.028041
745,586,61,0.016118,0.015566,67797882.000000,1902844.000000,0.028066
746,587,61,0.016254,0.015754,68460602.000000,1922305.000000,0.028079
747,587,61,0.016190,0.015705,68401993.000000,1919684.000000,0.028065
748,588,61,0.016133,0.015650,68283413.000000,1913608.000000,0.028024
749,589,61,0.016160,0.015674,68410074.000000,1919472.000000,0.028058
750,590,61,0.016577,0.016071,69498692.000000,1946316.000000,0.028005
751,591,60,0.016314,0.015817,68967890.000000,1931385.000000,0.028004
752,592,60,0.016411,0.015934,69493308.000000,1943846.000000,0.027972
753,593,60,0.016421,0.015940,69554108.000000,1945856.000000,0.027976
754,594,60,0.016465,0.015962,69814227.000000,1940698.000000,0.027798
755,595,60,0.016500,0.016016,70034296.000000,1940305.000000,0.027705
756,596,60,0.016684,0.016202,70495946.000000,1952849.000000,0.027702
757,596,60,0.016669,0.016191,70697156.000000,1959162.000000,0.027712
758,597,60,0.016634,0.016158,70664682.000000,1958696.000000,0.027718
759,598,60,0.016681,0.016203,70650086.000000,1958867.000000,0.027726
760,599,59,0.016716,0.016234,70850386.000000,1962059.000000,0.027693
