frame,nb of entities,FPS,frame length,physics length,L1-dcache-loads,L1-dcache-load-misses,L1-dcache-load-miss-ratio
0,3,301,0.002016,0.000025,443920.000000,29535.000000,0.066532
1,4,302,0.003322,0.000029,575574.000000,32935.000000,0.057221
2,5,302,0.003320,0.000038,560474.000000,33252.000000,0.059328
3,6,302,0.003327,0.000029,567536.000000,32463.000000,0.057200
4,7,302,0.003319,0.000029,599866.000000,33945.000000,0.056588
5,8,302,0.003321,0.000026,551933.000000,30362.000000,0.055010
6,9,302,0.003325,0.000029,565953.000000,33025.000000,0.058353
7,10,302,0.003326,0.000032,560208.000000,33260.000000,0.059371
8,11,302,0.003321,0.000045,575274.000000,33600.000000,0.058407
9,12,302,0.003322,0.000034,579694.000000,33340.000000,0.057513
10,13,302,0.003330,0.000034,539499.000000,29699.000000,0.055049
11,14,302,0.003317,0.000053,605651.000000,35331.000000,0.058336
12,15,302,0.003322,0.000038,589718.000000,33208.000000,0.056312
13,16,302,0.003327,0.000036,606168.000000,34028.000000,0.056136
14,17,302,0.003321,0.000046,604382.000000,34456.000000,0.057010
15,17,302,0.003319,0.000032,555048.000000,29722.000000,0.053549
16,18,302,0.003333,0.000038,615817.000000,33867.000000,0.054995
17,19,302,0.003311,0.000060,617099.000000,37300.000000,0.060444
18,20,302,0.003323,0.000040,613483.000000,33657.000000,0.054862
19,21,302,0.003327,0.000040,610117.000000,34525.000000,0.056588
20,22,302,0.003320,0.000043,614494.000000,30806.000000,0.050132
21,23,302,0.003325,0.000042,630989.000000,33959.000000,0.053819
22,24,302,0.003323,0.000045,634944.000000,33366.000000,0.052550
23,25,302,0.003326,0.000040,622258.000000,34208.000000,0.054974
24,26,302,0.003319,0.000052,631106.000000,33904.000000,0.053722
25,27,302,0.003328,0.000047,596512.000000,30831.000000,0.051685
26,28,302,0.003319,0.000076,658262.000000,36712.000000,0.055771
27,29,302,0.003325,0.000055,656247.000000,34878.000000,0.053148
28,30,302,0.003325,0.000062,649169.000000,35676.000000,0.054956
29,31,302,0.003318,0.000065,662388.000000,35950.000000,0.054273
30,32,302,0.003321,0.000060,619793.000000,31220.000000,0.050372
31,33,302,0.003328,0.000058,650243.000000,34116.000000,0.052467
32,34,302,0.003318,0.000076,675658.000000,37043.000000,0.054825
33,35,302,0.003324,0.000049,665589.000000,34466.000000,0.051783
34,36,302,0.003330,0.000062,662329.000000,34323.000000,0.051822
35,37,302,0.003317,0.000078,640912.000000,32551.000000,0.050789
36,38,302,0.003324,0.000151,853140.000000,44127.000000,0.051723
37,39,302,0.003327,0.000106,843395.000000,44171.000000,0.052373
38,40,302,0.003323,0.000107,813394.000000,44197.000000,0.054337
39,41,302,0.003321,0.000113,836813.000000,44378.000000,0.053032
40,42,302,0.003325,0.000108,821462.000000,40550.000000,0.049363
41,43,302,0.003327,0.000113,836503.000000,44692.000000,0.053427
42,44,302,0.003316,0.000176,865513.000000,50179.000000,0.057976
43,45,302,0.003327,0.000103,880319.000000,44534.000000,0.050588
44,46,302,0.003322,0.000131,868833.000000,46100.000000,0.053060
45,47,302,0.003322,0.000119,847889.000000,41167.000000,0.048552
46,48,302,0.003328,0.000119,858235.000000,44318.000000,0.051639
47,48,302,0.003316,0.000144,879489.000000,45298.000000,0.051505
48,49,302,0.003324,0.000109,876597.000000,45081.000000,0.051427
49,49,302,0.003327,0.000115,860446.000000,44456.000000,0.051666
50,50,302,0.003319,0.000138,851220.000000,42420.000000,0.049834
51,51,302,0.003325,0.000112,882191.000000,44295.000000,0.050210
52,52,302,0.003327,0.000121,888430.000000,44650.000000,0.050257
53,53,302,0.003321,0.000128,937202.000000,47819.000000,0.051023
54,53,302,0.003324,0.000111,883456.000000,44703.000000,0.050600
55,54,302,0.003326,0.000126,889200.000000,41668.000000,0.046860
56,55,302,0.003323,0.000128,940326.000000,46880.000000,0.049855
57,56,302,0.003325,0.000117,910158.000000,44917.000000,0.049351
58,57,302,0.003324,0.000146,942298.000000,45851.000000,0.048659
59,57,302,0.003323,0.000124,921024.000000,45457.000000,0.049355
60,58,300,0.003325,0.000137,900128.000000,42323.000000,0.047019
61,59,300,0.003328,0.000139,980283.000000,48297.000000,0.049268
62,60,300,0.003322,0.000139,956798.000000,46934.000000,0.049053
63,61,300,0.003322,0.000230,1019372.000000,59568.000000,0.058436
64,62,300,0.003329,0.000231,1122333.000000,58676.000000,0.052280
65,63,300,0.003314,0.000258,1052762.000000,56418.000000,0.053590
66,64,300,0.003316,0.000295,1200678.000000,66397.000000,0.055300
67,65,300,0.003323,0.000230,1198986.000000,59767.000000,0.049848
68,65,300,0.003323,0.000174,1100365.000000,53572.000000,0.048686
69,66,300,0.003323,0.000206,1121340.000000,54610.000000,0.048701
70,67,300,0.003325,0.000260,1102476.000000,55622.000000,0.050452
71,68,300,0.003320,0.000256,1143985.000000,62613.000000,0.054732
72,69,300,0.003320,0.000259,1147802.000000,62723.000000,0.054646
73,70,300,0.003329,0.000269,1158890.000000,57349.000000,0.049486
74,71,300,0.003318,0.000242,1265282.000000,63542.000000,0.050220
75,71,300,0.003320,0.000327,1232565.000000,68177.000000,0.055313
76,72,300,0.003325,0.000338,1266325.000000,75485.000000,0.059609
77,72,300,0.003316,0.000256,1272994.000000,60586.000000,0.047593
78,72,300,0.003322,0.000196,1226944.000000,58999.000000,0.048086
79,73,300,0.003329,0.000246,1230702.000000,60163.000000,0.048885
80,73,300,0.003317,0.000302,1322507.000000,63778.000000,0.048225
81,73,300,0.003327,0.000235,1350268.000000,66404.000000,0.049178
82,74,300,0.003327,0.000354,1410110.000000,76304.000000,0.054112
83,74,300,0.003318,0.000317,1297350.000000,69968.000000,0.053931
84,75,300,0.003320,0.000319,1296205.000000,70025.000000,0.054023
85,75,300,0.003326,0.000314,1263765.000000,65230.000000,0.051616
86,76,300,0.003320,0.000321,1286367.000000,71670.000000,0.055715
87,77,300,0.003321,0.000324,1304418.000000,72088.000000,0.055264
88,78,300,0.003327,0.000428,1507926.000000,85023.000000,0.056384
89,78,300,0.003318,0.000363,1394227.000000,78879.000000,0.056575
90,79,300,0.003324,0.000366,1366626.000000,73745.000000,0.053961
91,80,300,0.003325,0.000337,1335285.000000,71331.000000,0.053420
92,81,300,0.003322,0.000440,1525728.000000,84585.000000,0.055439
93,82,300,0.003315,0.000556,1637319.000000,99501.000000,0.060771
94,83,300,0.003325,0.000584,1773628.000000,110620.000000,0.062369
95,84,300,0.003317,0.000535,1758652.000000,92989.000000,0.052875
96,85,300,0.003321,0.000489,1677403.000000,91745.000000,0.054695
97,85,300,0.003326,0.000452,1584843.000000,88979.000000,0.056144
98,85,300,0.003319,0.000487,1685150.000000,93288.000000,0.055359
99,86,300,0.003322,0.000401,1492918.000000,81375.000000,0.054507
100,87,300,0.003326,0.000364,1371514.000000,66911.000000,0.048786
101,88,300,0.003320,0.000366,1423662.000000,73482.000000,0.051615
102,89,300,0.003323,0.000376,1440789.000000,77885.000000,0.054057
103,90,300,0.003325,0.000387,1475367.000000,72763.000000,0.049319
104,91,300,0.003322,0.000389,1478957.000000,79493.000000,0.053749
105,92,300,0.003320,0.000399,1482248.000000,69961.000000,0.047199
106,92,300,0.003327,0.000410,1533209.000000,79076.000000,0.051575
107,93,300,0.003319,0.000409,1560321.000000,73998.000000,0.047425
108,94,300,0.003323,0.000406,1557003.000000,76273.000000,0.048987
109,95,300,0.003327,0.000430,1611685.000000,77105.000000,0.047841
110,96,300,0.003320,0.000438,1588490.000000,70521.000000,0.044395
111,97,300,0.003321,0.000431,1629907.000000,74124.000000,0.045477
112,98,300,0.003327,0.000537,1847625.000000,88872.000000,0.048101
113,99,300,0.003320,0.000520,1852321.000000,88179.000000,0.047605
114,100,300,0.003324,0.000485,1756081.000000,81444.000000,0.046378
115,100,300,0.003325,0.000534,1820370.000000,83429.000000,0.045831
116,101,300,0.003324,0.000526,1859866.000000,88966.000000,0.047835
117,101,300,0.003318,0.000524,1860672.000000,88240.000000,0.047424
118,101,300,0.003327,0.000540,1876294.000000,90699.000000,0.048339
119,101,300,0.003320,0.000542,1896215.000000,89810.000000,0.047363
120,101,301,0.003322,0.000506,1846642.000000,86977.000000,0.047100
121,102,301,0.003324,0.000528,1939738.000000,92663.000000,0.047771
122,103,301,0.003325,0.000507,1910657.000000,91626.000000,0.047955
123,104,301,0.003320,0.000408,1930762.000000,81180.000000,0.042046
124,105,301,0.003329,0.000440,2011009.000000,84216.000000,0.041877
125,106,300,0.003318,0.000574,1926565.000000,95590.000000,0.049617
126,107,300,0.003319,0.000575,1994591.000000,99913.000000,0.050092
127,107,300,0.003326,0.000633,2118485.000000,107775.000000,0.050874
128,108,300,0.003319,0.000631,2133528.000000,105794.000000,0.049586
129,109,300,0.003322,0.000636,2155551.000000,107330.000000,0.049792
130,110,300,0.003327,0.000663,2171255.000000,104475.000000,0.048117
131,110,300,0.003318,0.000667,2239923.000000,109051.000000,0.048685
132,110,300,0.003322,0.000673,2244054.000000,109165.000000,0.048646
133,110,300,0.003325,0.000679,2266459.000000,110837.000000,0.048903
134,111,300,0.003320,0.000727,2369319.000000,115345.000000,0.048683
135,111,300,0.003322,0.000728,2323421.000000,110854.000000,0.047712
136,111,300,0.003326,0.000774,2489113.000000,124093.000000,0.049854
137,112,300,0.003320,0.000723,2396268.000000,118131.000000,0.049298
138,113,300,0.003325,0.000854,2638737.000000,133503.000000,0.050594
139,114,300,0.003321,0.000516,2437997.000000,101906.000000,0.041799
140,115,300,0.003320,0.000606,2405512.000000,99159.000000,0.041222
141,115,300,0.003323,0.000669,2581469.000000,109249.000000,0.042320
142,116,300,0.003327,0.000503,2389231.000000,95668.000000,0.040041
143,116,300,0.003322,0.000531,2424532.000000,96095.000000,0.039634
144,117,300,0.003324,0.000600,2645463.000000,109362.000000,0.041339
145,118,300,0.003325,0.000579,2548331.000000,99802.000000,0.039164
146,119,300,0.003322,0.000781,3081295.000000,131580.000000,0.042703
147,120,300,0.003322,0.000554,2742630.000000,110777.000000,0.040391
148,121,300,0.003380,0.000945,3167396.000000,138801.000000,0.043822
149,122,300,0.003377,0.000694,2972263.000000,124898.000000,0.042021
150,123,300,0.003375,0.000847,3273719.000000,141063.000000,0.043090
151,124,300,0.003368,0.000749,3096987.000000,132564.000000,0.042804
152,124,300,0.003380,0.000895,3311527.000000,144575.000000,0.043658
153,125,300,0.003316,0.000806,3403787.000000,144983.000000,0.042595
154,126,300,0.003318,0.001128,3446968.000000,149631.000000,0.043409
155,126,300,0.003324,0.000728,3419026.000000,140637.000000,0.041134
156,126,300,0.003322,0.000795,3327692.000000,138033.000000,0.041480
157,127,300,0.003342,0.000963,3382189.000000,143489.000000,0.042425
158,128,300,0.003324,0.000796,3472485.000000,144617.000000,0.041647
159,129,300,0.003373,0.000822,3402295.000000,142789.000000,0.041968
160,130,300,0.003317,0.000935,3423890.000000,137792.000000,0.040244
161,131,300,0.003324,0.000905,3563933.000000,149128.000000,0.041844
162,132,300,0.003325,0.000808,3734471.000000,154937.000000,0.041488
163,133,300,0.003323,0.001272,3756675.000000,159997.000000,0.042590
164,134,300,0.003367,0.000962,3753532.000000,155674.000000,0.041474
165,135,300,0.003377,0.000897,3820934.000000,156154.000000,0.040868
166,135,300,0.003382,0.000971,3876359.000000,158089.000000,0.040783
167,136,300,0.003370,0.000897,3781157.000000,151236.000000,0.039997
168,137,300,0.003357,0.000859,3795236.000000,151730.000000,0.039979
169,137,300,0.003378,0.000931,3792716.000000,152455.000000,0.040197
170,138,299,0.003376,0.000885,3751729.000000,147025.000000,0.039189
171,139,299,0.003376,0.001038,3818042.000000,151425.000000,0.039660
172,140,299,0.003382,0.000940,3868668.000000,153455.000000,0.039666
173,141,299,0.003372,0.000885,3926439.000000,153810.000000,0.039173
174,142,299,0.003394,0.001099,4127447.000000,165821.000000,0.040175
175,142,299,0.003382,0.001024,4109508.000000,162895.000000,0.039639
176,143,299,0.003391,0.001121,4368802.000000,177911.000000,0.040723
177,144,299,0.003382,0.000984,4101207.000000,160066.000000,0.039029
178,144,299,0.003382,0.001013,4341313.000000,175148.000000,0.040344
179,145,299,0.003382,0.001120,4326902.000000,168883.000000,0.039031
180,146,299,0.003374,0.001047,4388079.000000,172476.000000,0.039306
181,146,298,0.003379,0.000945,4341012.000000,168280.000000,0.038765
182,147,298,0.003390,0.001132,4551108.000000,174574.000000,0.038359
183,147,298,0.003381,0.001022,4380709.000000,168388.000000,0.038439
184,148,298,0.003385,0.001161,4380120.000000,165809.000000,0.037855
185,148,298,0.003379,0.001121,4516347.000000,175718.000000,0.038907
186,148,298,0.003384,0.001064,4766929.000000,189158.000000,0.039681
187,149,298,0.003418,0.001788,4824371.000000,237465.000000,0.049222
188,150,298,0.003384,0.001113,4803447.000000,191679.000000,0.039904
189,151,298,0.003399,0.001181,4769990.000000,184717.000000,0.038725
190,152,298,0.003425,0.001218,4828757.000000,189115.000000,0.039164
191,152,297,0.003382,0.001074,4835015.000000,189818.000000,0.039259
192,153,297,0.003400,0.001153,4732614.000000,183603.000000,0.038795
193,153,297,0.003390,0.001205,4958572.000000,196890.000000,0.039707
194,154,297,0.003393,0.001167,4683297.000000,178439.000000,0.038101
195,155,297,0.003392,0.001146,4730917.000000,185701.000000,0.039253
196,156,297,0.003384,0.001152,4910518.000000,192586.000000,0.039219
197,157,297,0.003387,0.001078,4905559.000000,189413.000000,0.038612
198,158,297,0.003397,0.001252,5287473.000000,211645.000000,0.040028
199,159,297,0.003396,0.001253,5091266.000000,198772.000000,0.039042
200,160,297,0.003328,0.001331,5426048.000000,217840.000000,0.040147
201,161,296,0.003424,0.002035,5755357.000000,268686.000000,0.046685
202,162,296,0.003327,0.001345,5464293.000000,218028.000000,0.039900
203,163,296,0.003347,0.002102,5729208.000000,263474.000000,0.045988
204,164,296,0.003321,0.001294,5676444.000000,223668.000000,0.039403
205,165,296,0.003325,0.001494,5709596.000000,227074.000000,0.039771
206,166,296,0.003319,0.001332,5690261.000000,222413.000000,0.039087
207,167,296,0.003327,0.001320,5670379.000000,219688.000000,0.038743
208,168,296,0.003328,0.001453,5577574.000000,214688.000000,0.038491
209,169,297,0.003316,0.001697,5650705.000000,218706.000000,0.038704
210,170,297,0.003317,0.001430,6032315.000000,235831.000000,0.039095
211,171,297,0.003359,0.002261,5940583.000000,247411.000000,0.041648
212,172,297,0.003325,0.001347,6009130.000000,229767.000000,0.038236
213,173,297,0.003323,0.001513,6162139.000000,236761.000000,0.038422
214,174,297,0.003322,0.001392,6162115.000000,233305.000000,0.037861
215,175,297,0.003321,0.001550,6174854.000000,232176.000000,0.037600
216,176,297,0.003326,0.001572,6336832.000000,243215.000000,0.038381
217,176,297,0.003323,0.001422,6337657.000000,237959.000000,0.037547
218,176,297,0.003322,0.001560,6374229.000000,239138.000000,0.037516
219,177,297,0.003324,0.001473,6354239.000000,234951.000000,0.036975
220,178,297,0.003324,0.001622,6365790.000000,236470.000000,0.037147
221,179,297,0.003321,0.001610,6441788.000000,240350.000000,0.037311
222,179,297,0.003321,0.001618,6817026.000000,259132.000000,0.038012
223,180,297,0.003430,0.001978,6621135.000000,249596.000000,0.037697
224,181,297,0.003383,0.001562,6769753.000000,256234.000000,0.037850
225,182,297,0.003403,0.001479,6560707.000000,243976.000000,0.037187
226,183,297,0.003415,0.001723,6741240.000000,253278.000000,0.037571
227,184,297,0.003408,0.001517,6747245.000000,252660.000000,0.037446
228,184,296,0.003422,0.001815,6832625.000000,254802.000000,0.037292
229,185,296,0.003410,0.001557,6781263.000000,248217.000000,0.036603
230,186,296,0.003421,0.001813,6991498.000000,260053.000000,0.037196
231,187,296,0.003408,0.001623,6999849.000000,261358.000000,0.037338
232,188,296,0.003414,0.001666,7155007.000000,267862.000000,0.037437
233,188,296,0.003417,0.001836,7275146.000000,273311.000000,0.037568
234,188,296,0.003411,0.001647,7094323.000000,261550.000000,0.036868
235,188,296,0.003437,0.002221,7345940.000000,271415.000000,0.036948
236,189,296,0.003415,0.001667,7207874.000000,264801.000000,0.036738
237,190,296,0.003416,0.001680,7262615.000000,269398.000000,0.037094
238,191,296,0.003417,0.001725,7314843.000000,265392.000000,0.036281
239,192,296,0.003410,0.001682,7411731.000000,265238.000000,0.035786
240,192,296,0.003432,0.001985,7669792.000000,278785.000000,0.036348
241,192,296,0.003422,0.001833,7673225.000000,279781.000000,0.036462
242,193,296,0.003365,0.001951,7689240.000000,278302.000000,0.036194
243,194,296,0.003310,0.002014,7920751.000000,285951.000000,0.036102
244,195,296,0.003423,0.001970,7865543.000000,286019.000000,0.036364
245,196,296,0.003432,0.002041,8047069.000000,297339.000000,0.036950
246,197,296,0.003421,0.001928,8182652.000000,304820.000000,0.037252
247,198,296,0.003428,0.001901,8069985.000000,296065.000000,0.036687
248,199,296,0.003430,0.001874,8141789.000000,289719.000000,0.035584
249,200,296,0.003421,0.001889,8268918.000000,301224.000000,0.036428
250,201,296,0.003424,0.002016,8535540.000000,315226.000000,0.036931
251,202,295,0.003436,0.002011,8565386.000000,317986.000000,0.037125
252,203,295,0.003430,0.002028,8805943.000000,330307.000000,0.037510
253,203,295,0.003432,0.002021,8761052.000000,323280.000000,0.036900
254,204,295,0.003433,0.002000,8754167.000000,322231.000000,0.036809
255,204,295,0.003423,0.001999,8746707.000000,320464.000000,0.036638
256,205,295,0.003431,0.002010,8665547.000000,313795.000000,0.036212
257,206,295,0.003431,0.001977,8746533.000000,317352.000000,0.036283
258,207,295,0.003435,0.002022,8751166.000000,312260.000000,0.035682
259,208,295,0.003432,0.002020,8898893.000000,324113.000000,0.036422
260,209,295,0.003438,0.002107,9089993.000000,329739.000000,0.036275
261,210,295,0.003441,0.002121,9136695.000000,332132.000000,0.036351
262,211,295,0.003426,0.002060,9068721.000000,324226.000000,0.035752
263,212,295,0.003438,0.002110,9065332.000000,323115.000000,0.035643
264,213,294,0.003442,0.002161,9159013.000000,328970.000000,0.035918
265,214,294,0.003436,0.002083,9187287.000000,326783.000000,0.035569
266,215,294,0.003440,0.002143,9236102.000000,330831.000000,0.035819
267,216,294,0.003442,0.002207,9377384.000000,335544.000000,0.035782
268,217,294,0.003434,0.002111,9221824.000000,325263.000000,0.035271
269,218,294,0.003437,0.002111,9290008.000000,329435.000000,0.035461
270,218,293,0.003445,0.002172,9435973.000000,334782.000000,0.035479
271,218,293,0.003444,0.002213,9602473.000000,345901.000000,0.036022
272,219,293,0.003453,0.002386,9759091.000000,355340.000000,0.036411
273,220,293,0.003447,0.002241,9562778.000000,335358.000000,0.035069
274,221,293,0.003439,0.002175,9601796.000000,337472.000000,0.035147
275,222,293,0.003371,0.002177,9604913.000000,338910.000000,0.035285
276,223,293,0.003346,0.002314,9735767.000000,344176.000000,0.035352
277,224,293,0.003345,0.002196,9675605.000000,335531.000000,0.034678
278,225,293,0.003344,0.002235,9736693.000000,339537.000000,0.034872
279,226,293,0.003347,0.002238,9728202.000000,339679.000000,0.034917
280,226,292,0.003364,0.002246,9872263.000000,346974.000000,0.035146
281,227,292,0.003353,0.002530,10127135.000000,363556.000000,0.035899
282,228,292,0.003350,0.002311,10026826.000000,350581.000000,0.034964
283,228,293,0.003353,0.002292,9999230.000000,348962.000000,0.034899
284,229,293,0.003346,0.002283,10022309.000000,348983.000000,0.034821
285,229,293,0.003365,0.002334,10099541.000000,351457.000000,0.034799
286,230,293,0.003360,0.002565,10232247.000000,359254.000000,0.035110
287,231,293,0.003353,0.002288,10266145.000000,362451.000000,0.035305
288,231,293,0.003353,0.002334,10148926.000000,348892.000000,0.034377
289,232,293,0.003353,0.002323,10191730.000000,351390.000000,0.034478
290,233,293,0.003348,0.002331,10254105.000000,350410.000000,0.034173
291,234,293,0.003384,0.002923,10573541.000000,384160.000000,0.036332
292,235,293,0.003361,0.002463,10505683.000000,358921.000000,0.034164
293,236,293,0.003350,0.002348,10415528.000000,353709.000000,0.033960
294,237,293,0.003363,0.002527,10758585.000000,370301.000000,0.034419
295,237,293,0.003357,0.002431,10688590.000000,366438.000000,0.034283
296,238,294,0.003357,0.002451,10762308.000000,368645.000000,0.034253
297,239,294,0.003358,0.002471,10813077.000000,370564.000000,0.034270
298,240,294,0.003359,0.002505,11011572.000000,379302.000000,0.034446
299,241,294,0.003361,0.002514,11035247.000000,380523.000000,0.034483
300,242,294,0.003365,0.002585,11282271.000000,389030.000000,0.034482
301,242,294,0.003364,0.002558,11124118.000000,379714.000000,0.034134
302,242,294,0.003360,0.002544,11109540.000000,379941.000000,0.034200
303,242,294,0.003364,0.002594,11295781.000000,388916.000000,0.034430
304,243,294,0.003363,0.002573,11214906.000000,382147.000000,0.034075
305,244,294,0.003364,0.002573,11328118.000000,385066.000000,0.033992
306,244,294,0.003368,0.002670,11517577.000000,393180.000000,0.034137
307,245,294,0.003366,0.002645,11498296.000000,388416.000000,0.033780
308,246,294,0.003370,0.002699,11814056.000000,402831.000000,0.034098
309,247,294,0.003369,0.002677,11704816.000000,394929.000000,0.033741
310,248,294,0.003370,0.002699,11820561.000000,398543.000000,0.033716
311,249,295,0.003373,0.002711,11823527.000000,396380.000000,0.033525
312,250,295,0.003373,0.002740,11850107.000000,395411.000000,0.033368
313,250,295,0.003367,0.002684,11793286.000000,392226.000000,0.033258
314,251,295,0.003371,0.002689,11817353.000000,391704.000000,0.033147
315,252,295,0.003373,0.002749,11868889.000000,392156.000000,0.033041
316,253,295,0.003375,0.002707,11939355.000000,392814.000000,0.032901
317,254,295,0.003360,0.003012,12126900.000000,398312.000000,0.032845
318,255,295,0.003335,0.002802,12272540.000000,408332.000000,0.033272
319,256,295,0.003376,0.002821,12368671.000000,414709.000000,0.033529
320,257,295,0.003379,0.002876,12432847.000000,417017.000000,0.033542
321,258,295,0.003379,0.002854,12449479.000000,416616.000000,0.033465
322,259,296,0.003380,0.002913,12665117.000000,418222.000000,0.033022
323,260,296,0.003355,0.002981,12621328.000000,418604.000000,0.033166
324,261,296,0.003385,0.002911,12786437.000000,417994.000000,0.032690
325,262,296,0.003384,0.002939,12857545.000000,422006.000000,0.032822
326,262,296,0.003384,0.002957,12976016.000000,419193.000000,0.032305
327,263,296,0.003384,0.002974,12967682.000000,417873.000000,0.032224
328,264,296,0.003380,0.002935,12969860.000000,414374.000000,0.031949
329,265,296,0.003383,0.002935,13022377.000000,413373.000000,0.031743
330,266,296,0.003384,0.002995,13131183.000000,415465.000000,0.031640
331,266,296,0.003384,0.002972,13179479.000000,415648.000000,0.031538
332,267,296,0.003376,0.003057,13370412.000000,420020.000000,0.031414
333,267,297,0.003328,0.003010,13239853.000000,416031.000000,0.031423
334,267,297,0.003363,0.003011,13312246.000000,416678.000000,0.031300
335,267,297,0.003347,0.003032,13406967.000000,416657.000000,0.031078
336,268,297,0.003411,0.003100,13654308.000000,427433.000000,0.031304
337,269,297,0.003427,0.003090,13676368.000000,424389.000000,0.031031
338,270,296,0.003540,0.003220,14030922.000000,443918.000000,0.031639
339,270,296,0.003496,0.003173,13892956.000000,436068.000000,0.031388
340,271,295,0.003747,0.003193,14078976.000000,440365.000000,0.031278
341,272,295,0.003775,0.003164,13902644.000000,434104.000000,0.031225
342,273,294,0.003830,0.003215,14225993.000000,445173.000000,0.031293
343,273,293,0.003832,0.003231,14186615.000000,442037.000000,0.031159
344,274,293,0.003814,0.003208,14285411.000000,446792.000000,0.031276
345,274,292,0.003921,0.003295,14636676.000000,464954.000000,0.031766
346,274,291,0.003940,0.003347,14646383.000000,458071.000000,0.031275
347,275,290,0.003930,0.003312,14727423.000000,460765.000000,0.031286
348,276,289,0.004186,0.003567,14798529.000000,464162.000000,0.031365
349,276,288,0.003926,0.003313,14745233.000000,461584.000000,0.031304
350,277,288,0.003970,0.003363,14755452.000000,461008.000000,0.031243
351,278,287,0.003985,0.003626,14828011.000000,466348.000000,0.031450
352,279,286,0.003750,0.003408,15042398.000000,469049.000000,0.031182
353,280,286,0.003755,0.003412,14990729.000000,467487.000000,0.031185
354,281,285,0.003761,0.003442,15125042.000000,469232.000000,0.031024
355,282,284,0.003799,0.003456,15138850.000000,468413.000000,0.030941
356,282,284,0.003822,0.003490,15216152.000000,465332.000000,0.030581
357,283,283,0.004068,0.003714,15234001.000000,471045.000000,0.030921
358,284,281,0.004537,0.003872,15459908.000000,478417.000000,0.030946
359,285,280,0.004044,0.003426,15204857.000000,465790.000000,0.030634
360,285,280,0.004077,0.003455,15365504.000000,478675.000000,0.031153
361,286,278,0.004170,0.003510,15501637.000000,479660.000000,0.030943
362,286,277,0.004448,0.003826,16018220.000000,499842.000000,0.031205
363,287,276,0.004322,0.003697,16117095.000000,499942.000000,0.031019
364,287,275,0.004192,0.003561,15909189.000000,486682.000000,0.030591
365,287,274,0.004259,0.003640,16136288.000000,496290.000000,0.030756
366,288,272,0.004331,0.003684,16299493.000000,498998.000000,0.030614
367,289,271,0.004312,0.003691,16324115.000000,502736.000000,0.030797
368,290,270,0.004345,0.003738,16388902.000000,504650.000000,0.030792
369,290,269,0.004314,0.003688,16394075.000000,502810.000000,0.030670
370,291,268,0.004425,0.003817,16686722.000000,515548.000000,0.030896
371,292,266,0.004459,0.003830,16946263.000000,524223.000000,0.030934
372,292,265,0.004430,0.003797,16696929.000000,513710.000000,0.030767
373,293,264,0.004443,0.003832,16947236.000000,522732.000000,0.030845
374,294,263,0.004459,0.003844,16929467.000000,524478.000000,0.030980
375,295,261,0.004505,0.004138,17130139.000000,530597.000000,0.030974
376,296,260,0.004508,0.004140,17113992.000000,531040.000000,0.031030
377,296,259,0.004292,0.003949,17249024.000000,536911.000000,0.031127
378,297,258,0.004386,0.004043,17224877.000000,530690.000000,0.030810
379,298,257,0.004256,0.003891,17258653.000000,534767.000000,0.030985
380,299,256,0.004306,0.003967,17482246.000000,541669.000000,0.030984
381,300,255,0.004293,0.003962,17459645.000000,539207.000000,0.030883
382,301,254,0.004414,0.004073,17887788.000000,555744.000000,0.031068
383,302,253,0.004375,0.004034,17800581.000000,550168.000000,0.030907
384,303,252,0.004373,0.004034,17804709.000000,549958.000000,0.030888
385,304,251,0.004371,0.004037,17847200.000000,548287.000000,0.030721
386,305,249,0.004455,0.004126,18175248.000000,563759.000000,0.031018
387,306,248,0.004490,0.004144,18239878.000000,568770.000000,0.031183
388,307,247,0.004448,0.004108,18152249.000000,560602.000000,0.030883
389,307,246,0.004460,0.004139,18214904.000000,562268.000000,0.030869
390,308,245,0.004482,0.004144,18271739.000000,565823.000000,0.030967
391,309,244,0.004486,0.004144,18268897.000000,565420.000000,0.030950
392,310,243,0.004512,0.004178,18424906.000000,572212.000000,0.031056
393,311,242,0.004554,0.004232,18564036.000000,577583.000000,0.031113
394,312,240,0.004688,0.004346,19015297.000000,602591.000000,0.031690
395,313,239,0.004670,0.004329,18987632.000000,598435.000000,0.031517
396,314,238,0.004674,0.004332,19031900.000000,594146.000000,0.031218
397,315,236,0.004886,0.004528,19408164.000000,613872.000000,0.031630
398,316,235,0.004791,0.004433,19461015.000000,613918.000000,0.031546
399,316,234,0.004848,0.004463,19655066.000000,622350.000000,0.031664
400,316,233,0.004776,0.004434,19497664.000000,607787.000000,0.031172
401,316,232,0.004816,0.004455,19580454.000000,614476.000000,0.031382
402,317,231,0.004865,0.004502,19765741.000000,617917.000000,0.031262
403,318,230,0.004870,0.004521,19840797.000000,618274.000000,0.031162
404,319,229,0.004844,0.004501,19783313.000000,618824.000000,0.031280
405,320,229,0.004854,0.004498,19788370.000000,619898.000000,0.031326
406,321,228,0.004864,0.004510,19912556.000000,620378.000000,0.031155
407,322,227,0.004872,0.004534,19913201.000000,616322.000000,0.030950
408,323,226,0.004919,0.004565,20100097.000000,623264.000000,0.031008
409,323,225,0.005078,0.004713,20531099.000000,642249.000000,0.031282
410,324,224,0.004904,0.004562,20056601.000000,618872.000000,0.030856
411,324,224,0.004954,0.004605,20238489.000000,631897.000000,0.031223
412,325,223,0.004982,0.004632,20343388.000000,636480.000000,0.031287
413,326,222,0.004978,0.004643,20384591.000000,632426.000000,0.031025
414,326,221,0.004995,0.004655,20488369.000000,639707.000000,0.031223
415,327,220,0.005072,0.004710,20675080.000000,648312.000000,0.031357
416,328,219,0.005171,0.004816,21149180.000000,666114.000000,0.031496
417,329,218,0.005230,0.004742,20873511.000000,654179.000000,0.031340
418,330,217,0.005277,0.004859,21168511.000000,666144.000000,0.031469
419,331,216,0.005267,0.004873,21385672.000000,674921.000000,0.031559
420,331,215,0.005317,0.004958,21702519.000000,686894.000000,0.031650
421,332,214,0.005290,0.004916,21536592.000000,680693.000000,0.031606
422,332,214,0.005365,0.004999,21912197.000000,694570.000000,0.031698
423,333,213,0.005337,0.004980,21804982.000000,686975.000000,0.031505
424,334,212,0.005451,0.005095,22266388.000000,704092.000000,0.031621
425,334,211,0.005478,0.005109,22327129.000000,710624.000000,0.031828
426,335,210,0.005454,0.005119,22329793.000000,707433.000000,0.031681
427,335,209,0.005445,0.005091,22267149.000000,707205.000000,0.031760
428,336,208,0.005522,0.005156,22342738.000000,707839.000000,0.031681
429,337,207,0.005487,0.005147,22447634.000000,709673.000000,0.031615
430,337,207,0.005470,0.005112,22396741.000000,707592.000000,0.031594
431,338,206,0.005515,0.005155,22573475.000000,711377.000000,0.031514
432,339,205,0.005575,0.005239,22925173.000000,716510.000000,0.031254
433,340,204,0.005629,0.005271,23044287.000000,727021.000000,0.031549
434,341,203,0.005685,0.005308,23266165.000000,733423.000000,0.031523
435,342,203,0.005729,0.005385,23318784.000000,724580.000000,0.031073
436,343,202,0.005872,0.005495,23490064.000000,733784.000000,0.031238
437,343,201,0.005767,0.005401,23467404.000000,730305.000000,0.031120
438,344,200,0.005704,0.005354,23422924.000000,726583.000000,0.031020
439,345,199,0.005715,0.005347,23480555.000000,731756.000000,0.031164
440,345,198,0.005847,0.005486,23925083.000000,746682.000000,0.031209
441,345,197,0.005739,0.005399,23636352.000000,735011.000000,0.031097
442,346,196,0.005879,0.005509,24042543.000000,757126.000000,0.031491
443,346,195,0.005862,0.005498,24111570.000000,757961.000000,0.031436
444,347,194,0.005883,0.005532,24187234.000000,756487.000000,0.031276
445,348,193,0.005959,0.005595,24313956.000000,760458.000000,0.031277
446,349,192,0.005947,0.005580,24421210.000000,760294.000000,0.031133
447,350,191,0.005959,0.005608,24409220.000000,758705.000000,0.031083
448,350,190,0.006019,0.005649,24534041.000000,765384.000000,0.031197
449,350,189,0.005953,0.005599,24451496.000000,759244.000000,0.031051
450,351,188,0.006046,0.005664,24638283.000000,764788.000000,0.031041
451,352,188,0.005994,0.005618,24691188.000000,764420.000000,0.030959
452,353,187,0.006187,0.005809,24918918.000000,769500.000000,0.030880
453,354,186,0.006177,0.005795,25039081.000000,775126.000000,0.030957
454,355,185,0.006221,0.005846,25350338.000000,784690.000000,0.030954
455,355,184,0.006135,0.005773,25253703.000000,780598.000000,0.030910
456,356,183,0.006111,0.005746,25223427.000000,772443.000000,0.030624
457,357,182,0.006169,0.005786,25357855.000000,779455.000000,0.030738
458,358,182,0.006163,0.005798,25457116.000000,778364.000000,0.030575
459,359,181,0.006235,0.005860,25744656.000000,788350.000000,0.030622
460,360,180,0.006254,0.005901,25852734.000000,788330.000000,0.030493
461,360,179,0.006227,0.005859,25795656.000000,784270.000000,0.030403
462,361,178,0.006331,0.005950,25945141.000000,792685.000000,0.030552
463,362,178,0.006336,0.005961,26130780.000000,796742.000000,0.030491
464,362,177,0.006448,0.006025,26440242.000000,813491.000000,0.030767
465,363,176,0.006332,0.005932,26080389.000000,799595.000000,0.030659
466,364,175,0.006318,0.005970,26153095.000000,796960.000000,0.030473
467,365,175,0.006322,0.005951,26190246.000000,794857.000000,0.030349
468,366,174,0.006266,0.005921,26034879.000000,781458.000000,0.030016
469,367,173,0.006566,0.006167,26377299.000000,797441.000000,0.030232
470,367,172,0.006474,0.006093,26591379.000000,804165.000000,0.030242
471,368,171,0.007152,0.006779,27577188.000000,847679.000000,0.030738
472,369,171,0.006506,0.006117,26833058.000000,811205.000000,0.030232
473,370,170,0.006817,0.006438,26723534.000000,811318.000000,0.030360
474,371,169,0.006651,0.006251,27251421.000000,813012.000000,0.029834
475,371,168,0.006525,0.006125,27048548.000000,805713.000000,0.029788
476,372,167,0.007132,0.006751,27727891.000000,829126.000000,0.029902
477,373,167,0.006678,0.006280,27451291.000000,817657.000000,0.029786
478,373,166,0.006929,0.006442,27963817.000000,842131.000000,0.030115
479,374,165,0.007000,0.006569,28178314.000000,850221.000000,0.030173
480,375,164,0.006835,0.006449,28229035.000000,848944.000000,0.030073
481,376,163,0.007241,0.006863,28233908.000000,843520.000000,0.029876
482,377,163,0.006810,0.006421,28243213.000000,841189.000000,0.029784
483,378,162,0.007085,0.006713,28668406.000000,861529.000000,0.030052
484,379,161,0.007099,0.006674,28959871.000000,882204.000000,0.030463
485,380,161,0.006858,0.006483,28445393.000000,848979.000000,0.029846
486,381,160,0.006976,0.006577,28849368.000000,865263.000000,0.029992
487,382,159,0.007823,0.007423,29015767.000000,864082.000000,0.029780
488,383,158,0.007008,0.006615,28814693.000000,854472.000000,0.029654
489,384,158,0.007077,0.006687,29204822.000000,872335.000000,0.029870
490,385,157,0.007086,0.006711,29265745.000000,871887.000000,0.029792
491,386,156,0.007131,0.006729,29145540.000000,869973.000000,0.029849
492,386,156,0.007128,0.006709,29451520.000000,879509.000000,0.029863
493,387,155,0.007225,0.006813,29707921.000000,890596.000000,0.029978
494,388,154,0.007274,0.006875,29968108.000000,898391.000000,0.029978
495,389,154,0.007836,0.007314,30226360.000000,910826.000000,0.030133
496,390,153,0.007371,0.006963,30199647.000000,889766.000000,0.029463
497,390,152,0.007832,0.007369,30321308.000000,909574.000000,0.029998
498,391,152,0.007434,0.007007,30330533.000000,883753.000000,0.029137
499,392,151,0.007358,0.006963,30410114.000000,894103.000000,0.029402
500,393,150,0.007933,0.007518,30782686.000000,910122.000000,0.029566
501,394,149,0.007448,0.007062,30731202.000000,904284.000000,0.029426
502,395,149,0.007917,0.007499,30845928.000000,912704.000000,0.029589
503,395,148,0.007500,0.007096,30953154.000000,916865.000000,0.029621
504,396,148,0.007456,0.007063,30723210.000000,903961.000000,0.029423
505,396,147,0.007729,0.007335,31219287.000000,927125.000000,0.029697
506,397,146,0.007531,0.007126,31008555.000000,917407.000000,0.029586
507,398,146,0.007557,0.007129,31139498.000000,922966.000000,0.029640
508,399,145,0.007701,0.007315,31727751.000000,943880.000000,0.029749
509,399,145,0.007760,0.007357,31986100.000000,956702.000000,0.029910
510,400,144,0.007900,0.007511,31979612.000000,955899.000000,0.029891
511,401,143,0.007891,0.007467,32176862.000000,963121.000000,0.029932
512,401,143,0.007888,0.007501,32324520.000000,968256.000000,0.029954
513,402,142,0.007958,0.007541,32524288.000000,975522.000000,0.029994
514,403,141,0.007836,0.007452,32567421.000000,970175.000000,0.029790
515,404,141,0.008266,0.007845,32861536.000000,979695.000000,0.029813
516,405,140,0.007990,0.007584,32854556.000000,972222.000000,0.029592
517,405,140,0.008082,0.007664,32806710.000000,975545.000000,0.029736
518,406,139,0.008069,0.007660,32950955.000000,979565.000000,0.029728
519,407,138,0.008067,0.007626,32978872.000000,982019.000000,0.029777
520,408,138,0.008191,0.007787,33533415.000000,1006035.000000,0.030001
521,408,137,0.008170,0.007747,33309640.000000,996958.000000,0.029930
522,409,137,0.008160,0.007752,33308941.000000,998615.000000,0.029980
523,409,136,0.008364,0.007907,33589847.000000,1011072.000000,0.030101
524,410,135,0.008169,0.007742,33518003.000000,1007670.000000,0.030064
525,411,135,0.008182,0.007767,33674413.000000,1015257.000000,0.030149
526,411,134,0.008215,0.007805,33851234.000000,1022114.000000,0.030194
527,412,134,0.008280,0.007875,34009054.000000,1025152.000000,0.030144
528,413,133,0.008362,0.007913,34243868.000000,1033259.000000,0.030174
529,414,132,0.008366,0.007960,34336050.000000,1027264.000000,0.029918
530,415,132,0.008438,0.008002,34506865.000000,1031070.000000,0.029880
531,416,131,0.008492,0.008090,34849513.000000,1042161.000000,0.029905
532,417,131,0.008452,0.008040,34702053.000000,1029632.000000,0.029671
533,418,130,0.008384,0.007969,34628410.000000,1025889.000000,0.029626
534,418,130,0.008383,0.007987,34711702.000000,1027960.000000,0.029614
535,419,129,0.008645,0.008220,35076104.000000,1039332.000000,0.029631
536,420,129,0.008484,0.008073,35046472.000000,1032869.000000,0.029471
537,420,128,0.008503,0.008072,35127060.000000,1040947.000000,0.029634
538,420,128,0.008483,0.008058,35145391.000000,1038315.000000,0.029543
539,420,128,0.008689,0.008257,35596478.000000,1055404.000000,0.029649
540,421,127,0.008908,0.008491,35433982.000000,1052589.000000,0.029706
541,422,127,0.008622,0.008181,35465135.000000,1052765.000000,0.029685
542,423,126,0.008703,0.008296,35802949.000000,1061373.000000,0.029645
543,424,126,0.008765,0.008319,36070617.000000,1074411.000000,0.029786
544,424,125,0.008733,0.008325,36100156.000000,1069560.000000,0.029628
545,425,125,0.008849,0.008424,36531875.000000,1095412.000000,0.029985
546,426,124,0.008908,0.008490,36224117.000000,1070978.000000,0.029565
547,427,124,0.008756,0.008310,36152133.000000,1067326.000000,0.029523
548,428,124,0.008761,0.008327,36218606.000000,1063406.000000,0.029361
549,429,123,0.008976,0.008545,36834958.000000,1091712.000000,0.029638
550,430,123,0.008924,0.008511,36888008.000000,1089316.000000,0.029530
551,431,122,0.008961,0.008548,37050140.000000,1096346.000000,0.029591
552,432,122,0.008992,0.008584,37191076.000000,1093929.000000,0.029414
553,433,121,0.009033,0.008605,37401202.000000,1095785.000000,0.029298
554,434,121,0.009001,0.008601,37383594.000000,1098944.000000,0.029396
555,435,121,0.009007,0.008596,37411410.000000,1098220.000000,0.029355
556,436,120,0.009090,0.008664,37763385.000000,1114215.000000,0.029505
557,437,120,0.009255,0.008828,37773558.000000,1110331.000000,0.029394
558,438,119,0.009154,0.008714,37945758.000000,1126643.000000,0.029691
559,439,119,0.009130,0.008724,38023268.000000,1120879.000000,0.029479
560,440,119,0.009285,0.008863,38371006.000000,1134782.000000,0.029574
561,440,118,0.009174,0.008768,38157484.000000,1123889.000000,0.029454
562,440,118,0.009181,0.008736,38158822.000000,1125297.000000,0.029490
563,441,118,0.009192,0.008776,38233803.000000,1129569.000000,0.029544
564,442,117,0.009227,0.008826,38375046.000000,1129130.000000,0.029424
565,442,117,0.009242,0.008825,38400182.000000,1133853.000000,0.029527
566,443,116,0.009289,0.008868,38424352.000000,1132587.000000,0.029476
567,444,116,0.009265,0.008833,38554092.000000,1135555.000000,0.029454
568,445,116,0.009534,0.009112,38922777.000000,1155334.000000,0.029683
569,446,115,0.009381,0.008927,38902757.000000,1150011.000000,0.029561
570,446,115,0.009390,0.008947,39082004.000000,1156028.000000,0.029580
571,447,115,0.009340,0.008903,38883930.000000,1149243.000000,0.029556
572,448,114,0.009328,0.008918,38940959.000000,1148883.000000,0.029503
573,448,114,0.009343,0.008923,38937775.000000,1148556.000000,0.029497
574,449,114,0.009339,0.008904,38991518.000000,1150436.000000,0.029505
575,450,113,0.009342,0.008927,39055338.000000,1155556.000000,0.029588
576,451,113,0.009494,0.009057,39432897.000000,1174958.000000,0.029796
577,452,113,0.009505,0.009077,39626412.000000,1178688.000000,0.029745
578,452,112,0.009533,0.009100,39809871.000000,1183895.000000,0.029739
579,453,112,0.009722,0.009297,40062367.000000,1187630.000000,0.029645
580,454,112,0.009646,0.009200,40134939.000000,1194937.000000,0.029773
581,455,111,0.009693,0.009242,40385127.000000,1202964.000000,0.029787
582,456,111,0.009633,0.009224,40312102.000000,1185277.000000,0.029403
583,457,111,0.009648,0.009219,40317180.000000,1189271.000000,0.029498
584,458,111,0.009715,0.009297,40552323.000000,1199457.000000,0.029578
585,459,110,0.009720,0.009300,40623188.000000,1202898.000000,0.029611
586,460,110,0.009814,0.009392,40767142.000000,1202280.000000,0.029491
587,461,110,0.009859,0.009411,41125486.000000,1210637.000000,0.029438
588,462,109,0.009803,0.009359,41047755.000000,1207238.000000,0.029411
589,463,109,0.010072,0.009639,41334862.000000,1223376.000000,0.029597
590,464,109,0.010090,0.009635,41690129.000000,1227593.000000,0.029446
591,464,108,0.009945,0.009519,41591973.000000,1222017.000000,0.029381
592,464,108,0.009996,0.009567,41624977.000000,1220477.000000,0.029321
593,465,108,0.010014,0.009526,41660236.000000,1222098.000000,0.029335
594,466,107,0.010079,0.009657,42097923.000000,1237118.000000,0.029387
595,467,107,0.010079,0.009645,42120669.000000,1242327.000000,0.029494
596,468,107,0.010145,0.009701,42240535.000000,1240185.000000,0.029360
597,469,106,0.010239,0.009790,42613673.000000,1252434.000000,0.029390
598,469,106,0.010688,0.010206,42986824.000000,1260755.000000,0.029329
599,469,106,0.010688,0.010203,43151259.000000,1260484.000000,0.029211
600,470,105,0.010352,0.009877,42993995.000000,1257027.000000,0.029237
601,471,105,0.010398,0.009922,43200842.000000,1263926.000000,0.029257
602,472,105,0.010571,0.010110,43826045.000000,1277943.000000,0.029159
603,473,104,0.010818,0.010350,43878291.000000,1277594.000000,0.029117
604,474,104,0.010635,0.010190,44270883.000000,1281574.000000,0.028948
605,475,104,0.010570,0.010141,44419056.000000,1284769.000000,0.028924
606,475,103,0.010704,0.010251,44634840.000000,1294302.000000,0.028998
607,476,103,0.011001,0.010437,45126444.000000,1319578.000000,0.029242
608,477,103,0.011085,0.010649,45298797.000000,1318702.000000,0.029111
609,478,102,0.010931,0.010474,45471368.000000,1329883.000000,0.029247
610,478,102,0.010945,0.010511,45834104.000000,1336986.000000,0.029170
611,478,102,0.010863,0.010435,45571068.000000,1323831.000000,0.029050
612,479,101,0.011022,0.010577,46057225.000000,1354482.000000,0.029409
613,480,101,0.011020,0.010580,45854267.000000,1338445.000000,0.029189
614,481,100,0.011030,0.010594,46018049.000000,1336226.000000,0.029037
615,482,100,0.011027,0.010564,46161543.000000,1343504.000000,0.029104
616,483,100,0.011100,0.010662,46617014.000000,1350312.000000,0.028966
617,484,99,0.011752,0.011013,46915670.000000,1361503.000000,0.029020
618,485,99,0.012258,0.011508,47053699.000000,1377168.000000,0.029268
619,486,98,0.012120,0.011350,47118868.000000,1369770.000000,0.029071
620,487,98,0.011597,0.010872,47152388.000000,1351781.000000,0.028668
621,488,97,0.012383,0.011616,47571459.000000,1365109.000000,0.028696
622,489,97,0.012364,0.011618,47627085.000000,1376204.000000,0.028895
623,490,97,0.011669,0.010950,47645698.000000,1363276.000000,0.028613
624,490,96,0.012387,0.011610,48318394.000000,1383633.000000,0.028636
625,490,96,0.012373,0.011627,48280426.000000,1398312.000000,0.028962
626,491,95,0.011866,0.011408,48442312.000000,1395629.000000,0.028810
627,491,95,0.011485,0.011031,47971425.000000,1375826.000000,0.028680
628,492,95,0.011600,0.011157,48091219.000000,1378701.000000,0.028668
629,493,94,0.011537,0.011066,48030069.000000,1382508.000000,0.028784
630,494,94,0.011577,0.011135,48153980.000000,1376026.000000,0.028576
631,495,94,0.011552,0.011096,48124812.000000,1378186.000000,0.028638
632,496,93,0.011647,0.011201,48455994.000000,1396022.000000,0.028810
633,497,93,0.011654,0.011195,48621663.000000,1394370.000000,0.028678
634,498,93,0.011904,0.011454,48824672.000000,1398675.000000,0.028647
635,499,92,0.011774,0.011298,48814078.000000,1403203.000000,0.028746
636,500,92,0.011874,0.011417,49270038.000000,1416118.000000,0.028742
637,500,92,0.011860,0.011397,49107636.000000,1402388.000000,0.028557
638,501,91,0.011856,0.011410,49097785.000000,1403761.000000,0.028591
639,501,91,0.011928,0.011441,49466931.000000,1419416.000000,0.028694
640,502,91,0.011989,0.011543,49705199.000000,1429956.000000,0.028769
641,503,90,0.011858,0.011398,49202749.000000,1409525.000000,0.028647
642,503,90,0.012205,0.011705,50201057.000000,1449622.000000,0.028876
643,504,90,0.012224,0.011738,50168475.000000,1436259.000000,0.028629
644,505,89,0.012270,0.011812,50524970.000000,1445465.000000,0.028609
645,506,89,0.012401,0.011916,50917814.000000,1457444.000000,0.028623
646,507,88,0.012468,0.011969,51592767.000000,1483924.000000,0.028762
647,508,88,0.012545,0.012081,51521389.000000,1485442.000000,0.028832
648,508,88,0.012587,0.012111,51898409.000000,1496196.000000,0.028829
649,508,87,0.012619,0.012136,52032775.000000,1498708.000000,0.028803
650,508,87,0.012510,0.012047,52099530.000000,1502569.000000,0.028840
651,508,87,0.012692,0.012218,52066051.000000,1494912.000000,0.028712
652,509,86,0.012627,0.012136,52226277.000000,1496675.000000,0.028658
653,510,86,0.012590,0.012107,52164631.000000,1497828.000000,0.028713
654,511,86,0.012681,0.012194,52729221.000000,1519786.000000,0.028822
655,512,85,0.012609,0.012151,52555466.000000,1500661.000000,0.028554
656,513,85,0.012825,0.012364,53306045.000000,1527486.000000,0.028655
657,514,85,0.012794,0.012327,53168424.000000,1523428.000000,0.028653
658,515,85,0.012817,0.012177,52887686.000000,1505290.000000,0.028462
659,516,84,0.012703,0.012225,52832183.000000,1493375.000000,0.028266
660,517,84,0.012974,0.012493,53618106.000000,1524169.000000,0.028426
661,518,84,0.012768,0.012308,53267518.000000,1509242.000000,0.028333
662,519,83,0.012968,0.012510,53887121.000000,1533481.000000,0.028457
663,519,83,0.013002,0.012525,54214405.000000,1551391.000000,0.028616
664,520,83,0.012944,0.012470,54013422.000000,1537688.000000,0.028469
665,521,83,0.013085,0.012621,54542305.000000,1552689.000000,0.028468
666,522,82,0.013394,0.012903,55134305.000000,1574956.000000,0.028566
667,523,82,0.013301,0.012819,55281989.000000,1576793.000000,0.028523
668,524,82,0.013320,0.012850,55605446.000000,1580261.000000,0.028419
669,525,82,0.013387,0.012913,55880066.000000,1590961.000000,0.028471
670,526,81,0.013387,0.012927,55751244.000000,1581879.000000,0.028374
671,527,81,0.013328,0.012856,55623509.000000,1572153.000000,0.028264
672,528,81,0.013355,0.012863,55808271.000000,1573220.000000,0.028190
673,529,80,0.013353,0.012879,55850156.000000,1574580.000000,0.028193
674,530,80,0.013640,0.013137,56697070.000000,1604975.000000,0.028308
675,531,80,0.013489,0.012997,56339478.000000,1593815.000000,0.028289
676,532,80,0.013608,0.013142,56902778.000000,1604828.000000,0.028203
677,533,79,0.013636,0.013156,56894317.000000,1604143.000000,0.028195
678,534,79,0.013706,0.013198,57155069.000000,1607708.000000,0.028129
679,535,79,0.013724,0.013235,57149349.000000,1599181.000000,0.027982
680,536,79,0.013797,0.013307,57396416.000000,1607441.000000,0.028006
681,537,79,0.014400,0.013640,57514515.000000,1611313.000000,0.028016
682,538,79,0.013922,0.013170,57458361.000000,1612901.000000,0.028071
683,538,78,0.013987,0.013235,57723400.000000,1615405.000000,0.027985
684,539,78,0.013906,0.013133,57439872.000000,1610081.000000,0.028031
685,540,78,0.013905,0.013145,57469151.000000,1611845.000000,0.028047
686,540,78,0.013928,0.013445,57851142.000000,1627353.000000,0.028130
687,540,78,0.013951,0.013369,58255427.000000,1645479.000000,0.028246
688,541,77,0.013957,0.013477,57961867.000000,1628431.000000,0.028095
689,542,77,0.013882,0.013383,58136940.000000,1630478.000000,0.028045
690,543,77,0.013952,0.013453,58444998.000000,1645874.000000,0.028161
691,543,77,0.014015,0.013521,58422839.000000,1643486.000000,0.028131
692,544,76,0.013994,0.013496,58482256.000000,1642002.000000,0.028077
693,544,76,0.014032,0.013520,58508722.000000,1642976.000000,0.028081
694,545,76,0.014065,0.013572,58663365.000000,1650088.000000,0.028128
695,545,76,0.014145,0.013654,58452676.000000,1639316.000000,0.028045
696,546,75,0.013951,0.013443,58234390.000000,1629370.000000,0.027980
697,547,75,0.014052,0.013559,58651629.000000,1644256.000000,0.028034
698,548,75,0.014111,0.013626,58973771.000000,1646771.000000,0.027924
699,549,75,0.014148,0.013669,59044975.000000,1651779.000000,0.027975
700,550,75,0.014290,0.013695,59089135.000000,1649859.000000,0.027922
701,551,74,0.014123,0.013531,59004484.000000,1648901.000000,0.027945
702,552,74,0.014306,0.013845,59571639.000000,1664416.000000,0.027940
703,553,74,0.014179,0.013691,59664055.000000,1664760.000000,0.027902
704,554,74,0.014322,0.013849,60287192.000000,1677954.000000,0.027833
705,554,74,0.014332,0.013863,60147175.000000,1672592.000000,0.027808
706,555,73,0.014376,0.013920,60407414.000000,1684303.000000,0.027882
707,555,73,0.014308,0.013845,60150561.000000,1677127.000000,0.027882
708,556,73,0.014365,0.013905,60426300.000000,1682731.000000,0.027848
709,557,73,0.014546,0.014084,60598534.000000,1687974.000000,0.027855
710,558,73,0.014517,0.014043,60967707.000000,1700233.000000,0.027887
711,559,73,0.014498,0.014033,61001641.000000,1699146.000000,0.027854
712,560,72,0.014529,0.014067,61144325.000000,1701571.000000,0.027829
713,561,72,0.014605,0.014125,61382015.000000,1708795.000000,0.027839
714,562,72,0.014565,0.014102,61468476.000000,1704975.000000,0.027737
715,563,72,0.014540,0.014085,61408555.000000,1703387.000000,0.027739
716,564,72,0.014819,0.014345,61722278.000000,1711802.000000,0.027734
717,565,72,0.014698,0.014233,61856593.000000,1723431.000000,0.027862
718,565,71,0.014774,0.014278,62085601.000000,1726598.000000,0.027810
719,566,71,0.014841,0.014361,62513013.000000,1742029.000000,0.027867
720,567,71,0.014874,0.014413,62480071.000000,1747539.000000,0.027970
721,567,71,0.015160,0.014649,63363294.000000,1788302.000000,0.028223
722,568,71,0.015114,0.014639,63243080.000000,1786950.000000,0.028255
723,569,71,0.015104,0.014627,63155226.000000,1771781.000000,0.028054
724,570,70,0.015060,0.014595,63358504.000000,1781753.000000,0.028122
725,571,70,0.015098,0.014601,63371125.000000,1783212.000000,0.028139
726,572,70,0.015308,0.014835,64429661.000000,1815292.000000,0.028175
727,573,70,0.015699,0.015224,65422850.000000,1872420.000000,0.028620
728,574,70,0.015404,0.014917,64626889.000000,1813002.000000,0.028053
729,575,69,0.015669,0.015152,65282494.000000,1835014.000000,0.028109
730,576,69,0.015631,0.015159,65666832.000000,1832403.000000,0.027905
731,577,69,0.015653,0.015177,65841649.000000,1834120.000000,0.027857
732,578,69,0.015859,0.015372,66513586.000000,1850295.000000,0.027818
733,579,69,0.015796,0.015312,66466738.000000,1850501.000000,0.027841
734,579,69,0.015836,0.015354,66116349.000000,1834810.000000,0.027751
735,580,68,0.015885,0.015398,66780083.000000,1854836.000000,0.027775
736,581,68,0.016209,0.015594,66847972.000000,1854255.000000,0.027738
737,581,68,0.015940,0.015331,66858446.000000,1852350.000000,0.027706
738,582,68,0.015963,0.015349,66912545.000000,1855404.000000,0.027729
739,582,68,0.016052,0.015450,67284858.000000,1870667.000000,0.027802
740,582,67,0.015994,0.015392,66976007.000000,1860797.000000,0.027783
741,583,67,0.016008,0.015412,67202857.000000,1872511.000000,0.027864
742,583,67,0.016269,0.015659,67686426.000000,1894962.000000,0.027996
743,584,67,0.016112,0.015501,67342556.000000,1880103.000000,0.027918
744,585,67,0.016168,0.015568,67656804.000000,1881433.000000,0.027808
745,586,67,0.016606,0.015986,67716915.000000,1882809.000000,0.027804
746,587,66,0.016412,0.015807,67953199.000000,1890408.000000,0.027819
747,588,66,0.016309,0.015699,68130478.000000,1891274.000000,0.027760
748,588,66,0.016519,0.016028,68742145.000000,1909094.000000,0.027772
749,589,66,0.016302,0.015820,68477109.000000,1899740.000000,0.027743
750,590,66,0.016399,0.015916,69035291.000000,1909917.000000,0.027666
751,590,66,0.016375,0.015899,68908369.000000,1902384.000000,0.027607
752,591,65,0.016410,0.015927,69152658.000000,1920780.000000,0.027776
753,592,65,0.022964,0.022007,71465054.000000,2086874.000000,0.029201
754,593,64,0.029295,0.028280,74215801.000000,2086696.000000,0.028117
755,594,63,0.020990,0.020149,72040486.000000,1944350.000000,0.026990
756,595,63,0.019325,0.018573,71133944.000000,1992123.000000,0.028005
757,595,62,0.034107,0.033244,74073936.000000,2044262.000000,0.027598
758,595,61,0.018949,0.017714,70252873.000000,1936198.000000,0.027560
759,596,61,0.023453,0.022641,71685036.000000,1914268.000000,0.026704
760,597,60,0.017422,0.016797,70656053.000000,1936146.000000,0.027402
761,597,60,0.017765,0.017150,70977010.000000,1939340.000000,0.027323
762,598,60,0.016944,0.016377,70503300.000000,1934037.000000,0.027432
763,599,60,0.016930,0.016389,70642502.000000,1943310.000000,0.027509
764,600,60,0.017048,0.016527,71076148.000000,1955568.000000,0.027514
765,601,60,0.017065,0.016571,71276489.000000,1961248.000000,0.027516
766,601,59,0.017108,0.016621,71649823.000000,1968005.000000,0.027467
