frame,nb of entities,FPS,frame length,physics length,L1-dcache-loads,L1-dcache-load-misses,L1-dcache-load-miss-ratio
0,3,302,0.001868,0.000026,446371.000000,30051.000000,0.067323
1,4,302,0.003322,0.000024,595925.000000,33438.000000,0.056111
2,5,302,0.003322,0.000027,589536.000000,33087.000000,0.056124
3,6,302,0.003325,0.000026,597620.000000,32887.000000,0.055030
4,7,302,0.003325,0.000028,569855.000000,33281.000000,0.058403
5,7,302,0.003321,0.000023,524219.000000,28669.000000,0.054689
6,8,302,0.003324,0.000028,580673.000000,32933.000000,0.056715
7,9,302,0.003329,0.000027,577348.000000,34547.000000,0.059837
8,10,302,0.003317,0.000033,594310.000000,33369.000000,0.056147
9,11,302,0.003325,0.000028,594026.000000,33641.000000,0.056632
10,12,302,0.003326,0.000032,547538.000000,30276.000000,0.055295
11,13,302,0.003323,0.000035,582778.000000,33685.000000,0.057801
12,14,302,0.003321,0.000157,873147.000000,49283.000000,0.056443
13,15,302,0.003326,0.000136,941277.000000,57093.000000,0.060655
14,16,302,0.003321,0.000148,901634.000000,53982.000000,0.059871
15,17,302,0.003325,0.000153,873463.000000,51073.000000,0.058472
16,18,302,0.003329,0.000169,897037.000000,55572.000000,0.061951
17,19,302,0.003314,0.000156,917938.000000,54582.000000,0.059462
18,20,302,0.003325,0.000159,959935.000000,55834.000000,0.058164
19,21,302,0.003329,0.000188,912806.000000,55980.000000,0.061327
20,22,302,0.003320,0.000153,882857.000000,50884.000000,0.057636
21,22,302,0.003324,0.000143,936388.000000,54785.000000,0.058507
22,23,302,0.003325,0.000146,951528.000000,56106.000000,0.058964
23,24,302,0.003323,0.000133,911729.000000,54741.000000,0.060041
24,25,302,0.003324,0.000160,917513.000000,54342.000000,0.059227
25,26,302,0.003326,0.000124,807686.000000,46129.000000,0.057113
26,27,302,0.003318,0.000134,837465.000000,48857.000000,0.058339
27,28,302,0.003322,0.000134,842768.000000,49202.000000,0.058381
28,29,302,0.003327,0.000134,843669.000000,50173.000000,0.059470
29,30,302,0.003319,0.000141,869203.000000,50116.000000,0.057657
30,31,302,0.003328,0.000139,812104.000000,45533.000000,0.056068
31,32,302,0.003315,0.000147,923487.000000,50565.000000,0.054754
32,32,302,0.003324,0.000115,881498.000000,48652.000000,0.055192
33,33,302,0.003322,0.000134,886295.000000,49074.000000,0.055370
34,34,302,0.003322,0.000158,910672.000000,49630.000000,0.054498
35,35,302,0.003323,0.000118,860667.000000,45644.000000,0.053033
36,36,302,0.003324,0.000121,908791.000000,49186.000000,0.054122
37,37,302,0.003326,0.000134,936260.000000,50483.000000,0.053920
38,38,302,0.003326,0.000154,1009105.000000,56149.000000,0.055642
39,39,302,0.003317,0.000330,1143927.000000,73827.000000,0.064538
40,40,302,0.003326,0.000183,1005450.000000,53447.000000,0.053157
41,41,302,0.003320,0.000188,1026427.000000,55826.000000,0.054389
42,42,302,0.003327,0.000189,1013962.000000,55541.000000,0.054776
43,43,302,0.003327,0.000252,1048516.000000,57668.000000,0.055000
44,44,302,0.003316,0.000207,1074269.000000,56736.000000,0.052814
45,44,302,0.003326,0.000176,1027188.000000,52455.000000,0.051067
46,45,302,0.003326,0.000191,1053037.000000,57164.000000,0.054285
47,46,302,0.003318,0.000196,1047753.000000,56528.000000,0.053952
48,47,302,0.003323,0.000199,1068459.000000,56886.000000,0.053241
49,48,302,0.003328,0.000188,1057729.000000,57587.000000,0.054444
50,48,302,0.003320,0.000208,1020791.000000,52011.000000,0.050952
51,48,303,0.003326,0.000175,1051786.000000,55854.000000,0.053104
52,49,303,0.003324,0.000191,1086088.000000,56727.000000,0.052231
53,49,303,0.003323,0.000163,1091066.000000,56552.000000,0.051832
54,49,303,0.003322,0.000178,1061247.000000,55772.000000,0.052553
55,49,303,0.003329,0.000188,1023205.000000,53045.000000,0.051842
56,50,303,0.003321,0.000202,1059871.000000,56666.000000,0.053465
57,51,303,0.003318,0.000196,1144731.000000,58027.000000,0.050691
58,51,303,0.003326,0.000176,1118191.000000,56948.000000,0.050929
59,52,303,0.003322,0.000169,1103057.000000,56689.000000,0.051393
60,52,300,0.003325,0.000188,1072477.000000,52341.000000,0.048804
61,53,300,0.003327,0.000184,1154366.000000,58510.000000,0.050686
62,54,300,0.003386,0.000267,1143198.000000,61620.000000,0.053901
63,55,300,0.003324,0.000304,1200042.000000,75007.000000,0.062504
64,56,300,0.003321,0.000294,1180400.000000,67376.000000,0.057079
65,57,300,0.003317,0.000307,1128128.000000,57252.000000,0.050750
66,58,300,0.003319,0.000250,1374921.000000,70899.000000,0.051566
67,58,300,0.003329,0.000241,1415563.000000,70444.000000,0.049764
68,59,300,0.003319,0.000378,1376632.000000,77989.000000,0.056652
69,59,300,0.003322,0.000439,1397581.000000,93795.000000,0.067112
70,60,300,0.003321,0.000399,1259097.000000,85447.000000,0.067864
71,61,300,0.003318,0.000330,1199913.000000,74964.000000,0.062475
72,61,300,0.003320,0.000345,1295180.000000,77629.000000,0.059937
73,62,300,0.003320,0.000281,1295106.000000,64925.000000,0.050131
74,63,300,0.003326,0.000247,1293140.000000,65382.000000,0.050561
75,64,300,0.003325,0.000268,1249048.000000,61604.000000,0.049321
76,65,300,0.003323,0.000418,1346380.000000,88154.000000,0.065475
77,66,300,0.003317,0.000347,1369333.000000,81918.000000,0.059823
78,67,300,0.003320,0.000338,1467873.000000,83856.000000,0.057128
79,67,300,0.003325,0.000503,1560777.000000,98306.000000,0.062985
80,68,300,0.003318,0.000455,1413143.000000,86663.000000,0.061326
81,68,300,0.003323,0.000421,1442561.000000,83166.000000,0.057652
82,69,300,0.003330,0.000435,1488249.000000,85845.000000,0.057682
83,70,300,0.003313,0.000386,1467788.000000,83809.000000,0.057099
84,71,300,0.003323,0.000489,1548051.000000,93760.000000,0.060566
85,72,300,0.003318,0.000624,1554934.000000,96083.000000,0.061792
86,73,300,0.003317,0.000462,1596333.000000,93248.000000,0.058414
87,74,300,0.003322,0.000463,1595673.000000,91242.000000,0.057181
88,75,300,0.003326,0.000475,1613209.000000,93849.000000,0.058175
89,75,300,0.003316,0.000484,1612873.000000,100205.000000,0.062128
90,76,300,0.003324,0.000361,1574997.000000,77115.000000,0.048962
91,76,300,0.003327,0.000429,1540256.000000,82387.000000,0.053489
92,77,300,0.003283,0.000424,1529005.000000,82340.000000,0.053852
93,77,300,0.003323,0.000437,1534251.000000,86763.000000,0.056551
94,78,300,0.003328,0.000434,1558593.000000,83130.000000,0.053337
95,79,300,0.003316,0.000441,1523954.000000,83559.000000,0.054830
96,80,300,0.003323,0.000436,1567229.000000,82046.000000,0.052351
97,81,300,0.003324,0.000435,1583900.000000,83888.000000,0.052963
98,82,300,0.003321,0.000432,1566447.000000,82860.000000,0.052897
99,83,300,0.003322,0.000465,1614388.000000,90954.000000,0.056340
100,83,300,0.003324,0.000497,1651331.000000,89499.000000,0.054198
101,84,300,0.003320,0.000487,1718813.000000,90747.000000,0.052796
102,85,300,0.003322,0.000558,1830607.000000,98563.000000,0.053842
103,86,300,0.003347,0.000505,1753363.000000,94743.000000,0.054035
104,87,300,0.003294,0.000329,1737951.000000,81172.000000,0.046706
105,88,300,0.003327,0.000291,1589010.000000,71601.000000,0.045060
106,89,300,0.003325,0.000447,1825269.000000,89297.000000,0.048923
107,90,300,0.003318,0.000361,1617674.000000,75178.000000,0.046473
108,91,300,0.003326,0.000337,1625341.000000,75186.000000,0.046259
109,92,300,0.003324,0.000457,1640710.000000,81242.000000,0.049516
110,93,300,0.003320,0.000491,1697784.000000,82451.000000,0.048564
111,94,300,0.003323,0.000510,1767461.000000,88570.000000,0.050111
112,95,300,0.003326,0.000524,1809829.000000,92922.000000,0.051343
113,96,300,0.003319,0.000533,1835779.000000,93739.000000,0.051062
114,96,300,0.003323,0.000450,1847323.000000,84354.000000,0.045663
115,97,300,0.003328,0.000365,1773189.000000,75282.000000,0.042456
116,98,300,0.003318,0.000452,1890136.000000,83567.000000,0.044212
117,99,300,0.003320,0.000456,1836952.000000,81449.000000,0.044339
118,100,300,0.003329,0.000459,1842994.000000,79703.000000,0.043246
119,101,300,0.003320,0.000425,1832999.000000,78487.000000,0.042819
120,101,300,0.003339,0.000595,1953336.000000,96750.000000,0.049531
121,102,300,0.003322,0.000604,2097405.000000,100996.000000,0.048153
122,103,301,0.003323,0.000412,2067119.000000,86874.000000,0.042027
123,104,301,0.003328,0.000452,1969735.000000,81409.000000,0.041330
124,105,301,0.003314,0.000681,2177679.000000,106259.000000,0.048795
125,106,301,0.003325,0.000457,2211929.000000,90219.000000,0.040787
126,107,301,0.003318,0.000805,2439126.000000,129179.000000,0.052961
127,108,301,0.003329,0.000450,2279884.000000,94641.000000,0.041511
128,108,301,0.003321,0.000580,2354930.000000,100413.000000,0.042639
129,109,301,0.003314,0.000600,2347517.000000,99597.000000,0.042427
130,110,301,0.003325,0.000541,2202590.000000,84293.000000,0.038270
131,110,301,0.003321,0.000426,2235356.000000,87056.000000,0.038945
132,111,301,0.003325,0.000437,2215402.000000,86881.000000,0.039217
133,111,301,0.003326,0.000529,2205986.000000,88398.000000,0.040072
134,112,301,0.003320,0.000544,2215890.000000,87040.000000,0.039280
135,112,301,0.003325,0.000521,2214872.000000,85901.000000,0.038784
136,113,301,0.003323,0.000614,2314687.000000,91698.000000,0.039616
137,113,301,0.003324,0.000476,2371996.000000,94685.000000,0.039918
138,114,301,0.003317,0.000549,2364137.000000,93287.000000,0.039459
139,114,301,0.003326,0.000533,2376499.000000,94456.000000,0.039746
140,115,301,0.003320,0.000580,2344601.000000,90592.000000,0.038639
141,115,301,0.003320,0.000589,2532718.000000,102161.000000,0.040337
142,116,301,0.003329,0.000579,2574494.000000,103222.000000,0.040094
143,117,301,0.003318,0.000565,2557127.000000,101994.000000,0.039886
144,118,301,0.003323,0.000573,2588705.000000,102495.000000,0.039593
145,119,301,0.003330,0.000595,2580985.000000,100085.000000,0.038778
146,120,301,0.003316,0.000681,2620616.000000,107850.000000,0.041154
147,120,301,0.003323,0.000594,2658720.000000,104223.000000,0.039200
148,121,301,0.003328,0.000602,2665778.000000,104487.000000,0.039196
149,122,300,0.003320,0.000594,2695663.000000,103818.000000,0.038513
150,123,300,0.003325,0.000662,2845981.000000,114031.000000,0.040067
151,124,300,0.003325,0.000603,2842285.000000,111424.000000,0.039202
152,124,300,0.003321,0.000700,2943529.000000,118624.000000,0.040300
153,125,300,0.003324,0.000699,2962902.000000,117195.000000,0.039554
154,126,300,0.003327,0.000772,2972327.000000,117652.000000,0.039582
155,127,300,0.003319,0.000769,2942386.000000,119205.000000,0.040513
156,128,300,0.003319,0.000728,2930252.000000,115398.000000,0.039382
157,129,300,0.003326,0.000664,2880561.000000,112205.000000,0.038952
158,130,300,0.003322,0.000609,2990436.000000,113696.000000,0.038020
159,131,300,0.003322,0.000742,3111685.000000,120285.000000,0.038656
160,132,300,0.003325,0.000722,3042179.000000,117646.000000,0.038672
161,133,300,0.003317,0.000739,3107324.000000,120159.000000,0.038670
162,134,300,0.003325,0.000631,3087072.000000,114524.000000,0.037098
163,135,300,0.003325,0.000671,3109097.000000,114880.000000,0.036950
164,136,300,0.003319,0.000826,3196904.000000,120378.000000,0.037655
165,136,300,0.003322,0.000769,3184967.000000,117603.000000,0.036924
166,137,300,0.003328,0.000658,3241288.000000,116248.000000,0.035865
167,138,300,0.003319,0.000807,3198450.000000,116977.000000,0.036573
168,139,300,0.003320,0.000729,3236737.000000,116002.000000,0.035839
169,140,300,0.003326,0.000686,3259281.000000,116986.000000,0.035893
170,140,300,0.003322,0.000832,3274245.000000,115053.000000,0.035139
171,140,300,0.003325,0.000741,3273813.000000,117123.000000,0.035776
172,141,300,0.003327,0.000717,3271747.000000,117103.000000,0.035792
173,142,300,0.003316,0.000749,3297988.000000,116552.000000,0.035340
174,143,300,0.003325,0.000803,3393660.000000,123988.000000,0.036535
175,144,300,0.003326,0.000783,3507160.000000,127770.000000,0.036431
176,145,300,0.003325,0.000835,3565465.000000,131774.000000,0.036958
177,146,300,0.003318,0.000865,3540798.000000,127852.000000,0.036108
178,147,300,0.003328,0.000762,3528201.000000,124927.000000,0.035408
179,148,300,0.003322,0.000918,3533591.000000,125665.000000,0.035563
180,148,300,0.003322,0.000869,3492889.000000,123298.000000,0.035300
181,148,300,0.003326,0.000794,3581395.000000,127184.000000,0.035512
182,149,300,0.003320,0.000741,3640521.000000,126816.000000,0.034835
183,149,300,0.003326,0.000820,3627420.000000,126203.000000,0.034791
184,150,300,0.003326,0.000794,3655056.000000,126577.000000,0.034631
185,151,300,0.003318,0.000847,3631748.000000,122851.000000,0.033827
186,151,300,0.003325,0.000841,3687167.000000,127476.000000,0.034573
187,151,300,0.003328,0.000751,3717826.000000,128960.000000,0.034687
188,152,300,0.003320,0.000953,3739811.000000,128085.000000,0.034249
189,153,300,0.003319,0.000912,3771034.000000,129283.000000,0.034283
190,154,300,0.003329,0.000919,4059790.000000,145186.000000,0.035762
191,154,300,0.003320,0.000966,4072551.000000,146747.000000,0.036033
192,155,300,0.003325,0.000867,4110746.000000,148986.000000,0.036243
193,156,300,0.003327,0.000891,4073561.000000,142378.000000,0.034952
194,157,300,0.003317,0.001011,4259242.000000,150044.000000,0.035228
195,158,300,0.003323,0.000976,3977820.000000,133324.000000,0.033517
196,158,300,0.003331,0.000889,4278805.000000,150547.000000,0.035184
197,159,300,0.003316,0.000937,4424666.000000,158385.000000,0.035796
198,160,300,0.003320,0.001054,4518782.000000,164221.000000,0.036342
199,161,300,0.003329,0.001007,4496687.000000,163808.000000,0.036429
200,161,300,0.003321,0.001250,4532637.000000,161332.000000,0.035593
201,162,300,0.003355,0.001656,4877967.000000,201475.000000,0.041303
202,163,300,0.003320,0.001119,4775618.000000,176016.000000,0.036857
203,164,300,0.003324,0.001052,4785489.000000,173029.000000,0.036157
204,164,300,0.003318,0.001256,4920168.000000,183380.000000,0.037271
205,165,300,0.003325,0.001162,4901965.000000,176829.000000,0.036073
206,166,300,0.003321,0.001194,4864315.000000,173642.000000,0.035697
207,166,300,0.003321,0.001200,4838852.000000,174637.000000,0.036091
208,167,300,0.003324,0.001188,4975569.000000,179889.000000,0.036154
209,168,300,0.003324,0.001262,4957071.000000,180304.000000,0.036373
210,169,300,0.003326,0.001244,4998140.000000,177360.000000,0.035485
211,169,300,0.003319,0.001360,5270622.000000,188608.000000,0.035785
212,170,300,0.003322,0.001357,5077565.000000,181371.000000,0.035720
213,171,300,0.003327,0.001327,5252157.000000,190671.000000,0.036303
214,172,300,0.003321,0.001329,5406700.000000,196201.000000,0.036288
215,173,300,0.003322,0.001220,5474585.000000,194680.000000,0.035561
216,174,300,0.003328,0.001250,5545942.000000,199326.000000,0.035941
217,175,300,0.003335,0.002261,5847923.000000,241862.000000,0.041359
218,176,300,0.003326,0.001265,5688758.000000,206537.000000,0.036306
219,177,300,0.003344,0.002118,6008567.000000,240838.000000,0.040082
220,178,300,0.003323,0.001375,5788047.000000,209605.000000,0.036213
221,179,300,0.003324,0.001444,5706229.000000,204066.000000,0.035762
222,180,300,0.003318,0.001544,5887024.000000,214689.000000,0.036468
223,180,300,0.003327,0.001283,5849852.000000,212185.000000,0.036272
224,181,300,0.003323,0.001515,5920659.000000,214888.000000,0.036295
225,182,300,0.003321,0.001513,5963048.000000,213522.000000,0.035808
226,183,300,0.003411,0.001599,6047643.000000,219339.000000,0.036269
227,184,300,0.003364,0.001559,6137660.000000,222335.000000,0.036225
228,185,300,0.003318,0.001566,6325926.000000,228623.000000,0.036141
229,186,300,0.003324,0.001378,6273275.000000,226004.000000,0.036026
230,186,300,0.003328,0.001610,6250254.000000,223429.000000,0.035747
231,186,300,0.003375,0.001639,6211175.000000,220797.000000,0.035548
232,187,300,0.003419,0.001705,6375363.000000,237471.000000,0.037248
233,188,300,0.003404,0.001619,6202071.000000,221372.000000,0.035693
234,189,300,0.003394,0.001414,6339573.000000,227543.000000,0.035892
235,190,300,0.003415,0.001678,6504508.000000,236438.000000,0.036350
236,190,299,0.003400,0.001543,6661947.000000,243980.000000,0.036623
237,191,299,0.003406,0.001491,6692570.000000,244557.000000,0.036542
238,192,299,0.003424,0.001745,6911911.000000,255701.000000,0.036994
239,193,299,0.003414,0.001633,7112153.000000,260697.000000,0.036655
240,193,299,0.003420,0.001792,7019446.000000,254542.000000,0.036262
241,194,299,0.003414,0.001635,7206823.000000,268108.000000,0.037202
242,194,299,0.003423,0.001689,7249910.000000,266572.000000,0.036769
243,194,299,0.003346,0.001784,7236400.000000,261161.000000,0.036090
244,195,299,0.003327,0.002038,7504567.000000,271822.000000,0.036221
245,195,298,0.003444,0.002108,7827132.000000,292077.000000,0.037316
246,196,298,0.003418,0.001714,7537357.000000,276345.000000,0.036663
247,196,298,0.003421,0.001739,7556307.000000,281345.000000,0.037233
248,197,298,0.003425,0.001922,7557729.000000,280987.000000,0.037179
249,197,298,0.003343,0.001677,7399198.000000,268982.000000,0.036353
250,198,298,0.003323,0.001911,7529179.000000,273947.000000,0.036385
251,198,298,0.003323,0.001719,7587412.000000,274409.000000,0.036166
252,199,298,0.003329,0.001723,7636118.000000,277002.000000,0.036275
253,200,298,0.003324,0.001925,7622310.000000,275171.000000,0.036101
254,201,298,0.003325,0.001738,7677206.000000,275264.000000,0.035855
255,202,298,0.003335,0.001986,7886605.000000,283783.000000,0.035983
256,203,298,0.003336,0.002060,8135177.000000,292425.000000,0.035946
257,203,298,0.003324,0.001823,8096906.000000,291983.000000,0.036061
258,204,298,0.003327,0.001876,8118349.000000,293665.000000,0.036173
259,205,298,0.003338,0.002100,8249424.000000,300091.000000,0.036377
260,206,298,0.003325,0.001834,8175538.000000,288058.000000,0.035234
261,207,298,0.003327,0.001857,8221357.000000,290320.000000,0.035313
262,208,298,0.003337,0.002077,8321848.000000,289668.000000,0.034808
263,209,298,0.003331,0.001927,8573332.000000,303930.000000,0.035451
264,210,298,0.003331,0.001942,8565002.000000,301491.000000,0.035200
265,211,298,0.003340,0.002155,8679364.000000,303834.000000,0.035006
266,212,298,0.003338,0.002044,9022452.000000,320539.000000,0.035527
267,213,298,0.003343,0.002036,9004919.000000,319576.000000,0.035489
268,214,298,0.003339,0.002242,8920461.000000,315148.000000,0.035329
269,215,298,0.003335,0.002020,8820623.000000,306121.000000,0.034705
270,216,298,0.003341,0.002089,9213838.000000,322179.000000,0.034967
271,217,298,0.003336,0.002068,9162154.000000,319319.000000,0.034852
272,218,298,0.003339,0.002215,9146828.000000,315110.000000,0.034450
273,218,298,0.003357,0.002283,9355175.000000,325728.000000,0.034818
274,218,298,0.003334,0.002113,9259156.000000,320606.000000,0.034626
275,219,298,0.003337,0.002072,9150431.000000,316453.000000,0.034583
276,220,297,0.003355,0.002238,9688477.000000,345020.000000,0.035611
277,221,297,0.003342,0.002245,9859900.000000,355496.000000,0.036055
278,221,297,0.003347,0.002241,9903994.000000,354013.000000,0.035744
279,222,297,0.003360,0.002354,10209396.000000,364797.000000,0.035731
280,223,297,0.003346,0.002270,9932495.000000,353168.000000,0.035557
281,224,297,0.003365,0.002534,10196843.000000,368971.000000,0.036185
282,225,297,0.003361,0.002485,10631726.000000,387481.000000,0.036446
283,226,297,0.003359,0.002508,10744270.000000,398143.000000,0.037056
284,227,297,0.003366,0.002561,10803605.000000,392938.000000,0.036371
285,228,297,0.003364,0.002560,10773313.000000,392974.000000,0.036477
286,228,297,0.003360,0.002505,10871759.000000,397673.000000,0.036579
287,229,297,0.003362,0.002551,10869970.000000,399367.000000,0.036740
288,230,297,0.003380,0.002874,10926519.000000,399244.000000,0.036539
289,231,297,0.003366,0.002509,10992570.000000,402304.000000,0.036598
290,232,297,0.003360,0.002528,10829673.000000,387230.000000,0.035756
291,233,297,0.003363,0.002503,10833020.000000,389147.000000,0.035922
292,234,297,0.003360,0.002535,10880621.000000,389664.000000,0.035813
293,235,297,0.003368,0.002657,10931141.000000,394449.000000,0.036085
294,236,297,0.003373,0.002767,10956293.000000,385941.000000,0.035226
295,236,297,0.003374,0.002797,11204258.000000,396977.000000,0.035431
296,236,297,0.003361,0.002552,11145962.000000,394948.000000,0.035434
297,237,297,0.003366,0.002606,11194195.000000,400449.000000,0.035773
298,238,297,0.003459,0.003131,11496503.000000,416414.000000,0.036221
299,239,297,0.003369,0.002675,11426427.000000,406056.000000,0.035537
300,240,297,0.003348,0.003006,11812146.000000,429148.000000,0.036331
301,241,298,0.003371,0.002675,11650264.000000,416439.000000,0.035745
302,241,298,0.003366,0.002628,11491829.000000,403547.000000,0.035116
303,241,296,0.004332,0.003979,11950948.000000,452957.000000,0.037901
304,242,296,0.003370,0.002688,11641742.000000,407587.000000,0.035011
305,243,296,0.003368,0.002671,11665960.000000,412032.000000,0.035319
306,244,296,0.003375,0.002721,11752643.000000,414277.000000,0.035250
307,244,296,0.003379,0.002697,11707554.000000,412012.000000,0.035192
308,245,296,0.003773,0.003408,12121370.000000,431524.000000,0.035600
309,246,296,0.003381,0.002872,11724618.000000,406704.000000,0.034688
310,247,296,0.003372,0.002738,11754107.000000,411711.000000,0.035027
311,248,296,0.003386,0.002765,11985302.000000,421256.000000,0.035148
312,249,296,0.003369,0.002830,11854487.000000,411571.000000,0.034719
313,250,295,0.003373,0.002749,11789069.000000,405806.000000,0.034422
314,251,295,0.003384,0.002968,12129023.000000,422228.000000,0.034811
315,252,295,0.003379,0.002851,12306202.000000,431275.000000,0.035045
316,253,295,0.003378,0.002872,12410019.000000,432585.000000,0.034858
317,254,295,0.003382,0.002939,12589921.000000,446111.000000,0.035434
318,254,295,0.003396,0.003071,12879191.000000,456791.000000,0.035467
319,254,295,0.003385,0.002960,12754017.000000,446874.000000,0.035038
320,255,295,0.003370,0.003033,12829238.000000,448018.000000,0.034922
321,255,295,0.003453,0.003087,13044409.000000,459334.000000,0.035213
322,256,295,0.003378,0.003009,12933348.000000,451226.000000,0.034889
323,257,295,0.003451,0.003112,12954542.000000,451586.000000,0.034859
324,258,294,0.003348,0.003016,12960844.000000,452734.000000,0.034931
325,259,294,0.003378,0.003038,13115863.000000,463011.000000,0.035302
326,259,294,0.003394,0.003049,13029525.000000,452115.000000,0.034699
327,260,294,0.003498,0.003121,13278566.000000,468371.000000,0.035273
328,261,294,0.003467,0.003120,13091264.000000,452249.000000,0.034546
329,262,294,0.003551,0.003187,13527448.000000,475163.000000,0.035126
330,262,294,0.003413,0.003082,13232139.000000,459130.000000,0.034698
331,263,293,0.003543,0.003224,13778755.000000,485661.000000,0.035247
332,264,293,0.003759,0.003389,13973561.000000,495986.000000,0.035495
333,265,292,0.003574,0.003251,13973467.000000,488333.000000,0.034947
334,266,292,0.003714,0.003380,14207880.000000,504529.000000,0.035511
335,266,291,0.003681,0.003336,14249045.000000,498342.000000,0.034974
336,267,291,0.003642,0.003305,14175032.000000,494985.000000,0.034919
337,268,290,0.003776,0.003440,14285020.000000,494159.000000,0.034593
338,269,290,0.003653,0.003310,14221364.000000,488976.000000,0.034383
339,270,289,0.003638,0.003306,14272538.000000,489476.000000,0.034295
340,270,289,0.003735,0.003390,14363032.000000,492359.000000,0.034280
341,271,288,0.003801,0.003432,14550831.000000,498491.000000,0.034259
342,272,288,0.003899,0.003537,14908401.000000,510668.000000,0.034254
343,273,287,0.003877,0.003510,14949493.000000,514686.000000,0.034428
344,274,286,0.003924,0.003573,15173943.000000,528723.000000,0.034844
345,275,285,0.003992,0.003618,15198206.000000,527269.000000,0.034693
346,276,284,0.004097,0.003744,15619243.000000,534446.000000,0.034217
347,277,283,0.003921,0.003585,15429195.000000,528263.000000,0.034238
348,278,283,0.003932,0.003585,15336297.000000,523524.000000,0.034136
349,278,282,0.003886,0.003561,15437788.000000,527302.000000,0.034157
350,279,281,0.004007,0.003676,15631415.000000,532822.000000,0.034087
351,280,280,0.004039,0.003688,15809507.000000,542916.000000,0.034341
352,281,279,0.003968,0.003640,15753618.000000,536825.000000,0.034076
353,281,279,0.004036,0.003706,15777394.000000,535931.000000,0.033968
354,282,278,0.003966,0.003647,15728345.000000,534518.000000,0.033984
355,283,277,0.004165,0.003812,15907611.000000,542011.000000,0.034072
356,284,276,0.004086,0.003724,16059807.000000,545004.000000,0.033936
357,284,275,0.004073,0.003700,16068812.000000,545195.000000,0.033929
358,285,274,0.004504,0.004045,16611566.000000,575213.000000,0.034627
359,286,272,0.004725,0.004305,17078781.000000,589921.000000,0.034541
360,287,271,0.004231,0.003882,16682911.000000,567361.000000,0.034009
361,287,270,0.004243,0.003881,16698091.000000,567409.000000,0.033980
362,287,268,0.004930,0.004587,17163074.000000,602195.000000,0.035087
363,287,268,0.004334,0.003983,16934921.000000,575909.000000,0.034007
364,288,267,0.004318,0.003957,16927587.000000,576111.000000,0.034034
365,289,266,0.004277,0.003937,16838615.000000,570074.000000,0.033855
366,290,264,0.004524,0.004162,17026603.000000,579714.000000,0.034048
367,291,263,0.004398,0.004043,17247531.000000,585458.000000,0.033944
368,292,263,0.004315,0.003980,17163961.000000,580806.000000,0.033839
369,292,261,0.004400,0.004036,17341029.000000,587602.000000,0.033885
370,292,260,0.004357,0.004028,17306305.000000,583045.000000,0.033690
371,292,259,0.004362,0.004031,17370314.000000,587272.000000,0.033809
372,292,258,0.004348,0.004012,17358416.000000,587611.000000,0.033852
373,293,257,0.004381,0.004024,17426221.000000,585786.000000,0.033615
374,294,256,0.004411,0.004065,17548895.000000,587665.000000,0.033487
375,295,255,0.004455,0.004088,17670457.000000,592469.000000,0.033529
376,296,253,0.004511,0.004160,17980785.000000,607153.000000,0.033767
377,296,252,0.004492,0.004151,17965316.000000,600681.000000,0.033436
378,297,251,0.004651,0.004284,18309857.000000,618364.000000,0.033772
379,298,250,0.004593,0.004242,18232119.000000,618987.000000,0.033950
380,299,248,0.004625,0.004283,18414079.000000,624881.000000,0.033935
381,300,247,0.004657,0.004293,18466526.000000,621627.000000,0.033662
382,301,246,0.004765,0.004397,18763457.000000,631012.000000,0.033630
383,302,244,0.004767,0.004403,18950777.000000,637565.000000,0.033643
384,302,243,0.004736,0.004390,18908791.000000,626909.000000,0.033154
385,303,242,0.004809,0.004437,19147209.000000,639031.000000,0.033375
386,304,240,0.004903,0.004533,19307524.000000,642111.000000,0.033257
387,305,239,0.004845,0.004485,19372797.000000,644062.000000,0.033246
388,306,237,0.005044,0.004692,19511818.000000,656493.000000,0.033646
389,307,236,0.004880,0.004514,19480562.000000,651318.000000,0.033434
390,308,235,0.004871,0.004510,19519802.000000,646156.000000,0.033103
391,309,234,0.004852,0.004516,19496432.000000,645217.000000,0.033094
392,310,232,0.004987,0.004617,19758725.000000,653565.000000,0.033077
393,310,231,0.004979,0.004623,19995159.000000,659801.000000,0.032998
394,311,230,0.004951,0.004599,19881162.000000,653409.000000,0.032866
395,311,229,0.004917,0.004583,19827328.000000,650035.000000,0.032785
396,312,228,0.005028,0.004667,20108037.000000,664696.000000,0.033056
397,312,227,0.005024,0.004674,20156129.000000,669604.000000,0.033221
398,313,225,0.005048,0.004676,20209808.000000,668477.000000,0.033077
399,314,224,0.005124,0.004768,20389670.000000,677621.000000,0.033234
400,315,223,0.005109,0.004739,20536190.000000,677822.000000,0.033006
401,316,222,0.005132,0.004775,20634129.000000,681216.000000,0.033014
402,316,221,0.005255,0.004877,20993897.000000,698123.000000,0.033254
403,317,220,0.005266,0.004904,21060377.000000,697605.000000,0.033124
404,318,219,0.005218,0.004878,21053452.000000,697669.000000,0.033138
405,319,218,0.005220,0.004854,20979918.000000,694664.000000,0.033111
406,320,217,0.005305,0.004944,21210986.000000,700846.000000,0.033042
407,321,216,0.005233,0.004876,21104383.000000,694771.000000,0.032921
408,322,215,0.005351,0.004992,21237688.000000,694214.000000,0.032688
409,323,214,0.005296,0.004924,21245853.000000,699071.000000,0.032904
410,324,213,0.005387,0.005027,21550811.000000,710044.000000,0.032947
411,325,212,0.005248,0.004908,21237142.000000,692090.000000,0.032589
412,326,211,0.005349,0.004974,21464586.000000,704305.000000,0.032812
413,327,210,0.005366,0.005007,21655739.000000,712865.000000,0.032918
414,328,209,0.005383,0.005031,21727474.000000,709948.000000,0.032675
415,329,208,0.005398,0.005022,21715596.000000,707565.000000,0.032583
416,329,207,0.005506,0.005140,22077706.000000,725010.000000,0.032839
417,330,206,0.005472,0.005115,21943501.000000,718391.000000,0.032738
418,331,205,0.005521,0.005154,22237036.000000,732169.000000,0.032926
419,331,204,0.005511,0.005150,22145731.000000,726980.000000,0.032827
420,332,203,0.005489,0.005142,22145026.000000,724855.000000,0.032732
421,333,203,0.005530,0.005149,22209100.000000,727247.000000,0.032745
422,334,202,0.005565,0.005198,22433547.000000,733483.000000,0.032696
423,335,201,0.005557,0.005203,22433999.000000,733444.000000,0.032693
424,336,200,0.005714,0.005346,23002795.000000,758080.000000,0.032956
425,336,199,0.005660,0.005275,22718880.000000,740167.000000,0.032579
426,337,199,0.005795,0.005428,22995267.000000,752937.000000,0.032743
427,338,198,0.005653,0.005271,22747283.000000,742315.000000,0.032633
428,338,197,0.005668,0.005281,22850627.000000,742081.000000,0.032475
429,338,196,0.005646,0.005294,22876562.000000,742575.000000,0.032460
430,339,195,0.005684,0.005318,22946141.000000,746018.000000,0.032512
431,340,194,0.005815,0.005436,23281314.000000,765192.000000,0.032867
432,340,193,0.005772,0.005404,23283117.000000,758099.000000,0.032560
433,341,193,0.005743,0.005364,23157084.000000,757412.000000,0.032708
434,342,192,0.005824,0.005429,23441801.000000,765431.000000,0.032652
435,343,191,0.005806,0.005450,23457881.000000,760589.000000,0.032424
436,344,190,0.005823,0.005458,23573153.000000,758821.000000,0.032190
437,345,189,0.005839,0.005464,23625287.000000,760021.000000,0.032170
438,346,189,0.005925,0.005560,23952979.000000,773710.000000,0.032301
439,346,188,0.005855,0.005476,23766494.000000,768101.000000,0.032319
440,346,187,0.005840,0.005490,23651046.000000,759794.000000,0.032125
441,347,186,0.005878,0.005502,23857231.000000,771377.000000,0.032333
442,348,185,0.006806,0.006424,24588782.000000,816880.000000,0.033222
443,349,184,0.006062,0.005694,24146534.000000,777602.000000,0.032203
444,350,184,0.006089,0.005707,24419073.000000,788525.000000,0.032291
445,351,183,0.006744,0.006356,24937506.000000,801736.000000,0.032150
446,352,182,0.006025,0.005665,24494096.000000,786741.000000,0.032120
447,353,181,0.006775,0.006391,24903300.000000,819292.000000,0.032899
448,354,180,0.006159,0.005790,24920377.000000,803695.000000,0.032251
449,355,180,0.006203,0.005820,25052621.000000,809803.000000,0.032324
450,356,178,0.007127,0.006741,25462550.000000,856324.000000,0.033631
451,357,178,0.006178,0.005800,25073413.000000,810405.000000,0.032321
452,358,177,0.006321,0.005938,25670140.000000,828508.000000,0.032275
453,359,176,0.006466,0.006062,25509119.000000,823856.000000,0.032297
454,359,175,0.006485,0.006076,25678955.000000,827620.000000,0.032230
455,359,175,0.006579,0.006168,25943466.000000,835982.000000,0.032223
456,360,174,0.006455,0.006071,26283549.000000,844637.000000,0.032136
457,360,173,0.006422,0.006036,26234258.000000,841155.000000,0.032063
458,361,172,0.006433,0.006037,26080711.000000,832055.000000,0.031903
459,361,172,0.006591,0.006197,26468302.000000,838704.000000,0.031687
460,362,171,0.006585,0.006183,26433336.000000,842520.000000,0.031873
461,363,170,0.006602,0.006217,26808158.000000,857489.000000,0.031986
462,363,170,0.006546,0.006162,26689571.000000,851243.000000,0.031894
463,364,169,0.006639,0.006238,26924882.000000,852432.000000,0.031660
464,365,168,0.006575,0.006211,26890263.000000,851293.000000,0.031658
465,365,168,0.006761,0.006372,27384831.000000,873981.000000,0.031915
466,366,167,0.006695,0.006323,27142397.000000,860165.000000,0.031691
467,367,166,0.006700,0.006285,27318171.000000,864106.000000,0.031631
468,368,165,0.008182,0.007712,28261231.000000,914912.000000,0.032373
469,369,164,0.006847,0.006462,27837978.000000,878325.000000,0.031551
470,370,163,0.007103,0.006678,28105994.000000,891111.000000,0.031705
471,370,163,0.006884,0.006492,28069632.000000,885566.000000,0.031549
472,370,162,0.006984,0.006594,28414152.000000,896442.000000,0.031549
473,371,161,0.007401,0.007001,28506429.000000,894945.000000,0.031394
474,372,160,0.007107,0.006708,28731832.000000,915576.000000,0.031866
475,372,160,0.007250,0.006851,28957063.000000,920707.000000,0.031796
476,372,159,0.007162,0.006778,28875347.000000,915990.000000,0.031722
477,373,158,0.007390,0.006956,28951155.000000,924096.000000,0.031919
478,374,157,0.007120,0.006717,28884052.000000,911043.000000,0.031541
479,374,156,0.007639,0.007192,29195316.000000,929218.000000,0.031828
480,375,155,0.007944,0.007552,29652860.000000,932891.000000,0.031460
481,376,155,0.007173,0.006784,29284710.000000,919470.000000,0.031398
482,377,154,0.008012,0.007625,29668450.000000,944537.000000,0.031836
483,378,153,0.007288,0.006874,29683022.000000,926214.000000,0.031203
484,379,152,0.008501,0.008007,30128941.000000,961818.000000,0.031923
485,380,151,0.007361,0.006961,29866651.000000,926152.000000,0.031010
486,381,151,0.007889,0.007223,30093553.000000,950851.000000,0.031597
487,382,150,0.007556,0.007100,30335159.000000,953574.000000,0.031435
488,383,149,0.007419,0.007018,30256111.000000,948917.000000,0.031363
489,384,149,0.007582,0.007030,30575855.000000,964127.000000,0.031532
490,385,147,0.010518,0.009982,31448096.000000,1067404.000000,0.033942
491,386,145,0.010094,0.009664,32092003.000000,994124.000000,0.030977
492,387,145,0.007633,0.007233,30936884.000000,966485.000000,0.031241
493,388,144,0.007500,0.007105,30685846.000000,952358.000000,0.031036
494,388,143,0.007624,0.007228,31006133.000000,966921.000000,0.031185
495,389,143,0.007718,0.007319,31169941.000000,973569.000000,0.031234
496,390,142,0.007778,0.007362,31737749.000000,983040.000000,0.030974
497,390,141,0.007682,0.007290,31412329.000000,979052.000000,0.031168
498,391,141,0.007741,0.007344,31707523.000000,993262.000000,0.031326
499,392,140,0.008121,0.007723,31477593.000000,980464.000000,0.031148
500,393,139,0.007699,0.007281,31573888.000000,979245.000000,0.031014
501,394,139,0.007761,0.007346,31815633.000000,988673.000000,0.031075
502,394,139,0.007731,0.007338,31838413.000000,984406.000000,0.030919
503,395,138,0.007982,0.007556,32342969.000000,1000916.000000,0.030947
504,396,137,0.008013,0.007605,32754995.000000,1012167.000000,0.030901
505,397,137,0.007964,0.007568,32658519.000000,1006132.000000,0.030808
506,397,136,0.008031,0.007627,32883751.000000,1014689.000000,0.030857
507,398,136,0.008081,0.007651,32954985.000000,1016346.000000,0.030840
508,398,135,0.008777,0.008375,33706908.000000,1031989.000000,0.030617
509,399,134,0.008212,0.007815,33282539.000000,1024618.000000,0.030785
510,400,134,0.008232,0.007817,33730722.000000,1057129.000000,0.031340
511,401,133,0.008373,0.007947,33744343.000000,1060862.000000,0.031438
512,402,133,0.008231,0.007836,33795779.000000,1056495.000000,0.031261
513,403,132,0.008167,0.007760,33657924.000000,1047044.000000,0.031108
514,403,132,0.008233,0.007832,33924348.000000,1050427.000000,0.030964
515,404,131,0.008270,0.007875,34040178.000000,1074112.000000,0.031554
516,404,131,0.008273,0.007888,34073168.000000,1066463.000000,0.031299
517,404,130,0.008282,0.007885,34101412.000000,1071154.000000,0.031411
518,405,130,0.008269,0.007875,33964182.000000,1057935.000000,0.031149
519,406,129,0.008357,0.007957,34203133.000000,1072710.000000,0.031363
520,407,129,0.008318,0.007913,34080859.000000,1066205.000000,0.031285
521,408,128,0.008348,0.007937,34343689.000000,1069311.000000,0.031136
522,409,128,0.008384,0.007990,34504052.000000,1073177.000000,0.031103
523,410,127,0.008485,0.008072,34568112.000000,1078525.000000,0.031200
524,411,127,0.008399,0.007993,34523201.000000,1066121.000000,0.030881
525,411,126,0.008441,0.008022,34764802.000000,1079634.000000,0.031055
526,412,126,0.008387,0.007990,34550703.000000,1068521.000000,0.030926
527,413,125,0.008430,0.008022,34675060.000000,1075515.000000,0.031017
528,414,125,0.008584,0.008187,35245606.000000,1103293.000000,0.031303
529,415,125,0.008512,0.008107,35087878.000000,1083855.000000,0.030890
530,415,125,0.008635,0.008229,35559212.000000,1107896.000000,0.031156
531,416,124,0.008586,0.008189,35474367.000000,1099795.000000,0.031003
532,416,124,0.008739,0.008313,35779387.000000,1109523.000000,0.031010
533,417,123,0.008624,0.008228,35625993.000000,1101136.000000,0.030908
534,418,123,0.008855,0.008440,36104346.000000,1130649.000000,0.031316
535,419,122,0.009030,0.008623,36377415.000000,1141119.000000,0.031369
536,420,122,0.008835,0.008416,36083303.000000,1121492.000000,0.031081
537,420,122,0.008742,0.008333,35902240.000000,1110134.000000,0.030921
538,421,121,0.008743,0.008336,35953023.000000,1112915.000000,0.030955
539,422,121,0.008773,0.008363,36041424.000000,1117474.000000,0.031005
540,423,121,0.008950,0.008535,36358554.000000,1135187.000000,0.031222
541,423,120,0.008859,0.008465,36295196.000000,1129637.000000,0.031124
542,424,120,0.008866,0.008450,36342216.000000,1136175.000000,0.031263
543,425,120,0.009062,0.008652,36728193.000000,1149812.000000,0.031306
544,426,120,0.008985,0.008565,36734518.000000,1146002.000000,0.031197
545,426,119,0.009034,0.008644,36965886.000000,1153690.000000,0.031210
546,427,119,0.009218,0.008809,37300763.000000,1169269.000000,0.031347
547,428,118,0.009059,0.008624,37090356.000000,1152834.000000,0.031082
548,429,118,0.009045,0.008651,37259319.000000,1151159.000000,0.030896
549,429,118,0.009158,0.008721,37263529.000000,1150368.000000,0.030871
550,430,118,0.009066,0.008656,37306558.000000,1148071.000000,0.030774
551,430,118,0.009037,0.008605,37228019.000000,1144632.000000,0.030747
552,431,118,0.009061,0.008649,37297501.000000,1147727.000000,0.030772
553,432,118,0.009121,0.008692,37340510.000000,1153211.000000,0.030884
554,433,117,0.009259,0.008853,37768283.000000,1165230.000000,0.030852
555,434,117,0.009177,0.008741,37720841.000000,1162661.000000,0.030823
556,434,117,0.009301,0.008886,38196706.000000,1174356.000000,0.030745
557,435,116,0.009439,0.009025,38170592.000000,1170031.000000,0.030653
558,436,116,0.009316,0.008893,38375501.000000,1181750.000000,0.030794
559,437,116,0.009390,0.008971,38539209.000000,1180751.000000,0.030638
560,438,115,0.009411,0.008960,38717980.000000,1173317.000000,0.030304
561,439,115,0.009476,0.009062,39012994.000000,1187342.000000,0.030435
562,440,114,0.009555,0.009127,39277849.000000,1202838.000000,0.030624
563,440,114,0.009516,0.009088,39242514.000000,1195636.000000,0.030468
564,440,114,0.009581,0.009165,39292613.000000,1189950.000000,0.030284
565,440,113,0.009768,0.009334,39673123.000000,1210289.000000,0.030507
566,441,113,0.009650,0.009217,39710923.000000,1210781.000000,0.030490
567,442,113,0.009699,0.009270,39467321.000000,1204581.000000,0.030521
568,443,112,0.009858,0.009439,40055344.000000,1217437.000000,0.030394
569,444,112,0.009798,0.009346,40329704.000000,1225321.000000,0.030383
570,445,112,0.009871,0.009461,40516017.000000,1228779.000000,0.030328
571,445,111,0.009915,0.009500,40636864.000000,1232509.000000,0.030330
572,445,111,0.009858,0.009434,40664136.000000,1235846.000000,0.030392
573,446,111,0.009898,0.009474,40766773.000000,1239352.000000,0.030401
574,446,110,0.010012,0.009560,41268004.000000,1259478.000000,0.030519
575,447,110,0.010145,0.009718,41641846.000000,1263913.000000,0.030352
576,448,110,0.010055,0.009639,41426777.000000,1255130.000000,0.030298
577,449,109,0.010090,0.009636,41516894.000000,1262529.000000,0.030410
578,450,109,0.010292,0.009875,41938772.000000,1272668.000000,0.030346
579,450,108,0.010146,0.009695,41808631.000000,1267291.000000,0.030312
580,451,108,0.010097,0.009657,41721345.000000,1263672.000000,0.030288
581,452,108,0.010202,0.009766,42009679.000000,1270851.000000,0.030251
582,453,107,0.010260,0.009826,42449303.000000,1290866.000000,0.030410
583,454,107,0.010228,0.009798,42123177.000000,1276853.000000,0.030312
584,455,107,0.010351,0.009893,42845808.000000,1300140.000000,0.030345
585,456,106,0.010402,0.009970,42971408.000000,1291349.000000,0.030051
586,456,106,0.010490,0.010053,43382613.000000,1312387.000000,0.030251
587,456,105,0.010648,0.010201,43555682.000000,1322159.000000,0.030356
588,457,105,0.010566,0.010141,43536656.000000,1312363.000000,0.030144
589,458,105,0.010659,0.010213,43772572.000000,1320882.000000,0.030176
590,459,104,0.010697,0.010232,44164537.000000,1334789.000000,0.030223
591,460,104,0.010897,0.010438,44145375.000000,1328730.000000,0.030099
592,461,103,0.010927,0.010458,44355396.000000,1330239.000000,0.029990
593,461,103,0.010847,0.010365,44325539.000000,1328627.000000,0.029974
594,462,103,0.010724,0.010280,44320062.000000,1325448.000000,0.029906
595,462,102,0.010915,0.010457,44551031.000000,1335963.000000,0.029987
596,463,102,0.010644,0.010198,44330269.000000,1327299.000000,0.029941
597,464,102,0.010841,0.010403,44484272.000000,1325511.000000,0.029797
598,465,101,0.010726,0.010277,44643173.000000,1337747.000000,0.029965
599,466,101,0.010829,0.010265,44807314.000000,1345833.000000,0.030036
600,466,101,0.010805,0.010366,45122555.000000,1341277.000000,0.029725
601,466,100,0.010879,0.010421,45248428.000000,1347035.000000,0.029770
602,467,100,0.010825,0.010389,45183373.000000,1342665.000000,0.029716
603,468,100,0.010880,0.010456,45268783.000000,1345925.000000,0.029732
604,468,99,0.010978,0.010542,45542475.000000,1353229.000000,0.029714
605,469,99,0.010948,0.010515,45616893.000000,1359202.000000,0.029796
606,470,99,0.011102,0.010667,45907746.000000,1363600.000000,0.029703
607,471,98,0.011117,0.010664,46158856.000000,1370746.000000,0.029696
608,472,98,0.011203,0.010760,46137068.000000,1373664.000000,0.029774
609,473,98,0.011132,0.010679,46259709.000000,1369758.000000,0.029610
610,474,97,0.011089,0.010646,46217768.000000,1367317.000000,0.029584
611,475,97,0.011172,0.010746,46415566.000000,1379005.000000,0.029710
612,476,97,0.011197,0.010773,46632462.000000,1378626.000000,0.029564
613,477,96,0.011371,0.010917,46764792.000000,1385929.000000,0.029636
614,478,96,0.011371,0.010905,47105906.000000,1391678.000000,0.029544
615,479,96,0.011569,0.011122,47437623.000000,1401543.000000,0.029545
616,480,95,0.011307,0.010849,47115861.000000,1389003.000000,0.029481
617,481,95,0.011320,0.010879,47027662.000000,1377051.000000,0.029282
618,482,95,0.011336,0.010908,47350101.000000,1385431.000000,0.029259
619,483,95,0.011321,0.010858,47345242.000000,1384439.000000,0.029241
620,484,94,0.011442,0.011014,47661206.000000,1392156.000000,0.029209
621,484,94,0.011493,0.011041,47922149.000000,1399439.000000,0.029202
622,485,94,0.011487,0.011036,48068469.000000,1400221.000000,0.029130
623,486,93,0.011492,0.011025,47860489.000000,1397296.000000,0.029195
624,487,93,0.011648,0.011200,48139169.000000,1401563.000000,0.029115
625,487,93,0.011648,0.011195,48442805.000000,1415596.000000,0.029222
626,488,92,0.011677,0.011217,48578942.000000,1421431.000000,0.029260
627,489,92,0.011672,0.011234,48636714.000000,1424364.000000,0.029286
628,490,92,0.011682,0.011250,48845095.000000,1425933.000000,0.029193
629,491,92,0.011786,0.011324,49032986.000000,1439519.000000,0.029358
630,491,91,0.011817,0.011365,48941708.000000,1433604.000000,0.029292
631,491,91,0.011729,0.011286,48965028.000000,1438153.000000,0.029371
632,492,91,0.012016,0.011558,49107043.000000,1445301.000000,0.029432
633,493,91,0.011856,0.011376,49234146.000000,1445470.000000,0.029359
634,494,90,0.011884,0.011437,49650350.000000,1457975.000000,0.029365
635,494,90,0.011791,0.011355,49471239.000000,1450183.000000,0.029314
636,495,90,0.011819,0.011358,49535596.000000,1454377.000000,0.029360
637,496,90,0.011830,0.011386,49482600.000000,1450043.000000,0.029304
638,497,89,0.011830,0.011383,49619777.000000,1451854.000000,0.029260
639,497,89,0.011919,0.011473,49924429.000000,1468019.000000,0.029405
640,498,89,0.011969,0.011511,50061720.000000,1474652.000000,0.029457
641,499,89,0.012175,0.011725,50232539.000000,1482228.000000,0.029507
642,500,88,0.012070,0.011619,50546242.000000,1490276.000000,0.029483
643,501,88,0.012165,0.011706,50717215.000000,1488259.000000,0.029344
644,502,88,0.012166,0.011725,50958823.000000,1498092.000000,0.029398
645,503,88,0.012140,0.011707,50841807.000000,1487242.000000,0.029252
646,504,87,0.012201,0.011765,51037750.000000,1501412.000000,0.029418
647,504,87,0.012324,0.011859,51199566.000000,1503984.000000,0.029375
648,505,87,0.012203,0.011764,51217414.000000,1501849.000000,0.029323
649,506,87,0.012684,0.012216,51666392.000000,1513785.000000,0.029299
650,507,87,0.012396,0.011938,51412520.000000,1504975.000000,0.029273
651,508,86,0.012422,0.011942,51485366.000000,1508235.000000,0.029294
652,509,86,0.012436,0.011945,51671711.000000,1512284.000000,0.029267
653,510,86,0.012421,0.011967,51549903.000000,1513048.000000,0.029351
654,510,86,0.012515,0.012065,51921048.000000,1518470.000000,0.029246
655,511,86,0.012506,0.012019,51908038.000000,1515167.000000,0.029189
656,512,85,0.012522,0.012067,52190285.000000,1522856.000000,0.029179
657,512,85,0.012855,0.012388,52394249.000000,1533883.000000,0.029276
658,513,85,0.012826,0.012348,52433999.000000,1538120.000000,0.029334
659,514,85,0.012532,0.012054,52410155.000000,1536295.000000,0.029313
660,515,84,0.012665,0.012207,52962627.000000,1559287.000000,0.029441
661,516,84,0.012674,0.012217,52585766.000000,1544907.000000,0.029379
662,517,84,0.012666,0.012203,52851772.000000,1547430.000000,0.029279
663,518,84,0.012818,0.012342,53164693.000000,1557803.000000,0.029301
664,519,83,0.012866,0.012399,53235928.000000,1552370.000000,0.029160
665,520,83,0.013284,0.012815,53384120.000000,1558971.000000,0.029203
666,520,83,0.014016,0.013380,53861256.000000,1580431.000000,0.029343
667,521,83,0.013150,0.012651,53649687.000000,1561710.000000,0.029109
668,522,82,0.013027,0.012542,53807308.000000,1575448.000000,0.029279
669,523,82,0.013032,0.012579,54002973.000000,1578743.000000,0.029234
670,524,82,0.013281,0.012796,54906902.000000,1607019.000000,0.029268
671,525,82,0.013160,0.012680,54574736.000000,1590833.000000,0.029150
672,526,82,0.013389,0.012924,54791988.000000,1599388.000000,0.029190
673,526,81,0.013270,0.012778,54762850.000000,1598643.000000,0.029192
674,527,81,0.014870,0.014398,55848304.000000,1636640.000000,0.029305
675,528,81,0.013308,0.012832,55179057.000000,1610685.000000,0.029190
676,529,80,0.013341,0.012877,55514266.000000,1621884.000000,0.029216
677,530,80,0.013592,0.013117,55592700.000000,1627197.000000,0.029270
678,531,80,0.013574,0.013079,56209643.000000,1636365.000000,0.029112
679,532,80,0.014394,0.013902,56662769.000000,1645600.000000,0.029042
680,532,79,0.014310,0.013846,57118600.000000,1649149.000000,0.028872
681,532,79,0.015023,0.014437,57319639.000000,1674325.000000,0.029210
682,532,79,0.014112,0.013630,57022339.000000,1658446.000000,0.029084
683,533,78,0.013886,0.013408,57457649.000000,1660573.000000,0.028901
684,534,78,0.013959,0.013475,57621168.000000,1668269.000000,0.028952
685,534,78,0.013864,0.013345,57447019.000000,1662156.000000,0.028934
686,535,78,0.014148,0.013539,57839507.000000,1671244.000000,0.028895
687,535,78,0.014043,0.013552,57946059.000000,1669282.000000,0.028808
688,536,77,0.013953,0.013477,57806091.000000,1661570.000000,0.028744
689,537,77,0.014899,0.014137,58118026.000000,1659562.000000,0.028555
690,537,77,0.014048,0.013302,57855253.000000,1658878.000000,0.028673
691,538,76,0.014244,0.013474,58101788.000000,1673595.000000,0.028805
692,538,76,0.014251,0.013501,58413730.000000,1679698.000000,0.028755
693,539,76,0.014271,0.013516,58507580.000000,1677683.000000,0.028675
694,540,76,0.014258,0.013753,58478605.000000,1666741.000000,0.028502
695,540,76,0.014107,0.013624,58638615.000000,1670556.000000,0.028489
696,541,75,0.015056,0.014303,59013751.000000,1673245.000000,0.028353
697,542,75,0.014262,0.013648,58700670.000000,1665180.000000,0.028367
698,543,75,0.015387,0.014884,59640597.000000,1690841.000000,0.028351
699,544,74,0.015175,0.014666,59762242.000000,1695168.000000,0.028365
700,545,74,0.015516,0.015032,60009221.000000,1701878.000000,0.028360
701,546,74,0.015290,0.014797,60105459.000000,1719656.000000,0.028611
702,547,73,0.015364,0.014908,60222896.000000,1750465.000000,0.029066
703,548,73,0.015693,0.015228,60275642.000000,1746466.000000,0.028975
704,549,73,0.015446,0.014898,60607428.000000,1741420.000000,0.028733
705,550,73,0.015063,0.014420,60380944.000000,1722812.000000,0.028532
706,550,72,0.014813,0.014224,60544030.000000,1727424.000000,0.028532
707,551,72,0.014718,0.014260,60575414.000000,1717866.000000,0.028359
708,552,72,0.014518,0.014049,60622085.000000,1719129.000000,0.028358
709,553,72,0.014559,0.014098,60750098.000000,1718276.000000,0.028284
710,554,72,0.014942,0.014212,60933107.000000,1725758.000000,0.028322
711,555,71,0.014848,0.014369,60989957.000000,1728077.000000,0.028334
712,555,71,0.014708,0.014236,61320760.000000,1729409.000000,0.028203
713,556,71,0.014684,0.014204,61240479.000000,1733560.000000,0.028307
714,557,71,0.015009,0.014529,61468926.000000,1736552.000000,0.028251
715,557,71,0.014683,0.014232,61721514.000000,1751973.000000,0.028385
716,558,70,0.014697,0.014217,61655784.000000,1743261.000000,0.028274
717,558,70,0.014678,0.014213,61800159.000000,1743215.000000,0.028207
718,559,70,0.014825,0.014353,62188931.000000,1761616.000000,0.028327
719,560,70,0.014955,0.014468,62535459.000000,1770171.000000,0.028307
720,561,70,0.015082,0.014616,62798837.000000,1783735.000000,0.028404
721,562,69,0.014899,0.014438,62512970.000000,1774400.000000,0.028385
722,563,69,0.014892,0.014426,62477600.000000,1772822.000000,0.028375
723,564,69,0.015519,0.015046,62939446.000000,1789373.000000,0.028430
724,565,69,0.015131,0.014630,63048135.000000,1784590.000000,0.028305
725,565,69,0.015066,0.014523,62902879.000000,1778539.000000,0.028274
726,566,69,0.014911,0.014414,62705340.000000,1769131.000000,0.028213
727,567,69,0.015091,0.014623,63067152.000000,1779771.000000,0.028220
728,568,68,0.015032,0.014556,63170912.000000,1780885.000000,0.028192
729,568,68,0.015220,0.014750,63520015.000000,1800534.000000,0.028346
730,569,68,0.015070,0.014603,63238163.000000,1790086.000000,0.028307
731,569,68,0.015090,0.014626,63337348.000000,1796121.000000,0.028358
732,570,68,0.015432,0.014958,63403411.000000,1799641.000000,0.028384
733,571,68,0.015173,0.014703,63389687.000000,1797452.000000,0.028356
734,572,68,0.015208,0.014731,63805154.000000,1805490.000000,0.028297
735,573,67,0.015261,0.014770,63995432.000000,1807709.000000,0.028247
736,574,67,0.015351,0.014884,64585518.000000,1824278.000000,0.028246
737,575,67,0.015359,0.014886,64845977.000000,1819203.000000,0.028054
738,576,67,0.015249,0.014785,64455477.000000,1806186.000000,0.028022
739,577,67,0.015429,0.014955,65039624.000000,1826549.000000,0.028084
740,578,67,0.015568,0.015079,65331110.000000,1828586.000000,0.027990
741,579,67,0.015615,0.015127,65663765.000000,1842964.000000,0.028067
742,580,67,0.015587,0.015108,65888009.000000,1845192.000000,0.028005
743,581,67,0.015477,0.015019,65747982.000000,1835395.000000,0.027916
744,582,66,0.015593,0.015121,66097907.000000,1852319.000000,0.028024
745,582,66,0.015566,0.015087,66156881.000000,1841757.000000,0.027839
746,583,66,0.015632,0.015159,66463461.000000,1847341.000000,0.027795
747,583,66,0.015699,0.015178,66157512.000000,1833238.000000,0.027710
748,584,65,0.028409,0.027346,71102317.000000,2036935.000000,0.028648
749,585,64,0.025952,0.025176,71361267.000000,2014739.000000,0.028233
750,586,64,0.016182,0.015586,67245486.000000,1867162.000000,0.027766
751,587,64,0.021956,0.020588,69508451.000000,1946281.000000,0.028001
752,588,63,0.025872,0.024874,70727330.000000,1891209.000000,0.026739
753,589,63,0.017565,0.016838,67156532.000000,1840750.000000,0.027410
754,589,62,0.022461,0.021640,69044264.000000,1816987.000000,0.026316
755,590,62,0.016636,0.015985,67685609.000000,1874952.000000,0.027701
756,591,62,0.017766,0.017162,68539002.000000,1889949.000000,0.027575
757,592,62,0.016477,0.015926,68008089.000000,1881672.000000,0.027668
758,593,61,0.016280,0.015764,68075909.000000,1878591.000000,0.027596
759,593,61,0.016382,0.015858,68164746.000000,1874213.000000,0.027495
760,594,61,0.016286,0.015795,68166439.000000,1872294.000000,0.027467
761,595,61,0.016330,0.015832,68569997.000000,1885681.000000,0.027500
762,596,61,0.016781,0.016254,69506003.000000,1925461.000000,0.027702
763,597,61,0.016484,0.015987,69399158.000000,1903091.000000,0.027422
764,598,61,0.016524,0.016037,69378492.000000,1898940.000000,0.027371
765,599,61,0.016677,0.016186,69885079.000000,1914132.000000,0.027390
766,600,61,0.016870,0.016355,70536671.000000,1927878.000000,0.027332
767,600,61,0.016855,0.016335,70671975.000000,1932514.000000,0.027345
768,601,61,0.017031,0.016519,71006698.000000,1950633.000000,0.027471
769,602,60,0.016837,0.016329,70947689.000000,1948254.000000,0.027460
770,603,60,0.016962,0.016478,71468618.000000,1947619.000000,0.027251
771,604,60,0.016970,0.016471,71475904.000000,1949193.000000,0.027271
772,605,60,0.017002,0.016504,71739013.000000,1947647.000000,0.027149
773,605,60,0.017177,0.016675,72257654.000000,1961529.000000,0.027146
774,606,60,0.017527,0.017029,73144867.000000,1993020.000000,0.027248
775,607,60,0.017539,0.017026,73139588.000000,1996671.000000,0.027299
776,608,59,0.017549,0.017060,73609970.000000,1998707.000000,0.027153
