frame,nb of entities,FPS,frame length,physics length,L1-dcache-loads,L1-dcache-load-misses,L1-dcache-load-miss-ratio
0,3,302,0.001703,0.000033,453530.000000,35357.000000,0.077960
1,4,302,0.003322,0.000038,593329.000000,36888.000000,0.062171
2,5,302,0.003317,0.000040,581731.000000,37058.000000,0.063703
3,6,302,0.003320,0.000041,616151.000000,36797.000000,0.059721
4,7,302,0.003324,0.000033,565268.000000,32854.000000,0.058121
5,8,302,0.003319,0.000038,532298.000000,29948.000000,0.056262
6,9,302,0.003322,0.000033,596503.000000,33563.000000,0.056266
7,10,302,0.003326,0.000133,744094.000000,42885.000000,0.057634
8,11,302,0.003317,0.000087,712290.000000,42128.000000,0.059144
9,12,302,0.003325,0.000078,742909.000000,41781.000000,0.056240
10,13,302,0.003327,0.000077,663397.000000,37417.000000,0.056402
11,14,302,0.003320,0.000085,717387.000000,41198.000000,0.057428
12,15,302,0.003325,0.000039,615126.000000,35196.000000,0.057218
13,16,302,0.003326,0.000041,627696.000000,34959.000000,0.055694
14,17,302,0.003323,0.000042,610850.000000,34942.000000,0.057202
15,18,302,0.003328,0.000047,508009.000000,32579.000000,0.064131
16,19,302,0.003345,0.000053,544586.000000,35847.000000,0.065824
17,20,302,0.003336,0.000096,643616.000000,42041.000000,0.065320
18,21,302,0.003346,0.000099,649004.000000,42250.000000,0.065100
19,22,302,0.003347,0.000139,750183.000000,48634.000000,0.064830
20,23,302,0.003338,0.000141,766523.000000,48071.000000,0.062713
21,24,302,0.003343,0.000140,814776.000000,52101.000000,0.063945
22,24,302,0.003346,0.000136,795046.000000,50761.000000,0.063847
23,25,302,0.003346,0.000137,800672.000000,51294.000000,0.064064
24,26,302,0.003343,0.000140,804671.000000,51693.000000,0.064241
25,27,302,0.003350,0.000152,773042.000000,47907.000000,0.061972
26,28,302,0.003340,0.000153,811199.000000,52194.000000,0.064342
27,29,302,0.003348,0.000141,820580.000000,51939.000000,0.063295
28,29,302,0.003346,0.000153,808309.000000,51321.000000,0.063492
29,30,302,0.003337,0.000140,837650.000000,53470.000000,0.063833
30,31,302,0.003346,0.000161,790750.000000,48222.000000,0.060983
31,32,302,0.003352,0.000157,824058.000000,51582.000000,0.062595
32,33,302,0.003337,0.000170,831937.000000,52219.000000,0.062768
33,33,302,0.003391,0.000142,853831.000000,51408.000000,0.060209
34,34,302,0.003351,0.000147,852083.000000,52260.000000,0.061332
35,35,302,0.003343,0.000164,814526.000000,48923.000000,0.060063
36,36,302,0.003355,0.000167,870878.000000,53922.000000,0.061917
37,36,302,0.003362,0.000149,871657.000000,52830.000000,0.060609
38,37,302,0.003336,0.000153,859355.000000,52276.000000,0.060832
39,37,302,0.003340,0.000150,860305.000000,52275.000000,0.060763
40,38,302,0.003343,0.000155,838140.000000,48872.000000,0.058310
41,39,302,0.003340,0.000159,878097.000000,52177.000000,0.059421
42,40,302,0.003324,0.000195,1021974.000000,59145.000000,0.057873
43,40,302,0.003325,0.000246,1231254.000000,66271.000000,0.053824
44,41,302,0.003320,0.000228,1216014.000000,65105.000000,0.053540
45,42,302,0.003325,0.000226,1181140.000000,62427.000000,0.052853
46,43,302,0.003325,0.000262,1211045.000000,66493.000000,0.054905
47,44,302,0.003316,0.000232,1223630.000000,65823.000000,0.053793
48,44,302,0.003325,0.000219,1207938.000000,64949.000000,0.053768
49,45,302,0.003351,0.000240,1146657.000000,66805.000000,0.058261
50,46,302,0.003347,0.000231,1104124.000000,61993.000000,0.056147
51,47,302,0.003346,0.000231,1144911.000000,66140.000000,0.057769
52,48,302,0.003353,0.000236,1140844.000000,66006.000000,0.057857
53,49,302,0.003345,0.000232,1160316.000000,66404.000000,0.057229
54,50,302,0.003352,0.000231,1147759.000000,65655.000000,0.057203
55,51,302,0.003347,0.000267,1128577.000000,62987.000000,0.055811
56,52,302,0.003365,0.000234,1177279.000000,67135.000000,0.057026
57,53,302,0.003354,0.000270,1177851.000000,67304.000000,0.057141
58,54,302,0.003345,0.000235,1178737.000000,66372.000000,0.056308
59,55,302,0.003350,0.000263,1179317.000000,66932.000000,0.056755
60,55,299,0.003343,0.000250,1173956.000000,63900.000000,0.054431
61,56,299,0.003357,0.000485,1211572.000000,67633.000000,0.055823
62,56,299,0.003579,0.000211,1186952.000000,66712.000000,0.056204
63,57,299,0.003344,0.000255,1191105.000000,66639.000000,0.055947
64,58,299,0.003323,0.000274,1344381.000000,69159.000000,0.051443
65,59,299,0.003322,0.000278,1295556.000000,64888.000000,0.050085
66,60,299,0.003324,0.000282,1316027.000000,68422.000000,0.051991
67,60,299,0.003327,0.000387,1340539.000000,70547.000000,0.052626
68,61,299,0.003319,0.000302,1355264.000000,68827.000000,0.050785
69,61,299,0.003323,0.000279,1378990.000000,68368.000000,0.049578
70,62,299,0.003323,0.000235,1350002.000000,63988.000000,0.047398
71,62,299,0.003349,0.000269,1386583.000000,74657.000000,0.053842
72,63,298,0.003559,0.000304,1410611.000000,74696.000000,0.052953
73,64,298,0.003140,0.000277,1408825.000000,74349.000000,0.052774
74,64,298,0.003361,0.000561,1391033.000000,74810.000000,0.053780
75,65,298,0.003572,0.000267,1258646.000000,65072.000000,0.051700
76,66,298,0.003587,0.000284,1314261.000000,70001.000000,0.053263
77,67,298,0.003350,0.000299,1408151.000000,76465.000000,0.054302
78,68,298,0.003351,0.000306,1400707.000000,75588.000000,0.053964
79,69,298,0.003345,0.000300,1363209.000000,71369.000000,0.052354
80,70,298,0.003347,0.000269,1309236.000000,68940.000000,0.052657
81,71,298,0.003332,0.000284,1344740.000000,69452.000000,0.051647
82,72,298,0.003353,0.000419,1403579.000000,84078.000000,0.059903
83,72,298,0.003354,0.000347,1461097.000000,75411.000000,0.051613
84,73,298,0.003360,0.000351,1427925.000000,72992.000000,0.051118
85,74,298,0.003351,0.000306,1490560.000000,77383.000000,0.051915
86,74,298,0.003350,0.000310,1363952.000000,69849.000000,0.051211
87,75,298,0.003360,0.000314,1374876.000000,70520.000000,0.051292
88,76,298,0.003363,0.000312,1373718.000000,71128.000000,0.051778
89,77,298,0.003351,0.000329,1347314.000000,66675.000000,0.049487
90,77,297,0.003359,0.000312,1372422.000000,69335.000000,0.050520
91,78,298,0.003318,0.000329,1460224.000000,69909.000000,0.047876
92,79,298,0.003325,0.000281,1519157.000000,71191.000000,0.046862
93,80,298,0.003323,0.000357,1626288.000000,76780.000000,0.047212
94,81,298,0.003323,0.000292,1559197.000000,73265.000000,0.046989
95,82,298,0.003322,0.000368,1619670.000000,78698.000000,0.048589
96,82,298,0.003325,0.000326,1508250.000000,70927.000000,0.047026
97,82,298,0.003320,0.000323,1497231.000000,69779.000000,0.046605
98,82,298,0.003322,0.000372,1518865.000000,71238.000000,0.046902
99,83,298,0.003329,0.000306,1496639.000000,66679.000000,0.044552
100,84,298,0.003318,0.000278,1566611.000000,71057.000000,0.045357
101,85,298,0.003321,0.000353,1669155.000000,78293.000000,0.046906
102,85,298,0.003327,0.000336,1670205.000000,76827.000000,0.045999
103,86,298,0.003322,0.000305,1671470.000000,77566.000000,0.046406
104,87,298,0.003322,0.000325,1564850.000000,68960.000000,0.044068
105,88,298,0.003327,0.000410,1807377.000000,85045.000000,0.047054
106,89,298,0.003326,0.000334,1799289.000000,84743.000000,0.047098
107,90,298,0.003318,0.000429,1902000.000000,93960.000000,0.049401
108,91,298,0.003326,0.000352,1715327.000000,78897.000000,0.045995
109,92,298,0.003320,0.000390,1686420.000000,75181.000000,0.044580
110,92,298,0.003323,0.000352,1637109.000000,73592.000000,0.044952
111,92,298,0.003326,0.000319,1628214.000000,71650.000000,0.044005
112,93,298,0.003323,0.000294,1662461.000000,72103.000000,0.043371
113,94,298,0.003323,0.000398,1674163.000000,76439.000000,0.045658
114,95,298,0.003325,0.000333,1657352.000000,69219.000000,0.041765
115,96,298,0.003323,0.000333,1819577.000000,79832.000000,0.043874
116,97,298,0.003323,0.000439,1831958.000000,84196.000000,0.045960
117,97,298,0.003326,0.000341,1719465.000000,72409.000000,0.042111
118,97,298,0.003323,0.000305,1716457.000000,73454.000000,0.042794
119,97,298,0.003323,0.000406,1707391.000000,70953.000000,0.041556
120,98,298,0.003325,0.000353,1775695.000000,73193.000000,0.041219
121,99,298,0.003323,0.000347,1878624.000000,80296.000000,0.042742
122,100,299,0.003324,0.000385,1908800.000000,81831.000000,0.042870
123,101,299,0.003325,0.000434,2034891.000000,87063.000000,0.042785
124,102,299,0.003323,0.000357,1913621.000000,77300.000000,0.040395
125,103,299,0.003322,0.000397,2044373.000000,88343.000000,0.043213
126,103,299,0.003325,0.000429,2055105.000000,86906.000000,0.042288
127,104,299,0.003323,0.000391,2089935.000000,88134.000000,0.042171
128,105,299,0.003323,0.000428,2013088.000000,82782.000000,0.041122
129,106,299,0.003325,0.000459,2098158.000000,84998.000000,0.040511
130,107,299,0.003325,0.000408,2136402.000000,88931.000000,0.041627
131,108,299,0.003318,0.000473,2135792.000000,88719.000000,0.041539
132,109,299,0.003327,0.000455,2168905.000000,88872.000000,0.040976
133,109,299,0.003323,0.000480,2420464.000000,103284.000000,0.042671
134,110,299,0.003322,0.000541,2307997.000000,95017.000000,0.041169
135,111,299,0.003328,0.000612,2492722.000000,105965.000000,0.042510
136,111,300,0.003329,0.000554,2493772.000000,102045.000000,0.040920
137,112,300,0.003314,0.000629,2390227.000000,99167.000000,0.041489
138,113,300,0.003327,0.000517,2397764.000000,95534.000000,0.039843
139,114,300,0.003323,0.000497,2464382.000000,99364.000000,0.040320
140,115,300,0.003323,0.000630,2564935.000000,104616.000000,0.040787
141,116,300,0.003327,0.000601,2642559.000000,109832.000000,0.041563
142,117,300,0.003318,0.000594,2646151.000000,109739.000000,0.041471
143,117,300,0.003352,0.000708,2499978.000000,103831.000000,0.041533
144,118,300,0.003373,0.000547,2401759.000000,94137.000000,0.039195
145,118,300,0.003359,0.000579,2553722.000000,106062.000000,0.041532
146,119,300,0.003362,0.000592,2564243.000000,105704.000000,0.041222
147,120,300,0.003386,0.000585,2575018.000000,104829.000000,0.040710
148,120,300,0.003372,0.000616,2571326.000000,105303.000000,0.040953
149,121,300,0.003357,0.000629,2455958.000000,95418.000000,0.038852
150,122,300,0.003373,0.000561,2532841.000000,99410.000000,0.039248
151,123,300,0.003340,0.000686,2867567.000000,118809.000000,0.041432
152,123,300,0.003368,0.000687,2703487.000000,111019.000000,0.041065
153,124,300,0.003328,0.001038,2890205.000000,135622.000000,0.046925
154,125,300,0.003319,0.000610,2833099.000000,109365.000000,0.038603
155,125,300,0.003326,0.000563,2753541.000000,106066.000000,0.038520
156,126,300,0.003325,0.000659,2873805.000000,114232.000000,0.039749
157,127,300,0.003319,0.000831,2966338.000000,139212.000000,0.046931
158,128,300,0.003294,0.000598,2953884.000000,114802.000000,0.038865
159,129,300,0.003322,0.000889,3237362.000000,138935.000000,0.042916
160,130,300,0.003322,0.000871,3047152.000000,122485.000000,0.040197
161,131,300,0.003319,0.000768,3047111.000000,119287.000000,0.039148
162,132,300,0.003329,0.000682,2960945.000000,113109.000000,0.038200
163,133,300,0.003320,0.000796,3090905.000000,120024.000000,0.038831
164,133,300,0.003380,0.000917,3044770.000000,117231.000000,0.038502
165,134,300,0.003372,0.000809,3417490.000000,136793.000000,0.040027
166,135,300,0.003372,0.000811,3142512.000000,120836.000000,0.038452
167,135,300,0.003374,0.000800,3252717.000000,126770.000000,0.038974
168,136,299,0.003378,0.000866,3323293.000000,128628.000000,0.038705
169,136,299,0.003382,0.000936,3562698.000000,137988.000000,0.038731
170,137,299,0.003378,0.000889,3743523.000000,148961.000000,0.039792
171,138,299,0.003393,0.000971,3649360.000000,141836.000000,0.038866
172,139,299,0.003380,0.000906,3660276.000000,142718.000000,0.038991
173,140,299,0.003374,0.000928,4020134.000000,163560.000000,0.040685
174,141,299,0.003401,0.001047,4001765.000000,159303.000000,0.039808
175,142,299,0.003371,0.000986,4112690.000000,163979.000000,0.039871
176,143,299,0.003392,0.001034,3966167.000000,151748.000000,0.038261
177,144,299,0.003394,0.001050,4180659.000000,164146.000000,0.039263
178,145,299,0.003385,0.000909,4184163.000000,165568.000000,0.039570
179,145,298,0.003393,0.001094,4157471.000000,160311.000000,0.038560
180,145,298,0.003390,0.001233,4205193.000000,165887.000000,0.039448
181,146,298,0.003396,0.001052,4041030.000000,153634.000000,0.038019
182,147,298,0.003385,0.000981,3949221.000000,146149.000000,0.037007
183,148,298,0.003390,0.001227,4245001.000000,164293.000000,0.038703
184,149,298,0.003403,0.001351,4205226.000000,157072.000000,0.037352
185,150,298,0.003383,0.000925,4250839.000000,160716.000000,0.037808
186,151,298,0.003405,0.001342,4263212.000000,162728.000000,0.038170
187,152,298,0.003396,0.001346,4382525.000000,168831.000000,0.038524
188,153,298,0.003374,0.000992,4319158.000000,162919.000000,0.037720
189,154,297,0.003407,0.001340,4395151.000000,160134.000000,0.036434
190,155,297,0.003385,0.001308,4448651.000000,163663.000000,0.036789
191,156,297,0.003403,0.001270,4774827.000000,183353.000000,0.038400
192,156,297,0.003398,0.001380,4727450.000000,178199.000000,0.037695
193,157,297,0.003386,0.001279,4715366.000000,174463.000000,0.036999
194,158,297,0.003642,0.001218,4670475.000000,168728.000000,0.036127
195,159,296,0.003608,0.001136,4900679.000000,180184.000000,0.036767
196,160,296,0.003387,0.001198,4847003.000000,179550.000000,0.037044
197,161,296,0.003352,0.001132,5114768.000000,193922.000000,0.037914
198,162,296,0.003404,0.001314,5059187.000000,187855.000000,0.037131
199,163,296,0.003394,0.001327,5310548.000000,205731.000000,0.038740
200,164,296,0.003410,0.001334,5192804.000000,192949.000000,0.037157
201,164,296,0.003389,0.001298,5227347.000000,194272.000000,0.037165
202,164,295,0.003350,0.001087,5009680.000000,180113.000000,0.035953
203,165,295,0.003407,0.001186,4891860.000000,170069.000000,0.034766
204,166,295,0.003386,0.001180,4935470.000000,175839.000000,0.035628
205,167,295,0.003389,0.001108,5088677.000000,182190.000000,0.035803
206,168,295,0.003397,0.001200,5080487.000000,184418.000000,0.036299
207,169,295,0.003378,0.001109,5099906.000000,183628.000000,0.036006
208,169,295,0.003393,0.001196,4949995.000000,170964.000000,0.034538
209,170,295,0.003394,0.001161,5016751.000000,177033.000000,0.035288
210,170,295,0.003388,0.001094,5008399.000000,176814.000000,0.035303
211,171,295,0.003392,0.001191,5055854.000000,178331.000000,0.035272
212,171,295,0.003389,0.001171,5160701.000000,183952.000000,0.035645
213,171,295,0.003402,0.001232,5104894.000000,179047.000000,0.035074
214,172,295,0.003395,0.001320,5431601.000000,197506.000000,0.036362
215,173,295,0.003407,0.001190,5501917.000000,198674.000000,0.036110
216,174,295,0.003399,0.001317,5594069.000000,199892.000000,0.035733
217,174,295,0.003347,0.001229,5612159.000000,199524.000000,0.035552
218,175,294,0.003414,0.001574,5649032.000000,196845.000000,0.034846
219,175,294,0.003400,0.001321,5741750.000000,201531.000000,0.035099
220,176,294,0.003396,0.001251,5783175.000000,198672.000000,0.034353
221,176,294,0.003413,0.001650,5985290.000000,207936.000000,0.034741
222,177,294,0.003401,0.001530,5896900.000000,201160.000000,0.034113
223,178,294,0.003406,0.001435,5995960.000000,203542.000000,0.033947
224,179,294,0.003415,0.001682,6102149.000000,210186.000000,0.034445
225,180,294,0.003416,0.001721,6262451.000000,216817.000000,0.034622
226,181,294,0.003404,0.001503,6161946.000000,208623.000000,0.033857
227,182,294,0.003417,0.001663,6527367.000000,225592.000000,0.034561
228,183,294,0.003421,0.001809,6569085.000000,227896.000000,0.034692
229,184,294,0.003389,0.001459,6610357.000000,228589.000000,0.034580
230,185,293,0.003421,0.001775,6615186.000000,229898.000000,0.034753
231,186,293,0.003418,0.001716,6674610.000000,228915.000000,0.034296
232,187,293,0.003404,0.001462,6646688.000000,227621.000000,0.034246
233,188,293,0.003423,0.001608,6798093.000000,233532.000000,0.034353
234,189,293,0.003420,0.001757,6827276.000000,237065.000000,0.034723
235,189,293,0.003412,0.001612,6844609.000000,235553.000000,0.034414
236,190,293,0.003643,0.001606,7183714.000000,253588.000000,0.035300
237,190,293,0.003185,0.001637,6878320.000000,236985.000000,0.034454
238,190,293,0.003414,0.001522,6877663.000000,233233.000000,0.033912
239,190,293,0.003409,0.001552,7036831.000000,243280.000000,0.034572
240,190,293,0.003413,0.001646,6955201.000000,236507.000000,0.034004
241,190,293,0.003417,0.001572,7115522.000000,243087.000000,0.034163
242,191,293,0.003408,0.001575,7105298.000000,240936.000000,0.033909
243,192,293,0.003415,0.001594,7191975.000000,245392.000000,0.034120
244,193,293,0.003418,0.001581,7205822.000000,246137.000000,0.034158
245,194,293,0.003422,0.001826,7386919.000000,252997.000000,0.034249
246,194,293,0.003414,0.001661,7455449.000000,259275.000000,0.034777
247,195,293,0.003432,0.001779,7441002.000000,255373.000000,0.034320
248,196,293,0.003416,0.001662,7469177.000000,258631.000000,0.034626
249,197,293,0.003419,0.001709,7639761.000000,268809.000000,0.035186
250,197,293,0.003434,0.002035,7680783.000000,268873.000000,0.035006
251,198,293,0.003416,0.001616,7339688.000000,246910.000000,0.033640
252,199,293,0.003418,0.001751,7357965.000000,244285.000000,0.033200
253,200,293,0.003431,0.001934,7631156.000000,263602.000000,0.034543
254,201,293,0.003429,0.001941,7635953.000000,262908.000000,0.034430
255,201,293,0.003420,0.001762,7922295.000000,275801.000000,0.034813
256,202,293,0.003430,0.001957,7801353.000000,262942.000000,0.033705
257,203,293,0.003425,0.001998,7863021.000000,262496.000000,0.033384
258,204,293,0.003421,0.001776,8037177.000000,270370.000000,0.033640
259,205,293,0.003443,0.002231,8485304.000000,297830.000000,0.035100
260,205,293,0.003439,0.002107,8318222.000000,285380.000000,0.034308
261,206,293,0.003426,0.001883,8406989.000000,290894.000000,0.034601
262,207,293,0.003437,0.002094,8389262.000000,288270.000000,0.034362
263,208,293,0.003439,0.002141,8506643.000000,292643.000000,0.034402
264,209,293,0.003382,0.001902,8517166.000000,292438.000000,0.034335
265,210,293,0.003441,0.002160,8672593.000000,301205.000000,0.034731
266,210,292,0.003449,0.002225,8765368.000000,306343.000000,0.034949
267,211,292,0.003423,0.001938,8609366.000000,293932.000000,0.034141
268,212,292,0.003442,0.002174,8698742.000000,300248.000000,0.034516
269,213,292,0.003444,0.002226,8800414.000000,301728.000000,0.034286
270,214,292,0.003438,0.001969,8819080.000000,299967.000000,0.034013
271,215,292,0.003431,0.001993,8885839.000000,301482.000000,0.033928
272,215,292,0.003430,0.001995,8848697.000000,298591.000000,0.033744
273,216,292,0.003437,0.001987,8885906.000000,302735.000000,0.034069
274,216,292,0.003428,0.001961,8780169.000000,295388.000000,0.033643
275,217,292,0.003430,0.001968,8827084.000000,295082.000000,0.033429
276,217,292,0.003435,0.001974,8852296.000000,292966.000000,0.033095
277,218,292,0.003436,0.002020,9041841.000000,304759.000000,0.033705
278,219,292,0.003430,0.001970,8873307.000000,296836.000000,0.033453
279,219,292,0.003445,0.002014,9050746.000000,303104.000000,0.033489
280,220,292,0.003438,0.002030,9110797.000000,305074.000000,0.033485
281,221,292,0.003435,0.002082,9279266.000000,311815.000000,0.033603
282,222,292,0.003440,0.002355,9318091.000000,311455.000000,0.033425
283,223,292,0.003450,0.002335,9347495.000000,311044.000000,0.033276
284,224,291,0.003443,0.002098,9426585.000000,311251.000000,0.033018
285,225,291,0.003452,0.002353,9590358.000000,317546.000000,0.033111
286,226,291,0.003457,0.002364,9645181.000000,326063.000000,0.033806
287,226,291,0.003441,0.002155,9715442.000000,320536.000000,0.032992
288,227,291,0.003457,0.002455,10052941.000000,335498.000000,0.033373
289,227,291,0.003459,0.002498,10072190.000000,335565.000000,0.033316
290,228,291,0.003446,0.002264,10147564.000000,334806.000000,0.032994
291,229,291,0.003462,0.002578,10510635.000000,347444.000000,0.033056
292,230,291,0.003459,0.002495,10106821.000000,331755.000000,0.032825
293,231,291,0.003449,0.002308,10344081.000000,338223.000000,0.032697
294,231,291,0.003462,0.002567,10509635.000000,345792.000000,0.032902
295,232,291,0.003462,0.002665,10737978.000000,361251.000000,0.033642
296,232,291,0.003389,0.002443,10822891.000000,358452.000000,0.033120
297,232,291,0.003352,0.002533,10985215.000000,368369.000000,0.033533
298,233,291,0.003364,0.002537,11063846.000000,371389.000000,0.033568
299,234,291,0.003364,0.002531,11248294.000000,375543.000000,0.033387
300,235,291,0.003361,0.002556,11302231.000000,377115.000000,0.033366
301,236,291,0.003452,0.002798,11322011.000000,375053.000000,0.033126
302,237,291,0.003400,0.002567,11392892.000000,378831.000000,0.033252
303,237,291,0.003467,0.002583,11414425.000000,379812.000000,0.033275
304,238,291,0.003461,0.002571,11447733.000000,380235.000000,0.033215
305,239,291,0.003439,0.002848,11617546.000000,383691.000000,0.033027
306,240,291,0.003483,0.002624,11683599.000000,387547.000000,0.033170
307,240,291,0.003472,0.002689,11931987.000000,395935.000000,0.033183
308,241,291,0.003455,0.002846,11660134.000000,382050.000000,0.032765
309,242,291,0.003482,0.002880,11663347.000000,381168.000000,0.032681
310,243,291,0.003469,0.002657,11753400.000000,386240.000000,0.032862
311,244,290,0.003590,0.002967,12025645.000000,399105.000000,0.033188
312,245,290,0.003625,0.003015,12195230.000000,404333.000000,0.033155
313,246,290,0.003441,0.002830,12439173.000000,416185.000000,0.033458
314,246,290,0.003589,0.002984,12234475.000000,403998.000000,0.033021
315,247,290,0.003616,0.003021,12232941.000000,400108.000000,0.032707
316,248,290,0.003378,0.002768,12287938.000000,404866.000000,0.032948
317,249,289,0.003590,0.002971,12292528.000000,399242.000000,0.032478
318,249,289,0.003685,0.003075,12537546.000000,413023.000000,0.032943
319,250,289,0.003616,0.002794,12439617.000000,403318.000000,0.032422
320,251,289,0.003608,0.002941,12913031.000000,424144.000000,0.032846
321,252,288,0.003544,0.002928,12942670.000000,425645.000000,0.032887
322,253,288,0.003593,0.002941,13037051.000000,425971.000000,0.032674
323,254,288,0.003801,0.003194,13014970.000000,421776.000000,0.032407
324,255,287,0.003543,0.002948,13061324.000000,422915.000000,0.032379
325,256,287,0.003876,0.003247,13387166.000000,436870.000000,0.032633
326,257,286,0.003878,0.003271,13375966.000000,434976.000000,0.032519
327,257,286,0.003644,0.003039,13498789.000000,440399.000000,0.032625
328,258,285,0.004148,0.003288,13559968.000000,440351.000000,0.032474
329,259,285,0.003777,0.003178,13896942.000000,455402.000000,0.032770
330,260,284,0.003925,0.003319,13748327.000000,444377.000000,0.032322
331,260,283,0.003952,0.003344,13748899.000000,442035.000000,0.032151
332,260,283,0.003684,0.003086,13723053.000000,439699.000000,0.032041
333,261,282,0.003912,0.003304,13706093.000000,438746.000000,0.032011
334,262,281,0.003967,0.003350,13739765.000000,442804.000000,0.032228
335,263,281,0.003802,0.003147,13937655.000000,449160.000000,0.032226
336,264,280,0.004123,0.003509,14254851.000000,466627.000000,0.032735
337,265,279,0.004036,0.003246,14106294.000000,456480.000000,0.032360
338,265,278,0.004063,0.003437,14170076.000000,460875.000000,0.032525
339,265,278,0.004063,0.003455,14143752.000000,459249.000000,0.032470
340,265,277,0.004005,0.003167,14064643.000000,454663.000000,0.032327
341,265,276,0.004057,0.003447,14190475.000000,450557.000000,0.031751
342,266,276,0.003792,0.003182,14152602.000000,450031.000000,0.031798
343,267,275,0.004023,0.003411,14220728.000000,451399.000000,0.031742
344,268,274,0.004062,0.003440,14259570.000000,454087.000000,0.031844
345,269,273,0.004026,0.003211,14250649.000000,448907.000000,0.031501
346,270,273,0.004113,0.003494,14476453.000000,458183.000000,0.031650
347,271,272,0.003821,0.003215,14331272.000000,451730.000000,0.031521
348,272,271,0.004060,0.003442,14401251.000000,453749.000000,0.031508
349,273,271,0.004098,0.003255,14512435.000000,453705.000000,0.031263
350,274,270,0.004116,0.003499,14608535.000000,455407.000000,0.031174
351,275,269,0.004174,0.003545,14730703.000000,459364.000000,0.031184
352,275,268,0.003966,0.003350,14906720.000000,469964.000000,0.031527
353,276,267,0.004396,0.003531,14783477.000000,464259.000000,0.031404
354,277,267,0.003958,0.003365,14876098.000000,466781.000000,0.031378
355,277,266,0.004233,0.003618,15100364.000000,476895.000000,0.031582
356,277,265,0.004345,0.003721,15373621.000000,492785.000000,0.032054
357,278,263,0.004313,0.003466,15353362.000000,489394.000000,0.031875
358,278,262,0.004290,0.003691,15198830.000000,478464.000000,0.031480
359,278,262,0.004069,0.003431,15284624.000000,481864.000000,0.031526
360,279,260,0.004544,0.003696,15435226.000000,490661.000000,0.031788
361,280,259,0.004125,0.003513,15454688.000000,491119.000000,0.031778
362,281,258,0.004435,0.003807,15649899.000000,498796.000000,0.031872
363,282,257,0.004400,0.003769,15598839.000000,494859.000000,0.031724
364,282,256,0.004386,0.003549,15694270.000000,500510.000000,0.031891
365,283,255,0.004499,0.003875,15980952.000000,510225.000000,0.031927
366,284,254,0.004213,0.003587,15804660.000000,504100.000000,0.031896
367,284,253,0.004656,0.004018,15747281.000000,501014.000000,0.031816
368,284,252,0.004171,0.003547,15693965.000000,499195.000000,0.031808
369,285,251,0.004466,0.003832,15968834.000000,508521.000000,0.031845
370,286,250,0.004491,0.003618,16020783.000000,512152.000000,0.031968
371,287,249,0.004432,0.003807,15855584.000000,504203.000000,0.031800
372,288,248,0.004503,0.003858,15991822.000000,510845.000000,0.031944
373,288,247,0.004524,0.003678,16213870.000000,513714.000000,0.031684
374,289,246,0.004599,0.003959,16372955.000000,523810.000000,0.031992
375,290,245,0.004454,0.003823,16738425.000000,543765.000000,0.032486
376,291,244,0.004814,0.004201,16407912.000000,521518.000000,0.031785
377,292,243,0.004364,0.003734,16488317.000000,525666.000000,0.031881
378,293,242,0.004962,0.004327,16916873.000000,548600.000000,0.032429
379,293,241,0.004525,0.003891,17085084.000000,552737.000000,0.032352
380,294,240,0.005003,0.004127,17177495.000000,552630.000000,0.032172
381,295,239,0.004732,0.004098,17820246.000000,583184.000000,0.032726
382,296,237,0.005077,0.004199,17530894.000000,565715.000000,0.032270
383,297,236,0.004648,0.004032,17621126.000000,567569.000000,0.032210
384,298,235,0.005287,0.004401,18093345.000000,591524.000000,0.032693
385,299,234,0.004733,0.004113,17973152.000000,584026.000000,0.032494
386,300,233,0.005240,0.004363,18185142.000000,592468.000000,0.032580
387,301,232,0.004781,0.004167,18168515.000000,583859.000000,0.032136
388,301,231,0.005248,0.004382,18242166.000000,591176.000000,0.032407
389,302,230,0.005033,0.004409,18241185.000000,590740.000000,0.032385
390,303,228,0.005266,0.004640,18238061.000000,589877.000000,0.032343
391,304,228,0.004872,0.004237,18458195.000000,599578.000000,0.032483
392,305,226,0.005349,0.004704,18554986.000000,602620.000000,0.032478
393,306,225,0.004872,0.004256,18537371.000000,598976.000000,0.032312
394,307,224,0.005364,0.004712,18622050.000000,604150.000000,0.032443
395,308,223,0.004951,0.004307,18799741.000000,613513.000000,0.032634
396,309,222,0.005401,0.004764,18807051.000000,609629.000000,0.032415
397,309,221,0.004894,0.004275,18695287.000000,597244.000000,0.031946
398,309,220,0.005404,0.004770,18858880.000000,608349.000000,0.032258
399,310,220,0.004950,0.004314,18852836.000000,608184.000000,0.032260
400,311,218,0.005396,0.004765,18816077.000000,606815.000000,0.032250
401,312,218,0.005269,0.004566,19129955.000000,619044.000000,0.032360
402,312,216,0.005252,0.004616,19122873.000000,618488.000000,0.032343
403,313,215,0.005335,0.004700,19248675.000000,615827.000000,0.031993
404,314,214,0.005261,0.004628,19068664.000000,615391.000000,0.032272
405,315,214,0.005227,0.004588,19112951.000000,613127.000000,0.032079
406,316,213,0.005228,0.004607,19086650.000000,610866.000000,0.032005
407,317,211,0.005380,0.004732,19449476.000000,623301.000000,0.032047
408,317,211,0.005350,0.004720,19566082.000000,627483.000000,0.032070
409,318,209,0.005538,0.004662,19507260.000000,620429.000000,0.031805
410,318,209,0.005136,0.004489,19726309.000000,629544.000000,0.031914
411,319,208,0.005654,0.004993,19894749.000000,634159.000000,0.031876
412,320,207,0.005238,0.004611,20194077.000000,644022.000000,0.031892
413,321,206,0.005878,0.005220,20501806.000000,659646.000000,0.032175
414,321,205,0.005587,0.004714,20611790.000000,661280.000000,0.032083
415,322,204,0.005615,0.004977,20665674.000000,660483.000000,0.031960
416,322,203,0.005628,0.004974,20715036.000000,664333.000000,0.032070
417,323,202,0.005587,0.004952,20612420.000000,652838.000000,0.031672
418,324,201,0.005770,0.004888,20491232.000000,643818.000000,0.031419
419,325,200,0.005399,0.004758,20786678.000000,659800.000000,0.031741
420,325,199,0.005894,0.005247,20911727.000000,667726.000000,0.031931
421,326,198,0.005357,0.004986,20999164.000000,670673.000000,0.031938
422,326,198,0.005285,0.004892,21072494.000000,678858.000000,0.032215
423,327,197,0.005273,0.004910,21105262.000000,678630.000000,0.032155
424,328,197,0.005252,0.004898,21102277.000000,677131.000000,0.032088
425,329,196,0.005281,0.004925,21201392.000000,680926.000000,0.032117
426,330,195,0.005272,0.004907,21221808.000000,682731.000000,0.032171
427,330,195,0.005328,0.004973,21451729.000000,688357.000000,0.032089
428,331,194,0.005320,0.004956,21397387.000000,680679.000000,0.031811
429,332,194,0.005336,0.004977,21438855.000000,683688.000000,0.031890
430,333,193,0.005317,0.004960,21482604.000000,683700.000000,0.031826
431,333,193,0.005368,0.004991,21528831.000000,681253.000000,0.031644
432,334,192,0.005360,0.004995,21745834.000000,691953.000000,0.031820
433,335,191,0.005443,0.005076,21851095.000000,693849.000000,0.031754
434,336,191,0.005377,0.005023,21797022.000000,690087.000000,0.031660
435,337,190,0.005565,0.005197,22278887.000000,710421.000000,0.031888
436,338,190,0.005463,0.005064,22006847.000000,700736.000000,0.031842
437,339,189,0.005473,0.005115,22098919.000000,696542.000000,0.031519
438,340,189,0.005486,0.005125,22183241.000000,700008.000000,0.031556
439,340,188,0.005555,0.005186,22505170.000000,707405.000000,0.031433
440,340,188,0.005560,0.005208,22287883.000000,697491.000000,0.031295
441,341,187,0.005533,0.005153,22364200.000000,700585.000000,0.031326
442,342,187,0.005654,0.005290,22816358.000000,713843.000000,0.031286
443,343,187,0.005534,0.005195,22607904.000000,701684.000000,0.031037
444,344,186,0.005691,0.005316,22921150.000000,716706.000000,0.031268
445,345,186,0.005632,0.005256,22804914.000000,709166.000000,0.031097
446,346,186,0.005712,0.005356,23129450.000000,721016.000000,0.031173
447,347,185,0.005817,0.005439,23474025.000000,739564.000000,0.031506
448,347,185,0.005803,0.005429,23496431.000000,744103.000000,0.031669
449,348,184,0.005845,0.005483,23623302.000000,741965.000000,0.031408
450,349,184,0.005817,0.005436,23620259.000000,746850.000000,0.031619
451,350,183,0.005932,0.005558,23807645.000000,748817.000000,0.031453
452,351,183,0.005896,0.005539,23757723.000000,746215.000000,0.031409
453,352,182,0.005877,0.005512,23842473.000000,749130.000000,0.031420
454,353,182,0.005912,0.005542,23826435.000000,746080.000000,0.031313
455,354,182,0.005947,0.005574,24077079.000000,758027.000000,0.031483
456,354,181,0.006036,0.005654,24241796.000000,761726.000000,0.031422
457,354,181,0.006061,0.005695,24166236.000000,758959.000000,0.031406
458,355,180,0.005976,0.005604,24118598.000000,758186.000000,0.031436
459,356,180,0.006013,0.005633,24255691.000000,761304.000000,0.031387
460,357,179,0.005995,0.005640,24518679.000000,763866.000000,0.031154
461,357,179,0.006186,0.005799,24877552.000000,777470.000000,0.031252
462,358,178,0.006195,0.005816,24964765.000000,778128.000000,0.031169
463,359,178,0.006149,0.005786,25032323.000000,776503.000000,0.031020
464,360,177,0.006198,0.005792,25038077.000000,777701.000000,0.031061
465,361,177,0.006172,0.005785,25154902.000000,780428.000000,0.031025
466,362,176,0.006244,0.005858,25316614.000000,785184.000000,0.031015
467,363,176,0.006254,0.005874,25356607.000000,786169.000000,0.031005
468,364,175,0.006302,0.005907,25450501.000000,787416.000000,0.030939
469,365,175,0.006398,0.006015,25821792.000000,806520.000000,0.031234
470,366,174,0.006357,0.005959,25753038.000000,806102.000000,0.031301
471,366,174,0.006408,0.006044,25896491.000000,809280.000000,0.031251
472,367,173,0.006567,0.006183,26396565.000000,839065.000000,0.031787
473,368,173,0.006697,0.006317,26486761.000000,839572.000000,0.031698
474,369,172,0.006573,0.006195,26672159.000000,843489.000000,0.031624
475,370,172,0.006657,0.006276,26835575.000000,845630.000000,0.031512
476,371,171,0.006616,0.006237,26762199.000000,843188.000000,0.031507
477,372,171,0.006657,0.006270,26986009.000000,854016.000000,0.031647
478,373,170,0.006675,0.006309,26926528.000000,849757.000000,0.031558
479,374,170,0.006691,0.006292,27065834.000000,855628.000000,0.031613
480,374,169,0.006800,0.006421,27470176.000000,870858.000000,0.031702
481,375,169,0.007079,0.006690,27833116.000000,884176.000000,0.031767
482,376,168,0.006868,0.006458,27771060.000000,881549.000000,0.031743
483,377,167,0.006951,0.006551,28029297.000000,883353.000000,0.031515
484,378,166,0.007021,0.006603,28269879.000000,889104.000000,0.031451
485,378,165,0.007095,0.006692,28342140.000000,894764.000000,0.031570
486,379,165,0.006965,0.006581,28402963.000000,893490.000000,0.031458
487,379,164,0.007147,0.006749,29220948.000000,926768.000000,0.031716
488,380,163,0.006992,0.006608,28538594.000000,888866.000000,0.031146
489,381,162,0.007037,0.006644,28862061.000000,901745.000000,0.031243
490,382,161,0.007163,0.006698,29201170.000000,917714.000000,0.031427
491,383,161,0.007160,0.006759,29271470.000000,914474.000000,0.031241
492,383,160,0.007115,0.006718,29263053.000000,913863.000000,0.031229
493,383,159,0.007178,0.006810,29493137.000000,924647.000000,0.031351
494,383,158,0.007124,0.006734,29217068.000000,912021.000000,0.031215
495,384,158,0.007231,0.006846,29588966.000000,929745.000000,0.031422
496,385,157,0.007307,0.006905,29877926.000000,940587.000000,0.031481
497,386,156,0.007238,0.006857,29741456.000000,924610.000000,0.031088
498,387,156,0.007267,0.006877,29846850.000000,936116.000000,0.031364
499,388,155,0.007362,0.006970,30226960.000000,946764.000000,0.031322
500,389,154,0.007323,0.006934,30079805.000000,933509.000000,0.031034
501,390,153,0.007457,0.007058,30643834.000000,945716.000000,0.030862
502,391,153,0.007442,0.007040,30455136.000000,937066.000000,0.030769
503,392,152,0.007473,0.007078,30744238.000000,948893.000000,0.030864
504,393,151,0.007562,0.007166,31136263.000000,958799.000000,0.030794
505,393,150,0.007538,0.007140,31038186.000000,954243.000000,0.030744
506,393,150,0.007658,0.007278,31476599.000000,972725.000000,0.030903
507,394,149,0.007622,0.007205,31260472.000000,964840.000000,0.030865
508,395,148,0.007704,0.007312,31637431.000000,974491.000000,0.030802
509,396,148,0.007786,0.007384,31962996.000000,992500.000000,0.031052
510,397,147,0.007833,0.007434,32170908.000000,998155.000000,0.031027
511,397,146,0.007783,0.007383,32023939.000000,984461.000000,0.030741
512,398,146,0.007848,0.007453,32306469.000000,999179.000000,0.030928
513,399,145,0.007837,0.007444,32273125.000000,990919.000000,0.030704
514,400,144,0.007902,0.007500,32495839.000000,1003633.000000,0.030885
515,401,143,0.007929,0.007540,32588305.000000,1003648.000000,0.030798
516,401,143,0.007896,0.007488,32550409.000000,995657.000000,0.030588
517,402,142,0.007912,0.007526,32598838.000000,995140.000000,0.030527
518,403,142,0.007908,0.007505,32635263.000000,999178.000000,0.030617
519,404,141,0.008044,0.007656,33159563.000000,1014571.000000,0.030597
520,404,140,0.007995,0.007603,32940268.000000,1007807.000000,0.030595
521,405,140,0.008025,0.007643,33037393.000000,1004957.000000,0.030419
522,406,139,0.008069,0.007667,33162704.000000,1014515.000000,0.030592
523,407,138,0.008154,0.007755,33519970.000000,1024385.000000,0.030560
524,408,138,0.008053,0.007647,33197910.000000,1010839.000000,0.030449
525,409,137,0.008186,0.007784,33742668.000000,1023107.000000,0.030321
526,410,136,0.008218,0.007809,33885649.000000,1029516.000000,0.030382
527,411,136,0.008315,0.007910,33984389.000000,1025135.000000,0.030165
528,412,135,0.008261,0.007848,34049944.000000,1033132.000000,0.030342
529,413,135,0.008415,0.007938,34353859.000000,1036954.000000,0.030184
530,414,134,0.008337,0.007911,34447782.000000,1040300.000000,0.030199
531,415,133,0.008424,0.008011,34620730.000000,1031022.000000,0.029780
532,415,133,0.008341,0.007933,34653768.000000,1033976.000000,0.029837
533,416,132,0.008342,0.007943,34630622.000000,1031739.000000,0.029793
534,417,132,0.008352,0.007939,34649520.000000,1034139.000000,0.029846
535,418,131,0.008489,0.008087,35084739.000000,1046625.000000,0.029831
536,418,131,0.008436,0.008014,34972835.000000,1051131.000000,0.030056
537,419,130,0.008444,0.008050,35061100.000000,1044657.000000,0.029795
538,420,130,0.008464,0.008042,35160925.000000,1046112.000000,0.029752
539,420,129,0.008473,0.008071,35194486.000000,1044626.000000,0.029682
540,421,129,0.008503,0.008084,35391363.000000,1049739.000000,0.029661
541,422,128,0.008539,0.008140,35531786.000000,1052096.000000,0.029610
542,423,128,0.008547,0.008123,35586537.000000,1056479.000000,0.029688
543,424,127,0.008630,0.008224,35917095.000000,1071314.000000,0.029827
544,424,127,0.008715,0.008293,36201337.000000,1078862.000000,0.029802
545,425,126,0.009881,0.009180,36134362.000000,1075585.000000,0.029766
546,426,126,0.009488,0.008769,36187663.000000,1072829.000000,0.029646
547,427,125,0.009428,0.008890,36475996.000000,1080989.000000,0.029636
548,428,124,0.009856,0.009114,36758634.000000,1092084.000000,0.029710
549,428,124,0.009505,0.008806,36366256.000000,1072562.000000,0.029493
550,428,123,0.009077,0.008658,36613173.000000,1085516.000000,0.029648
551,429,123,0.008995,0.008571,36658043.000000,1086836.000000,0.029648
552,430,122,0.008985,0.008551,36694051.000000,1082203.000000,0.029493
553,431,122,0.009146,0.008723,37249214.000000,1103941.000000,0.029637
554,431,121,0.008986,0.008574,36878662.000000,1082773.000000,0.029360
555,432,121,0.009113,0.008658,37234803.000000,1104137.000000,0.029653
556,433,120,0.009218,0.008791,37570579.000000,1119657.000000,0.029801
557,433,120,0.009166,0.008741,37476948.000000,1107614.000000,0.029555
558,434,119,0.009175,0.008773,37768583.000000,1116059.000000,0.029550
559,435,119,0.009240,0.008833,37967585.000000,1125505.000000,0.029644
560,436,118,0.009318,0.008889,38241197.000000,1139638.000000,0.029801
561,437,118,0.009462,0.009051,38580171.000000,1143965.000000,0.029652
562,438,117,0.009473,0.009037,38570250.000000,1147662.000000,0.029755
563,439,117,0.011095,0.010639,39564115.000000,1159917.000000,0.029317
564,440,116,0.009540,0.009098,39039829.000000,1158661.000000,0.029679
565,441,116,0.009552,0.009125,39186744.000000,1163061.000000,0.029680
566,442,115,0.009570,0.009152,39295477.000000,1165665.000000,0.029664
567,443,115,0.009691,0.009261,39635714.000000,1181471.000000,0.029808
568,444,114,0.009731,0.009315,39718144.000000,1181046.000000,0.029736
569,445,114,0.009830,0.009393,40063959.000000,1199492.000000,0.029939
570,446,114,0.009739,0.009320,39826006.000000,1182495.000000,0.029692
571,447,113,0.009884,0.009455,40125651.000000,1194134.000000,0.029760
572,448,113,0.009829,0.009382,40244539.000000,1195451.000000,0.029705
573,449,112,0.009893,0.009468,40597856.000000,1203656.000000,0.029648
574,449,112,0.009887,0.009431,40631911.000000,1199003.000000,0.029509
575,450,111,0.009937,0.009498,41001074.000000,1207877.000000,0.029460
576,451,111,0.009962,0.009490,40914240.000000,1201811.000000,0.029374
577,452,111,0.010098,0.009643,41304570.000000,1223312.000000,0.029617
578,453,110,0.010092,0.009677,41084104.000000,1213509.000000,0.029537
579,454,110,0.010158,0.009724,41426772.000000,1231762.000000,0.029733
580,454,109,0.010190,0.009744,41565600.000000,1226379.000000,0.029505
581,455,109,0.010274,0.009767,41641527.000000,1227302.000000,0.029473
582,456,108,0.010401,0.009923,42017021.000000,1232981.000000,0.029345
583,456,108,0.010322,0.009882,41835737.000000,1226359.000000,0.029314
584,457,107,0.010247,0.009785,42541412.000000,1249147.000000,0.029363
585,458,107,0.010172,0.009753,42360516.000000,1240612.000000,0.029287
586,459,107,0.010195,0.009776,42534262.000000,1253559.000000,0.029472
587,460,106,0.010316,0.009878,43026561.000000,1270706.000000,0.029533
588,461,106,0.010367,0.009934,43113547.000000,1270039.000000,0.029458
589,462,106,0.010301,0.009869,43080940.000000,1259631.000000,0.029239
590,462,105,0.010354,0.009934,43236542.000000,1268743.000000,0.029344
591,463,105,0.010549,0.010102,43349780.000000,1273090.000000,0.029368
592,464,104,0.010377,0.009936,43314922.000000,1275485.000000,0.029447
593,464,104,0.010382,0.009964,43390528.000000,1270284.000000,0.029276
594,465,104,0.010366,0.009957,43352189.000000,1270650.000000,0.029310
595,465,103,0.010450,0.009988,43525559.000000,1275504.000000,0.029305
596,466,103,0.010394,0.009977,43467021.000000,1271233.000000,0.029246
597,467,103,0.010443,0.010015,43689831.000000,1278286.000000,0.029258
598,468,102,0.010464,0.010039,43668027.000000,1274848.000000,0.029194
599,469,102,0.010503,0.010074,43905607.000000,1283839.000000,0.029241
600,470,102,0.010609,0.010166,44085970.000000,1288577.000000,0.029229
601,471,101,0.010674,0.010234,44316341.000000,1295348.000000,0.029230
602,472,101,0.010757,0.010236,44492510.000000,1309812.000000,0.029439
603,473,100,0.010689,0.010253,44568633.000000,1290668.000000,0.028959
604,473,100,0.010680,0.010260,44509629.000000,1286633.000000,0.028907
605,474,100,0.010719,0.010270,44583095.000000,1289527.000000,0.028924
606,475,100,0.010829,0.010378,44948960.000000,1303336.000000,0.028996
607,476,99,0.010776,0.010348,44759708.000000,1297755.000000,0.028994
608,476,99,0.010839,0.010419,45044399.000000,1311129.000000,0.029107
609,477,99,0.010798,0.010360,44795235.000000,1300429.000000,0.029031
610,478,99,0.010834,0.010386,44854633.000000,1306207.000000,0.029121
611,478,99,0.010886,0.010432,45364326.000000,1316157.000000,0.029013
612,479,98,0.010920,0.010475,45460198.000000,1315725.000000,0.028942
613,480,98,0.010944,0.010507,45627081.000000,1316965.000000,0.028864
614,481,98,0.011087,0.010632,46237306.000000,1343395.000000,0.029054
615,482,97,0.011182,0.010729,46453800.000000,1342015.000000,0.028889
616,483,97,0.011190,0.010748,46624109.000000,1342882.000000,0.028802
617,484,97,0.011262,0.010821,46939618.000000,1359942.000000,0.028972
618,485,96,0.011290,0.010842,46954319.000000,1360441.000000,0.028974
619,486,96,0.011358,0.010919,47117232.000000,1361476.000000,0.028896
620,486,96,0.011343,0.010900,47209024.000000,1365336.000000,0.028921
621,487,95,0.011283,0.010849,47101999.000000,1355846.000000,0.028785
622,487,95,0.011276,0.010850,47072959.000000,1353251.000000,0.028748
623,488,95,0.011282,0.010852,47061791.000000,1353113.000000,0.028752
624,489,95,0.011356,0.010912,47228057.000000,1365997.000000,0.028923
625,490,95,0.011293,0.010853,47119897.000000,1349327.000000,0.028636
626,491,94,0.011309,0.010870,47170494.000000,1349888.000000,0.028617
627,492,94,0.011439,0.010982,47769644.000000,1370589.000000,0.028692
628,493,94,0.011477,0.011041,47786245.000000,1366602.000000,0.028598
629,493,93,0.011558,0.011094,48266302.000000,1381039.000000,0.028613
630,493,93,0.011565,0.011106,48334700.000000,1387062.000000,0.028697
631,494,93,0.011506,0.011048,48043842.000000,1374634.000000,0.028612
632,494,93,0.011524,0.011090,48211409.000000,1382464.000000,0.028675
633,495,92,0.011621,0.011183,48544268.000000,1399834.000000,0.028836
634,496,92,0.011647,0.011211,48533396.000000,1399569.000000,0.028837
635,497,92,0.011668,0.011236,48765680.000000,1402036.000000,0.028750
636,498,92,0.011784,0.011328,48835724.000000,1407084.000000,0.028813
637,499,91,0.011778,0.011329,49052532.000000,1414006.000000,0.028826
638,499,91,0.011816,0.011359,49281136.000000,1429098.000000,0.028999
639,499,91,0.011826,0.011382,49458110.000000,1431132.000000,0.028936
640,500,91,0.011871,0.011407,49587089.000000,1434304.000000,0.028925
641,501,91,0.011862,0.011427,49587156.000000,1424669.000000,0.028731
642,501,90,0.011889,0.011455,49616355.000000,1429401.000000,0.028809
643,502,90,0.011865,0.011411,49583232.000000,1428717.000000,0.028815
644,503,90,0.011840,0.011387,49537077.000000,1422904.000000,0.028724
645,504,90,0.011960,0.011504,49885220.000000,1428608.000000,0.028638
646,505,89,0.011939,0.011488,49901043.000000,1432039.000000,0.028698
647,506,89,0.011982,0.011509,50144123.000000,1437956.000000,0.028676
648,507,89,0.012059,0.011608,50479904.000000,1442633.000000,0.028578
649,508,89,0.012060,0.011618,50450928.000000,1442364.000000,0.028589
650,509,89,0.012065,0.011611,50505148.000000,1444213.000000,0.028595
651,509,88,0.012534,0.012080,50672786.000000,1449234.000000,0.028600
652,510,88,0.012158,0.011691,50768395.000000,1451832.000000,0.028597
653,511,88,0.013087,0.012353,51459292.000000,1482263.000000,0.028805
654,512,87,0.012980,0.012221,51293272.000000,1484907.000000,0.028949
655,513,87,0.013065,0.012328,51530468.000000,1477827.000000,0.028679
656,513,87,0.013005,0.012271,51519040.000000,1476084.000000,0.028651
657,514,86,0.013060,0.012326,51790431.000000,1488453.000000,0.028740
658,515,86,0.013162,0.012412,51991586.000000,1493188.000000,0.028720
659,515,86,0.013692,0.012957,52604303.000000,1514286.000000,0.028786
660,515,85,0.013266,0.012530,52513813.000000,1514382.000000,0.028838
661,516,85,0.013378,0.012636,52626665.000000,1516782.000000,0.028822
662,517,85,0.013380,0.012634,53051294.000000,1530027.000000,0.028841
663,517,84,0.012833,0.012367,52970313.000000,1511611.000000,0.028537
664,517,84,0.012798,0.012331,53229524.000000,1525252.000000,0.028654
665,518,84,0.012802,0.012338,53241214.000000,1524965.000000,0.028643
666,519,84,0.012912,0.012450,53677808.000000,1541723.000000,0.028722
667,520,83,0.013025,0.012570,54207951.000000,1553754.000000,0.028663
668,521,83,0.013265,0.012781,54379076.000000,1563068.000000,0.028744
669,522,83,0.013155,0.012702,54853509.000000,1569227.000000,0.028608
670,523,83,0.013209,0.012762,55072159.000000,1577494.000000,0.028644
671,524,82,0.013238,0.012783,55021687.000000,1574243.000000,0.028611
672,525,82,0.013289,0.012829,55362314.000000,1581637.000000,0.028569
673,526,82,0.013350,0.012842,55622968.000000,1590643.000000,0.028597
674,527,81,0.013390,0.012916,55595207.000000,1587554.000000,0.028556
675,528,81,0.013401,0.012926,55841555.000000,1597933.000000,0.028615
676,529,81,0.013491,0.013012,55889250.000000,1596101.000000,0.028558
677,529,81,0.013482,0.012996,56036653.000000,1594991.000000,0.028463
678,530,80,0.013531,0.013037,56330663.000000,1608813.000000,0.028560
679,531,80,0.013604,0.013112,56540874.000000,1612947.000000,0.028527
680,532,80,0.013559,0.013090,56523995.000000,1611923.000000,0.028517
681,533,80,0.013707,0.013230,56895884.000000,1630468.000000,0.028657
682,534,79,0.013740,0.013242,56862527.000000,1625255.000000,0.028582
683,535,79,0.013755,0.013285,56979338.000000,1624396.000000,0.028509
684,536,79,0.013711,0.013234,57090077.000000,1619409.000000,0.028366
685,537,79,0.013893,0.013330,57668219.000000,1645912.000000,0.028541
686,538,78,0.013777,0.013297,57305849.000000,1632040.000000,0.028479
687,539,78,0.013814,0.013328,57432702.000000,1632579.000000,0.028426
688,540,78,0.013864,0.013379,57591694.000000,1633745.000000,0.028368
689,541,78,0.013924,0.013433,57945713.000000,1640936.000000,0.028319
690,542,77,0.014267,0.013758,58322072.000000,1650190.000000,0.028294
691,542,77,0.013809,0.013337,58109807.000000,1645875.000000,0.028324
692,543,77,0.013794,0.013314,58149358.000000,1645622.000000,0.028300
693,544,77,0.013958,0.013485,58793347.000000,1665353.000000,0.028326
694,544,77,0.013833,0.013380,58404650.000000,1650135.000000,0.028253
695,545,76,0.013862,0.013401,58555601.000000,1650041.000000,0.028179
696,546,76,0.013874,0.013391,58580472.000000,1653886.000000,0.028233
697,546,76,0.013878,0.013437,58735800.000000,1655074.000000,0.028178
698,546,76,0.014194,0.013753,59660268.000000,1682983.000000,0.028209
699,547,75,0.013965,0.013532,58989466.000000,1661670.000000,0.028169
700,548,75,0.014103,0.013662,59466282.000000,1668471.000000,0.028057
701,549,75,0.014179,0.013749,59931924.000000,1682677.000000,0.028076
702,550,75,0.014204,0.013729,60024540.000000,1687128.000000,0.028107
703,551,74,0.015021,0.014417,60481393.000000,1695074.000000,0.028026
704,552,74,0.015112,0.014409,60540522.000000,1699340.000000,0.028069
705,553,74,0.014995,0.014400,60870981.000000,1690099.000000,0.027765
706,554,74,0.015078,0.014448,61179224.000000,1696843.000000,0.027736
707,555,73,0.014658,0.014207,61490361.000000,1708379.000000,0.027783
708,556,73,0.014591,0.014137,61480680.000000,1704142.000000,0.027718
709,557,73,0.014722,0.014261,61979695.000000,1716365.000000,0.027692
710,557,73,0.014786,0.014332,62103427.000000,1720629.000000,0.027706
711,558,72,0.015377,0.014906,62266263.000000,1724855.000000,0.027701
712,559,72,0.015623,0.014982,62128787.000000,1720037.000000,0.027685
713,560,72,0.015508,0.014918,62980939.000000,1745393.000000,0.027713
714,561,72,0.015477,0.014881,63051226.000000,1740774.000000,0.027609
715,562,71,0.015484,0.014898,63163524.000000,1743130.000000,0.027597
716,562,71,0.015480,0.014888,63151093.000000,1742042.000000,0.027585
717,563,71,0.015677,0.015089,63166746.000000,1742699.000000,0.027589
718,564,71,0.015383,0.014910,63264486.000000,1744508.000000,0.027575
719,564,71,0.014960,0.014502,63278262.000000,1736470.000000,0.027442
720,565,71,0.014995,0.014533,63301761.000000,1738678.000000,0.027467
721,566,70,0.015131,0.014617,63767747.000000,1761914.000000,0.027630
722,567,70,0.016003,0.015394,64008515.000000,1768023.000000,0.027622
723,567,70,0.015783,0.015174,64334073.000000,1769120.000000,0.027499
724,568,70,0.015889,0.015389,64695856.000000,1785484.000000,0.027598
725,569,70,0.015347,0.014845,64579971.000000,1769889.000000,0.027406
726,570,69,0.015377,0.014910,64825567.000000,1779730.000000,0.027454
727,570,69,0.015403,0.014936,65086392.000000,1791597.000000,0.027526
728,571,69,0.015395,0.014927,65141199.000000,1792372.000000,0.027515
729,572,69,0.015623,0.015146,65702797.000000,1809269.000000,0.027537
730,572,69,0.015558,0.015090,65672115.000000,1806934.000000,0.027514
731,573,68,0.015610,0.015138,65704971.000000,1808022.000000,0.027517
732,574,68,0.015685,0.015210,66116145.000000,1818556.000000,0.027505
733,575,68,0.015681,0.015211,66215566.000000,1825176.000000,0.027564
734,575,68,0.015800,0.015336,66546072.000000,1828985.000000,0.027484
735,576,68,0.015837,0.015374,66917205.000000,1843437.000000,0.027548
736,576,67,0.015828,0.015365,66916946.000000,1834268.000000,0.027411
737,577,67,0.016286,0.015802,67306929.000000,1856462.000000,0.027582
738,578,67,0.016003,0.015522,67197821.000000,1844468.000000,0.027448
739,579,67,0.016005,0.015543,67442621.000000,1855073.000000,0.027506
740,580,67,0.015966,0.015485,67402230.000000,1856522.000000,0.027544
741,581,66,0.016704,0.016090,67728470.000000,1858686.000000,0.027443
742,582,66,0.016562,0.015951,67590716.000000,1857390.000000,0.027480
743,583,66,0.016620,0.016014,67823610.000000,1868466.000000,0.027549
744,584,66,0.016698,0.016087,68027290.000000,1889151.000000,0.027770
745,585,66,0.016805,0.016182,68318119.000000,1892252.000000,0.027698
746,586,65,0.016837,0.016217,68557581.000000,1897342.000000,0.027675
747,587,65,0.016776,0.016165,68511480.000000,1897787.000000,0.027700
748,588,65,0.016912,0.016294,68735084.000000,1905518.000000,0.027723
749,589,65,0.017247,0.016515,69162041.000000,1923094.000000,0.027806
750,589,64,0.026345,0.025339,71396317.000000,2043904.000000,0.028628
751,590,63,0.024338,0.023562,72812032.000000,1996076.000000,0.027414
752,590,63,0.017013,0.016413,69307534.000000,1915441.000000,0.027637
753,591,63,0.016507,0.016019,69363539.000000,1913951.000000,0.027593
754,592,62,0.029776,0.029071,69565346.000000,1805778.000000,0.025958
755,593,61,0.018344,0.017556,69835002.000000,1913793.000000,0.027404
756,594,61,0.022716,0.022053,72796443.000000,1952744.000000,0.026825
757,595,61,0.016933,0.016348,70146278.000000,1931114.000000,0.027530
758,596,60,0.017583,0.017000,70560194.000000,1933897.000000,0.027408
759,597,60,0.016800,0.016257,70278268.000000,1926705.000000,0.027415
760,598,60,0.016771,0.016269,70342631.000000,1930825.000000,0.027449
761,599,60,0.016790,0.016316,70876444.000000,1952790.000000,0.027552
762,599,60,0.016828,0.016349,70759179.000000,1944192.000000,0.027476
763,599,60,0.016849,0.016362,70952594.000000,1943483.000000,0.027391
764,600,60,0.016902,0.016405,70790422.000000,1939332.000000,0.027395
765,601,59,0.016893,0.016415,71091958.000000,1956466.000000,0.027520
