frame,nb of entities,FPS,frame length,physics length,L1-dcache-loads,L1-dcache-load-misses,L1-dcache-load-miss-ratio
0,3,302,0.001972,0.000023,512667.000000,31545.000000,0.061531
1,4,302,0.003322,0.000034,583014.000000,34179.000000,0.058625
2,5,302,0.003320,0.000030,543457.000000,32728.000000,0.060222
3,6,302,0.003316,0.000026,582011.000000,33319.000000,0.057248
4,7,302,0.003328,0.000025,566174.000000,32872.000000,0.058060
5,8,302,0.003316,0.000116,722692.000000,39260.000000,0.054325
6,9,302,0.003326,0.000086,695025.000000,42771.000000,0.061539
7,10,302,0.003324,0.000082,682925.000000,41440.000000,0.060680
8,11,302,0.003322,0.000079,674026.000000,41139.000000,0.061035
9,12,302,0.003321,0.000091,719340.000000,42317.000000,0.058828
10,13,302,0.003326,0.000079,671188.000000,38022.000000,0.056649
11,14,302,0.003320,0.000087,707737.000000,42086.000000,0.059466
12,15,302,0.003323,0.000081,697766.000000,42222.000000,0.060510
13,16,302,0.003326,0.000097,749177.000000,43525.000000,0.058097
14,17,302,0.003316,0.000091,715518.000000,41922.000000,0.058590
15,18,302,0.003322,0.000093,682234.000000,39477.000000,0.057864
16,19,302,0.003325,0.000090,716120.000000,42025.000000,0.058684
17,20,302,0.003319,0.000089,709344.000000,41531.000000,0.058548
18,21,302,0.003338,0.000089,635831.000000,43127.000000,0.067828
19,22,302,0.003330,0.000095,664585.000000,42539.000000,0.064008
20,23,302,0.003325,0.000081,666066.000000,38823.000000,0.058287
21,24,302,0.003321,0.000135,907513.000000,50074.000000,0.055177
22,25,302,0.003329,0.000114,859233.000000,48793.000000,0.056787
23,25,302,0.003316,0.000134,856785.000000,47936.000000,0.055949
24,26,302,0.003323,0.000110,892701.000000,48428.000000,0.054249
25,27,302,0.003331,0.000112,824522.000000,45441.000000,0.055112
26,28,302,0.003315,0.000138,797622.000000,45763.000000,0.057374
27,29,302,0.003325,0.000101,794542.000000,43899.000000,0.055251
28,30,302,0.003322,0.000111,804893.000000,44179.000000,0.054888
29,30,302,0.003322,0.000088,818641.000000,43527.000000,0.053170
30,31,302,0.003324,0.000093,790749.000000,39380.000000,0.049801
31,32,302,0.003328,0.000092,795946.000000,42935.000000,0.053942
32,32,302,0.003320,0.000108,772018.000000,42630.000000,0.055219
33,33,302,0.003323,0.000120,795538.000000,43212.000000,0.054318
34,33,302,0.003325,0.000098,805955.000000,42575.000000,0.052826
35,33,302,0.003322,0.000086,747896.000000,39467.000000,0.052771
36,34,302,0.003326,0.000101,796420.000000,43580.000000,0.054720
37,35,302,0.003327,0.000104,810958.000000,44012.000000,0.054272
38,36,302,0.003320,0.000116,793147.000000,44268.000000,0.055813
39,37,302,0.003322,0.000126,810934.000000,44079.000000,0.054356
40,37,302,0.003330,0.000102,773608.000000,39631.000000,0.051229
41,38,302,0.003318,0.000118,813016.000000,42975.000000,0.052859
42,39,302,0.003327,0.000106,825033.000000,43875.000000,0.053180
43,39,302,0.003323,0.000140,842977.000000,45014.000000,0.053399
44,40,302,0.003318,0.000129,840152.000000,44324.000000,0.052757
45,41,302,0.003320,0.000154,839419.000000,42367.000000,0.050472
46,42,302,0.003329,0.000113,841207.000000,43714.000000,0.051966
47,43,302,0.003318,0.000129,867463.000000,44384.000000,0.051165
48,44,302,0.003325,0.000115,876777.000000,44790.000000,0.051085
49,45,302,0.003329,0.000117,898208.000000,45126.000000,0.050240
50,46,302,0.003316,0.000134,842571.000000,40893.000000,0.048534
51,47,302,0.003328,0.000136,897187.000000,44629.000000,0.049743
52,48,302,0.003324,0.000111,889639.000000,44360.000000,0.049863
53,49,302,0.003324,0.000138,894847.000000,45021.000000,0.050311
54,50,302,0.003322,0.000183,946355.000000,45990.000000,0.048597
55,51,302,0.003326,0.000140,896591.000000,41605.000000,0.046404
56,51,302,0.003312,0.000143,910712.000000,45113.000000,0.049536
57,52,302,0.003325,0.000142,939695.000000,45570.000000,0.048494
58,53,302,0.003329,0.000162,1014523.000000,51074.000000,0.050343
59,54,302,0.003320,0.000249,1163701.000000,59427.000000,0.051067
60,55,300,0.003317,0.000288,1157091.000000,55558.000000,0.048015
61,56,300,0.003327,0.000262,1293899.000000,65437.000000,0.050573
62,57,300,0.003321,0.000228,1208763.000000,63604.000000,0.052619
63,58,300,0.003317,0.000279,1275281.000000,66200.000000,0.051910
64,59,300,0.003297,0.000181,1115821.000000,56363.000000,0.050513
65,60,300,0.003314,0.000221,1062494.000000,51878.000000,0.048827
66,60,300,0.003321,0.000249,1105065.000000,53985.000000,0.048852
67,60,300,0.003328,0.000188,1055546.000000,52142.000000,0.049398
68,60,300,0.003320,0.000189,1049377.000000,52355.000000,0.049892
69,61,300,0.003322,0.000207,1088605.000000,53913.000000,0.049525
70,61,300,0.003324,0.000187,1051343.000000,48903.000000,0.046515
71,62,300,0.003322,0.000164,1084292.000000,52881.000000,0.048770
72,63,300,0.003325,0.000202,1096747.000000,52724.000000,0.048073
73,64,300,0.003320,0.000169,1137835.000000,53192.000000,0.046748
74,65,300,0.003325,0.000198,1125758.000000,55866.000000,0.049625
75,66,300,0.003320,0.000333,1352969.000000,62690.000000,0.046335
76,67,300,0.003326,0.000197,1280969.000000,59718.000000,0.046619
77,67,300,0.003321,0.000236,1265756.000000,62521.000000,0.049394
78,68,300,0.003325,0.000212,1275973.000000,60365.000000,0.047309
79,69,300,0.003324,0.000246,1248233.000000,59474.000000,0.047647
80,70,300,0.003320,0.000212,1163257.000000,54849.000000,0.047151
81,71,300,0.003327,0.000217,1291596.000000,60464.000000,0.046813
82,71,300,0.003324,0.000241,1263032.000000,61574.000000,0.048751
83,72,300,0.003315,0.000344,1304072.000000,80536.000000,0.061757
84,73,300,0.003327,0.000189,1199007.000000,54182.000000,0.045189
85,74,300,0.003323,0.000210,1166142.000000,51969.000000,0.044565
86,74,300,0.003318,0.000217,1154548.000000,55166.000000,0.047781
87,75,299,0.004024,0.000236,1098668.000000,55984.000000,0.050956
88,76,299,0.003300,0.000197,1278937.000000,56515.000000,0.044189
89,77,299,0.003322,0.000285,1377884.000000,64968.000000,0.047151
90,78,299,0.003323,0.000468,1552128.000000,92828.000000,0.059807
91,79,299,0.003324,0.000522,1646306.000000,88207.000000,0.053579
92,80,299,0.003317,0.000436,1564225.000000,85686.000000,0.054779
93,81,299,0.003322,0.000489,1676950.000000,93681.000000,0.055864
94,82,299,0.003326,0.000449,1544362.000000,84322.000000,0.054600
95,83,299,0.003320,0.000446,1602582.000000,87106.000000,0.054354
96,84,299,0.003322,0.000361,1428617.000000,74374.000000,0.052060
97,85,299,0.003327,0.000379,1431271.000000,75295.000000,0.052607
98,86,299,0.003317,0.000366,1453134.000000,74117.000000,0.051005
99,86,299,0.003322,0.000376,1402843.000000,70689.000000,0.050390
100,87,300,0.003325,0.000378,1486275.000000,76654.000000,0.051575
101,88,300,0.003320,0.000279,1545920.000000,69834.000000,0.045173
102,88,300,0.003321,0.000295,1422775.000000,63085.000000,0.044339
103,89,300,0.003327,0.000302,1511525.000000,63317.000000,0.041889
104,89,299,0.003323,0.000238,1387797.000000,59665.000000,0.042993
105,90,299,0.003322,0.000299,1429706.000000,63660.000000,0.044527
106,91,300,0.003324,0.000344,1539061.000000,66393.000000,0.043139
107,92,299,0.003324,0.000253,1446037.000000,63577.000000,0.043966
108,93,300,0.003321,0.000386,1532175.000000,72814.000000,0.047523
109,94,300,0.003327,0.000397,1503396.000000,68360.000000,0.045470
110,95,299,0.003319,0.000392,1547041.000000,73038.000000,0.047211
111,95,300,0.003323,0.000397,1541643.000000,72086.000000,0.046759
112,96,300,0.003325,0.000414,1586156.000000,73521.000000,0.046352
113,97,300,0.003317,0.000462,1696379.000000,80791.000000,0.047626
114,97,300,0.003324,0.000353,1606998.000000,67620.000000,0.042078
115,97,300,0.003330,0.000295,1693262.000000,71727.000000,0.042360
116,98,299,0.003319,0.000323,1575509.000000,65813.000000,0.041773
117,99,300,0.003321,0.000335,1585668.000000,66051.000000,0.041655
118,100,300,0.003327,0.000283,1604917.000000,67667.000000,0.042162
119,101,299,0.003324,0.000320,1635615.000000,69728.000000,0.042631
120,102,299,0.003321,0.000528,1808948.000000,91147.000000,0.050387
121,102,300,0.003322,0.000405,1779803.000000,74243.000000,0.041714
122,103,299,0.003324,0.000291,1672160.000000,67486.000000,0.040359
123,104,299,0.003321,0.000327,1790859.000000,73628.000000,0.041113
124,104,299,0.003324,0.000426,1784265.000000,71633.000000,0.040147
125,105,299,0.003314,0.000389,1837610.000000,77005.000000,0.041905
126,105,299,0.003327,0.000407,1789296.000000,75349.000000,0.042111
127,106,299,0.003324,0.000417,1816575.000000,74992.000000,0.041282
128,106,299,0.003320,0.000383,1811647.000000,73600.000000,0.040626
129,107,299,0.003323,0.000410,1804889.000000,71888.000000,0.039830
130,108,299,0.003325,0.000732,1957636.000000,99208.000000,0.050677
131,109,299,0.003317,0.000463,1894153.000000,76662.000000,0.040473
132,110,299,0.003323,0.000428,1895628.000000,75343.000000,0.039746
133,111,299,0.003325,0.000488,2026032.000000,82160.000000,0.040552
134,112,299,0.003323,0.000381,2015188.000000,78928.000000,0.039167
135,112,299,0.003323,0.000537,2136598.000000,88196.000000,0.041279
136,113,299,0.003322,0.000493,2105691.000000,83682.000000,0.039741
137,114,299,0.003321,0.000442,2001036.000000,76948.000000,0.038454
138,115,299,0.003322,0.000461,2031492.000000,77562.000000,0.038180
139,116,299,0.003325,0.000546,2240193.000000,87961.000000,0.039265
140,117,299,0.003325,0.000409,2205194.000000,84817.000000,0.038462
141,118,299,0.003322,0.000766,2575976.000000,117801.000000,0.045731
142,119,299,0.003406,0.000756,2503200.000000,117709.000000,0.047023
143,120,299,0.003281,0.000612,2503632.000000,106044.000000,0.042356
144,120,299,0.003321,0.000568,2310561.000000,88534.000000,0.038317
145,120,299,0.003326,0.000550,2356686.000000,91965.000000,0.039023
146,121,299,0.003326,0.000478,2398722.000000,95122.000000,0.039655
147,122,300,0.003318,0.000606,2434836.000000,95176.000000,0.039089
148,123,300,0.003325,0.000631,2513012.000000,100449.000000,0.039972
149,124,300,0.003320,0.000579,2477679.000000,96684.000000,0.039022
150,124,300,0.003321,0.000612,2597026.000000,101778.000000,0.039190
151,125,300,0.003328,0.000555,2709991.000000,108957.000000,0.040206
152,125,300,0.003317,0.000605,2677451.000000,107673.000000,0.040215
153,125,300,0.003324,0.000546,2692040.000000,108316.000000,0.040236
154,125,300,0.003324,0.000665,2666211.000000,103612.000000,0.038861
155,126,300,0.003326,0.000590,2841380.000000,116094.000000,0.040858
156,127,300,0.003323,0.000614,2750326.000000,110144.000000,0.040048
157,128,300,0.003318,0.001129,2894423.000000,141949.000000,0.049042
158,128,300,0.003319,0.000553,2816676.000000,104588.000000,0.037132
159,129,300,0.003322,0.000725,2725820.000000,104679.000000,0.038403
160,130,300,0.003326,0.000608,2890658.000000,110768.000000,0.038319
161,131,300,0.003322,0.000574,2889045.000000,110682.000000,0.038311
162,131,300,0.003322,0.000708,2853894.000000,109787.000000,0.038469
163,132,300,0.003324,0.000582,2878331.000000,109938.000000,0.038195
164,133,300,0.003319,0.000662,2855206.000000,106637.000000,0.037348
165,134,300,0.003323,0.000731,2932420.000000,111531.000000,0.038034
166,135,300,0.003328,0.000591,2959441.000000,111591.000000,0.037707
167,136,300,0.003317,0.000723,3063005.000000,116865.000000,0.038154
168,137,300,0.003323,0.000696,3076707.000000,118273.000000,0.038441
169,138,300,0.003329,0.000709,3084362.000000,115457.000000,0.037433
170,139,300,0.003325,0.000736,3119748.000000,118418.000000,0.037958
171,140,300,0.003313,0.000678,3178993.000000,121585.000000,0.038246
172,141,300,0.003324,0.000793,3173095.000000,119145.000000,0.037549
173,142,300,0.003320,0.000910,3264139.000000,127833.000000,0.039163
174,143,300,0.003323,0.000828,3347827.000000,124124.000000,0.037076
175,144,300,0.003326,0.000824,3535560.000000,133464.000000,0.037749
176,145,300,0.003319,0.000852,3539431.000000,133694.000000,0.037773
177,146,300,0.003322,0.000815,3661018.000000,141434.000000,0.038632
178,147,300,0.003329,0.000830,3577447.000000,134669.000000,0.037644
179,147,300,0.003320,0.000948,3784247.000000,143970.000000,0.038045
180,148,300,0.003321,0.000821,3734599.000000,141256.000000,0.037824
181,149,300,0.003330,0.000888,3765976.000000,142987.000000,0.037968
182,150,300,0.003377,0.001153,3899410.000000,151244.000000,0.038786
183,151,300,0.003376,0.000905,3892381.000000,151241.000000,0.038856
184,151,300,0.003381,0.000907,3826174.000000,145922.000000,0.038138
185,152,300,0.003374,0.000951,4004550.000000,157317.000000,0.039285
186,152,300,0.003376,0.000908,3864491.000000,150266.000000,0.038884
187,153,300,0.003327,0.000972,3958534.000000,150772.000000,0.038088
188,154,300,0.003319,0.000928,4027848.000000,152510.000000,0.037864
189,155,300,0.003324,0.001102,4122439.000000,154801.000000,0.037551
190,156,300,0.003324,0.001022,4207035.000000,158396.000000,0.037650
191,156,300,0.003381,0.001116,4217689.000000,159136.000000,0.037731
192,157,300,0.003391,0.001147,4358249.000000,166057.000000,0.038102
193,158,300,0.003385,0.000979,4236219.000000,159101.000000,0.037557
194,158,300,0.003368,0.001039,4187713.000000,156056.000000,0.037265
195,158,300,0.003387,0.000994,4212592.000000,159209.000000,0.037794
196,159,299,0.003376,0.000994,4383693.000000,166499.000000,0.037981
197,160,299,0.003400,0.001229,4648157.000000,182784.000000,0.039324
198,161,299,0.003350,0.001144,4821551.000000,190228.000000,0.039454
199,161,299,0.003338,0.001884,5214275.000000,238531.000000,0.045746
200,162,300,0.003081,0.001299,5072611.000000,206389.000000,0.040687
201,163,300,0.003323,0.001273,5090733.000000,198957.000000,0.039082
202,163,300,0.003330,0.001111,5070720.000000,195826.000000,0.038619
203,164,300,0.003323,0.001636,5142916.000000,216181.000000,0.042035
204,165,300,0.003324,0.001193,4933606.000000,180738.000000,0.036634
205,166,300,0.003318,0.001212,5060360.000000,193281.000000,0.038195
206,166,300,0.003328,0.001262,4903500.000000,185283.000000,0.037786
207,167,300,0.003315,0.001461,5114873.000000,205451.000000,0.040167
208,167,300,0.003324,0.001097,4971656.000000,183066.000000,0.036822
209,167,300,0.003328,0.001286,4976023.000000,181878.000000,0.036551
210,168,300,0.003322,0.001259,5161139.000000,191263.000000,0.037058
211,168,300,0.003322,0.001222,5196869.000000,190274.000000,0.036613
212,168,300,0.003326,0.001425,5463838.000000,205332.000000,0.037580
213,169,300,0.003324,0.001394,5484135.000000,203489.000000,0.037105
214,170,300,0.003314,0.001733,5736970.000000,237286.000000,0.041361
215,170,300,0.003326,0.001438,5601656.000000,205005.000000,0.036597
216,171,300,0.003327,0.001332,5707497.000000,208760.000000,0.036576
217,172,300,0.003320,0.001518,5765904.000000,222822.000000,0.038645
218,173,300,0.003322,0.001568,5722621.000000,212558.000000,0.037143
219,174,300,0.003320,0.001529,6028156.000000,224485.000000,0.037239
220,175,300,0.003325,0.001320,5973212.000000,220495.000000,0.036914
221,176,300,0.003328,0.001611,6238871.000000,235385.000000,0.037729
222,176,300,0.003320,0.001539,6179152.000000,229442.000000,0.037132
223,176,300,0.003326,0.001384,6162122.000000,227713.000000,0.036954
224,177,300,0.003326,0.001587,6150928.000000,225077.000000,0.036592
225,178,300,0.003322,0.001551,6237586.000000,228750.000000,0.036673
226,178,300,0.003327,0.001431,6275216.000000,230606.000000,0.036749
227,179,300,0.003323,0.001417,6345882.000000,231522.000000,0.036484
228,180,300,0.003322,0.001629,6481779.000000,239381.000000,0.036931
229,181,300,0.003323,0.001636,6934848.000000,263605.000000,0.038012
230,182,300,0.003328,0.001710,6719542.000000,249183.000000,0.037083
231,183,300,0.003320,0.001709,6771101.000000,251861.000000,0.037196
232,184,300,0.003335,0.001660,6810993.000000,254719.000000,0.037398
233,185,300,0.003302,0.001636,7015872.000000,260236.000000,0.037092
234,186,300,0.003320,0.001816,7090937.000000,262408.000000,0.037006
235,187,300,0.003325,0.001616,6854995.000000,248165.000000,0.036202
236,188,300,0.003328,0.001813,7055679.000000,259414.000000,0.036767
237,189,300,0.003325,0.001824,7069557.000000,261556.000000,0.036998
238,189,300,0.003324,0.001657,7042525.000000,261177.000000,0.037086
239,190,300,0.003326,0.001789,7033159.000000,256868.000000,0.036522
240,191,300,0.003322,0.001788,7164227.000000,259512.000000,0.036223
241,192,300,0.003325,0.001700,7245932.000000,264855.000000,0.036552
242,193,300,0.003337,0.001950,7280735.000000,267645.000000,0.036761
243,194,300,0.003327,0.001920,7427464.000000,275331.000000,0.037069
244,195,300,0.003341,0.002640,7624474.000000,304427.000000,0.039928
245,196,300,0.003545,0.003130,8281810.000000,352994.000000,0.042623
246,197,300,0.003425,0.003012,8200735.000000,348951.000000,0.042551
247,198,300,0.003333,0.001847,7852633.000000,287394.000000,0.036598
248,199,300,0.003325,0.001890,7624962.000000,270138.000000,0.035428
249,200,300,0.003326,0.001741,7709808.000000,272639.000000,0.035363
250,201,299,0.003332,0.001966,7783576.000000,278671.000000,0.035802
251,201,300,0.003325,0.001788,7874895.000000,283201.000000,0.035963
252,202,300,0.003331,0.001851,8027054.000000,291369.000000,0.036298
253,203,300,0.003342,0.002174,8428236.000000,312543.000000,0.037083
254,204,300,0.003330,0.001927,8400109.000000,307736.000000,0.036635
255,205,300,0.003330,0.001897,8364672.000000,303873.000000,0.036328
256,205,300,0.003340,0.002120,8385364.000000,305132.000000,0.036389
257,206,300,0.003379,0.002536,8568874.000000,313663.000000,0.036605
258,207,300,0.003328,0.001997,8692206.000000,313275.000000,0.036041
259,208,300,0.003342,0.002181,8561229.000000,304958.000000,0.035621
260,209,300,0.003332,0.001960,8602794.000000,307835.000000,0.035783
261,209,300,0.003334,0.001985,8778767.000000,315822.000000,0.035976
262,210,300,0.003353,0.002232,8865210.000000,315853.000000,0.035628
263,211,300,0.003335,0.002051,8937467.000000,317450.000000,0.035519
264,211,300,0.003336,0.002095,9045737.000000,321798.000000,0.035575
265,212,299,0.003349,0.002268,8939779.000000,315916.000000,0.035338
266,213,299,0.003342,0.002099,9199149.000000,326540.000000,0.035497
267,213,299,0.003348,0.002202,9229267.000000,329980.000000,0.035754
268,214,299,0.003346,0.002223,9323961.000000,327405.000000,0.035114
269,215,299,0.003349,0.002238,9350490.000000,326375.000000,0.034905
270,215,299,0.003341,0.002114,9311281.000000,325901.000000,0.035001
271,216,299,0.003344,0.002176,9364141.000000,327575.000000,0.034982
272,216,299,0.003362,0.002110,9331762.000000,327660.000000,0.035112
273,217,299,0.003344,0.002302,9434544.000000,333178.000000,0.035315
274,218,299,0.003349,0.002334,9421279.000000,324567.000000,0.034450
275,219,299,0.003344,0.002149,9510953.000000,329707.000000,0.034666
276,220,299,0.003340,0.002134,9507065.000000,327089.000000,0.034405
277,221,299,0.003354,0.002360,9717350.000000,338071.000000,0.034790
278,222,299,0.003349,0.002243,9720665.000000,337724.000000,0.034743
279,223,299,0.003349,0.002278,9882832.000000,339436.000000,0.034346
280,224,299,0.003342,0.002232,9826067.000000,338314.000000,0.034430
281,224,299,0.003348,0.002269,9944080.000000,344036.000000,0.034597
282,224,299,0.003352,0.002295,10009538.000000,345344.000000,0.034501
283,225,299,0.003349,0.002431,10128731.000000,348562.000000,0.034413
284,226,299,0.003352,0.002374,10216675.000000,350210.000000,0.034278
285,227,299,0.003360,0.002418,10484882.000000,367454.000000,0.035046
286,227,299,0.003352,0.002415,10477930.000000,366385.000000,0.034967
287,228,298,0.003460,0.002616,10494983.000000,362854.000000,0.034574
288,228,298,0.003368,0.002737,10605493.000000,368130.000000,0.034711
289,228,298,0.003370,0.002469,10719944.000000,378447.000000,0.035303
290,228,298,0.003372,0.002696,10545338.000000,365680.000000,0.034677
291,229,298,0.003355,0.002348,10401917.000000,354441.000000,0.034075
292,230,298,0.003350,0.002999,10580584.000000,361202.000000,0.034138
293,231,298,0.003336,0.002994,11000077.000000,383515.000000,0.034865
294,232,298,0.003363,0.002399,10484300.000000,353523.000000,0.033719
295,233,298,0.003357,0.002506,10763603.000000,371794.000000,0.034542
296,234,298,0.003363,0.002494,10784046.000000,369192.000000,0.034235
297,234,298,0.003360,0.002736,11026537.000000,380572.000000,0.034514
298,234,297,0.004285,0.003654,11444645.000000,422518.000000,0.036918
299,235,296,0.003463,0.002553,11064651.000000,380208.000000,0.034362
300,235,296,0.003465,0.002516,11099428.000000,382352.000000,0.034448
301,235,296,0.003458,0.002556,11099965.000000,383297.000000,0.034531
302,235,296,0.003459,0.002567,11247387.000000,392945.000000,0.034937
303,235,295,0.004055,0.003417,11551675.000000,409278.000000,0.035430
304,236,295,0.003465,0.002571,11120819.000000,385433.000000,0.034659
305,237,295,0.003464,0.002602,11365791.000000,399742.000000,0.035171
306,238,295,0.003464,0.002565,11273879.000000,392289.000000,0.034796
307,239,294,0.004047,0.003346,11603837.000000,414742.000000,0.035742
308,239,293,0.003489,0.002840,11576022.000000,400210.000000,0.034572
309,240,293,0.003472,0.002625,11514445.000000,400641.000000,0.034795
310,241,293,0.003454,0.002673,11764720.000000,409817.000000,0.034834
311,242,293,0.003465,0.002643,11558513.000000,400844.000000,0.034680
312,243,291,0.004600,0.003977,11833834.000000,440230.000000,0.037201
313,244,291,0.003472,0.002660,11622512.000000,398385.000000,0.034277
314,245,291,0.003469,0.002693,11839029.000000,410088.000000,0.034639
315,245,290,0.003469,0.002698,11789082.000000,399592.000000,0.033895
316,246,290,0.003417,0.002774,12265085.000000,419901.000000,0.034235
317,247,289,0.004447,0.003788,12811440.000000,447109.000000,0.034899
318,247,289,0.003426,0.002820,12390146.000000,425387.000000,0.034333
319,248,288,0.003456,0.002855,12490816.000000,425433.000000,0.034060
320,249,288,0.003602,0.002987,12519095.000000,427980.000000,0.034186
321,250,286,0.004906,0.004294,13138030.000000,481620.000000,0.036658
322,251,286,0.003528,0.002902,12688386.000000,434458.000000,0.034241
323,252,285,0.003606,0.002995,12976388.000000,442753.000000,0.034120
324,253,285,0.003528,0.002916,12863467.000000,435050.000000,0.033821
325,254,283,0.004654,0.003915,13498204.000000,479698.000000,0.035538
326,255,283,0.003801,0.003148,13417058.000000,463160.000000,0.034520
327,256,282,0.003633,0.003019,13215878.000000,454066.000000,0.034358
328,257,282,0.003622,0.003016,13027390.000000,445450.000000,0.034193
329,257,282,0.003628,0.003019,13247691.000000,452886.000000,0.034186
330,258,280,0.004827,0.004209,13795088.000000,489014.000000,0.035448
331,259,279,0.003784,0.003165,13791140.000000,479039.000000,0.034735
332,260,279,0.003721,0.003103,13564694.000000,464631.000000,0.034253
333,260,278,0.003724,0.003098,13484277.000000,459064.000000,0.034044
334,261,276,0.005195,0.004586,14388316.000000,527534.000000,0.036664
335,262,275,0.003874,0.003253,13978883.000000,480167.000000,0.034349
336,263,274,0.003812,0.003192,13957312.000000,477348.000000,0.034201
337,264,274,0.003951,0.003300,14333494.000000,495578.000000,0.034575
338,265,271,0.005281,0.004935,14803456.000000,544408.000000,0.036776
339,266,271,0.003680,0.003323,14410233.000000,493157.000000,0.034223
340,267,270,0.003716,0.003378,14614370.000000,504425.000000,0.034516
341,268,270,0.003762,0.003413,14805729.000000,512337.000000,0.034604
342,268,268,0.004967,0.004515,14925307.000000,525802.000000,0.035229
343,268,267,0.003802,0.003441,14934876.000000,513086.000000,0.034355
344,269,267,0.003744,0.003400,14707213.000000,500319.000000,0.034019
345,270,266,0.003941,0.003584,15074411.000000,518615.000000,0.034404
346,271,264,0.005106,0.004674,15216701.000000,537030.000000,0.035292
347,272,264,0.003874,0.003505,15132362.000000,516844.000000,0.034155
348,273,263,0.003912,0.003557,15203553.000000,520520.000000,0.034237
349,274,263,0.003821,0.003481,15077659.000000,511832.000000,0.033946
350,274,261,0.005030,0.004613,15135774.000000,523757.000000,0.034604
351,274,260,0.003834,0.003492,15107004.000000,512270.000000,0.033909
352,274,260,0.003842,0.003506,15083122.000000,511359.000000,0.033903
353,275,259,0.003847,0.003505,15132002.000000,515185.000000,0.034046
354,276,258,0.004180,0.003725,15346731.000000,525042.000000,0.034212
355,277,256,0.004748,0.004343,15875458.000000,538069.000000,0.033893
356,278,256,0.003936,0.003588,15463958.000000,523343.000000,0.033843
357,279,255,0.003970,0.003632,15625342.000000,533047.000000,0.034114
358,280,255,0.004422,0.003939,15731182.000000,538362.000000,0.034223
359,281,254,0.004683,0.004272,16254824.000000,543388.000000,0.033429
360,282,253,0.004060,0.003719,16072741.000000,537573.000000,0.033446
361,283,252,0.004167,0.003768,16295553.000000,547683.000000,0.033609
362,284,251,0.004644,0.004192,16257211.000000,545882.000000,0.033578
363,285,250,0.004740,0.004321,16789775.000000,556081.000000,0.033120
364,285,250,0.004177,0.003827,16562273.000000,547690.000000,0.033069
365,286,249,0.004176,0.003835,16618501.000000,547271.000000,0.032931
366,287,247,0.005468,0.005115,16733552.000000,564857.000000,0.033756
367,288,247,0.004232,0.003887,16744022.000000,550655.000000,0.032887
368,289,246,0.004341,0.003986,16749448.000000,551854.000000,0.032948
369,290,245,0.004210,0.003876,16769160.000000,547115.000000,0.032626
370,290,243,0.005407,0.005042,17415427.000000,598462.000000,0.034364
371,291,242,0.004206,0.003861,16793626.000000,550694.000000,0.032792
372,292,243,0.004225,0.003868,16842828.000000,550861.000000,0.032706
373,293,242,0.004466,0.004049,17386762.000000,580891.000000,0.033410
374,294,240,0.005343,0.004957,17731410.000000,581515.000000,0.032796
375,295,239,0.004348,0.003979,17284578.000000,564211.000000,0.032642
376,296,238,0.004386,0.004014,17341349.000000,559576.000000,0.032268
377,296,238,0.004494,0.004155,17623813.000000,574656.000000,0.032607
378,297,237,0.004474,0.004101,17624833.000000,572146.000000,0.032462
379,297,236,0.004410,0.004060,17645501.000000,571127.000000,0.032367
380,298,235,0.004419,0.004053,17680797.000000,570175.000000,0.032248
381,298,236,0.004532,0.004168,17882581.000000,578378.000000,0.032343
382,298,235,0.004518,0.004141,18075411.000000,591445.000000,0.032721
383,299,234,0.004618,0.004257,18272388.000000,594590.000000,0.032540
384,300,233,0.004518,0.004154,17981045.000000,577036.000000,0.032091
385,301,233,0.004601,0.004211,18137890.000000,582126.000000,0.032094
386,302,232,0.004580,0.004217,18290243.000000,591307.000000,0.032329
387,303,231,0.004665,0.004283,18531749.000000,595471.000000,0.032132
388,304,231,0.004586,0.004239,18370821.000000,587080.000000,0.031957
389,305,230,0.004762,0.004403,18863781.000000,605707.000000,0.032110
390,306,230,0.004862,0.004499,19002523.000000,620866.000000,0.032673
391,306,229,0.004813,0.004464,19085256.000000,617872.000000,0.032374
392,307,228,0.004815,0.004440,19135756.000000,619833.000000,0.032391
393,308,227,0.004839,0.004467,19234187.000000,620067.000000,0.032238
394,308,227,0.004878,0.004506,19560080.000000,637579.000000,0.032596
395,309,226,0.004854,0.004446,19147969.000000,610755.000000,0.031897
396,310,225,0.004847,0.004481,19359680.000000,621748.000000,0.032116
397,311,225,0.004891,0.004525,19560289.000000,633636.000000,0.032394
398,312,225,0.005150,0.004774,19706255.000000,632442.000000,0.032093
399,313,224,0.004883,0.004520,19551712.000000,627544.000000,0.032097
400,313,223,0.004857,0.004494,19538158.000000,630611.000000,0.032276
401,314,222,0.004842,0.004491,19498226.000000,622560.000000,0.031929
402,315,222,0.004918,0.004534,19741986.000000,637349.000000,0.032284
403,316,221,0.005029,0.004652,20186418.000000,655381.000000,0.032466
404,317,220,0.005003,0.004628,20061199.000000,651691.000000,0.032485
405,318,219,0.004996,0.004639,20144349.000000,647420.000000,0.032139
406,319,219,0.005067,0.004696,20357102.000000,657038.000000,0.032276
407,320,218,0.005060,0.004698,20358591.000000,656790.000000,0.032261
408,321,217,0.005081,0.004720,20350810.000000,652034.000000,0.032040
409,322,216,0.005067,0.004701,20474176.000000,651274.000000,0.031810
410,323,216,0.005133,0.004752,20288821.000000,649444.000000,0.032010
411,324,215,0.005055,0.004697,20404771.000000,649637.000000,0.031838
412,324,214,0.005074,0.004694,20471902.000000,654108.000000,0.031952
413,325,213,0.005200,0.004813,20924854.000000,668053.000000,0.031926
414,326,212,0.005099,0.004712,20590952.000000,656784.000000,0.031897
415,327,212,0.005192,0.004826,20910349.000000,665284.000000,0.031816
416,328,211,0.005267,0.004899,21259387.000000,684849.000000,0.032214
417,329,210,0.005359,0.004995,21571916.000000,697216.000000,0.032321
418,330,209,0.005342,0.004957,21518949.000000,694604.000000,0.032279
419,331,209,0.005364,0.004993,21693206.000000,700088.000000,0.032272
420,331,208,0.005370,0.005000,21687955.000000,701255.000000,0.032334
421,332,207,0.005361,0.005004,21695537.000000,696369.000000,0.032097
422,333,206,0.005476,0.005105,22024132.000000,715633.000000,0.032493
423,334,206,0.005411,0.005024,21865730.000000,707298.000000,0.032347
424,334,205,0.005420,0.005065,21835813.000000,705799.000000,0.032323
425,335,204,0.005457,0.005076,21911003.000000,709664.000000,0.032388
426,336,204,0.005518,0.005142,22177014.000000,719054.000000,0.032423
427,337,203,0.005621,0.005247,22271433.000000,717368.000000,0.032210
428,338,202,0.005945,0.005563,22476130.000000,725486.000000,0.032278
429,339,201,0.006049,0.005655,22777689.000000,739882.000000,0.032483
430,340,201,0.005617,0.005242,22646863.000000,729099.000000,0.032194
431,341,200,0.005716,0.005340,22948684.000000,738953.000000,0.032200
432,341,199,0.005879,0.005503,23069149.000000,742528.000000,0.032187
433,342,198,0.005946,0.005580,23043234.000000,745383.000000,0.032347
434,343,197,0.005829,0.005433,23125383.000000,751060.000000,0.032478
435,344,196,0.006012,0.005617,23354839.000000,767341.000000,0.032856
436,345,195,0.005833,0.005476,23327130.000000,752165.000000,0.032244
437,346,194,0.006111,0.005719,23677008.000000,766643.000000,0.032379
438,347,193,0.006079,0.005700,23467426.000000,758436.000000,0.032319
439,348,192,0.005974,0.005576,23855305.000000,772388.000000,0.032378
440,349,191,0.006157,0.005769,23984750.000000,784468.000000,0.032707
441,349,190,0.005981,0.005609,23981524.000000,766125.000000,0.031946
442,350,189,0.006256,0.005869,24262014.000000,776397.000000,0.032001
443,351,188,0.006307,0.005886,24300262.000000,778499.000000,0.032037
444,351,187,0.006029,0.005652,24167971.000000,772583.000000,0.031967
445,352,186,0.006830,0.005818,24403746.000000,782013.000000,0.032045
446,353,185,0.006215,0.005537,24159666.000000,766473.000000,0.031725
447,354,184,0.006238,0.005597,24243424.000000,770904.000000,0.031798
448,355,183,0.006283,0.005608,24478918.000000,783469.000000,0.032006
449,356,182,0.006343,0.005680,24707382.000000,778707.000000,0.031517
450,357,182,0.006426,0.005765,25011992.000000,792383.000000,0.031680
451,357,181,0.006393,0.005730,25054447.000000,791141.000000,0.031577
452,358,180,0.006473,0.005817,25244123.000000,795202.000000,0.031500
453,358,179,0.006496,0.005835,25318865.000000,797943.000000,0.031516
454,359,178,0.006478,0.005822,25461735.000000,797836.000000,0.031335
455,359,177,0.006585,0.005912,25725503.000000,809752.000000,0.031477
456,360,176,0.006735,0.006059,26232072.000000,826157.000000,0.031494
457,361,175,0.006680,0.006019,26238848.000000,825283.000000,0.031453
458,362,174,0.006784,0.006103,26437685.000000,834774.000000,0.031575
459,363,173,0.006839,0.006182,26673916.000000,838809.000000,0.031447
460,364,172,0.006809,0.006127,26763348.000000,844881.000000,0.031569
461,365,171,0.007251,0.006582,26983878.000000,847800.000000,0.031419
462,366,170,0.006884,0.006216,26948673.000000,838152.000000,0.031102
463,367,169,0.006985,0.006295,27460968.000000,862883.000000,0.031422
464,368,168,0.007000,0.006343,27398037.000000,862359.000000,0.031475
465,369,167,0.007044,0.006369,27599881.000000,868968.000000,0.031484
466,370,166,0.007043,0.006377,27618749.000000,872408.000000,0.031588
467,371,166,0.007011,0.006361,27681921.000000,870332.000000,0.031440
468,372,165,0.007090,0.006412,27814968.000000,880006.000000,0.031638
469,373,164,0.007076,0.006419,27800280.000000,872518.000000,0.031385
470,373,163,0.007013,0.006337,27720737.000000,869217.000000,0.031356
471,374,162,0.007047,0.006391,27684288.000000,870122.000000,0.031430
472,374,161,0.007063,0.006377,27717893.000000,868380.000000,0.031329
473,375,160,0.007312,0.006638,27921178.000000,879692.000000,0.031506
474,375,159,0.007072,0.006396,27942035.000000,879534.000000,0.031477
475,375,159,0.007114,0.006700,28119372.000000,885424.000000,0.031488
476,375,158,0.006949,0.006545,28250812.000000,887833.000000,0.031427
477,376,157,0.007040,0.006634,28637690.000000,906054.000000,0.031639
478,377,156,0.006995,0.006603,28322582.000000,887424.000000,0.031333
479,378,156,0.007064,0.006653,28771323.000000,910942.000000,0.031661
480,378,155,0.007229,0.006825,29288336.000000,937736.000000,0.032017
481,379,154,0.007228,0.006843,29384312.000000,936227.000000,0.031861
482,380,154,0.007217,0.006822,29222129.000000,932526.000000,0.031912
483,380,153,0.007271,0.006847,29538083.000000,938470.000000,0.031772
484,381,152,0.007245,0.006851,29441881.000000,933257.000000,0.031698
485,382,151,0.007282,0.006903,29617672.000000,939091.000000,0.031707
486,382,151,0.007311,0.006891,29656537.000000,943406.000000,0.031811
487,383,150,0.007279,0.006884,29656398.000000,936914.000000,0.031592
488,383,150,0.007379,0.006874,29765768.000000,944452.000000,0.031729
489,384,149,0.007862,0.007449,30005134.000000,931246.000000,0.031036
490,385,148,0.008077,0.007252,30002318.000000,937875.000000,0.031260
491,385,147,0.007627,0.006937,29947806.000000,939449.000000,0.031370
492,385,147,0.007546,0.006883,29852797.000000,933184.000000,0.031260
493,385,146,0.007652,0.006977,30119463.000000,945492.000000,0.031391
494,386,145,0.007651,0.006980,30111016.000000,943295.000000,0.031327
495,386,145,0.007663,0.006978,30155051.000000,941436.000000,0.031220
496,387,144,0.007664,0.006944,30124865.000000,938331.000000,0.031148
497,388,144,0.007678,0.007001,30364815.000000,948969.000000,0.031252
498,389,143,0.007738,0.007071,30433215.000000,953765.000000,0.031340
499,390,142,0.007751,0.007070,30543286.000000,956207.000000,0.031307
500,391,142,0.007820,0.007123,30785741.000000,957109.000000,0.031089
501,392,141,0.007828,0.007157,30914130.000000,965782.000000,0.031241
502,393,141,0.007988,0.007285,31168585.000000,968258.000000,0.031065
503,394,140,0.007859,0.007199,31032541.000000,955093.000000,0.030777
504,395,140,0.007917,0.007216,31142325.000000,964767.000000,0.030979
505,396,139,0.007977,0.007295,31409940.000000,975748.000000,0.031065
506,397,139,0.007947,0.007251,31602601.000000,974004.000000,0.030820
507,398,138,0.008058,0.007366,31902876.000000,974748.000000,0.030554
508,399,137,0.008081,0.007382,31880906.000000,980439.000000,0.030753
509,399,137,0.007993,0.007319,31663519.000000,966672.000000,0.030530
510,400,136,0.008050,0.007332,31721741.000000,966112.000000,0.030456
511,401,136,0.008087,0.007396,32192820.000000,974332.000000,0.030266
512,402,135,0.008154,0.007452,32362641.000000,979637.000000,0.030271
513,403,135,0.008266,0.007594,32808142.000000,994063.000000,0.030299
514,403,134,0.008509,0.007795,32609956.000000,987300.000000,0.030276
515,404,134,0.008286,0.007602,32852526.000000,991246.000000,0.030173
516,404,133,0.008216,0.007479,32622762.000000,986239.000000,0.030232
517,405,133,0.008288,0.007607,33126311.000000,1001180.000000,0.030223
518,406,132,0.008347,0.007646,33174454.000000,1003747.000000,0.030257
519,407,132,0.008328,0.007648,33148641.000000,1001160.000000,0.030202
520,408,131,0.008383,0.007676,33380249.000000,1016229.000000,0.030444
521,409,131,0.008417,0.007739,33462829.000000,1011356.000000,0.030223
522,410,131,0.008642,0.007943,33604663.000000,1021296.000000,0.030391
523,411,130,0.008502,0.007827,34012729.000000,1031272.000000,0.030320
524,411,130,0.008528,0.007798,33696115.000000,1016499.000000,0.030167
525,412,129,0.008579,0.007898,33917827.000000,1019862.000000,0.030069
526,412,129,0.008414,0.007981,33737506.000000,1021495.000000,0.030278
527,413,129,0.008321,0.007913,34039748.000000,1020717.000000,0.029986
528,414,128,0.008362,0.007930,34251977.000000,1029879.000000,0.030068
529,415,128,0.008398,0.007980,34406176.000000,1038312.000000,0.030178
530,416,127,0.008400,0.007995,34543255.000000,1043289.000000,0.030202
531,417,127,0.008818,0.008390,34727578.000000,1049436.000000,0.030219
532,418,127,0.008423,0.007987,34670923.000000,1044673.000000,0.030131
533,418,126,0.008511,0.008097,34871710.000000,1044673.000000,0.029958
534,419,126,0.008519,0.008057,34881740.000000,1043079.000000,0.029903
535,420,126,0.008543,0.008109,35067628.000000,1040449.000000,0.029670
536,421,125,0.008507,0.008050,34957022.000000,1041196.000000,0.029785
537,422,125,0.008628,0.008204,35033155.000000,1044497.000000,0.029815
538,422,124,0.008689,0.008218,35354540.000000,1059404.000000,0.029965
539,423,124,0.009564,0.009093,35986616.000000,1090610.000000,0.030306
540,424,123,0.008626,0.008156,35418910.000000,1059123.000000,0.029903
541,425,123,0.008704,0.008294,35790518.000000,1063811.000000,0.029723
542,426,122,0.008735,0.008293,35953543.000000,1077897.000000,0.029980
543,427,122,0.008833,0.008403,36277677.000000,1084591.000000,0.029897
544,427,122,0.008733,0.008324,35984992.000000,1072966.000000,0.029817
545,427,121,0.008721,0.008276,36032835.000000,1074689.000000,0.029825
546,428,121,0.008778,0.008366,36236947.000000,1079714.000000,0.029796
547,429,121,0.008800,0.008357,36372276.000000,1091436.000000,0.030007
548,430,120,0.008840,0.008429,36505127.000000,1094605.000000,0.029985
549,431,120,0.009067,0.008579,36843550.000000,1105045.000000,0.029993
550,431,120,0.008936,0.008502,36662352.000000,1093453.000000,0.029825
551,432,119,0.009120,0.008654,36917165.000000,1110078.000000,0.030069
552,433,119,0.008981,0.008561,36693376.000000,1095124.000000,0.029845
553,434,119,0.008971,0.008532,36911646.000000,1105224.000000,0.029942
554,435,118,0.009003,0.008542,36946142.000000,1110701.000000,0.030063
555,435,118,0.009344,0.008882,37744741.000000,1153410.000000,0.030558
556,436,118,0.009117,0.008707,37491809.000000,1129590.000000,0.030129
557,436,117,0.009171,0.008750,37750729.000000,1136399.000000,0.030103
558,437,117,0.009252,0.008800,38100671.000000,1155213.000000,0.030320
559,438,117,0.009237,0.008819,38037607.000000,1145767.000000,0.030122
560,439,116,0.010024,0.009588,38423760.000000,1172193.000000,0.030507
561,440,116,0.009394,0.008968,38394038.000000,1151136.000000,0.029982
562,440,115,0.010018,0.009573,39107372.000000,1172975.000000,0.029994
563,441,115,0.009354,0.008920,38387382.000000,1143265.000000,0.029782
564,442,115,0.010003,0.009555,39450536.000000,1175031.000000,0.029785
565,443,114,0.009926,0.009467,39504904.000000,1186351.000000,0.030030
566,444,114,0.009528,0.009111,39384240.000000,1171181.000000,0.029737
567,445,113,0.009645,0.009206,39652543.000000,1182607.000000,0.029824
568,446,113,0.009778,0.009348,40141415.000000,1199993.000000,0.029894
569,447,113,0.009698,0.009233,40002831.000000,1190604.000000,0.029763
570,447,112,0.010228,0.009649,40216056.000000,1194203.000000,0.029695
571,448,112,0.009730,0.009294,40122457.000000,1185821.000000,0.029555
572,449,111,0.010227,0.009501,40247155.000000,1194083.000000,0.029669
573,450,111,0.009951,0.009258,40282976.000000,1189091.000000,0.029518
574,450,111,0.010067,0.009352,40531483.000000,1202155.000000,0.029660
575,451,110,0.009937,0.009252,40255857.000000,1188244.000000,0.029517
576,452,110,0.009971,0.009260,40300843.000000,1190688.000000,0.029545
577,453,110,0.010055,0.009328,40542998.000000,1202026.000000,0.029648
578,454,109,0.010038,0.009338,40522269.000000,1197553.000000,0.029553
579,455,109,0.010128,0.009410,40924528.000000,1211637.000000,0.029607
580,456,109,0.010199,0.009734,41221314.000000,1218461.000000,0.029559
581,457,108,0.010133,0.009701,41787816.000000,1240567.000000,0.029687
582,458,108,0.010059,0.009613,41577727.000000,1236177.000000,0.029732
583,459,108,0.010106,0.009680,41751408.000000,1237555.000000,0.029641
584,460,107,0.010110,0.009679,41753214.000000,1238224.000000,0.029656
585,461,107,0.010171,0.009701,42037766.000000,1246864.000000,0.029661
586,461,107,0.010281,0.009852,42203565.000000,1244826.000000,0.029496
587,462,106,0.010238,0.009794,42399725.000000,1253785.000000,0.029571
588,462,106,0.010171,0.009734,42068207.000000,1241921.000000,0.029522
589,463,106,0.010327,0.009851,42323493.000000,1253555.000000,0.029618
590,464,105,0.010527,0.010039,42535466.000000,1262049.000000,0.029671
591,465,105,0.010339,0.009879,42595848.000000,1258874.000000,0.029554
592,466,105,0.010298,0.009837,42603378.000000,1262811.000000,0.029641
593,467,104,0.010420,0.009986,42889103.000000,1266525.000000,0.029530
594,468,104,0.010428,0.009983,43158833.000000,1280125.000000,0.029661
595,469,104,0.010471,0.010004,43246639.000000,1284514.000000,0.029702
596,470,103,0.010464,0.010021,43152225.000000,1279501.000000,0.029651
597,471,103,0.010537,0.010093,43409319.000000,1294346.000000,0.029817
598,472,103,0.010591,0.010112,43805214.000000,1305462.000000,0.029802
599,473,102,0.010782,0.010188,44078592.000000,1315200.000000,0.029838
600,474,102,0.010739,0.010287,43898812.000000,1301502.000000,0.029648
601,474,102,0.010692,0.010253,44234309.000000,1316329.000000,0.029758
602,475,101,0.010748,0.010307,44505138.000000,1333051.000000,0.029953
603,476,101,0.010848,0.010396,44839932.000000,1341009.000000,0.029907
604,476,101,0.010776,0.010348,44812162.000000,1330936.000000,0.029700
605,477,100,0.010961,0.010519,45341658.000000,1349166.000000,0.029756
606,478,100,0.010825,0.010354,44942792.000000,1331990.000000,0.029637
607,479,100,0.010896,0.010463,45147655.000000,1333406.000000,0.029534
608,479,99,0.010937,0.010504,45124398.000000,1335824.000000,0.029603
609,479,99,0.011108,0.010651,45495615.000000,1347969.000000,0.029629
610,480,98,0.011142,0.010697,45583547.000000,1349968.000000,0.029615
611,481,98,0.011236,0.010747,46060820.000000,1370399.000000,0.029752
612,482,98,0.011186,0.010710,46353084.000000,1381490.000000,0.029804
613,482,97,0.011202,0.010772,46565745.000000,1378704.000000,0.029608
614,483,97,0.011220,0.010770,46517969.000000,1371518.000000,0.029484
615,484,97,0.011487,0.010991,47536451.000000,1408646.000000,0.029633
616,485,96,0.011348,0.010907,47184246.000000,1394471.000000,0.029554
617,486,96,0.011383,0.010938,47338519.000000,1397528.000000,0.029522
618,487,96,0.011558,0.011089,47602763.000000,1399952.000000,0.029409
619,488,95,0.011565,0.011110,48043121.000000,1419774.000000,0.029552
620,489,95,0.011558,0.011104,48035450.000000,1415158.000000,0.029461
621,490,95,0.011605,0.011162,48297487.000000,1420758.000000,0.029417
622,491,95,0.011556,0.011100,48101655.000000,1413675.000000,0.029389
623,492,94,0.011588,0.011149,48238338.000000,1415789.000000,0.029350
624,492,94,0.011592,0.011141,48087139.000000,1408417.000000,0.029289
625,493,94,0.011634,0.011183,48388634.000000,1421004.000000,0.029366
626,494,93,0.011765,0.011313,48434827.000000,1420732.000000,0.029333
627,495,93,0.011720,0.011255,48941604.000000,1430261.000000,0.029224
628,495,93,0.011587,0.011131,48402290.000000,1414395.000000,0.029222
629,496,93,0.011612,0.011178,48430887.000000,1412619.000000,0.029168
630,497,92,0.011692,0.011228,48594604.000000,1419737.000000,0.029216
631,498,92,0.011771,0.011308,49125300.000000,1442268.000000,0.029359
632,499,92,0.011713,0.011265,48837229.000000,1432808.000000,0.029338
633,500,92,0.011876,0.011423,49408638.000000,1450677.000000,0.029361
634,500,91,0.011893,0.011445,49514261.000000,1450883.000000,0.029302
635,500,91,0.012008,0.011525,49615992.000000,1454603.000000,0.029317
636,500,91,0.011981,0.011513,49839474.000000,1466055.000000,0.029416
637,500,90,0.012000,0.011543,49992743.000000,1468580.000000,0.029376
638,501,90,0.011933,0.011473,49678824.000000,1455621.000000,0.029301
639,502,90,0.012075,0.011617,50145081.000000,1475163.000000,0.029418
640,503,90,0.012161,0.011696,50485438.000000,1484038.000000,0.029395
641,504,89,0.012399,0.011933,51271445.000000,1517341.000000,0.029594
642,504,89,0.012761,0.012020,51368654.000000,1521412.000000,0.029618
643,504,89,0.013229,0.012476,51819318.000000,1535365.000000,0.029629
644,505,88,0.012696,0.011962,51737197.000000,1526351.000000,0.029502
645,506,88,0.012710,0.011981,51858095.000000,1528107.000000,0.029467
646,507,88,0.012766,0.012018,52082332.000000,1537174.000000,0.029514
647,507,87,0.012807,0.012072,52249598.000000,1540096.000000,0.029476
648,508,87,0.012854,0.012122,52358884.000000,1544532.000000,0.029499
649,508,87,0.012856,0.012114,52472220.000000,1547043.000000,0.029483
650,509,86,0.012860,0.012128,52471525.000000,1548942.000000,0.029520
651,510,86,0.012975,0.012492,52895468.000000,1564511.000000,0.029577
652,511,86,0.012787,0.012309,52921103.000000,1567399.000000,0.029618
653,512,85,0.012923,0.012449,53265220.000000,1579003.000000,0.029644
654,513,85,0.012823,0.012345,53217270.000000,1577421.000000,0.029641
655,514,85,0.012983,0.012496,53528121.000000,1593739.000000,0.029774
656,515,84,0.012962,0.012487,53802092.000000,1596753.000000,0.029678
657,515,84,0.012977,0.012501,53763250.000000,1591543.000000,0.029603
658,515,84,0.012901,0.012440,53624506.000000,1587528.000000,0.029605
659,515,84,0.013059,0.012581,53894014.000000,1588600.000000,0.029476
660,516,83,0.013059,0.012564,54121968.000000,1603415.000000,0.029626
661,517,83,0.013375,0.012907,54423167.000000,1609878.000000,0.029581
662,518,83,0.013340,0.012864,54553796.000000,1601889.000000,0.029363
663,518,82,0.013587,0.013108,55399023.000000,1632170.000000,0.029462
664,519,82,0.013620,0.013135,55186605.000000,1633800.000000,0.029605
665,520,82,0.013550,0.013071,55416930.000000,1635618.000000,0.029515
666,521,81,0.013957,0.013456,55500760.000000,1635014.000000,0.029459
667,522,81,0.013709,0.013225,55785542.000000,1643756.000000,0.029466
668,523,81,0.013721,0.013244,55936694.000000,1650978.000000,0.029515
669,524,81,0.013779,0.013305,56296971.000000,1661611.000000,0.029515
670,524,80,0.013772,0.013275,56190494.000000,1663377.000000,0.029602
671,525,80,0.014303,0.013537,56794898.000000,1682067.000000,0.029617
672,526,80,0.013812,0.013065,56233835.000000,1673409.000000,0.029758
673,527,79,0.014378,0.013616,56493813.000000,1677089.000000,0.029686
674,527,79,0.013939,0.013170,56778642.000000,1680577.000000,0.029599
675,527,79,0.013893,0.013130,56719290.000000,1673383.000000,0.029503
676,527,78,0.013849,0.013101,56716171.000000,1664170.000000,0.029342
677,528,78,0.014046,0.013262,57172811.000000,1688905.000000,0.029540
678,528,78,0.013960,0.013201,57064465.000000,1682102.000000,0.029477
679,529,78,0.014004,0.013233,57246356.000000,1687785.000000,0.029483
680,530,77,0.013973,0.013397,57445606.000000,1701852.000000,0.029625
681,531,77,0.013863,0.013375,57728082.000000,1693334.000000,0.029333
682,532,77,0.013976,0.013504,58178491.000000,1707576.000000,0.029351
683,533,77,0.013999,0.013517,58354060.000000,1707966.000000,0.029269
684,534,77,0.013999,0.013534,58319082.000000,1705957.000000,0.029252
685,535,76,0.014037,0.013570,58489955.000000,1709959.000000,0.029235
686,535,76,0.014036,0.013558,58593647.000000,1715897.000000,0.029285
687,536,76,0.014276,0.013772,58989048.000000,1724660.000000,0.029237
688,537,76,0.014329,0.013837,59068421.000000,1723413.000000,0.029177
689,537,75,0.014229,0.013725,59204555.000000,1730783.000000,0.029234
690,538,75,0.014228,0.013746,59097995.000000,1727843.000000,0.029237
691,539,75,0.014311,0.013805,59406927.000000,1734063.000000,0.029190
692,540,75,0.014328,0.013847,59293692.000000,1727943.000000,0.029142
693,541,74,0.014238,0.013773,59431866.000000,1729773.000000,0.029105
694,542,74,0.014357,0.013872,59997486.000000,1742182.000000,0.029038
695,543,74,0.014441,0.013979,59999299.000000,1730880.000000,0.028848
696,544,74,0.014406,0.013908,60217136.000000,1743370.000000,0.028951
697,545,73,0.014409,0.013950,60379339.000000,1748677.000000,0.028962
698,546,73,0.014564,0.014094,60649409.000000,1763596.000000,0.029079
699,547,73,0.014696,0.014228,61163380.000000,1777452.000000,0.029061
700,548,73,0.014606,0.014146,60996624.000000,1772080.000000,0.029052
701,549,73,0.014960,0.014358,61391944.000000,1772676.000000,0.028875
702,549,72,0.014742,0.014134,61324702.000000,1771771.000000,0.028892
703,550,72,0.014874,0.014279,61755774.000000,1782719.000000,0.028867
704,551,72,0.014890,0.014295,61900897.000000,1793163.000000,0.028968
705,552,72,0.014946,0.014310,61990666.000000,1787339.000000,0.028832
706,553,72,0.015157,0.014675,62675682.000000,1815199.000000,0.028962
707,554,71,0.015053,0.014578,62629657.000000,1800385.000000,0.028747
708,555,71,0.015080,0.014600,62567353.000000,1796580.000000,0.028714
709,556,71,0.015047,0.014564,62759772.000000,1803190.000000,0.028732
710,557,71,0.015085,0.014605,62964818.000000,1800772.000000,0.028600
711,557,71,0.015416,0.014940,63428569.000000,1825172.000000,0.028775
712,557,70,0.015529,0.014920,63223195.000000,1815953.000000,0.028723
713,558,70,0.015314,0.014528,63141590.000000,1806266.000000,0.028607
714,559,70,0.015119,0.014529,63137857.000000,1807426.000000,0.028627
715,560,70,0.015240,0.014641,63377581.000000,1816128.000000,0.028656
716,561,70,0.015357,0.014738,63764039.000000,1849110.000000,0.028999
717,562,69,0.015344,0.014747,63904570.000000,1850393.000000,0.028956
718,563,69,0.015433,0.014838,64202391.000000,1827150.000000,0.028459
719,564,69,0.015616,0.015024,64404728.000000,1830768.000000,0.028426
720,565,69,0.015462,0.014857,64179071.000000,1829319.000000,0.028503
721,566,69,0.015566,0.015083,64534339.000000,1830252.000000,0.028361
722,567,68,0.015378,0.014897,64500900.000000,1828416.000000,0.028347
723,568,68,0.015554,0.015075,65072247.000000,1844807.000000,0.028350
724,569,68,0.015593,0.015108,65334732.000000,1860556.000000,0.028477
725,569,68,0.015494,0.015018,64877859.000000,1842109.000000,0.028393
726,569,68,0.015486,0.014999,64881775.000000,1839691.000000,0.028355
727,569,68,0.015658,0.015186,65566051.000000,1859552.000000,0.028362
728,570,68,0.015732,0.015243,65511692.000000,1857649.000000,0.028356
729,571,67,0.015757,0.015289,66103058.000000,1872868.000000,0.028333
730,572,67,0.015696,0.015201,65789538.000000,1865619.000000,0.028357
731,573,67,0.015696,0.015210,66096526.000000,1861508.000000,0.028163
732,573,67,0.015811,0.015322,66367359.000000,1871229.000000,0.028195
733,574,67,0.015955,0.015471,66781332.000000,1884647.000000,0.028221
734,575,67,0.016214,0.015718,67326099.000000,1894787.000000,0.028143
735,576,67,0.016157,0.015603,67242509.000000,1897244.000000,0.028215
736,577,66,0.016495,0.015979,67836859.000000,1909701.000000,0.028151
737,577,66,0.017055,0.016530,68250429.000000,1947091.000000,0.028529
738,578,66,0.016214,0.015723,67930380.000000,1900399.000000,0.027976
739,579,66,0.016464,0.015959,68276138.000000,1907890.000000,0.027944
740,580,66,0.016294,0.015775,68228564.000000,1910361.000000,0.027999
741,581,65,0.016262,0.015776,68279569.000000,1900750.000000,0.027838
742,582,65,0.016290,0.015797,68362424.000000,1900749.000000,0.027804
743,582,65,0.017176,0.016700,68743526.000000,1922289.000000,0.027963
744,583,65,0.016399,0.015922,68762446.000000,1906659.000000,0.027728
745,584,65,0.017090,0.016455,69056399.000000,1922949.000000,0.027846
746,585,64,0.029130,0.028107,73918563.000000,2112049.000000,0.028573
747,586,63,0.022562,0.021787,72190183.000000,1959665.000000,0.027146
748,587,63,0.017842,0.017246,69682012.000000,1944606.000000,0.027907
749,588,62,0.032126,0.029426,72924022.000000,2014032.000000,0.027618
750,589,61,0.020417,0.019113,70833916.000000,1957020.000000,0.027628
751,590,61,0.019088,0.017983,69848722.000000,1906108.000000,0.027289
752,590,61,0.019718,0.018828,70844087.000000,1939888.000000,0.027382
753,591,60,0.016961,0.016400,69839497.000000,1940027.000000,0.027778
754,592,60,0.017120,0.016565,69994452.000000,1944920.000000,0.027787
755,593,60,0.016936,0.016362,70190602.000000,1951804.000000,0.027807
756,594,60,0.016851,0.016307,70010277.000000,1940617.000000,0.027719
757,594,60,0.017602,0.016919,70812863.000000,1959375.000000,0.027670
758,595,60,0.016923,0.016419,70532400.000000,1953850.000000,0.027701
759,596,59,0.017785,0.017262,71358768.000000,1970331.000000,0.027612
