frame,nb of entities,FPS,frame length,physics length,L1-dcache-loads,L1-dcache-load-misses,L1-dcache-load-miss-ratio
0,3,302,0.001967,0.000026,449424.000000,30324.000000,0.067473
1,4,302,0.003324,0.000024,657666.000000,33470.000000,0.050892
2,5,302,0.003324,0.000030,573594.000000,32917.000000,0.057387
3,6,302,0.003329,0.000031,543919.000000,33615.000000,0.061801
4,7,302,0.003289,0.000046,586471.000000,34411.000000,0.058675
5,8,302,0.003321,0.000033,532179.000000,29810.000000,0.056015
6,9,302,0.003323,0.000034,594998.000000,33326.000000,0.056010
7,10,302,0.003322,0.000030,642948.000000,34243.000000,0.053259
8,11,302,0.003323,0.000036,596015.000000,33246.000000,0.055780
9,12,302,0.003328,0.000031,591077.000000,34095.000000,0.057683
10,13,302,0.003316,0.000042,564196.000000,30458.000000,0.053985
11,14,302,0.003325,0.000038,604688.000000,33734.000000,0.055787
12,15,302,0.003327,0.000041,619524.000000,33353.000000,0.053836
13,16,302,0.003319,0.000068,634850.000000,37569.000000,0.059178
14,17,302,0.003321,0.000045,611958.000000,33503.000000,0.054747
15,18,302,0.003325,0.000041,596833.000000,30513.000000,0.051125
16,19,302,0.003323,0.000036,685087.000000,34429.000000,0.050255
17,20,302,0.003322,0.000042,626239.000000,34265.000000,0.054716
18,21,302,0.003326,0.000043,630377.000000,33719.000000,0.053490
19,21,302,0.003324,0.000033,601326.000000,33065.000000,0.054987
20,22,302,0.003323,0.000050,573378.000000,30631.000000,0.053422
21,22,302,0.003325,0.000040,618314.000000,33810.000000,0.054681
22,23,302,0.003318,0.000047,649075.000000,34817.000000,0.053641
23,24,302,0.003327,0.000041,630614.000000,33702.000000,0.053443
24,25,302,0.003320,0.000075,645713.000000,35750.000000,0.055365
25,26,302,0.003322,0.000041,617528.000000,30689.000000,0.049697
26,27,302,0.003326,0.000043,628680.000000,34275.000000,0.054519
27,27,302,0.003325,0.000041,636448.000000,33918.000000,0.053293
28,28,302,0.003325,0.000043,623288.000000,34589.000000,0.055494
29,29,302,0.003321,0.000055,645474.000000,35721.000000,0.055341
30,30,302,0.003325,0.000151,774210.000000,41258.000000,0.053290
31,31,302,0.003320,0.000116,800464.000000,44139.000000,0.055142
32,31,302,0.003323,0.000097,773103.000000,42184.000000,0.054565
33,32,302,0.003337,0.000101,787813.000000,42967.000000,0.054540
34,33,302,0.003306,0.000193,697059.000000,39345.000000,0.056444
35,34,302,0.003320,0.000071,670839.000000,33673.000000,0.050195
36,35,302,0.003326,0.000064,696378.000000,37195.000000,0.053412
37,36,302,0.003320,0.000078,715880.000000,37943.000000,0.053002
38,37,302,0.003322,0.000069,724583.000000,37322.000000,0.051508
39,38,302,0.003327,0.000093,712025.000000,39616.000000,0.055638
40,39,302,0.003318,0.000084,695953.000000,34102.000000,0.049000
41,39,302,0.003323,0.000063,706154.000000,36485.000000,0.051667
42,40,302,0.003327,0.000069,713617.000000,36933.000000,0.051755
43,41,302,0.003320,0.000069,717957.000000,37432.000000,0.052137
44,42,302,0.003325,0.000121,836621.000000,44277.000000,0.052924
45,43,302,0.003325,0.000125,804973.000000,40774.000000,0.050653
46,44,302,0.003319,0.000137,846412.000000,45157.000000,0.053351
47,44,302,0.003323,0.000112,825796.000000,43733.000000,0.052959
48,45,302,0.003327,0.000115,833470.000000,44464.000000,0.053348
49,46,302,0.003319,0.000132,839734.000000,44614.000000,0.053129
50,47,302,0.003321,0.000139,832128.000000,40892.000000,0.049141
51,47,302,0.003325,0.000114,854346.000000,43484.000000,0.050897
52,48,302,0.003322,0.000125,848305.000000,44363.000000,0.052296
53,49,302,0.003321,0.000129,881537.000000,44789.000000,0.050808
54,50,302,0.003325,0.000158,1010479.000000,51582.000000,0.051047
55,51,302,0.003321,0.000154,989051.000000,48154.000000,0.048687
56,52,302,0.003324,0.000159,1003052.000000,51021.000000,0.050866
57,53,303,0.003325,0.000183,1001084.000000,51492.000000,0.051436
58,54,303,0.003320,0.000188,1019166.000000,51991.000000,0.051013
59,55,303,0.003323,0.000148,1015716.000000,52168.000000,0.051361
60,56,300,0.003325,0.000179,1025543.000000,50027.000000,0.048781
61,57,300,0.003324,0.000184,1048125.000000,56100.000000,0.053524
62,58,300,0.003316,0.000299,1080611.000000,58443.000000,0.054083
63,59,301,0.003325,0.000193,1095265.000000,59074.000000,0.053936
64,59,300,0.003302,0.000298,1186657.000000,68045.000000,0.057342
65,60,300,0.003320,0.000288,1176903.000000,62647.000000,0.053230
66,61,300,0.003323,0.000343,1324677.000000,76576.000000,0.057807
67,62,300,0.003320,0.000338,1298308.000000,74398.000000,0.057304
68,63,300,0.003321,0.000378,1413414.000000,81254.000000,0.057488
69,63,300,0.003326,0.000325,1328995.000000,72566.000000,0.054602
70,64,300,0.003320,0.000383,1377147.000000,75992.000000,0.055181
71,65,300,0.003322,0.000338,1317453.000000,75378.000000,0.057215
72,66,300,0.003326,0.000345,1332314.000000,75029.000000,0.056315
73,67,300,0.003319,0.000356,1336730.000000,74834.000000,0.055983
74,68,300,0.003322,0.000400,1441510.000000,83511.000000,0.057933
75,69,300,0.003327,0.000349,1318335.000000,71563.000000,0.054283
76,70,300,0.003318,0.000415,1472936.000000,81615.000000,0.055410
77,71,300,0.003319,0.000400,1479274.000000,83269.000000,0.056290
78,72,300,0.003331,0.000360,1385796.000000,77269.000000,0.055758
79,72,300,0.003321,0.000365,1360981.000000,77632.000000,0.057041
80,73,301,0.003318,0.000378,1350912.000000,71443.000000,0.052885
81,74,300,0.003344,0.000376,1338170.000000,78705.000000,0.058815
82,75,300,0.003339,0.000434,1429607.000000,85469.000000,0.059785
83,75,300,0.003340,0.000403,1419139.000000,81123.000000,0.057164
84,75,300,0.003345,0.000410,1406905.000000,83567.000000,0.059398
85,76,300,0.003336,0.000411,1395216.000000,81943.000000,0.058731
86,77,300,0.003341,0.000369,1335131.000000,75702.000000,0.056700
87,78,300,0.003343,0.000382,1354932.000000,79628.000000,0.058769
88,78,300,0.003336,0.000363,1339028.000000,78531.000000,0.058648
89,79,300,0.003345,0.000378,1360456.000000,76405.000000,0.056161
90,79,300,0.003333,0.000395,1396910.000000,78166.000000,0.055956
91,80,300,0.003310,0.000396,1481319.000000,79449.000000,0.053634
92,81,300,0.003323,0.000397,1485142.000000,78965.000000,0.053170
93,82,300,0.003328,0.000416,1517010.000000,81037.000000,0.053419
94,83,300,0.003316,0.000405,1511488.000000,80419.000000,0.053205
95,83,300,0.003320,0.000404,1474214.000000,76857.000000,0.052134
96,84,300,0.003330,0.000416,1521616.000000,82113.000000,0.053964
97,85,300,0.003315,0.000400,1517448.000000,77632.000000,0.051160
98,86,300,0.003323,0.000417,1534888.000000,80610.000000,0.052518
99,87,300,0.003331,0.000430,1556200.000000,85698.000000,0.055069
100,88,300,0.003320,0.000297,1550900.000000,71732.000000,0.046252
101,88,300,0.003314,0.000315,1477945.000000,68100.000000,0.046077
102,89,300,0.003334,0.000327,1506970.000000,69514.000000,0.046128
103,90,300,0.003309,0.000303,1481230.000000,63022.000000,0.042547
104,91,300,0.003323,0.000258,1522769.000000,63924.000000,0.041979
105,92,300,0.003334,0.000260,1472681.000000,61375.000000,0.041676
106,93,300,0.003314,0.000319,1514872.000000,63576.000000,0.041968
107,94,300,0.003322,0.000396,1726584.000000,77687.000000,0.044995
108,95,300,0.003331,0.000435,1761173.000000,81077.000000,0.046036
109,96,300,0.003321,0.000329,1565706.000000,65195.000000,0.041639
110,97,300,0.003322,0.000388,1577198.000000,62552.000000,0.039660
111,97,300,0.003326,0.000394,1714036.000000,72130.000000,0.042082
112,98,300,0.003318,0.000384,1709555.000000,71330.000000,0.041724
113,99,300,0.003323,0.000429,1845902.000000,78628.000000,0.042596
114,99,300,0.003327,0.000430,1979162.000000,86999.000000,0.043957
115,100,300,0.003317,0.000591,2039103.000000,98087.000000,0.048103
116,101,300,0.003330,0.000390,1958335.000000,86269.000000,0.044052
117,101,298,0.004675,0.000455,1990858.000000,88110.000000,0.044257
118,102,298,0.003189,0.000629,1964144.000000,96750.000000,0.049258
119,102,298,0.003336,0.000594,1904577.000000,96150.000000,0.050484
120,103,298,0.003353,0.000647,2070524.000000,108333.000000,0.052322
121,104,298,0.003322,0.000697,2167073.000000,108993.000000,0.050295
122,104,298,0.003323,0.000471,2156407.000000,86072.000000,0.039915
123,105,298,0.003328,0.000431,2145336.000000,89131.000000,0.041546
124,105,298,0.003321,0.000722,2291268.000000,110590.000000,0.048266
125,105,298,0.003320,0.000763,2442458.000000,123995.000000,0.050766
126,106,298,0.003321,0.000665,2216501.000000,107395.000000,0.048452
127,107,298,0.003320,0.000597,2245194.000000,105315.000000,0.046907
128,107,298,0.003325,0.000482,2375802.000000,100332.000000,0.042231
129,108,298,0.003342,0.000582,2289242.000000,97526.000000,0.042602
130,109,298,0.003367,0.000953,2715877.000000,138024.000000,0.050821
131,110,298,0.003320,0.000810,2617953.000000,134380.000000,0.051330
132,111,298,0.003342,0.000607,2637782.000000,118028.000000,0.044745
133,112,298,0.003366,0.000913,2638279.000000,136592.000000,0.051773
134,112,298,0.003379,0.000700,2566241.000000,118926.000000,0.046342
135,113,298,0.003353,0.000606,2559263.000000,108810.000000,0.042516
136,114,298,0.003363,0.000646,2648223.000000,116608.000000,0.044033
137,115,298,0.003376,0.000615,2650343.000000,115514.000000,0.043585
138,116,298,0.003360,0.000683,2690189.000000,115729.000000,0.043019
139,117,298,0.003365,0.000654,2566501.000000,106865.000000,0.041638
140,118,298,0.003374,0.000536,2627135.000000,111024.000000,0.042260
141,119,298,0.003369,0.000710,2892458.000000,122897.000000,0.042489
142,119,298,0.003377,0.000677,2674058.000000,110880.000000,0.041465
143,120,298,0.003369,0.000724,2807911.000000,117494.000000,0.041844
144,121,297,0.003396,0.000634,2770034.000000,114591.000000,0.041368
145,122,297,0.003370,0.000658,2836581.000000,118747.000000,0.041863
146,123,297,0.003371,0.000672,2869040.000000,118912.000000,0.041447
147,124,297,0.003371,0.000610,2922896.000000,120216.000000,0.041129
148,125,297,0.003376,0.000838,3150414.000000,133290.000000,0.042309
149,126,297,0.003381,0.000673,2919616.000000,116629.000000,0.039947
150,127,297,0.003363,0.000635,2988924.000000,119059.000000,0.039833
151,128,297,0.003371,0.000795,3131664.000000,126532.000000,0.040404
152,129,297,0.003382,0.000771,3511073.000000,147171.000000,0.041916
153,130,297,0.003367,0.000861,3276847.000000,132248.000000,0.040358
154,131,297,0.003320,0.000798,3583520.000000,143588.000000,0.040069
155,131,297,0.003322,0.001003,3626105.000000,152660.000000,0.042100
156,132,297,0.003327,0.000812,3573566.000000,142347.000000,0.039833
157,133,297,0.003313,0.000980,3616640.000000,149538.000000,0.041347
158,134,297,0.003327,0.000838,3668232.000000,145973.000000,0.039794
159,135,297,0.003317,0.001001,3729769.000000,148685.000000,0.039864
160,136,297,0.003326,0.000825,3796385.000000,153153.000000,0.040342
161,137,297,0.003325,0.000853,3827278.000000,153368.000000,0.040072
162,138,297,0.003319,0.000951,4155629.000000,176792.000000,0.042543
163,139,297,0.003316,0.001024,4134360.000000,171021.000000,0.041366
164,139,297,0.003324,0.000967,4137052.000000,167385.000000,0.040460
165,140,297,0.003318,0.001075,4078135.000000,165694.000000,0.040630
166,141,297,0.003326,0.001049,4232528.000000,173319.000000,0.040949
167,142,297,0.003322,0.001019,4198493.000000,177188.000000,0.042203
168,143,297,0.003321,0.001103,4198106.000000,163284.000000,0.038895
169,144,297,0.003325,0.001057,4164388.000000,159336.000000,0.038262
170,145,297,0.003320,0.000972,4235839.000000,162277.000000,0.038310
171,146,297,0.003322,0.000924,4268000.000000,163322.000000,0.038267
172,147,297,0.003323,0.001529,4594466.000000,207765.000000,0.045221
173,148,297,0.003326,0.001056,4565409.000000,179142.000000,0.039239
174,149,297,0.003323,0.001182,4483129.000000,172198.000000,0.038410
175,149,297,0.003323,0.001034,4400996.000000,168521.000000,0.038292
176,150,297,0.003328,0.001034,4456227.000000,170737.000000,0.038314
177,151,299,0.003318,0.001618,4555385.000000,195733.000000,0.042967
178,151,299,0.003322,0.001165,4552447.000000,175236.000000,0.038493
179,152,299,0.003329,0.001069,4564416.000000,169014.000000,0.037029
180,153,299,0.003318,0.001205,4605079.000000,172234.000000,0.037401
181,154,299,0.003324,0.001079,4603976.000000,172597.000000,0.037489
182,155,299,0.003327,0.001080,4655980.000000,173165.000000,0.037192
183,156,299,0.003326,0.001239,4674808.000000,174427.000000,0.037312
184,157,299,0.003319,0.001207,4802976.000000,178030.000000,0.037067
185,158,299,0.003323,0.001151,4864145.000000,182810.000000,0.037583
186,159,299,0.003322,0.001313,4971277.000000,189086.000000,0.038036
187,160,299,0.003323,0.001209,5059126.000000,194974.000000,0.038539
188,161,299,0.003326,0.001208,5282348.000000,202885.000000,0.038408
189,161,299,0.003324,0.001420,5087816.000000,189597.000000,0.037265
190,162,299,0.003321,0.001295,5119882.000000,194082.000000,0.037908
191,163,299,0.003323,0.001226,5134685.000000,194926.000000,0.037963
192,164,299,0.003326,0.001310,5046161.000000,187885.000000,0.037233
193,165,299,0.003319,0.001310,5093085.000000,190892.000000,0.037481
194,166,299,0.003325,0.001190,5212208.000000,193447.000000,0.037114
195,166,299,0.003323,0.001340,5105309.000000,189441.000000,0.037107
196,167,299,0.003324,0.001226,5112048.000000,189853.000000,0.037138
197,167,299,0.003327,0.001198,5050609.000000,183642.000000,0.036360
198,168,299,0.003511,0.001195,5171791.000000,190262.000000,0.036788
199,169,299,0.003347,0.001942,5459030.000000,231809.000000,0.042463
200,170,299,0.003329,0.001548,5501340.000000,217678.000000,0.039568
201,171,299,0.003351,0.002284,5765057.000000,273430.000000,0.047429
202,172,299,0.003357,0.002310,5802462.000000,273324.000000,0.047105
203,173,299,0.003343,0.002224,5734152.000000,260575.000000,0.045443
204,174,299,0.003324,0.001221,5496373.000000,195474.000000,0.035564
205,175,299,0.003321,0.001327,5540182.000000,202330.000000,0.036520
206,176,299,0.003328,0.001228,5603955.000000,200809.000000,0.035833
207,177,300,0.003324,0.001415,5590646.000000,201314.000000,0.036009
208,178,300,0.003334,0.002237,5938951.000000,245513.000000,0.041339
209,179,300,0.003329,0.001264,5762569.000000,206214.000000,0.035785
210,180,300,0.003322,0.001527,6031706.000000,223879.000000,0.037117
211,181,300,0.003326,0.001477,6232940.000000,235190.000000,0.037733
212,182,300,0.003320,0.001870,6418947.000000,260667.000000,0.040609
213,183,300,0.003345,0.002078,6561190.000000,263006.000000,0.040085
214,184,300,0.003332,0.001841,6609028.000000,258052.000000,0.039045
215,184,300,0.003363,0.002413,6718593.000000,297071.000000,0.044216
216,185,300,0.003320,0.001463,6522801.000000,236128.000000,0.036200
217,186,300,0.003386,0.001615,6446164.000000,232848.000000,0.036122
218,187,300,0.003346,0.002282,6913582.000000,266260.000000,0.038513
219,187,300,0.003321,0.001640,6809393.000000,251153.000000,0.036883
220,188,300,0.003325,0.001484,6629974.000000,237181.000000,0.035774
221,189,300,0.003325,0.001704,6637336.000000,238044.000000,0.035864
222,190,300,0.003321,0.001717,6880217.000000,244035.000000,0.035469
223,190,300,0.003326,0.001516,6720604.000000,237473.000000,0.035335
224,191,300,0.003330,0.001532,6738753.000000,235771.000000,0.034987
225,192,300,0.003315,0.001724,6942741.000000,246653.000000,0.035527
226,193,300,0.003324,0.001595,7113949.000000,252211.000000,0.035453
227,194,300,0.003329,0.001818,7106112.000000,253694.000000,0.035701
228,195,300,0.003335,0.001834,7291125.000000,262612.000000,0.036018
229,195,300,0.003318,0.001689,7308714.000000,258716.000000,0.035398
230,196,300,0.003328,0.001844,7174292.000000,251910.000000,0.035113
231,197,300,0.003323,0.001627,7217333.000000,252530.000000,0.034989
232,198,300,0.003325,0.001755,7652360.000000,277520.000000,0.036266
233,199,300,0.003379,0.002730,7867829.000000,303313.000000,0.038551
234,200,300,0.003318,0.001801,7812672.000000,282629.000000,0.036176
235,200,300,0.003324,0.001792,7836688.000000,286290.000000,0.036532
236,201,300,0.003337,0.002051,8009408.000000,292309.000000,0.036496
237,202,300,0.003325,0.001805,7913351.000000,285543.000000,0.036084
238,203,300,0.003331,0.001828,8026114.000000,288307.000000,0.035921
239,204,300,0.003329,0.001960,7957369.000000,285312.000000,0.035855
240,204,300,0.003338,0.001851,8151092.000000,288579.000000,0.035404
241,205,300,0.003328,0.002020,8296653.000000,292257.000000,0.035226
242,206,299,0.003341,0.002144,8240674.000000,290295.000000,0.035227
243,207,299,0.003349,0.002074,8437063.000000,303716.000000,0.035998
244,208,299,0.003344,0.002046,8390037.000000,297232.000000,0.035427
245,208,299,0.003332,0.002033,8410036.000000,295144.000000,0.035094
246,209,299,0.003330,0.001932,8515244.000000,300968.000000,0.035345
247,209,299,0.003333,0.001970,8476763.000000,300854.000000,0.035492
248,210,299,0.003341,0.002135,8476649.000000,299266.000000,0.035305
249,211,299,0.003335,0.002035,8505678.000000,301244.000000,0.035417
250,212,299,0.003332,0.001975,8564859.000000,298561.000000,0.034859
251,213,299,0.003349,0.002153,8611222.000000,300612.000000,0.034909
252,214,299,0.003326,0.002009,8741487.000000,307501.000000,0.035177
253,214,299,0.003337,0.002057,8795306.000000,310821.000000,0.035339
254,214,299,0.003328,0.002359,8889171.000000,314442.000000,0.035374
255,214,299,0.003337,0.002045,8870744.000000,314472.000000,0.035450
256,214,299,0.003338,0.002071,8915527.000000,318392.000000,0.035712
257,215,299,0.003347,0.002289,9037344.000000,317139.000000,0.035092
258,216,299,0.003338,0.002084,9056222.000000,317939.000000,0.035107
259,217,299,0.003346,0.002185,9096879.000000,320473.000000,0.035229
260,218,299,0.003357,0.002137,9279021.000000,327116.000000,0.035253
261,219,299,0.003355,0.002535,9487309.000000,340950.000000,0.035937
262,219,299,0.003338,0.002103,9246310.000000,321946.000000,0.034819
263,220,299,0.003347,0.002239,9232470.000000,320199.000000,0.034682
264,221,299,0.003365,0.002633,9557969.000000,355371.000000,0.037181
265,222,299,0.003351,0.002320,9284885.000000,320596.000000,0.034529
266,223,299,0.003344,0.002183,9350997.000000,320647.000000,0.034290
267,223,299,0.003345,0.002188,9482287.000000,326997.000000,0.034485
268,224,299,0.003348,0.002187,9656317.000000,332848.000000,0.034469
269,225,299,0.003369,0.002743,10018664.000000,354606.000000,0.035395
270,226,299,0.003350,0.002309,9874891.000000,341421.000000,0.034575
271,227,299,0.003351,0.002332,10010652.000000,349004.000000,0.034863
272,227,299,0.003350,0.002299,9976735.000000,349204.000000,0.035002
273,228,299,0.003462,0.002539,10179464.000000,360834.000000,0.035447
274,229,299,0.003450,0.002350,10287321.000000,352758.000000,0.034291
275,230,299,0.003454,0.002400,10499232.000000,366027.000000,0.034862
276,231,298,0.003455,0.002436,10507332.000000,363336.000000,0.034579
277,231,298,0.003452,0.002392,10510813.000000,362997.000000,0.034536
278,232,298,0.003459,0.002411,10494599.000000,361814.000000,0.034476
279,233,298,0.003451,0.002442,10563885.000000,364937.000000,0.034546
280,233,298,0.003460,0.002562,11172646.000000,391017.000000,0.034998
281,234,298,0.003456,0.002491,10906580.000000,378553.000000,0.034709
282,235,297,0.003376,0.002553,11010584.000000,380611.000000,0.034568
283,236,297,0.003365,0.002582,11218123.000000,383407.000000,0.034177
284,237,297,0.003367,0.002679,11539229.000000,394518.000000,0.034189
285,238,297,0.003367,0.002636,11411233.000000,388016.000000,0.034003
286,239,297,0.003373,0.002705,11746509.000000,404689.000000,0.034452
287,240,297,0.003371,0.002743,11865480.000000,410937.000000,0.034633
288,241,297,0.003379,0.002721,12027982.000000,417903.000000,0.034744
289,242,297,0.003375,0.002769,11987102.000000,410703.000000,0.034262
290,243,297,0.003341,0.002763,11900145.000000,405669.000000,0.034089
291,243,297,0.003370,0.002725,11900319.000000,403546.000000,0.033911
292,244,297,0.003375,0.002801,12041195.000000,411881.000000,0.034206
293,245,297,0.003373,0.002782,11992760.000000,409546.000000,0.034149
294,246,297,0.003376,0.002855,12277439.000000,420750.000000,0.034270
295,246,297,0.003378,0.002822,12120614.000000,411495.000000,0.033950
296,247,297,0.003376,0.002828,12262113.000000,419874.000000,0.034242
297,248,297,0.003340,0.003018,12283718.000000,418332.000000,0.034056
298,249,297,0.003344,0.002913,12305316.000000,416547.000000,0.033851
299,249,296,0.003376,0.002859,12313675.000000,419108.000000,0.034036
300,250,296,0.003377,0.002855,12322392.000000,418162.000000,0.033935
301,250,296,0.003382,0.002913,12489224.000000,426281.000000,0.034132
302,251,296,0.003323,0.002988,12279915.000000,416242.000000,0.033896
303,252,296,0.003382,0.002897,12491238.000000,423352.000000,0.033892
304,253,296,0.003388,0.002972,12703366.000000,429610.000000,0.033819
305,254,296,0.003383,0.002943,12681781.000000,427592.000000,0.033717
306,255,296,0.003383,0.002946,12748697.000000,429303.000000,0.033674
307,256,296,0.003385,0.002973,12750069.000000,429081.000000,0.033653
308,257,296,0.003415,0.003089,13161430.000000,446020.000000,0.033888
309,258,296,0.003398,0.003054,13179593.000000,444239.000000,0.033707
310,259,296,0.003484,0.003135,13431396.000000,453361.000000,0.033754
311,260,295,0.003530,0.003193,13597432.000000,461479.000000,0.033939
312,261,295,0.003528,0.003197,13791390.000000,467926.000000,0.033929
313,262,295,0.003457,0.003128,13395103.000000,445687.000000,0.033272
314,263,295,0.003494,0.003159,13573190.000000,451016.000000,0.033228
315,264,294,0.003479,0.003151,13565474.000000,449028.000000,0.033101
316,265,294,0.003522,0.003183,13674732.000000,455404.000000,0.033303
317,266,294,0.003536,0.003197,13691713.000000,455972.000000,0.033303
318,267,294,0.003528,0.003204,13839972.000000,458861.000000,0.033155
319,268,293,0.003668,0.003292,13939883.000000,464645.000000,0.033332
320,269,293,0.003583,0.003234,13907841.000000,462430.000000,0.033250
321,269,292,0.003598,0.003259,13997265.000000,467254.000000,0.033382
322,270,292,0.003638,0.003313,14139400.000000,470182.000000,0.033253
323,271,292,0.003639,0.003293,14196997.000000,477112.000000,0.033607
324,272,291,0.003769,0.003430,14511555.000000,490254.000000,0.033784
325,273,290,0.003782,0.003434,14628647.000000,496239.000000,0.033922
326,274,290,0.003754,0.003426,14663136.000000,496308.000000,0.033847
327,275,289,0.003754,0.003412,14577959.000000,489679.000000,0.033590
328,275,289,0.003830,0.003462,14811195.000000,496941.000000,0.033552
329,276,288,0.003860,0.003509,14935913.000000,505870.000000,0.033869
330,277,287,0.004087,0.003716,15263030.000000,516085.000000,0.033813
331,278,286,0.003817,0.003487,14972883.000000,500379.000000,0.033419
332,279,285,0.003956,0.003609,15360237.000000,515652.000000,0.033571
333,280,285,0.003963,0.003606,15341124.000000,514370.000000,0.033529
334,281,284,0.003974,0.003634,15462334.000000,515359.000000,0.033330
335,281,283,0.003963,0.003620,15449352.000000,510326.000000,0.033032
336,281,283,0.003965,0.003631,15601492.000000,521859.000000,0.033449
337,281,282,0.004022,0.003676,15648709.000000,521676.000000,0.033337
338,282,281,0.003980,0.003620,15523240.000000,514679.000000,0.033155
339,283,281,0.003993,0.003656,15616179.000000,517918.000000,0.033165
340,284,280,0.004105,0.003750,15988814.000000,537785.000000,0.033635
341,285,279,0.004070,0.003731,15982371.000000,537547.000000,0.033634
342,286,278,0.004118,0.003760,16074800.000000,538999.000000,0.033531
343,287,277,0.004179,0.003827,16300871.000000,544358.000000,0.033394
344,288,276,0.004249,0.003898,16488188.000000,550889.000000,0.033411
345,289,275,0.004219,0.003862,16353928.000000,544575.000000,0.033299
346,290,274,0.004206,0.003858,16467254.000000,549498.000000,0.033369
347,291,272,0.004270,0.003875,16501166.000000,549169.000000,0.033281
348,292,271,0.004229,0.003873,16583392.000000,547552.000000,0.033018
349,293,270,0.004296,0.003945,16820249.000000,555849.000000,0.033046
350,294,269,0.004342,0.003982,16960009.000000,559366.000000,0.032981
351,295,268,0.004345,0.004005,17004551.000000,562546.000000,0.033082
352,296,266,0.004747,0.004363,17437132.000000,576830.000000,0.033081
353,297,264,0.005020,0.004620,17775096.000000,590477.000000,0.033219
354,298,263,0.004816,0.004418,17920841.000000,592828.000000,0.033080
355,298,261,0.004483,0.004129,17802424.000000,581845.000000,0.032683
356,299,260,0.004604,0.004216,18146691.000000,599809.000000,0.033053
357,300,259,0.004571,0.004209,18065935.000000,591141.000000,0.032721
358,301,257,0.004579,0.004238,18088302.000000,590989.000000,0.032672
359,301,256,0.004570,0.004215,18109856.000000,591241.000000,0.032647
360,302,255,0.004602,0.004250,18203501.000000,592802.000000,0.032565
361,303,253,0.004654,0.004276,18371910.000000,601309.000000,0.032730
362,303,252,0.004576,0.004238,18205814.000000,588390.000000,0.032319
363,304,251,0.004617,0.004258,18281881.000000,594066.000000,0.032495
364,305,249,0.004696,0.004327,18553413.000000,602351.000000,0.032466
365,306,248,0.004674,0.004321,18531763.000000,602858.000000,0.032531
366,307,247,0.004710,0.004371,18674159.000000,606859.000000,0.032497
367,308,245,0.004748,0.004380,18810344.000000,614091.000000,0.032646
368,309,244,0.004839,0.004474,19082677.000000,630231.000000,0.033026
369,310,242,0.004805,0.004453,19056951.000000,624587.000000,0.032775
370,311,241,0.004844,0.004480,19239002.000000,632756.000000,0.032889
371,312,240,0.004889,0.004522,19361553.000000,637017.000000,0.032901
372,312,238,0.004968,0.004607,19696720.000000,649475.000000,0.032974
373,313,237,0.004934,0.004594,19581128.000000,643155.000000,0.032846
374,314,235,0.005047,0.004678,19983521.000000,659999.000000,0.033027
375,314,234,0.005163,0.004799,20004740.000000,661852.000000,0.033085
376,315,233,0.004950,0.004604,19741553.000000,648865.000000,0.032868
377,316,231,0.004991,0.004616,19821374.000000,652112.000000,0.032899
378,317,230,0.005043,0.004672,20085682.000000,662426.000000,0.032980
379,318,229,0.004996,0.004651,19929110.000000,656847.000000,0.032959
380,319,227,0.005096,0.004733,20335793.000000,672946.000000,0.033092
381,319,226,0.005124,0.004748,20481584.000000,672435.000000,0.032831
382,319,225,0.005132,0.004752,20514468.000000,672947.000000,0.032804
383,319,224,0.005120,0.004769,20536289.000000,669813.000000,0.032616
384,319,222,0.005224,0.004846,20928683.000000,680675.000000,0.032524
385,320,221,0.005259,0.004886,21050106.000000,681987.000000,0.032398
386,320,220,0.005404,0.005042,21636545.000000,705361.000000,0.032600
387,321,219,0.005314,0.004944,21300822.000000,693057.000000,0.032537
388,322,217,0.005331,0.004948,21399819.000000,686143.000000,0.032063
389,323,216,0.005422,0.005061,21728606.000000,697331.000000,0.032093
390,324,215,0.005453,0.005070,21882028.000000,703059.000000,0.032130
391,324,214,0.005515,0.005147,22118303.000000,717475.000000,0.032438
392,325,213,0.005497,0.005138,22068027.000000,712156.000000,0.032271
393,326,211,0.005510,0.005135,22096657.000000,715303.000000,0.032372
394,327,210,0.005767,0.005366,22451172.000000,731166.000000,0.032567
395,327,209,0.005632,0.005261,22583616.000000,731686.000000,0.032399
396,328,208,0.005679,0.005274,22651953.000000,737615.000000,0.032563
397,329,206,0.005726,0.005333,22746175.000000,738340.000000,0.032460
398,330,205,0.005752,0.005388,23044995.000000,748410.000000,0.032476
399,331,204,0.005793,0.005405,23178334.000000,754289.000000,0.032543
400,331,203,0.005815,0.005429,23241824.000000,755902.000000,0.032523
401,332,202,0.005835,0.005468,23309767.000000,753118.000000,0.032309
402,333,200,0.005807,0.005428,23323571.000000,756698.000000,0.032443
403,333,199,0.005800,0.005423,23309924.000000,755781.000000,0.032423
404,333,198,0.005758,0.005400,23174912.000000,746833.000000,0.032226
405,334,197,0.005786,0.005412,23257670.000000,750764.000000,0.032280
406,334,196,0.005894,0.005518,23695742.000000,764711.000000,0.032272
407,335,195,0.005819,0.005454,23438616.000000,750958.000000,0.032039
408,336,194,0.005935,0.005547,23838534.000000,769215.000000,0.032268
409,337,193,0.005915,0.005546,23780633.000000,766807.000000,0.032245
410,338,192,0.005940,0.005562,23909910.000000,769360.000000,0.032177
411,338,191,0.006027,0.005641,23929219.000000,770219.000000,0.032187
412,339,190,0.006033,0.005657,24109431.000000,775434.000000,0.032163
413,340,190,0.005962,0.005574,24009818.000000,769003.000000,0.032029
414,341,189,0.006019,0.005642,24233522.000000,778171.000000,0.032111
415,341,188,0.006044,0.005675,24343751.000000,781201.000000,0.032090
416,342,187,0.006019,0.005640,24235035.000000,777640.000000,0.032087
417,343,186,0.006070,0.005696,24382986.000000,783499.000000,0.032133
418,344,185,0.006086,0.005726,24486014.000000,785130.000000,0.032064
419,345,185,0.006107,0.005727,24550327.000000,789902.000000,0.032175
420,346,184,0.006091,0.005734,24588537.000000,780548.000000,0.031744
421,347,183,0.006176,0.005792,24669613.000000,785569.000000,0.031844
422,348,182,0.006205,0.005795,24883993.000000,792101.000000,0.031832
423,349,181,0.006146,0.005779,24802855.000000,787188.000000,0.031738
424,350,180,0.006174,0.005791,24859376.000000,792553.000000,0.031881
425,351,180,0.006187,0.005813,24956027.000000,792987.000000,0.031775
426,352,179,0.006245,0.005881,25223070.000000,798534.000000,0.031659
427,353,178,0.006223,0.005839,25139484.000000,793701.000000,0.031572
428,354,177,0.006359,0.005981,25299157.000000,794834.000000,0.031417
429,355,176,0.006280,0.005881,25320927.000000,797787.000000,0.031507
430,356,175,0.006419,0.006002,25797767.000000,815603.000000,0.031615
431,357,175,0.006457,0.006054,25518894.000000,797129.000000,0.031237
432,358,174,0.006411,0.006013,25781383.000000,814060.000000,0.031575
433,358,173,0.006437,0.006048,26018585.000000,820733.000000,0.031544
434,358,172,0.006458,0.006075,26103447.000000,816453.000000,0.031278
435,358,172,0.006488,0.006104,26230096.000000,830783.000000,0.031673
436,359,171,0.006503,0.006122,26228985.000000,824724.000000,0.031443
437,360,170,0.006557,0.006154,26290795.000000,828617.000000,0.031517
438,361,170,0.006552,0.006149,26430862.000000,830595.000000,0.031425
439,361,169,0.006527,0.006156,26435728.000000,827293.000000,0.031295
440,362,168,0.006553,0.006160,26498556.000000,833051.000000,0.031438
441,363,167,0.006537,0.006159,26445258.000000,826477.000000,0.031252
442,364,167,0.006613,0.006223,26726908.000000,839908.000000,0.031426
443,364,166,0.006798,0.006402,27122910.000000,848593.000000,0.031287
444,364,165,0.006653,0.006273,26864387.000000,836034.000000,0.031121
445,365,165,0.006798,0.006403,27437836.000000,863458.000000,0.031470
446,366,164,0.006690,0.006315,27072416.000000,845497.000000,0.031231
447,366,163,0.006663,0.006260,26986923.000000,841322.000000,0.031175
448,366,163,0.006708,0.006318,27241060.000000,845891.000000,0.031052
449,367,162,0.006950,0.006570,28050280.000000,869883.000000,0.031012
450,368,162,0.006889,0.006494,27917900.000000,860391.000000,0.030819
451,369,161,0.006908,0.006498,27944547.000000,859732.000000,0.030766
452,370,160,0.006980,0.006585,28216296.000000,862729.000000,0.030576
453,370,160,0.006933,0.006538,28186700.000000,864037.000000,0.030654
454,371,159,0.006957,0.006574,28279097.000000,861384.000000,0.030460
455,371,159,0.006951,0.006553,28280963.000000,865559.000000,0.030606
456,372,158,0.006964,0.006566,28281749.000000,861143.000000,0.030449
457,373,158,0.007004,0.006608,28385696.000000,865288.000000,0.030483
458,374,157,0.007081,0.006695,28523016.000000,863729.000000,0.030282
459,375,156,0.007009,0.006608,28491562.000000,864925.000000,0.030357
460,376,156,0.007099,0.006702,28837490.000000,884033.000000,0.030656
461,377,155,0.007209,0.006822,29181021.000000,895018.000000,0.030671
462,378,155,0.007167,0.006763,29109895.000000,881579.000000,0.030285
463,379,154,0.007173,0.006771,29187330.000000,880339.000000,0.030162
464,380,154,0.007295,0.006890,29737188.000000,896808.000000,0.030158
465,380,153,0.007311,0.006924,29789500.000000,895482.000000,0.030060
466,381,153,0.007332,0.006927,29696782.000000,892042.000000,0.030038
467,382,152,0.007355,0.006955,29980073.000000,902289.000000,0.030096
468,383,151,0.007493,0.007104,30448883.000000,928774.000000,0.030503
469,384,151,0.007535,0.007126,30593092.000000,930961.000000,0.030430
470,385,150,0.007595,0.007200,30785613.000000,932334.000000,0.030285
471,386,149,0.007594,0.007187,30621255.000000,929746.000000,0.030363
472,387,149,0.007576,0.007187,30910150.000000,935088.000000,0.030252
473,388,148,0.007602,0.007191,30933974.000000,938282.000000,0.030332
474,389,148,0.007646,0.007251,31166808.000000,946091.000000,0.030356
475,390,147,0.007663,0.007240,31175344.000000,946966.000000,0.030375
476,390,147,0.007640,0.007238,31146073.000000,941330.000000,0.030223
477,391,146,0.007636,0.007236,31162207.000000,932330.000000,0.029919
478,392,145,0.007687,0.007264,31314516.000000,938413.000000,0.029967
479,393,145,0.007876,0.007351,31646803.000000,955005.000000,0.030177
480,394,144,0.007672,0.007261,31302785.000000,937150.000000,0.029938
481,394,144,0.007765,0.007353,31646646.000000,946433.000000,0.029906
482,395,143,0.007722,0.007318,31495593.000000,947007.000000,0.030068
483,396,143,0.007701,0.007303,31441492.000000,941565.000000,0.029947
484,397,142,0.007871,0.007460,31623392.000000,947771.000000,0.029971
485,398,141,0.007808,0.007405,31891559.000000,948361.000000,0.029737
486,398,141,0.007836,0.007420,32038291.000000,958113.000000,0.029905
487,398,140,0.007805,0.007413,32016977.000000,951729.000000,0.029726
488,399,140,0.007858,0.007446,32151018.000000,956380.000000,0.029746
489,399,139,0.007896,0.007491,32347647.000000,958540.000000,0.029632
490,400,139,0.008466,0.007529,32494194.000000,964872.000000,0.029694
491,400,138,0.008603,0.008160,32572056.000000,970310.000000,0.029790
492,400,138,0.008115,0.007694,32795108.000000,975178.000000,0.029735
493,401,137,0.008294,0.007889,32839049.000000,970981.000000,0.029568
494,402,136,0.008349,0.007903,32942345.000000,979589.000000,0.029736
495,403,136,0.008335,0.007929,33030381.000000,988639.000000,0.029931
496,404,135,0.008787,0.008346,33749370.000000,1013241.000000,0.030023
497,404,134,0.008399,0.007982,33592226.000000,1003726.000000,0.029880
498,405,134,0.008581,0.008119,33573407.000000,1010198.000000,0.030089
499,406,133,0.008209,0.007790,33384779.000000,996964.000000,0.029863
500,407,133,0.008208,0.007782,33584131.000000,1001977.000000,0.029835
501,408,132,0.008199,0.007807,33567176.000000,1002745.000000,0.029873
502,409,132,0.008260,0.007803,33608006.000000,1005387.000000,0.029915
503,410,131,0.008416,0.007975,33852567.000000,1011567.000000,0.029882
504,411,131,0.008614,0.008112,34031168.000000,1023635.000000,0.030079
505,411,130,0.008327,0.007908,33866403.000000,1013084.000000,0.029914
506,412,130,0.008351,0.007926,34037208.000000,1026721.000000,0.030165
507,412,129,0.008457,0.008029,34320011.000000,1034553.000000,0.030144
508,413,129,0.008516,0.008082,34565608.000000,1047909.000000,0.030317
509,414,128,0.008760,0.008329,34545122.000000,1040606.000000,0.030123
510,415,128,0.008500,0.008063,34582077.000000,1041057.000000,0.030104
511,416,128,0.008546,0.008130,34580463.000000,1037155.000000,0.029993
512,417,127,0.008601,0.008164,34924166.000000,1051804.000000,0.030117
513,418,127,0.008518,0.008116,34668767.000000,1040870.000000,0.030023
514,419,126,0.008555,0.008128,34830236.000000,1052237.000000,0.030210
515,419,126,0.008579,0.008188,34975574.000000,1051034.000000,0.030051
516,420,125,0.008733,0.008301,35147038.000000,1057484.000000,0.030087
517,420,125,0.008579,0.008171,35056859.000000,1053434.000000,0.030049
518,421,125,0.008672,0.008260,35372018.000000,1063055.000000,0.030054
519,421,124,0.008623,0.008214,35123201.000000,1052410.000000,0.029963
520,421,124,0.008821,0.008401,35449318.000000,1062455.000000,0.029971
521,422,123,0.008683,0.008262,35428097.000000,1055498.000000,0.029793
522,423,123,0.008747,0.008325,35652691.000000,1065573.000000,0.029888
523,423,122,0.008786,0.008382,35811007.000000,1073074.000000,0.029965
524,423,122,0.008771,0.008350,35814578.000000,1071808.000000,0.029927
525,424,122,0.008984,0.008569,36503892.000000,1103511.000000,0.030230
526,425,121,0.009009,0.008575,36693678.000000,1108986.000000,0.030223
527,426,121,0.009168,0.008757,37068088.000000,1122639.000000,0.030286
528,427,120,0.009133,0.008720,37179213.000000,1122549.000000,0.030193
529,428,120,0.009157,0.008736,37322861.000000,1127918.000000,0.030221
530,429,120,0.009250,0.008816,37610869.000000,1137521.000000,0.030244
531,430,119,0.009382,0.008950,37648396.000000,1142578.000000,0.030349
532,431,119,0.009269,0.008850,37726267.000000,1141298.000000,0.030252
533,432,118,0.009325,0.008873,37726931.000000,1138522.000000,0.030178
534,433,118,0.009332,0.008915,38008532.000000,1146170.000000,0.030156
535,434,118,0.009297,0.008874,37899575.000000,1145587.000000,0.030227
536,435,117,0.009344,0.008908,37977965.000000,1144587.000000,0.030138
537,435,117,0.009321,0.008897,38004336.000000,1150752.000000,0.030279
538,435,116,0.009403,0.008974,38243241.000000,1151232.000000,0.030103
539,436,116,0.009347,0.008921,38338281.000000,1147395.000000,0.029928
540,437,116,0.009522,0.009078,38839821.000000,1172119.000000,0.030178
541,438,115,0.009360,0.008936,38434306.000000,1149852.000000,0.029917
542,439,115,0.009519,0.009082,38753673.000000,1162626.000000,0.030000
543,440,115,0.009423,0.008987,38693796.000000,1155186.000000,0.029855
544,440,114,0.009527,0.009116,39117444.000000,1175605.000000,0.030053
545,441,114,0.009502,0.009063,39001268.000000,1165913.000000,0.029894
546,442,113,0.009620,0.009198,39544293.000000,1180542.000000,0.029854
547,442,113,0.009523,0.009082,39106378.000000,1168829.000000,0.029888
548,442,113,0.009469,0.009051,39026764.000000,1160274.000000,0.029730
549,443,112,0.009560,0.009122,39238940.000000,1175666.000000,0.029962
550,444,112,0.009720,0.009291,39876773.000000,1195507.000000,0.029980
551,445,112,0.009631,0.009205,39643419.000000,1176385.000000,0.029674
552,446,111,0.009854,0.009405,40052071.000000,1192441.000000,0.029772
553,447,111,0.009872,0.009446,40552417.000000,1207601.000000,0.029779
554,448,111,0.010220,0.009756,41133637.000000,1232789.000000,0.029970
555,449,110,0.009948,0.009513,40794621.000000,1218598.000000,0.029872
556,449,110,0.009991,0.009555,40942292.000000,1220626.000000,0.029813
557,450,110,0.010066,0.009621,41389166.000000,1238078.000000,0.029913
558,450,110,0.010237,0.009796,41619007.000000,1250225.000000,0.030040
559,450,109,0.010162,0.009712,41592903.000000,1252070.000000,0.030103
560,451,109,0.010129,0.009694,41673189.000000,1248644.000000,0.029963
561,452,108,0.010208,0.009766,41918693.000000,1251822.000000,0.029863
562,453,108,0.010487,0.010025,42288208.000000,1271282.000000,0.030062
563,454,108,0.010329,0.009871,42245541.000000,1264681.000000,0.029936
564,455,107,0.010450,0.009999,42635671.000000,1282636.000000,0.030084
565,456,107,0.010266,0.009830,42244882.000000,1258678.000000,0.029795
566,457,106,0.010439,0.009995,42721774.000000,1268581.000000,0.029694
567,457,106,0.010364,0.009918,42508623.000000,1261690.000000,0.029681
568,458,106,0.010625,0.010187,42859859.000000,1274776.000000,0.029743
569,459,105,0.010413,0.009990,42595837.000000,1270891.000000,0.029836
570,460,105,0.010457,0.009998,42762736.000000,1274184.000000,0.029797
571,461,105,0.010718,0.010281,43345620.000000,1288681.000000,0.029730
572,462,104,0.010603,0.010150,43200499.000000,1280126.000000,0.029632
573,463,104,0.010559,0.010112,43187600.000000,1284139.000000,0.029734
574,464,103,0.010697,0.010244,43560788.000000,1301389.000000,0.029875
575,464,103,0.010632,0.010165,43512502.000000,1295446.000000,0.029772
576,464,103,0.010815,0.010369,44229247.000000,1319813.000000,0.029840
577,465,102,0.010685,0.010210,43523327.000000,1295896.000000,0.029775
578,466,102,0.011004,0.010489,44500861.000000,1320468.000000,0.029673
579,467,102,0.010852,0.010358,44182128.000000,1306656.000000,0.029574
580,468,101,0.010864,0.010390,44661407.000000,1319604.000000,0.029547
581,469,101,0.011469,0.010990,45502630.000000,1357547.000000,0.029834
582,469,100,0.011280,0.010806,45338371.000000,1345366.000000,0.029674
583,470,100,0.011208,0.010739,45538753.000000,1352306.000000,0.029696
584,471,99,0.011330,0.010832,45872835.000000,1363703.000000,0.029728
585,471,99,0.011264,0.010827,45979913.000000,1358633.000000,0.029548
586,472,99,0.011369,0.010803,46068760.000000,1363884.000000,0.029605
587,473,98,0.011220,0.010735,45886251.000000,1349286.000000,0.029405
588,474,98,0.011217,0.010782,45963309.000000,1347758.000000,0.029322
589,474,98,0.011200,0.010756,45935738.000000,1348500.000000,0.029356
590,474,97,0.011305,0.010844,46112167.000000,1357825.000000,0.029446
591,475,97,0.011247,0.010791,46081092.000000,1354112.000000,0.029385
592,476,97,0.011495,0.011056,46219908.000000,1355918.000000,0.029336
593,477,96,0.011284,0.010829,46422285.000000,1366721.000000,0.029441
594,478,96,0.011286,0.010839,46515371.000000,1365881.000000,0.029364
595,479,96,0.011338,0.010887,46812377.000000,1367658.000000,0.029216
596,480,95,0.011427,0.010960,47243695.000000,1373972.000000,0.029083
597,480,95,0.011517,0.011082,47364750.000000,1388189.000000,0.029308
598,481,95,0.011503,0.011048,47334033.000000,1379642.000000,0.029147
599,481,94,0.012219,0.011689,47724658.000000,1393216.000000,0.029193
600,481,94,0.011966,0.011477,47532124.000000,1387397.000000,0.029189
601,482,94,0.011681,0.011223,47786457.000000,1386000.000000,0.029004
602,483,93,0.011707,0.011249,48125587.000000,1389208.000000,0.028866
603,483,93,0.011742,0.011276,48232554.000000,1395646.000000,0.028936
604,483,93,0.011818,0.011336,48438473.000000,1400382.000000,0.028911
605,483,92,0.011891,0.011429,48668319.000000,1403486.000000,0.028838
606,484,92,0.011932,0.011452,48792006.000000,1415091.000000,0.029003
607,485,92,0.012095,0.011619,48783560.000000,1410570.000000,0.028915
608,485,91,0.011881,0.011411,48898136.000000,1412338.000000,0.028883
609,486,91,0.011927,0.011456,48995967.000000,1414673.000000,0.028873
610,487,91,0.012028,0.011549,49439561.000000,1430693.000000,0.028938
611,487,90,0.011992,0.011535,49387753.000000,1425551.000000,0.028864
612,488,90,0.012027,0.011559,49431046.000000,1425766.000000,0.028844
613,488,90,0.011995,0.011529,49406717.000000,1428267.000000,0.028908
614,489,89,0.012018,0.011536,49437692.000000,1430862.000000,0.028943
615,490,89,0.012032,0.011570,49376041.000000,1427178.000000,0.028904
616,490,89,0.012215,0.011739,49764181.000000,1435962.000000,0.028855
617,491,89,0.012094,0.011605,49720027.000000,1438388.000000,0.028930
618,491,88,0.012113,0.011656,50009862.000000,1444595.000000,0.028886
619,491,88,0.012151,0.011692,49969812.000000,1443585.000000,0.028889
620,492,88,0.012213,0.011756,50206776.000000,1457049.000000,0.029021
621,493,88,0.012195,0.011711,50144331.000000,1454396.000000,0.029004
622,493,87,0.012257,0.011794,50498036.000000,1461192.000000,0.028936
623,493,87,0.012253,0.011798,50278640.000000,1457290.000000,0.028984
624,494,87,0.012412,0.011940,50536493.000000,1458162.000000,0.028854
625,495,87,0.012358,0.011871,50799183.000000,1468952.000000,0.028917
626,496,86,0.012408,0.011942,51114097.000000,1468213.000000,0.028724
627,497,86,0.012421,0.011949,51249558.000000,1470660.000000,0.028696
628,498,86,0.012582,0.012113,51730321.000000,1487060.000000,0.028746
629,499,86,0.012373,0.011888,51247134.000000,1474853.000000,0.028779
630,500,85,0.012513,0.012045,51639090.000000,1484241.000000,0.028743
631,501,85,0.012405,0.011943,51558865.000000,1482130.000000,0.028746
632,502,85,0.012632,0.012147,52037080.000000,1492787.000000,0.028687
633,503,85,0.012570,0.012095,52223733.000000,1505230.000000,0.028823
634,504,84,0.012673,0.012203,52642248.000000,1506919.000000,0.028626
635,505,84,0.012675,0.012225,52704793.000000,1505915.000000,0.028573
636,506,84,0.012729,0.012264,52971896.000000,1516319.000000,0.028625
637,507,84,0.012791,0.012311,53155983.000000,1521965.000000,0.028632
638,507,83,0.012846,0.012382,53429837.000000,1526682.000000,0.028574
639,508,83,0.012977,0.012498,53757928.000000,1542943.000000,0.028702
640,509,83,0.013147,0.012675,53966473.000000,1545002.000000,0.028629
641,510,83,0.013129,0.012642,54011157.000000,1542206.000000,0.028553
642,511,83,0.013020,0.012557,54066724.000000,1542044.000000,0.028521
643,512,82,0.013114,0.012641,54402079.000000,1556545.000000,0.028612
644,513,82,0.013182,0.012718,54745418.000000,1563177.000000,0.028554
645,514,82,0.013239,0.012751,54790021.000000,1565446.000000,0.028572
646,514,82,0.013191,0.012701,54913316.000000,1566464.000000,0.028526
647,515,81,0.013334,0.012844,54912852.000000,1561603.000000,0.028438
648,516,81,0.013143,0.012676,54866068.000000,1553984.000000,0.028323
649,517,81,0.013139,0.012671,54775854.000000,1548378.000000,0.028268
650,518,81,0.013196,0.012714,54982962.000000,1553020.000000,0.028245
651,518,81,0.013177,0.012694,55078231.000000,1553675.000000,0.028209
652,518,80,0.013218,0.012740,55061621.000000,1552725.000000,0.028200
653,519,80,0.013248,0.012776,55364813.000000,1551981.000000,0.028032
654,520,80,0.013312,0.012853,55714146.000000,1556634.000000,0.027940
655,521,80,0.014390,0.013634,56003343.000000,1573228.000000,0.028092
656,522,79,0.014581,0.013784,56522284.000000,1589585.000000,0.028123
657,523,79,0.013990,0.013494,56357962.000000,1586131.000000,0.028144
658,523,79,0.013514,0.013034,56457312.000000,1591011.000000,0.028181
659,524,79,0.013578,0.013096,56539454.000000,1592426.000000,0.028165
660,525,79,0.013580,0.013114,56795448.000000,1593086.000000,0.028050
661,525,78,0.013587,0.013130,56898367.000000,1593396.000000,0.028004
662,526,78,0.013791,0.013279,57015146.000000,1596132.000000,0.027995
663,527,78,0.013635,0.013163,56984688.000000,1588246.000000,0.027871
664,528,78,0.013780,0.013304,57319281.000000,1598154.000000,0.027882
665,529,78,0.013790,0.013318,57354553.000000,1608949.000000,0.028053
666,530,77,0.013966,0.013405,57796522.000000,1625778.000000,0.028129
667,531,77,0.013814,0.013311,57542567.000000,1604867.000000,0.027890
668,532,77,0.013873,0.013395,57726839.000000,1611088.000000,0.027909
669,533,77,0.014162,0.013665,58042186.000000,1622312.000000,0.027951
670,534,77,0.013943,0.013462,58106696.000000,1617593.000000,0.027838
671,535,76,0.013950,0.013472,58157589.000000,1610071.000000,0.027685
672,536,76,0.013979,0.013497,58321853.000000,1610769.000000,0.027619
673,537,76,0.014012,0.013531,58348003.000000,1612820.000000,0.027641
674,538,76,0.014058,0.013555,58522367.000000,1618651.000000,0.027659
675,539,76,0.014058,0.013588,58744999.000000,1611992.000000,0.027440
676,540,75,0.014199,0.013750,59010361.000000,1616495.000000,0.027393
677,540,75,0.014079,0.013630,58941502.000000,1612099.000000,0.027351
678,541,75,0.014125,0.013677,59064388.000000,1622296.000000,0.027467
679,542,75,0.014108,0.013654,59055639.000000,1617167.000000,0.027384
680,542,75,0.014178,0.013711,59369732.000000,1633250.000000,0.027510
681,542,74,0.014197,0.013733,59435350.000000,1632042.000000,0.027459
682,543,74,0.014138,0.013691,59397215.000000,1632595.000000,0.027486
683,544,74,0.014233,0.013770,59489969.000000,1638271.000000,0.027539
684,545,74,0.014248,0.013798,59701971.000000,1645332.000000,0.027559
685,546,74,0.014335,0.013851,60087050.000000,1658128.000000,0.027595
686,547,74,0.014245,0.013787,59906191.000000,1636120.000000,0.027311
687,547,73,0.014277,0.013804,60002270.000000,1635507.000000,0.027257
688,547,73,0.014287,0.013828,60188632.000000,1641443.000000,0.027272
689,547,73,0.014319,0.013864,60364531.000000,1639834.000000,0.027166
690,548,73,0.014700,0.014205,60471042.000000,1647136.000000,0.027238
691,548,73,0.014731,0.014265,60362892.000000,1647478.000000,0.027293
692,549,72,0.014493,0.014027,60421346.000000,1648250.000000,0.027279
693,549,72,0.014519,0.014051,60700270.000000,1658913.000000,0.027330
694,549,72,0.014521,0.014042,60651098.000000,1659915.000000,0.027368
695,550,72,0.014648,0.014180,61028257.000000,1670279.000000,0.027369
696,551,72,0.014646,0.014177,61111468.000000,1671283.000000,0.027348
697,552,72,0.015025,0.014541,61455668.000000,1691269.000000,0.027520
698,553,71,0.015130,0.014663,62013224.000000,1703326.000000,0.027467
699,554,71,0.014931,0.014467,61907798.000000,1703515.000000,0.027517
700,554,71,0.014903,0.014434,61888979.000000,1702639.000000,0.027511
701,555,71,0.014877,0.014418,62183026.000000,1713174.000000,0.027551
702,555,71,0.015007,0.014550,62781598.000000,1723369.000000,0.027450
703,556,71,0.014981,0.014511,62720288.000000,1721600.000000,0.027449
704,557,70,0.015202,0.014720,63147919.000000,1740372.000000,0.027560
705,558,70,0.015018,0.014547,62883095.000000,1724429.000000,0.027423
706,559,70,0.015055,0.014593,63083380.000000,1722602.000000,0.027307
707,560,70,0.015056,0.014591,63227242.000000,1734301.000000,0.027430
708,561,70,0.015051,0.014580,63344661.000000,1728245.000000,0.027283
709,562,70,0.015130,0.014665,63554368.000000,1736219.000000,0.027319
710,563,70,0.015024,0.014565,63296609.000000,1718589.000000,0.027151
711,564,69,0.015152,0.014667,63382097.000000,1720857.000000,0.027151
712,564,69,0.015129,0.014670,63862151.000000,1730175.000000,0.027092
713,564,69,0.015127,0.014669,63842712.000000,1730112.000000,0.027100
714,565,69,0.015329,0.014842,64005552.000000,1738949.000000,0.027169
715,565,69,0.015216,0.014724,63940103.000000,1731556.000000,0.027081
716,566,69,0.015180,0.014723,64054425.000000,1735332.000000,0.027092
717,567,69,0.015557,0.015077,64273473.000000,1749245.000000,0.027216
718,568,69,0.015244,0.014771,64334201.000000,1742207.000000,0.027081
719,569,68,0.015404,0.014942,64911715.000000,1765451.000000,0.027198
720,570,68,0.015419,0.014932,64865264.000000,1758904.000000,0.027116
721,571,68,0.015464,0.014984,64956658.000000,1765298.000000,0.027177
722,571,68,0.015489,0.015010,65161269.000000,1769188.000000,0.027151
723,572,68,0.015523,0.015048,65305956.000000,1777404.000000,0.027217
724,573,68,0.015813,0.015326,66130528.000000,1797595.000000,0.027183
725,573,68,0.015765,0.015266,65983768.000000,1790606.000000,0.027137
726,574,67,0.015762,0.015287,66348292.000000,1809262.000000,0.027269
727,575,67,0.015812,0.015323,66567220.000000,1799322.000000,0.027030
728,575,67,0.015913,0.015439,66948776.000000,1813417.000000,0.027087
729,576,67,0.015953,0.015458,67035616.000000,1817457.000000,0.027112
730,577,67,0.016242,0.015753,67693206.000000,1833086.000000,0.027079
731,577,67,0.016139,0.015651,67671728.000000,1826900.000000,0.026997
732,577,66,0.016119,0.015627,67914191.000000,1835462.000000,0.027026
733,578,66,0.018761,0.017994,68651554.000000,1890850.000000,0.027543
734,579,65,0.029506,0.028328,73391238.000000,2025713.000000,0.027602
735,580,64,0.025875,0.024961,72672883.000000,1881701.000000,0.025893
736,580,64,0.019937,0.019293,70051388.000000,1922144.000000,0.027439
737,581,62,0.034426,0.033714,71174849.000000,1856129.000000,0.026078
738,582,62,0.018568,0.017749,70186155.000000,1893222.000000,0.026974
739,582,61,0.028750,0.027821,71571182.000000,1873841.000000,0.026182
740,583,61,0.017224,0.016557,69622548.000000,1881934.000000,0.027031
741,584,61,0.017338,0.016736,69799845.000000,1901199.000000,0.027238
742,585,61,0.017627,0.017027,70489350.000000,1908122.000000,0.027070
743,586,60,0.017510,0.016962,70363709.000000,1893517.000000,0.026910
744,587,60,0.017674,0.017147,71034368.000000,1907170.000000,0.026849
745,588,60,0.017346,0.016821,70610676.000000,1897710.000000,0.026876
746,588,60,0.017015,0.016499,70550594.000000,1895196.000000,0.026863
747,589,60,0.017288,0.016647,70685959.000000,1899611.000000,0.026874
748,590,59,0.017299,0.016658,71185373.000000,1914443.000000,0.026894
