frame,nb of entities,FPS,frame length,physics length,cache-references,cache-misses,cache-miss-ratio
0,3,0.002985,0.000025,0,90843.000000,40222.000000,0.442764
1,4,0.004154,0.000028,0,94903.000000,40841.000000,0.430345
2,5,0.004160,0.000029,0,91277.000000,39714.000000,0.435093
3,6,0.004155,0.000031,0,94594.000000,40881.000000,0.432173
4,7,0.004156,0.000029,0,87960.000000,39074.000000,0.444225
5,8,0.004161,0.000028,0,101147.000000,45763.000000,0.452441
6,9,0.004145,0.000034,0,96232.000000,40339.000000,0.419185
7,10,0.004158,0.000032,0,92988.000000,39242.000000,0.422011
8,11,0.004161,0.000032,0,83954.000000,36392.000000,0.433475
9,12,0.004156,0.000033,0,93898.000000,39942.000000,0.425376
10,13,0.004160,0.000035,0,90101.000000,37949.000000,0.421183
11,14,0.004159,0.000035,0,100557.000000,44248.000000,0.440029
12,15,0.004148,0.000042,0,87716.000000,39054.000000,0.445232
13,16,0.004158,0.000037,0,96710.000000,41482.000000,0.428932
14,17,0.004154,0.000045,0,92843.000000,39715.000000,0.427765
15,18,0.004157,0.000040,0,94634.000000,39958.000000,0.422237
16,19,0.004162,0.000041,0,86267.000000,37993.000000,0.440412
17,20,0.004155,0.000042,0,97660.000000,42037.000000,0.430442
18,21,0.004161,0.000043,0,92686.000000,39801.000000,0.429418
19,22,0.004144,0.000053,0,96248.000000,40275.000000,0.418450
20,23,0.004158,0.000064,0,91751.000000,36832.000000,0.401434
21,23,0.004159,0.000041,0,102361.000000,42591.000000,0.416086
22,24,0.004156,0.000048,0,96591.000000,40537.000000,0.419677
23,24,0.004161,0.000041,0,94593.000000,41429.000000,0.437971
24,25,0.004151,0.000048,0,88805.000000,38499.000000,0.433523
25,26,0.004156,0.000046,0,94063.000000,39543.000000,0.420388
26,27,0.004158,0.000141,0,115875.000000,45673.000000,0.394157
27,28,0.004158,0.000093,0,117248.000000,46458.000000,0.396237
28,29,0.004158,0.000093,0,108473.000000,43560.000000,0.401575
29,30,0.004158,0.000117,0,120789.000000,49893.000000,0.413059
30,31,0.004146,0.000156,0,125605.000000,45722.000000,0.364014
31,32,0.004155,0.000116,0,113527.000000,44827.000000,0.394858
32,33,0.004156,0.000098,0,104556.000000,40932.000000,0.391484
33,34,0.004160,0.000096,0,109483.000000,42017.000000,0.383776
34,35,0.004157,0.000072,0,97384.000000,40640.000000,0.417317
35,36,0.004158,0.000063,0,99110.000000,40777.000000,0.411432
36,37,0.004152,0.000065,0,89365.000000,37922.000000,0.424350
37,38,0.004155,0.000066,0,103883.000000,43849.000000,0.422100
38,39,0.004159,0.000068,0,95248.000000,38537.000000,0.404596
39,40,0.004160,0.000067,0,97204.000000,40490.000000,0.416547
40,41,0.004158,0.000071,0,90991.000000,38232.000000,0.420173
41,42,0.004159,0.000071,0,102017.000000,42654.000000,0.418107
42,42,0.004151,0.000068,0,94411.000000,38481.000000,0.407590
43,42,0.004160,0.000067,0,92859.000000,38144.000000,0.410773
44,43,0.004157,0.000074,0,91038.000000,37937.000000,0.416716
45,44,0.004160,0.000074,0,101699.000000,42235.000000,0.415294
46,45,0.004159,0.000122,0,116339.000000,45431.000000,0.390505
47,45,0.004159,0.000123,0,115965.000000,45869.000000,0.395542
48,46,0.004156,0.000116,0,107056.000000,43536.000000,0.406666
49,47,0.004155,0.000079,0,101776.000000,41694.000000,0.409664
50,47,0.004160,0.000075,0,93033.000000,37398.000000,0.401986
51,48,0.004159,0.000081,0,99277.000000,40511.000000,0.408060
52,49,0.004158,0.000084,0,90917.000000,38109.000000,0.419163
53,50,0.004159,0.000092,0,105744.000000,44565.000000,0.421442
54,51,0.004152,0.000088,0,100303.000000,41428.000000,0.413029
55,51,0.004158,0.000081,0,99404.000000,41461.000000,0.417096
56,52,0.004159,0.000087,0,90612.000000,37880.000000,0.418046
57,53,0.004160,0.000092,0,101226.000000,41393.000000,0.408917
58,53,0.004159,0.000084,0,94409.000000,37722.000000,0.399559
59,54,0.004159,0.000143,0,118718.000000,46232.000000,0.389427
60,54,0.004152,0.000161,232,119007.000000,44767.000000,0.376171
61,54,0.004156,0.000162,231,126065.000000,47148.000000,0.373998
62,55,0.004158,0.000170,231,123630.000000,44371.000000,0.358902
63,56,0.004159,0.000133,231,114942.000000,43534.000000,0.378748
64,56,0.004159,0.000132,231,109473.000000,44003.000000,0.401953
65,57,0.004157,0.000145,231,118023.000000,44655.000000,0.378358
66,58,0.004151,0.000171,231,124777.000000,45132.000000,0.361701
67,59,0.004158,0.000168,231,124917.000000,44683.000000,0.357702
68,60,0.004159,0.000170,231,116750.000000,40868.000000,0.350047
69,61,0.004161,0.000176,231,129053.000000,47254.000000,0.366160
70,61,0.004157,0.000145,231,118259.000000,45570.000000,0.385341
71,62,0.004163,0.000155,231,123030.000000,48098.000000,0.390945
72,63,0.004152,0.000184,231,120957.000000,44132.000000,0.364857
73,64,0.004157,0.000184,231,129754.000000,46950.000000,0.361839
74,65,0.004160,0.000220,231,139964.000000,48411.000000,0.345882
75,66,0.004153,0.000193,231,131384.000000,47422.000000,0.360942
76,67,0.004158,0.000287,231,148713.000000,51031.000000,0.343151
77,68,0.004164,0.000208,231,139956.000000,52490.000000,0.375046
78,69,0.004150,0.000165,231,118936.000000,45182.000000,0.379885
79,70,0.004157,0.000165,231,123110.000000,47649.000000,0.387044
80,71,0.004157,0.000201,231,125116.000000,46223.000000,0.369441
81,72,0.004157,0.000199,231,130366.000000,47200.000000,0.362058
82,72,0.004157,0.000200,231,132665.000000,48205.000000,0.363359
83,73,0.004164,0.000183,231,126539.000000,47979.000000,0.379164
84,74,0.004150,0.000211,231,125673.000000,46553.000000,0.370430
85,75,0.004157,0.000180,231,126552.000000,48819.000000,0.385762
86,76,0.004157,0.000145,231,107833.000000,43269.000000,0.401259
87,77,0.004158,0.000183,231,123970.000000,48140.000000,0.388320
88,77,0.004157,0.000188,231,114428.000000,43021.000000,0.375966
89,77,0.004162,0.000193,231,127406.000000,48175.000000,0.378122
90,78,0.004151,0.000191,231,122684.000000,46562.000000,0.379528
91,79,0.004157,0.000190,231,122228.000000,45385.000000,0.371314
92,80,0.004157,0.000227,231,127017.000000,45757.000000,0.360243
93,81,0.004157,0.000230,231,137287.000000,47856.000000,0.348584
94,82,0.004157,0.000236,231,139237.000000,49372.000000,0.354590
95,83,0.004164,0.000244,231,141660.000000,51156.000000,0.361118
96,84,0.004150,0.000240,231,126178.000000,44059.000000,0.349181
97,84,0.004157,0.000236,231,133666.000000,47412.000000,0.354705
98,85,0.004160,0.000237,231,131619.000000,46754.000000,0.355222
99,86,0.004153,0.000239,231,127966.000000,47787.000000,0.373435
100,87,0.004155,0.000228,231,124990.000000,47086.000000,0.376718
101,88,0.004163,0.000229,231,133892.000000,49237.000000,0.367737
102,89,0.004151,0.000222,231,126371.000000,45555.000000,0.360486
103,89,0.004157,0.000222,231,126695.000000,46851.000000,0.369794
104,90,0.004157,0.000227,231,119008.000000,43406.000000,0.364732
105,91,0.004159,0.000226,231,129012.000000,47775.000000,0.370314
106,92,0.004157,0.000244,231,131732.000000,49060.000000,0.372423
107,93,0.004165,0.000244,231,134428.000000,49702.000000,0.369730
108,94,0.004150,0.000270,231,130968.000000,45576.000000,0.347993
109,95,0.004158,0.000265,231,138121.000000,49085.000000,0.355377
110,96,0.004157,0.000272,231,138208.000000,48740.000000,0.352657
111,97,0.004157,0.000272,231,136696.000000,46384.000000,0.339322
112,98,0.004158,0.000347,231,160653.000000,52333.000000,0.325752
113,99,0.004164,0.000347,231,165143.000000,52570.000000,0.318330
114,100,0.004150,0.000342,231,159309.000000,51261.000000,0.321771
115,101,0.004157,0.000354,231,160178.000000,51530.000000,0.321705
116,102,0.004157,0.000333,231,144102.000000,47306.000000,0.328281
117,102,0.004157,0.000329,231,148590.000000,49006.000000,0.329807
118,102,0.004157,0.000332,231,154142.000000,52466.000000,0.340374
119,103,0.004162,0.000343,231,156758.000000,51930.000000,0.331275
120,103,0.004152,0.000345,231,141078.000000,45557.000000,0.322921
121,104,0.004157,0.000348,231,151927.000000,50975.000000,0.335523
122,105,0.004158,0.000356,231,154163.000000,50017.000000,0.324442
123,106,0.004156,0.000394,231,167493.000000,52774.000000,0.315082
124,106,0.004157,0.000398,231,157232.000000,48619.000000,0.309218
125,107,0.004162,0.000411,231,169400.000000,52253.000000,0.308459
126,108,0.004151,0.000442,231,175898.000000,53084.000000,0.301789
127,109,0.004157,0.000438,231,167855.000000,49014.000000,0.292002
128,109,0.004153,0.000479,231,178001.000000,51253.000000,0.287937
129,110,0.004157,0.000460,231,175649.000000,55127.000000,0.313848
130,111,0.004157,0.000432,231,169963.000000,53615.000000,0.315451
131,112,0.004165,0.000418,231,173397.000000,55535.000000,0.320277
132,113,0.004149,0.000433,231,154549.000000,48522.000000,0.313959
133,113,0.004158,0.000429,231,161744.000000,50728.000000,0.313631
134,114,0.004157,0.000470,231,180897.000000,54434.000000,0.300912
135,114,0.004159,0.000601,231,193634.000000,62794.000000,0.324292
136,115,0.004155,0.000537,231,183492.000000,56762.000000,0.309343
137,115,0.004189,0.000471,231,185553.000000,57261.000000,0.308596
138,116,0.004119,0.000519,231,189065.000000,54237.000000,0.286870
139,117,0.004155,0.000513,231,184614.000000,51333.000000,0.278056
140,118,0.004157,0.000603,231,202280.000000,52806.000000,0.261054
141,119,0.004157,0.000589,231,206186.000000,54309.000000,0.263398
142,120,0.004157,0.000603,231,209862.000000,56776.000000,0.270540
143,121,0.004166,0.000542,231,201182.000000,54019.000000,0.268508
144,122,0.004147,0.000607,231,197386.000000,50456.000000,0.255621
145,123,0.004158,0.000600,231,205998.000000,54287.000000,0.263532
146,124,0.004159,0.000617,231,206656.000000,54510.000000,0.263772
147,125,0.004153,0.000696,231,209344.000000,54816.000000,0.261847
148,125,0.004157,0.000645,231,211471.000000,52293.000000,0.247282
149,126,0.004163,0.000636,231,219734.000000,56524.000000,0.257238
150,127,0.004150,0.000653,231,211774.000000,52489.000000,0.247854
151,127,0.004157,0.000649,231,214717.000000,53885.000000,0.250958
152,127,0.004157,0.000660,231,207398.000000,51563.000000,0.248619
153,128,0.004159,0.000676,231,213798.000000,53008.000000,0.247935
154,129,0.004157,0.000731,231,219474.000000,57028.000000,0.259839
155,129,0.004163,0.000652,231,215980.000000,52628.000000,0.243671
156,130,0.004150,0.000675,231,207953.000000,50882.000000,0.244680
157,131,0.004158,0.000672,231,215273.000000,53092.000000,0.246626
158,132,0.004158,0.000757,231,234760.000000,57259.000000,0.243904
159,133,0.004157,0.000748,231,235179.000000,57681.000000,0.245264
160,133,0.004158,0.000746,231,223861.000000,52041.000000,0.232470
161,134,0.004164,0.000743,231,236416.000000,55411.000000,0.234379
162,135,0.004151,0.000760,231,240612.000000,52396.000000,0.217761
163,136,0.004158,0.000822,231,239854.000000,52972.000000,0.220851
164,137,0.004158,0.000866,231,251238.000000,56824.000000,0.226176
165,138,0.004157,0.000825,231,243334.000000,55765.000000,0.229171
166,139,0.004160,0.000797,231,240905.000000,56138.000000,0.233030
167,140,0.004162,0.000782,231,236434.000000,54893.000000,0.232171
168,141,0.004151,0.000829,231,242142.000000,52951.000000,0.218677
169,142,0.004158,0.000882,231,253577.000000,56131.000000,0.221357
170,143,0.004159,0.000880,231,255031.000000,56342.000000,0.220922
171,143,0.004156,0.000861,231,267017.000000,58161.000000,0.217818
172,144,0.004158,0.000870,231,248086.000000,53656.000000,0.216280
173,145,0.004164,0.000852,231,258591.000000,57215.000000,0.221257
174,146,0.004157,0.000868,231,261858.000000,55155.000000,0.210629
175,147,0.004158,0.000921,231,265554.000000,55605.000000,0.209392
176,147,0.004158,0.000925,231,251289.000000,51791.000000,0.206101
177,148,0.004158,0.000895,231,257372.000000,56665.000000,0.220168
178,149,0.004157,0.000915,231,260073.000000,58198.000000,0.223776
179,150,0.004158,0.000892,231,260446.000000,56741.000000,0.217861
180,150,0.004157,0.000946,231,268636.000000,56490.000000,0.210285
181,151,0.004158,0.000993,231,278730.000000,61016.000000,0.218907
182,152,0.004158,0.000995,231,280320.000000,61666.000000,0.219984
183,152,0.004159,0.000999,231,276109.000000,58598.000000,0.212228
184,153,0.004157,0.001004,231,271386.000000,55818.000000,0.205678
185,154,0.004157,0.001030,231,298546.000000,63867.000000,0.213927
186,155,0.004156,0.001064,231,305949.000000,62782.000000,0.205204
187,156,0.004157,0.001006,231,290707.000000,60171.000000,0.206982
188,156,0.004157,0.001052,231,277428.000000,57491.000000,0.207229
189,157,0.004157,0.001034,231,278251.000000,60341.000000,0.216858
190,158,0.004158,0.001052,231,289040.000000,61852.000000,0.213991
191,159,0.004157,0.001083,231,303124.000000,62320.000000,0.205592
192,160,0.004157,0.001126,231,306206.000000,62249.000000,0.203291
193,161,0.004157,0.001064,231,299345.000000,63909.000000,0.213496
194,161,0.004160,0.001160,231,308381.000000,62634.000000,0.203106
195,161,0.004152,0.001272,231,312833.000000,64564.000000,0.206385
196,161,0.004155,0.001158,231,304927.000000,62306.000000,0.204331
197,161,0.004153,0.001150,231,311299.000000,64684.000000,0.207787
198,162,0.004157,0.001143,231,308910.000000,62219.000000,0.201415
199,162,0.004159,0.001115,231,304653.000000,62243.000000,0.204308
200,163,0.004157,0.001187,231,302898.000000,61486.000000,0.202992
201,163,0.004157,0.001180,231,308735.000000,62291.000000,0.201762
202,164,0.004155,0.001170,231,309501.000000,62217.000000,0.201024
203,165,0.004161,0.001217,231,323553.000000,70651.000000,0.218360
204,165,0.004156,0.001169,231,306122.000000,62669.000000,0.204719
205,166,0.004157,0.001195,231,325243.000000,67371.000000,0.207141
206,167,0.004158,0.001173,231,320540.000000,70552.000000,0.220104
207,168,0.004155,0.001400,231,327762.000000,65883.000000,0.201009
208,169,0.004154,0.001381,231,319473.000000,62711.000000,0.196295
209,169,0.004154,0.001337,231,324235.000000,64054.000000,0.197554
210,170,0.004157,0.001283,231,334131.000000,65214.000000,0.195175
211,171,0.004156,0.001243,231,325169.000000,63734.000000,0.196003
212,172,0.004157,0.001281,231,328485.000000,60905.000000,0.185412
213,172,0.004157,0.001307,231,331312.000000,65734.000000,0.198405
214,172,0.004157,0.001331,231,337450.000000,66376.000000,0.196699
215,172,0.004157,0.001381,231,355891.000000,69403.000000,0.195012
216,173,0.004156,0.001333,231,329984.000000,63859.000000,0.193522
217,174,0.004157,0.001370,231,356303.000000,67039.000000,0.188152
218,175,0.004159,0.001344,231,352647.000000,68561.000000,0.194418
219,176,0.004151,0.001624,231,370017.000000,74863.000000,0.202323
220,177,0.004160,0.001530,231,378149.000000,72079.000000,0.190610
221,178,0.004154,0.001482,231,374569.000000,72875.000000,0.194557
222,179,0.004157,0.001577,231,398024.000000,71761.000000,0.180293
223,180,0.004160,0.001540,231,389182.000000,73046.000000,0.187691
224,181,0.004155,0.001602,231,403743.000000,74961.000000,0.185665
225,181,0.004160,0.001705,231,415150.000000,78678.000000,0.189517
226,182,0.004155,0.001630,231,402497.000000,74686.000000,0.185557
227,183,0.004158,0.001612,231,404795.000000,78816.000000,0.194706
228,184,0.004160,0.001656,231,400336.000000,73353.000000,0.183229
229,185,0.004155,0.001652,231,413930.000000,76050.000000,0.183727
230,186,0.004158,0.001648,231,411884.000000,74809.000000,0.181626
231,186,0.004161,0.001641,231,410792.000000,75818.000000,0.184565
232,187,0.004153,0.001703,231,468784.000000,90932.000000,0.193974
233,188,0.004159,0.001737,231,427176.000000,80078.000000,0.187459
234,189,0.004158,0.001769,231,436407.000000,77092.000000,0.176652
235,190,0.004158,0.001743,231,432663.000000,77631.000000,0.179426
236,191,0.004158,0.001722,231,422585.000000,80709.000000,0.190989
237,191,0.004158,0.001711,231,421754.000000,75235.000000,0.178386
238,192,0.004158,0.001769,231,425609.000000,78983.000000,0.185576
239,193,0.004159,0.001764,231,435271.000000,79740.000000,0.183196
240,193,0.004307,0.001777,231,423896.000000,77311.000000,0.182382
241,194,0.004010,0.001748,231,427386.000000,78866.000000,0.184531
242,195,0.004162,0.001796,231,439312.000000,80114.000000,0.182362
243,195,0.004150,0.001827,231,452203.000000,85247.000000,0.188515
244,196,0.004158,0.001882,231,444342.000000,77504.000000,0.174424
245,197,0.004160,0.001837,231,445259.000000,78529.000000,0.176367
246,198,0.004158,0.001823,231,435286.000000,75778.000000,0.174088
247,199,0.004158,0.001841,231,444556.000000,81950.000000,0.184341
248,200,0.004158,0.001832,231,436090.000000,76118.000000,0.174547
249,201,0.004159,0.001911,231,463873.000000,86869.000000,0.187269
250,202,0.004156,0.001966,231,462627.000000,83248.000000,0.179946
251,202,0.004161,0.001934,231,465708.000000,84474.000000,0.181388
252,203,0.004156,0.001925,231,450055.000000,77529.000000,0.172266
253,204,0.004160,0.001917,231,461300.000000,79883.000000,0.173169
254,205,0.004156,0.002108,231,496067.000000,85803.000000,0.172967
255,205,0.004158,0.001968,231,472519.000000,88512.000000,0.187319
256,206,0.004158,0.001958,231,463080.000000,81026.000000,0.174972
257,206,0.004156,0.001977,231,463653.000000,80352.000000,0.173302
258,207,0.004160,0.001968,231,462358.000000,80432.000000,0.173960
259,207,0.004158,0.001960,231,460950.000000,80313.000000,0.174234
260,208,0.004158,0.001980,231,469230.000000,82307.000000,0.175409
261,209,0.004160,0.002066,231,495541.000000,86458.000000,0.174472
262,210,0.004154,0.002027,231,486943.000000,84828.000000,0.174205
263,211,0.004159,0.002071,231,489026.000000,85179.000000,0.174181
264,212,0.004160,0.002100,231,491378.000000,85928.000000,0.174871
265,213,0.004158,0.002134,231,508056.000000,86632.000000,0.170517
266,214,0.004160,0.002205,231,530980.000000,93697.000000,0.176461
267,215,0.004156,0.002164,231,544871.000000,94182.000000,0.172852
268,216,0.004157,0.002293,231,557421.000000,95849.000000,0.171951
269,216,0.004157,0.002329,231,562757.000000,95573.000000,0.169830
270,216,0.004160,0.002285,231,546378.000000,93858.000000,0.171782
271,217,0.004158,0.002228,231,532092.000000,92557.000000,0.173949
272,218,0.004158,0.002264,231,537954.000000,92472.000000,0.171896
273,219,0.004157,0.002302,231,556919.000000,98293.000000,0.176494
274,220,0.004159,0.002263,231,563605.000000,93999.000000,0.166782
275,221,0.004159,0.002359,231,564717.000000,96807.000000,0.171426
276,222,0.004159,0.002301,231,529672.000000,87876.000000,0.165906
277,222,0.004160,0.002298,231,537646.000000,90991.000000,0.169240
278,222,0.004158,0.002289,231,537371.000000,91306.000000,0.169912
279,222,0.004159,0.002286,231,545111.000000,95883.000000,0.175896
280,223,0.004156,0.002317,231,542779.000000,92372.000000,0.170183
281,224,0.004159,0.002261,231,561102.000000,97543.000000,0.173842
282,225,0.004159,0.002324,231,544676.000000,94413.000000,0.173338
283,226,0.004160,0.002326,231,543773.000000,93650.000000,0.172223
284,226,0.004158,0.002318,231,535975.000000,90287.000000,0.168454
285,227,0.004157,0.002409,231,571757.000000,99570.000000,0.174147
286,228,0.004159,0.002339,231,569896.000000,96565.000000,0.169443
287,229,0.004159,0.002326,231,564952.000000,96722.000000,0.171204
288,230,0.004159,0.002476,231,563098.000000,92832.000000,0.164859
289,231,0.004160,0.002482,231,573424.000000,99195.000000,0.172987
290,232,0.004159,0.002550,231,597236.000000,101243.000000,0.169519
291,233,0.004155,0.002425,231,591171.000000,101943.000000,0.172442
292,234,0.004160,0.002487,231,589856.000000,99426.000000,0.168560
293,234,0.004157,0.002428,231,584386.000000,99845.000000,0.170855
294,235,0.004159,0.002545,231,586322.000000,101924.000000,0.173836
295,236,0.004159,0.002542,231,583063.000000,100307.000000,0.172035
296,237,0.004160,0.002575,231,587658.000000,98413.000000,0.167466
297,238,0.004157,0.002616,231,605555.000000,99657.000000,0.164571
298,239,0.004159,0.002541,231,607320.000000,99776.000000,0.164289
299,240,0.004159,0.002558,231,606020.000000,98887.000000,0.163174
300,241,0.004159,0.002657,231,588920.000000,94693.000000,0.160791
301,242,0.004159,0.002651,231,599327.000000,99887.000000,0.166665
302,242,0.004162,0.002687,231,606263.000000,101394.000000,0.167244
303,242,0.004159,0.002571,231,596521.000000,98644.000000,0.165366
304,243,0.004159,0.002609,231,601117.000000,100917.000000,0.167882
305,244,0.004158,0.002544,231,589348.000000,97670.000000,0.165726
306,245,0.004159,0.002590,231,600350.000000,99578.000000,0.165867
307,246,0.004164,0.002760,231,621812.000000,104687.000000,0.168358
308,247,0.004171,0.002906,231,616038.000000,100652.000000,0.163386
309,247,0.004160,0.002655,231,621163.000000,102138.000000,0.164430
310,248,0.004161,0.002667,231,625565.000000,106196.000000,0.169760
311,249,0.004159,0.002719,231,634763.000000,104286.000000,0.164291
312,249,0.004164,0.002740,231,630104.000000,103335.000000,0.163997
313,250,0.004167,0.002796,231,620376.000000,104482.000000,0.168417
314,250,0.004172,0.002838,231,629817.000000,101628.000000,0.161361
315,250,0.004162,0.002765,231,640915.000000,107239.000000,0.167322
316,251,0.004165,0.002760,231,632858.000000,103253.000000,0.163154
317,251,0.004165,0.002771,231,635971.000000,102867.000000,0.161748
318,252,0.004166,0.002775,231,639151.000000,104671.000000,0.163766
319,253,0.004175,0.002968,231,651045.000000,106154.000000,0.163052
320,253,0.004167,0.002830,231,642305.000000,106834.000000,0.166329
321,253,0.004169,0.002840,230,642864.000000,104970.000000,0.163285
322,254,0.004170,0.002877,230,663788.000000,106548.000000,0.160515
323,254,0.004174,0.002947,230,675440.000000,110055.000000,0.162938
324,255,0.004171,0.002910,230,662354.000000,106718.000000,0.161119
325,255,0.004177,0.003011,230,660725.000000,106658.000000,0.161426
326,256,0.004177,0.003008,230,694810.000000,114486.000000,0.164773
327,256,0.004173,0.002909,230,660333.000000,108216.000000,0.163881
328,257,0.004172,0.002927,230,656989.000000,108677.000000,0.165417
329,258,0.004172,0.002913,230,659975.000000,109482.000000,0.165888
330,259,0.004173,0.002940,230,665691.000000,107438.000000,0.161393
331,259,0.004199,0.003132,230,686304.000000,111008.000000,0.161748
332,260,0.004177,0.002964,230,665441.000000,107244.000000,0.161162
333,261,0.004183,0.002990,230,688757.000000,123678.000000,0.179567
334,262,0.004195,0.003083,230,704992.000000,115720.000000,0.164144
335,263,0.004182,0.003054,230,710099.000000,120348.000000,0.169481
336,264,0.004195,0.003130,230,725709.000000,115608.000000,0.159304
337,264,0.004196,0.003137,230,725005.000000,113750.000000,0.156895
338,265,0.004223,0.003157,230,718299.000000,113167.000000,0.157549
339,266,0.004179,0.003578,230,719175.000000,118776.000000,0.165156
340,267,0.004200,0.003113,230,701796.000000,114816.000000,0.163603
341,268,0.004185,0.003152,230,709608.000000,114991.000000,0.162049
342,269,0.004188,0.003197,230,716601.000000,114675.000000,0.160026
343,270,0.004168,0.003206,230,720366.000000,117111.000000,0.162572
344,271,0.004192,0.003293,230,733500.000000,118133.000000,0.161054
345,272,0.004193,0.003288,230,744070.000000,118874.000000,0.159762
346,272,0.004194,0.003295,230,745440.000000,119616.000000,0.160464
347,273,0.004193,0.003269,230,742025.000000,121147.000000,0.163265
348,274,0.004186,0.003376,230,753695.000000,120009.000000,0.159228
349,275,0.004194,0.003318,230,743639.000000,119200.000000,0.160293
350,275,0.004199,0.003380,230,764798.000000,123367.000000,0.161307
351,275,0.004200,0.003422,230,775515.000000,123394.000000,0.159112
352,276,0.004200,0.003453,230,774939.000000,125234.000000,0.161605
353,277,0.004166,0.003422,230,771317.000000,123598.000000,0.160243
354,278,0.004201,0.003450,230,763523.000000,118778.000000,0.155566
355,279,0.004203,0.003480,230,781374.000000,125226.000000,0.160264
356,280,0.004203,0.003519,230,779538.000000,124479.000000,0.159683
357,281,0.004205,0.003520,230,784078.000000,127654.000000,0.162808
358,282,0.004213,0.003681,230,826036.000000,128212.000000,0.155214
359,283,0.004211,0.003632,230,808330.000000,124079.000000,0.153500
360,284,0.004215,0.003746,229,823911.000000,131774.000000,0.159937
361,284,0.004213,0.003671,229,810671.000000,128466.000000,0.158469
362,285,0.004214,0.003704,229,807184.000000,131083.000000,0.162395
363,286,0.004214,0.003645,229,796902.000000,126784.000000,0.159096
364,286,0.004212,0.003690,229,794797.000000,124666.000000,0.156853
365,287,0.004213,0.003692,229,807516.000000,132957.000000,0.164649
366,287,0.004214,0.003704,229,803499.000000,127239.000000,0.158356
367,288,0.004163,0.003793,229,819880.000000,128070.000000,0.156206
368,289,0.004178,0.003806,229,812659.000000,125041.000000,0.153867
369,290,0.004216,0.003853,229,830382.000000,127049.000000,0.153001
370,291,0.004252,0.003875,229,837178.000000,131321.000000,0.156862
371,292,0.004253,0.003875,229,833072.000000,128654.000000,0.154433
372,293,0.004208,0.003830,229,819096.000000,128734.000000,0.157166
373,293,0.004281,0.003899,229,847114.000000,139860.000000,0.165102
374,294,0.004337,0.003952,229,850074.000000,134398.000000,0.158102
375,295,0.004347,0.003965,229,849513.000000,132170.000000,0.155583
376,296,0.004284,0.003929,228,832911.000000,129746.000000,0.155774
377,296,0.004327,0.003935,228,841904.000000,132112.000000,0.156921
378,297,0.004339,0.003973,228,844175.000000,129616.000000,0.153542
379,297,0.004341,0.003962,228,842233.000000,135612.000000,0.161015
380,297,0.004355,0.004002,228,840622.000000,133081.000000,0.158313
381,298,0.004400,0.004014,228,847027.000000,132898.000000,0.156899
382,298,0.004402,0.004033,228,840166.000000,128814.000000,0.153320
383,299,0.004409,0.004026,227,841726.000000,130459.000000,0.154990
384,300,0.004492,0.004108,227,871041.000000,133121.000000,0.152830
385,301,0.004582,0.004176,227,874689.000000,135130.000000,0.154489
386,302,0.004552,0.004179,227,874781.000000,133779.000000,0.152929
387,302,0.004582,0.004222,226,882056.000000,133293.000000,0.151116
388,303,0.004553,0.004187,226,876058.000000,130911.000000,0.149432
389,303,0.004530,0.004153,226,868255.000000,130631.000000,0.150452
390,304,0.004543,0.004164,225,869827.000000,130870.000000,0.150455
391,305,0.004720,0.004330,225,905290.000000,137098.000000,0.151441
392,305,0.004692,0.004289,224,901767.000000,138198.000000,0.153252
393,305,0.004669,0.004281,224,903795.000000,140497.000000,0.155452
394,306,0.004667,0.004299,224,896968.000000,136084.000000,0.151716
395,307,0.004727,0.004353,223,919924.000000,139656.000000,0.151813
396,308,0.004734,0.004357,223,919393.000000,142428.000000,0.154915
397,309,0.004732,0.004359,222,916373.000000,139530.000000,0.152263
398,310,0.004815,0.004423,222,936233.000000,146902.000000,0.156908
399,311,0.004950,0.004566,221,956989.000000,154113.000000,0.161039
400,312,0.004885,0.004506,221,952797.000000,149029.000000,0.156412
401,313,0.004882,0.004520,220,944802.000000,144728.000000,0.153183
402,314,0.004934,0.004554,220,952566.000000,144989.000000,0.152209
403,315,0.004916,0.004541,219,952912.000000,147919.000000,0.155228
404,316,0.004943,0.004567,218,962372.000000,143845.000000,0.149469
405,317,0.004969,0.004606,218,971039.000000,144952.000000,0.149275
406,318,0.005107,0.004725,217,981521.000000,150494.000000,0.153327
407,318,0.005010,0.004635,217,973016.000000,147510.000000,0.151601
408,319,0.005053,0.004688,216,975969.000000,150292.000000,0.153993
409,320,0.005019,0.004640,215,973621.000000,146060.000000,0.150017
410,321,0.005107,0.004728,215,993769.000000,148612.000000,0.149544
411,321,0.005125,0.004759,214,1000883.000000,152748.000000,0.152613
412,322,0.005147,0.004764,213,1001860.000000,148716.000000,0.148440
413,323,0.005151,0.004750,212,1006526.000000,153511.000000,0.152516
414,324,0.005164,0.004770,212,1010063.000000,159300.000000,0.157713
415,325,0.005159,0.004788,211,998404.000000,147188.000000,0.147423
416,326,0.005279,0.004893,210,1036419.000000,155504.000000,0.150040
417,327,0.005301,0.004908,209,1042117.000000,157274.000000,0.150918
418,328,0.005218,0.004830,209,1005650.000000,154421.000000,0.153553
419,329,0.005211,0.004821,208,1001884.000000,148402.000000,0.148123
420,330,0.005283,0.004890,207,1024552.000000,157307.000000,0.153537
421,331,0.005267,0.004884,206,1021801.000000,159668.000000,0.156261
422,331,0.005269,0.004883,206,1012100.000000,153059.000000,0.151229
423,332,0.005302,0.004904,205,1020198.000000,155757.000000,0.152673
424,333,0.005325,0.004954,204,1030031.000000,157247.000000,0.152662
425,334,0.005353,0.004953,203,1029410.000000,156378.000000,0.151910
426,335,0.005472,0.005092,203,1051967.000000,163715.000000,0.155628
427,335,0.005439,0.005069,202,1040677.000000,161045.000000,0.154750
428,335,0.005452,0.005095,201,1052114.000000,162048.000000,0.154021
429,336,0.005495,0.005118,200,1057922.000000,164930.000000,0.155900
430,337,0.005594,0.005215,199,1067393.000000,162705.000000,0.152432
431,338,0.005610,0.005222,198,1074481.000000,165745.000000,0.154256
432,339,0.005585,0.005180,197,1059897.000000,163205.000000,0.153982
433,340,0.005615,0.005241,197,1060738.000000,157372.000000,0.148361
434,341,0.005704,0.005303,196,1090560.000000,170059.000000,0.155937
435,342,0.005732,0.005339,195,1095767.000000,166561.000000,0.152004
436,343,0.005819,0.005449,194,1113880.000000,166593.000000,0.149561
437,343,0.005791,0.005405,193,1111321.000000,163925.000000,0.147505
438,344,0.005816,0.005445,192,1118217.000000,170651.000000,0.152610
439,344,0.005974,0.005587,191,1114678.000000,170432.000000,0.152898
440,345,0.005849,0.005454,190,1114792.000000,166483.000000,0.149340
441,346,0.005848,0.005432,189,1113569.000000,170432.000000,0.153050
442,346,0.006027,0.005452,188,1111910.000000,170991.000000,0.153781
443,347,0.005941,0.005534,187,1132411.000000,173128.000000,0.152884
444,348,0.005993,0.005593,187,1146944.000000,173784.000000,0.151519
445,348,0.005993,0.005606,186,1140513.000000,172016.000000,0.150823
446,348,0.005932,0.005541,185,1122657.000000,164648.000000,0.146659
447,348,0.005950,0.005577,184,1135683.000000,173625.000000,0.152882
448,349,0.005957,0.005572,183,1124187.000000,169570.000000,0.150838
449,350,0.005956,0.005571,182,1129718.000000,172401.000000,0.152605
450,350,0.005965,0.005605,182,1122355.000000,169566.000000,0.151081
451,351,0.005984,0.005612,181,1124170.000000,168151.000000,0.149578
452,352,0.006032,0.005652,180,1130748.000000,171534.000000,0.151700
453,352,0.006070,0.005640,180,1151844.000000,178106.000000,0.154627
454,353,0.006053,0.005675,179,1147271.000000,173526.000000,0.151251
455,353,0.006088,0.005712,178,1149044.000000,171994.000000,0.149684
456,353,0.006041,0.005687,177,1133235.000000,170619.000000,0.150559
457,354,0.006137,0.005767,177,1153486.000000,173594.000000,0.150495
458,355,0.006137,0.005783,176,1155071.000000,173324.000000,0.150055
459,356,0.006139,0.005769,175,1152187.000000,171301.000000,0.148675
460,357,0.007224,0.006663,175,1208612.000000,198035.000000,0.163853
461,358,0.006263,0.005881,173,1170344.000000,170691.000000,0.145847
462,359,0.006230,0.005859,173,1177195.000000,174939.000000,0.148607
463,360,0.006261,0.005885,172,1171295.000000,169413.000000,0.144637
464,361,0.006293,0.005942,171,1182074.000000,170352.000000,0.144113
465,362,0.006322,0.005943,171,1180437.000000,170606.000000,0.144528
466,362,0.006327,0.005970,170,1180736.000000,170873.000000,0.144717
467,363,0.006437,0.006046,169,1209194.000000,176016.000000,0.145565
468,364,0.006407,0.006034,169,1200963.000000,180678.000000,0.150444
469,365,0.006375,0.006001,168,1204472.000000,182075.000000,0.151166
470,366,0.006424,0.006053,168,1194297.000000,171416.000000,0.143529
471,367,0.006410,0.006044,167,1198527.000000,171445.000000,0.143046
472,368,0.006488,0.006126,166,1224748.000000,188814.000000,0.154166
473,369,0.006449,0.006080,166,1204673.000000,173376.000000,0.143920
474,370,0.006478,0.006124,165,1209032.000000,174444.000000,0.144284
475,370,0.006604,0.006217,164,1227060.000000,181110.000000,0.147597
476,371,0.006568,0.006189,164,1228576.000000,183947.000000,0.149724
477,372,0.006613,0.006239,163,1222286.000000,176392.000000,0.144313
478,373,0.006589,0.006215,163,1218388.000000,176403.000000,0.144784
479,374,0.006601,0.006238,162,1217142.000000,175776.000000,0.144417
480,375,0.006651,0.006275,161,1233016.000000,176993.000000,0.143545
481,376,0.006711,0.006326,161,1247958.000000,182747.000000,0.146437
482,377,0.006790,0.006431,160,1268025.000000,180883.000000,0.142649
483,377,0.006862,0.006472,160,1282891.000000,191338.000000,0.149146
484,378,0.006776,0.006401,159,1255244.000000,180256.000000,0.143602
485,379,0.006797,0.006421,158,1260932.000000,182344.000000,0.144610
486,380,0.006853,0.006472,158,1282273.000000,190917.000000,0.148890
487,381,0.006841,0.006475,157,1270709.000000,183016.000000,0.144027
488,382,0.006881,0.006500,157,1282254.000000,182983.000000,0.142704
489,383,0.006892,0.006525,156,1281729.000000,193269.000000,0.150788
490,384,0.006980,0.006585,155,1290317.000000,187216.000000,0.145093
491,385,0.006912,0.006538,155,1278513.000000,192704.000000,0.150725
492,386,0.007039,0.006653,154,1299919.000000,189165.000000,0.145521
493,386,0.006951,0.006572,154,1288756.000000,192435.000000,0.149318
494,387,0.007024,0.006660,153,1301535.000000,188247.000000,0.144635
495,388,0.007050,0.006664,153,1302904.000000,186967.000000,0.143500
496,389,0.007082,0.006716,152,1308013.000000,186963.000000,0.142937
497,390,0.007136,0.006740,152,1333459.000000,200787.000000,0.150576
498,391,0.007187,0.006800,151,1333118.000000,197072.000000,0.147828
499,391,0.007160,0.006781,151,1312390.000000,186752.000000,0.142299
500,391,0.007228,0.006839,150,1326845.000000,190014.000000,0.143207
501,391,0.007224,0.006857,150,1324902.000000,192993.000000,0.145666
502,392,0.007255,0.006867,149,1341440.000000,194917.000000,0.145304
503,392,0.007243,0.006869,149,1329102.000000,192317.000000,0.144697
504,392,0.007368,0.006973,148,1358010.000000,201627.000000,0.148472
505,393,0.007278,0.006880,148,1336661.000000,194826.000000,0.145756
506,393,0.007442,0.007043,147,1370051.000000,200701.000000,0.146492
507,394,0.007379,0.006971,147,1367387.000000,201850.000000,0.147617
508,395,0.007426,0.007045,146,1367935.000000,203054.000000,0.148438
509,396,0.007383,0.006982,146,1363655.000000,197995.000000,0.145194
510,397,0.007436,0.007067,145,1384304.000000,200753.000000,0.145021
511,398,0.007519,0.007106,145,1397845.000000,210190.000000,0.150367
512,399,0.007448,0.007077,144,1376473.000000,197837.000000,0.143727
513,400,0.007456,0.007057,144,1372565.000000,197363.000000,0.143791
514,400,0.007421,0.007051,143,1358779.000000,197145.000000,0.145090
515,401,0.007459,0.007061,143,1371556.000000,198318.000000,0.144593
516,402,0.007489,0.007093,142,1365297.000000,198398.000000,0.145315
517,403,0.007568,0.007185,142,1383088.000000,204052.000000,0.147534
518,404,0.007707,0.007309,141,1406444.000000,211405.000000,0.150312
519,405,0.007615,0.007224,141,1391502.000000,208781.000000,0.150040
520,406,0.007658,0.007263,140,1404657.000000,201720.000000,0.143608
521,407,0.007621,0.007244,140,1380032.000000,196335.000000,0.142268
522,408,0.007673,0.007280,140,1401017.000000,208298.000000,0.148676
523,409,0.007623,0.007238,139,1380397.000000,199370.000000,0.144429
524,410,0.007842,0.007427,139,1429615.000000,213624.000000,0.149428
525,410,0.007852,0.007470,138,1418717.000000,208919.000000,0.147259
526,411,0.007790,0.007396,138,1413581.000000,211049.000000,0.149301
527,411,0.007757,0.007379,137,1398663.000000,203967.000000,0.145830
528,411,0.007786,0.007384,137,1402774.000000,205289.000000,0.146345
529,412,0.007858,0.007448,136,1420800.000000,210510.000000,0.148163
530,413,0.007978,0.007477,136,1410041.000000,205363.000000,0.145643
531,413,0.008436,0.008007,135,1441047.000000,208718.000000,0.144838
532,414,0.008376,0.007961,135,1419185.000000,206664.000000,0.145622
533,414,0.008024,0.007599,134,1433236.000000,204303.000000,0.142547
534,415,0.008018,0.007614,134,1437192.000000,204612.000000,0.142369
535,416,0.008082,0.007656,133,1445155.000000,207894.000000,0.143856
536,417,0.008157,0.007752,133,1458283.000000,206671.000000,0.141722
537,418,0.008112,0.007698,132,1455077.000000,210834.000000,0.144895
538,419,0.008163,0.007759,132,1453929.000000,206478.000000,0.142014
539,420,0.008240,0.007825,132,1463045.000000,204563.000000,0.139820
540,421,0.008181,0.007782,131,1451150.000000,203835.000000,0.140464
541,422,0.008354,0.007913,131,1494651.000000,214432.000000,0.143466
542,422,0.008297,0.007904,130,1464649.000000,204900.000000,0.139897
543,423,0.008891,0.008457,130,1517957.000000,234797.000000,0.154680
544,424,0.008439,0.008036,129,1522868.000000,227170.000000,0.149172
545,425,0.008408,0.007990,129,1512311.000000,217468.000000,0.143798
546,426,0.008424,0.008027,128,1519986.000000,223715.000000,0.147182
547,427,0.008482,0.008071,128,1532800.000000,220862.000000,0.144091
548,428,0.008404,0.008021,127,1499737.000000,212562.000000,0.141733
549,429,0.008781,0.008376,127,1543359.000000,227561.000000,0.147445
550,430,0.008520,0.008122,126,1522801.000000,217485.000000,0.142819
551,431,0.008525,0.008121,126,1537222.000000,227543.000000,0.148022
552,432,0.008598,0.008190,126,1543290.000000,224493.000000,0.145464
553,433,0.008658,0.008252,125,1553068.000000,222184.000000,0.143061
554,434,0.008713,0.008314,125,1551540.000000,224665.000000,0.144801
555,435,0.008606,0.008198,124,1543754.000000,222416.000000,0.144075
556,436,0.008798,0.008395,124,1567839.000000,232210.000000,0.148108
557,436,0.008824,0.008404,123,1586959.000000,233241.000000,0.146974
558,437,0.008832,0.008410,123,1577391.000000,231329.000000,0.146653
559,438,0.008924,0.008522,123,1596187.000000,236587.000000,0.148220
560,438,0.009022,0.008588,122,1608937.000000,235526.000000,0.146386
561,439,0.008850,0.008456,122,1563773.000000,228755.000000,0.146284
562,439,0.008924,0.008515,121,1578456.000000,229150.000000,0.145174
563,440,0.009004,0.008602,121,1595579.000000,229843.000000,0.144050
564,441,0.009060,0.008643,120,1616694.000000,238329.000000,0.147418
565,442,0.009026,0.008625,120,1611778.000000,234821.000000,0.145691
566,442,0.009054,0.008632,120,1610533.000000,236292.000000,0.146717
567,443,0.009119,0.008711,119,1619545.000000,235465.000000,0.145390
568,444,0.009226,0.008807,119,1655082.000000,245106.000000,0.148093
569,445,0.009272,0.008834,118,1646946.000000,236783.000000,0.143771
570,446,0.009184,0.008779,118,1625638.000000,240711.000000,0.148072
571,447,0.010255,0.009818,118,1768729.000000,265335.000000,0.150015
572,448,0.009352,0.008931,117,1669700.000000,238425.000000,0.142795
573,448,0.009297,0.008872,116,1655391.000000,236235.000000,0.142706
574,449,0.009269,0.008862,116,1641217.000000,235595.000000,0.143549
575,449,0.009328,0.008914,116,1653387.000000,237047.000000,0.143371
576,450,0.009356,0.008934,115,1642687.000000,234750.000000,0.142906
577,451,0.009393,0.008979,115,1653296.000000,231426.000000,0.139979
578,452,0.009483,0.009053,114,1680270.000000,237600.000000,0.141406
579,452,0.009411,0.009006,114,1661456.000000,240019.000000,0.144463
580,453,0.009475,0.009040,114,1681176.000000,237950.000000,0.141538
581,454,0.009435,0.009024,113,1670045.000000,237713.000000,0.142339
582,455,0.009558,0.009134,113,1696590.000000,245809.000000,0.144884
583,456,0.009533,0.009046,112,1699618.000000,250554.000000,0.147418
584,457,0.009539,0.009125,112,1696083.000000,243219.000000,0.143400
585,458,0.009571,0.009145,112,1696450.000000,241749.000000,0.142503
586,459,0.009643,0.009237,111,1712261.000000,244733.000000,0.142930
587,460,0.009685,0.009239,111,1720080.000000,248215.000000,0.144304
588,461,0.009807,0.009299,111,1718735.000000,244302.000000,0.142141
589,462,0.009733,0.009291,110,1720909.000000,246211.000000,0.143070
590,462,0.009824,0.009389,110,1726006.000000,246539.000000,0.142838
591,462,0.009854,0.009422,109,1717911.000000,245348.000000,0.142818
592,462,0.009849,0.009418,109,1721847.000000,245068.000000,0.142329
593,463,0.009805,0.009383,109,1706425.000000,243293.000000,0.142575
594,463,0.009783,0.009356,108,1702514.000000,242574.000000,0.142480
595,464,0.009842,0.009430,108,1711615.000000,243664.000000,0.142359
596,464,0.009878,0.009468,108,1721079.000000,249370.000000,0.144892
597,465,0.009994,0.009561,107,1752548.000000,254542.000000,0.145241
598,465,0.009945,0.009526,107,1728014.000000,246875.000000,0.142866
599,465,0.010049,0.009617,107,1752021.000000,247869.000000,0.141476
600,466,0.010030,0.009610,106,1739455.000000,245159.000000,0.140940
601,467,0.010000,0.009592,106,1740093.000000,250854.000000,0.144161
602,468,0.010240,0.009805,106,1777191.000000,252619.000000,0.142145
603,469,0.010218,0.009763,105,1781822.000000,258681.000000,0.145178
604,469,0.010224,0.009774,105,1784662.000000,259957.000000,0.145662
605,470,0.010250,0.009797,105,1789937.000000,267358.000000,0.149367
606,471,0.010302,0.009854,104,1794914.000000,267323.000000,0.148934
607,472,0.010319,0.009843,104,1793614.000000,265143.000000,0.147826
608,473,0.010280,0.009831,104,1784370.000000,256513.000000,0.143755
609,473,0.010277,0.009801,103,1784780.000000,254801.000000,0.142763
610,474,0.010276,0.009794,103,1782069.000000,253849.000000,0.142446
611,475,0.010451,0.009676,103,1785497.000000,254161.000000,0.142347
612,476,0.010600,0.009859,102,1817449.000000,274219.000000,0.150881
613,477,0.010576,0.009892,102,1813530.000000,258156.000000,0.142350
614,477,0.010414,0.009940,102,1833173.000000,257086.000000,0.140241
615,478,0.010632,0.009932,101,1831431.000000,264383.000000,0.144359
616,478,0.010450,0.009961,101,1837943.000000,261356.000000,0.142200
617,479,0.010668,0.010170,101,1846983.000000,265486.000000,0.143740
618,479,0.010874,0.010192,101,1839644.000000,260746.000000,0.141737
619,480,0.010849,0.010154,100,1854170.000000,263043.000000,0.141866
620,481,0.011016,0.010299,100,1913815.000000,279807.000000,0.146204
621,482,0.011196,0.010513,100,1926020.000000,275321.000000,0.142948
622,483,0.011010,0.010528,99,1901658.000000,275547.000000,0.144898
623,483,0.010954,0.010460,99,1886241.000000,272471.000000,0.144452
624,484,0.010866,0.010384,98,1862412.000000,268678.000000,0.144263
625,485,0.010968,0.010514,98,1887489.000000,273087.000000,0.144683
626,486,0.011068,0.010586,98,1910310.000000,279739.000000,0.146436
627,487,0.011084,0.010639,98,1909788.000000,274952.000000,0.143970
628,488,0.011180,0.010714,97,1934490.000000,280482.000000,0.144990
629,489,0.011214,0.010767,97,1954145.000000,287619.000000,0.147184
630,490,0.011388,0.010928,97,1966610.000000,277947.000000,0.141333
631,491,0.011392,0.010915,96,1972597.000000,284371.000000,0.144161
632,492,0.011355,0.010872,96,1961842.000000,281606.000000,0.143542
633,493,0.011454,0.011001,96,1982750.000000,283405.000000,0.142935
634,494,0.011524,0.011050,95,1999616.000000,291528.000000,0.145792
635,495,0.011710,0.011170,95,2007561.000000,287384.000000,0.143151
636,496,0.011554,0.011115,95,1995670.000000,284661.000000,0.142639
637,497,0.011535,0.011093,94,1994396.000000,281012.000000,0.140901
638,498,0.011651,0.011220,94,2038682.000000,304743.000000,0.149480
639,499,0.011763,0.011311,94,2033463.000000,296493.000000,0.145807
640,500,0.011677,0.011244,93,2026070.000000,293404.000000,0.144814
641,501,0.011591,0.011150,93,1990109.000000,282414.000000,0.141909
642,502,0.011688,0.011237,93,2017990.000000,285346.000000,0.141401
643,503,0.011766,0.011321,92,2024579.000000,285443.000000,0.140989
644,504,0.012566,0.012017,92,2065241.000000,320657.000000,0.155264
645,505,0.012838,0.012361,92,2065039.000000,305044.000000,0.147718
646,506,0.011879,0.011418,91,2047101.000000,294541.000000,0.143882
647,506,0.011864,0.011423,91,2038204.000000,300324.000000,0.147347
648,506,0.011845,0.011408,91,2039899.000000,304599.000000,0.149321
649,507,0.011896,0.011433,90,2049278.000000,306779.000000,0.149701
650,508,0.011995,0.011555,90,2045771.000000,286949.000000,0.140264
651,509,0.012092,0.011628,90,2065795.000000,295969.000000,0.143271
652,510,0.012024,0.011566,89,2043078.000000,288805.000000,0.141358
653,511,0.012048,0.011583,89,2064346.000000,293455.000000,0.142154
654,511,0.012148,0.011709,89,2081471.000000,295201.000000,0.141823
655,511,0.012176,0.011732,89,2085648.000000,298322.000000,0.143036
656,512,0.012525,0.011743,88,2113620.000000,306931.000000,0.145216
657,513,0.012292,0.011793,88,2110174.000000,298991.000000,0.141690
658,514,0.012396,0.011913,88,2122322.000000,301318.000000,0.141976
659,515,0.012525,0.011861,87,2126709.000000,299992.000000,0.141059
660,516,0.013201,0.012687,87,2162655.000000,319773.000000,0.147861
661,517,0.012775,0.012300,87,2145501.000000,303100.000000,0.141272
662,518,0.012496,0.012040,86,2158056.000000,307997.000000,0.142720
663,519,0.012468,0.012010,86,2147097.000000,299297.000000,0.139396
664,520,0.012591,0.012116,86,2180400.000000,316654.000000,0.145227
665,520,0.012663,0.012160,85,2185646.000000,309774.000000,0.141731
666,521,0.012668,0.012187,85,2177976.000000,305050.000000,0.140061
667,522,0.013245,0.012733,85,2234931.000000,323619.000000,0.144800
668,523,0.013298,0.012781,84,2193275.000000,318963.000000,0.145428
669,524,0.013084,0.012573,84,2203465.000000,318800.000000,0.144681
670,525,0.013017,0.012519,84,2243804.000000,328196.000000,0.146268
671,526,0.013293,0.012739,83,2274981.000000,333197.000000,0.146461
672,527,0.013466,0.012896,83,2276219.000000,338903.000000,0.148889
673,528,0.012953,0.012494,83,2232731.000000,319305.000000,0.143011
674,529,0.013070,0.012589,82,2252536.000000,322428.000000,0.143140
675,530,0.013126,0.012641,82,2263424.000000,333760.000000,0.147458
676,531,0.013164,0.012701,82,2264858.000000,322555.000000,0.142417
677,532,0.013222,0.012703,82,2264782.000000,316563.000000,0.139776
678,533,0.013289,0.012816,81,2277439.000000,323309.000000,0.141962
679,534,0.013246,0.012746,81,2279270.000000,333580.000000,0.146354
680,535,0.013250,0.012794,81,2272767.000000,322515.000000,0.141904
681,535,0.013309,0.012825,81,2272516.000000,323409.000000,0.142313
682,536,0.013261,0.012802,80,2269462.000000,320011.000000,0.141007
683,536,0.013310,0.012854,80,2267304.000000,322981.000000,0.142452
684,536,0.013369,0.012904,80,2283414.000000,327082.000000,0.143243
685,537,0.013285,0.012812,80,2271296.000000,322227.000000,0.141869
686,538,0.013447,0.012976,79,2282004.000000,320708.000000,0.140538
687,539,0.013506,0.013037,79,2302417.000000,329641.000000,0.143172
688,540,0.013485,0.013019,79,2297038.000000,325105.000000,0.141532
689,541,0.013567,0.013071,79,2307452.000000,326683.000000,0.141577
690,542,0.013579,0.013103,78,2300508.000000,329517.000000,0.143237
691,543,0.013741,0.013264,78,2349937.000000,346530.000000,0.147464
692,544,0.013664,0.013194,78,2326882.000000,328350.000000,0.141112
693,544,0.013689,0.013226,78,2329437.000000,327970.000000,0.140794
694,545,0.013769,0.013292,77,2367293.000000,344235.000000,0.145413
695,545,0.013672,0.013210,77,2332120.000000,339657.000000,0.145643
696,545,0.013704,0.013234,77,2329995.000000,336008.000000,0.144210
697,546,0.013778,0.013308,77,2337050.000000,330643.000000,0.141479
698,547,0.014391,0.013932,77,2406273.000000,361565.000000,0.150259
699,548,0.013773,0.013317,76,2360680.000000,347981.000000,0.147407
700,549,0.013930,0.013476,76,2382203.000000,337027.000000,0.141477
701,549,0.014124,0.013661,76,2440204.000000,367422.000000,0.150570
702,549,0.013933,0.013477,76,2376926.000000,336837.000000,0.141711
703,550,0.014095,0.013623,75,2406523.000000,338115.000000,0.140499
704,551,0.014433,0.013875,75,2383312.000000,339834.000000,0.142589
705,552,0.014205,0.013734,75,2371208.000000,335961.000000,0.141683
706,553,0.014127,0.013666,75,2422999.000000,361484.000000,0.149189
707,553,0.014125,0.013623,75,2396784.000000,339434.000000,0.141621
708,554,0.014130,0.013633,74,2414677.000000,356256.000000,0.147538
709,555,0.014178,0.013494,74,2433024.000000,355191.000000,0.145987
710,556,0.014274,0.013544,74,2422676.000000,349484.000000,0.144255
711,557,0.014196,0.013715,74,2438766.000000,346669.000000,0.142149
712,558,0.014297,0.013826,74,2432266.000000,348658.000000,0.143347
713,558,0.014394,0.013915,73,2455004.000000,349155.000000,0.142222
714,559,0.014387,0.013900,73,2442230.000000,340511.000000,0.139426
715,560,0.014616,0.014139,73,2500336.000000,362827.000000,0.145111
716,560,0.014481,0.014013,73,2484437.000000,349183.000000,0.140548
717,561,0.014706,0.014236,73,2530842.000000,355637.000000,0.140521
718,562,0.015033,0.014561,72,2559246.000000,378182.000000,0.147771
719,563,0.014776,0.014325,72,2538594.000000,364841.000000,0.143718
720,564,0.014709,0.014246,72,2528203.000000,370709.000000,0.146629
721,565,0.014995,0.014511,72,2570859.000000,387175.000000,0.150601
722,566,0.014908,0.014439,72,2545924.000000,369811.000000,0.145256
723,567,0.014778,0.014312,71,2542847.000000,380341.000000,0.149573
724,568,0.014870,0.014416,71,2529760.000000,359674.000000,0.142177
725,568,0.015027,0.014557,71,2569812.000000,377055.000000,0.146725
726,569,0.015034,0.014570,71,2561852.000000,368852.000000,0.143979
727,570,0.014994,0.014517,71,2556957.000000,371994.000000,0.145483
728,571,0.015032,0.014569,70,2558841.000000,368312.000000,0.143937
729,572,0.014995,0.014535,70,2557879.000000,369952.000000,0.144632
730,573,0.015130,0.014679,70,2586966.000000,371044.000000,0.143428
731,574,0.014994,0.014513,70,2569271.000000,382415.000000,0.148842
732,575,0.015198,0.014732,70,2616936.000000,390900.000000,0.149373
733,576,0.015303,0.014833,70,2620629.000000,391045.000000,0.149218
734,576,0.015305,0.014809,69,2610356.000000,380562.000000,0.145789
735,577,0.015283,0.014806,69,2605171.000000,373728.000000,0.143456
736,578,0.015316,0.014865,69,2621795.000000,380314.000000,0.145059
737,579,0.015359,0.014894,69,2629478.000000,374776.000000,0.142529
738,580,0.015496,0.015033,69,2649459.000000,382043.000000,0.144197
739,581,0.015501,0.015026,69,2638359.000000,383711.000000,0.145435
740,582,0.015536,0.015066,68,2639761.000000,376445.000000,0.142606
741,583,0.015451,0.014990,68,2652133.000000,395678.000000,0.149192
742,584,0.015676,0.015145,68,2701028.000000,410627.000000,0.152026
743,585,0.015621,0.015159,68,2656720.000000,384240.000000,0.144629
744,586,0.015405,0.014952,68,2663721.000000,395433.000000,0.148451
745,587,0.015583,0.015108,68,2672143.000000,388219.000000,0.145284
746,588,0.015406,0.014951,67,2639203.000000,378788.000000,0.143524
747,589,0.015480,0.015002,67,2644268.000000,384846.000000,0.145540
748,590,0.015915,0.015383,67,2691989.000000,384554.000000,0.142851
749,591,0.015719,0.015264,67,2657485.000000,378938.000000,0.142593
750,592,0.015675,0.015207,67,2683531.000000,383272.000000,0.142824
751,593,0.016025,0.015544,67,2728577.000000,398485.000000,0.146041
752,594,0.016085,0.015618,66,2743794.000000,398810.000000,0.145350
753,595,0.016035,0.015557,66,2698997.000000,389884.000000,0.144455
754,596,0.016187,0.015709,66,2720036.000000,393457.000000,0.144651
755,597,0.016124,0.015637,66,2711705.000000,386516.000000,0.142536
756,598,0.016015,0.015545,66,2719055.000000,391251.000000,0.143892
757,599,0.016095,0.015610,66,2746252.000000,403056.000000,0.146766
758,600,0.016462,0.015996,65,2793963.000000,406720.000000,0.145571
759,600,0.016268,0.015809,65,2741085.000000,392804.000000,0.143302
760,600,0.016211,0.015729,65,2739934.000000,393838.000000,0.143740
761,601,0.016202,0.015740,65,2789353.000000,420693.000000,0.150821
762,602,0.016162,0.015706,65,2764660.000000,398561.000000,0.144163
763,602,0.016368,0.015851,65,2778464.000000,403866.000000,0.145356
764,603,0.016308,0.015814,64,2788702.000000,404165.000000,0.144929
765,603,0.016377,0.015918,64,2789593.000000,404531.000000,0.145014
766,604,0.016717,0.016222,64,2826665.000000,428633.000000,0.151639
767,604,0.016485,0.016001,64,2824616.000000,425049.000000,0.150480
768,605,0.016393,0.015911,64,2802741.000000,405899.000000,0.144822
769,606,0.016597,0.016117,64,2824416.000000,403337.000000,0.142804
770,607,0.017053,0.016567,63,2887941.000000,435644.000000,0.150849
771,608,0.017055,0.016577,63,2883284.000000,414150.000000,0.143638
772,609,0.017092,0.016599,63,2899713.000000,416711.000000,0.143708
773,610,0.016792,0.016319,63,2892254.000000,423930.000000,0.146574
774,611,0.016902,0.016424,63,2883339.000000,418662.000000,0.145200
775,612,0.017044,0.016560,63,2891893.000000,414860.000000,0.143456
776,613,0.017207,0.016722,62,2912821.000000,423448.000000,0.145374
777,613,0.017121,0.016629,62,2905941.000000,417956.000000,0.143828
778,614,0.017341,0.016865,62,2938291.000000,427882.000000,0.145623
779,615,0.017676,0.017182,62,2953991.000000,434004.000000,0.146921
780,615,0.017265,0.016798,62,2964468.000000,434602.000000,0.146604
781,616,0.017725,0.017222,62,2998020.000000,448899.000000,0.149732
782,617,0.017444,0.016973,61,3001462.000000,437654.000000,0.145814
783,617,0.017621,0.017145,61,2974191.000000,428031.000000,0.143915
784,617,0.017480,0.017012,61,2969472.000000,429233.000000,0.144549
785,618,0.017466,0.016983,61,2962100.000000,426430.000000,0.143962
786,619,0.017651,0.017165,61,3008943.000000,442549.000000,0.147078
787,619,0.017660,0.017164,61,3012096.000000,439453.000000,0.145896
788,619,0.017716,0.017236,60,3034293.000000,456581.000000,0.150474
789,620,0.017673,0.017190,60,3018812.000000,449697.000000,0.148965
790,620,0.017797,0.017318,60,3006308.000000,440541.000000,0.146539
791,621,0.017837,0.017363,60,3040586.000000,438195.000000,0.144115
792,622,0.017891,0.017403,60,3054142.000000,449811.000000,0.147279
793,623,0.018142,0.017647,60,3055321.000000,442138.000000,0.144711
