frame,nb of entities,FPS,frame length,physics length,L1-dcache-loads,L1-dcache-load-misses,L1-dcache-load-miss-ratio
0,3,302,0.001728,0.000027,468231.000000,31882.000000,0.068090
1,4,302,0.003318,0.000029,566687.000000,32989.000000,0.058214
2,5,302,0.003323,0.000028,551175.000000,32563.000000,0.059079
3,6,302,0.003324,0.000029,554535.000000,32952.000000,0.059423
4,7,302,0.003322,0.000028,515379.000000,29002.000000,0.056273
5,8,302,0.003328,0.000031,543186.000000,33196.000000,0.061114
6,9,302,0.003318,0.000033,561929.000000,33582.000000,0.059762
7,10,302,0.003319,0.000033,584983.000000,33116.000000,0.056610
8,11,302,0.003326,0.000028,574139.000000,33596.000000,0.058515
9,12,302,0.003329,0.000036,546099.000000,29838.000000,0.054638
10,13,302,0.003317,0.000036,570830.000000,32851.000000,0.057550
11,14,302,0.003324,0.000037,599329.000000,33432.000000,0.055782
12,15,302,0.003325,0.000049,642644.000000,37646.000000,0.058580
13,16,302,0.003316,0.000037,655394.000000,34476.000000,0.052603
14,17,302,0.003325,0.000039,590430.000000,30734.000000,0.052054
15,18,302,0.003324,0.000047,624946.000000,34541.000000,0.055270
16,19,302,0.003317,0.000046,602028.000000,33303.000000,0.055318
17,19,302,0.003323,0.000039,579294.000000,32686.000000,0.056424
18,20,302,0.003325,0.000050,622280.000000,34555.000000,0.055530
19,21,302,0.003318,0.000049,582317.000000,30484.000000,0.052349
20,22,302,0.003323,0.000049,620915.000000,33653.000000,0.054199
21,23,302,0.003326,0.000052,636262.000000,34662.000000,0.054478
22,24,302,0.003318,0.000051,646387.000000,33668.000000,0.052086
23,25,302,0.003326,0.000044,632195.000000,33824.000000,0.053502
24,26,302,0.003324,0.000049,637486.000000,30925.000000,0.048511
25,27,302,0.003323,0.000047,647298.000000,34550.000000,0.053376
26,28,302,0.003321,0.000059,656501.000000,34921.000000,0.053193
27,28,302,0.003326,0.000090,667844.000000,34592.000000,0.051797
28,29,302,0.003320,0.000058,680742.000000,35332.000000,0.051902
29,30,302,0.003320,0.000064,671244.000000,31825.000000,0.047412
30,31,302,0.003331,0.000052,683747.000000,35411.000000,0.051790
31,32,302,0.003312,0.000072,704723.000000,35453.000000,0.050308
32,33,302,0.003328,0.000062,708172.000000,35159.000000,0.049648
33,34,302,0.003318,0.000176,883979.000000,46205.000000,0.052269
34,35,302,0.003323,0.000118,789405.000000,41033.000000,0.051980
35,36,303,0.003322,0.000170,943820.000000,51006.000000,0.054042
36,37,303,0.003327,0.000148,941165.000000,50738.000000,0.053910
37,38,303,0.003318,0.000129,855810.000000,44237.000000,0.051690
38,39,303,0.003322,0.000120,858753.000000,44105.000000,0.051359
39,40,303,0.003324,0.000198,981454.000000,47925.000000,0.048831
40,41,303,0.003321,0.000178,1109673.000000,58407.000000,0.052634
41,42,303,0.003324,0.000184,1077491.000000,57218.000000,0.053103
42,42,303,0.003325,0.000195,1071642.000000,57240.000000,0.053413
43,43,303,0.003323,0.000182,1062970.000000,56877.000000,0.053508
44,44,303,0.003323,0.000202,1041117.000000,53977.000000,0.051845
45,45,303,0.003330,0.000237,1131649.000000,60474.000000,0.053439
46,46,303,0.003317,0.000214,1115847.000000,58209.000000,0.052166
47,47,303,0.003326,0.000162,998617.000000,51824.000000,0.051896
48,48,303,0.003324,0.000188,1036944.000000,52982.000000,0.051094
49,48,303,0.003321,0.000163,973494.000000,47819.000000,0.049121
50,49,303,0.003352,0.000183,1035235.000000,52198.000000,0.050421
51,50,303,0.003296,0.000168,1029475.000000,52186.000000,0.050692
52,50,303,0.003318,0.000179,1023229.000000,51252.000000,0.050088
53,51,303,0.003324,0.000166,1044578.000000,52709.000000,0.050460
54,52,303,0.003326,0.000167,996850.000000,48665.000000,0.048819
55,53,303,0.003325,0.000172,1040725.000000,52284.000000,0.050238
56,54,303,0.003320,0.000202,1067972.000000,54225.000000,0.050774
57,55,303,0.003323,0.000179,1066700.000000,52695.000000,0.049400
58,55,303,0.003323,0.000154,1075885.000000,52099.000000,0.048424
59,56,303,0.003325,0.000255,1061185.000000,57255.000000,0.053954
60,57,300,0.003325,0.000268,1216532.000000,69042.000000,0.056753
61,58,300,0.003318,0.000261,1168037.000000,64391.000000,0.055128
62,59,300,0.003325,0.000266,1113031.000000,65294.000000,0.058663
63,59,300,0.003316,0.000267,1105595.000000,57589.000000,0.052089
64,59,300,0.003318,0.000200,1068773.000000,48505.000000,0.045384
65,60,300,0.003324,0.000170,1124258.000000,53446.000000,0.047539
66,61,300,0.003332,0.000178,1118456.000000,56347.000000,0.050379
67,61,300,0.003315,0.000205,1087834.000000,52817.000000,0.048552
68,62,300,0.003321,0.000212,1126843.000000,53872.000000,0.047808
69,63,300,0.003326,0.000303,1275342.000000,64736.000000,0.050760
70,64,300,0.003318,0.000245,1266759.000000,65812.000000,0.051953
71,65,300,0.003319,0.000515,1497132.000000,92445.000000,0.061748
72,66,300,0.003326,0.000326,1471289.000000,74371.000000,0.050548
73,67,300,0.003316,0.000253,1282719.000000,60967.000000,0.047530
74,68,300,0.003322,0.000258,1238614.000000,56835.000000,0.045886
75,69,300,0.003327,0.000262,1269660.000000,61205.000000,0.048206
76,70,300,0.003313,0.000304,1305385.000000,71975.000000,0.055137
77,71,300,0.003322,0.000341,1330403.000000,62695.000000,0.047125
78,72,300,0.003327,0.000216,1310253.000000,60726.000000,0.046347
79,73,300,0.003320,0.000266,1260078.000000,56741.000000,0.045030
80,74,300,0.003327,0.000268,1254963.000000,61038.000000,0.048637
81,74,300,0.003323,0.000355,1574850.000000,74421.000000,0.047256
82,74,300,0.003321,0.000248,1432598.000000,66723.000000,0.046575
83,74,300,0.003321,0.000268,1314437.000000,60526.000000,0.046047
84,74,300,0.003331,0.000263,1272425.000000,57198.000000,0.044952
85,75,300,0.003315,0.000249,1264941.000000,55657.000000,0.044000
86,75,300,0.003322,0.000237,1222807.000000,53868.000000,0.044053
87,76,300,0.003325,0.000251,1254160.000000,54733.000000,0.043641
88,76,300,0.003318,0.000239,1222354.000000,53813.000000,0.044024
89,77,300,0.003323,0.000240,1192701.000000,50484.000000,0.042327
90,77,300,0.003323,0.000239,1259762.000000,54570.000000,0.043318
91,77,300,0.003326,0.000212,1227872.000000,53911.000000,0.043906
92,78,300,0.003320,0.000250,1259361.000000,54468.000000,0.043251
93,79,300,0.003324,0.000286,1393087.000000,61540.000000,0.044175
94,80,300,0.003323,0.000252,1340562.000000,57940.000000,0.043221
95,81,300,0.003322,0.000290,1393289.000000,61604.000000,0.044215
96,81,300,0.003327,0.000251,1276836.000000,54455.000000,0.042648
97,82,300,0.003323,0.000255,1280259.000000,55115.000000,0.043050
98,83,300,0.003319,0.000262,1301554.000000,55736.000000,0.042823
99,84,300,0.003327,0.000313,1414066.000000,58546.000000,0.041403
100,85,300,0.003319,0.000277,1455399.000000,61733.000000,0.042417
101,85,300,0.003323,0.000271,1353420.000000,55496.000000,0.041004
102,86,300,0.003327,0.000292,1407058.000000,56506.000000,0.040159
103,86,300,0.003319,0.000279,1391223.000000,55372.000000,0.039801
104,87,300,0.003325,0.000283,1369883.000000,53018.000000,0.038703
105,88,300,0.003324,0.000287,1420345.000000,57108.000000,0.040207
106,89,300,0.003321,0.000263,1408845.000000,56574.000000,0.040156
107,90,300,0.003326,0.000333,1523730.000000,63592.000000,0.041734
108,91,300,0.003327,0.000343,1592913.000000,64228.000000,0.040321
109,92,300,0.003318,0.000431,1599709.000000,71171.000000,0.044490
110,93,301,0.003320,0.000469,1678020.000000,74436.000000,0.044359
111,94,300,0.003326,0.000357,1756633.000000,72517.000000,0.041282
112,95,300,0.003322,0.000352,1754292.000000,71259.000000,0.040620
113,96,300,0.003319,0.000403,1784142.000000,71744.000000,0.040212
114,97,300,0.003326,0.000372,1693323.000000,62767.000000,0.037067
115,98,300,0.003320,0.000349,1729540.000000,65676.000000,0.037973
116,99,300,0.003328,0.000388,1741094.000000,66166.000000,0.038003
117,99,300,0.003319,0.000593,1833646.000000,84409.000000,0.046033
118,100,300,0.003321,0.000318,1804588.000000,65923.000000,0.036531
119,101,300,0.003320,0.000402,1754159.000000,62648.000000,0.035714
120,102,300,0.003327,0.000389,1817749.000000,66700.000000,0.036694
121,102,300,0.003320,0.000356,1980329.000000,72428.000000,0.036574
122,103,300,0.003322,0.000455,2011863.000000,74931.000000,0.037245
123,103,300,0.003327,0.000426,2215764.000000,87119.000000,0.039318
124,103,300,0.003322,0.000414,2135912.000000,82737.000000,0.038736
125,104,300,0.003322,0.000531,2187945.000000,86866.000000,0.039702
126,105,300,0.003330,0.000474,2206153.000000,87748.000000,0.039774
127,106,300,0.003318,0.000521,2337142.000000,95683.000000,0.040940
128,107,300,0.003325,0.000513,2322102.000000,94561.000000,0.040722
129,108,300,0.003323,0.000550,2223846.000000,86185.000000,0.038755
130,108,300,0.003317,0.000546,2250993.000000,90700.000000,0.040293
131,109,300,0.003323,0.000492,2237777.000000,88456.000000,0.039529
132,109,300,0.003328,0.000472,2244172.000000,89094.000000,0.039700
133,109,300,0.003318,0.000497,2252365.000000,88220.000000,0.039168
134,110,300,0.003324,0.000509,2270847.000000,86882.000000,0.038260
135,110,300,0.003328,0.000507,2319850.000000,89150.000000,0.038429
136,111,300,0.003318,0.000485,2229190.000000,81769.000000,0.036681
137,112,300,0.003323,0.000480,2247565.000000,83076.000000,0.036963
138,112,300,0.003328,0.000465,2223769.000000,81383.000000,0.036597
139,113,300,0.003319,0.000504,2200737.000000,78643.000000,0.035735
140,114,300,0.003323,0.000488,2278904.000000,82997.000000,0.036420
141,115,300,0.003328,0.000525,2396099.000000,90504.000000,0.037771
142,116,300,0.003319,0.000533,2412681.000000,90085.000000,0.037338
143,117,300,0.003323,0.000497,2326779.000000,82984.000000,0.035665
144,118,300,0.003328,0.000497,2315604.000000,79625.000000,0.034386
145,119,300,0.003319,0.000531,2385516.000000,85160.000000,0.035699
146,120,300,0.003322,0.000526,2398522.000000,86222.000000,0.035948
147,121,300,0.003332,0.000517,2417655.000000,86090.000000,0.035609
148,121,300,0.003319,0.000545,2421542.000000,83544.000000,0.034500
149,122,300,0.003323,0.000542,2374762.000000,80953.000000,0.034089
150,123,300,0.003323,0.000565,2426805.000000,85575.000000,0.035262
151,123,300,0.003322,0.000499,2561219.000000,91580.000000,0.035756
152,124,300,0.003321,0.000621,2562264.000000,91865.000000,0.035853
153,125,300,0.003325,0.000644,2510731.000000,91572.000000,0.036472
154,126,300,0.003322,0.000477,2470611.000000,82381.000000,0.033344
155,126,300,0.003319,0.000635,2620249.000000,92778.000000,0.035408
156,127,300,0.003328,0.000479,2581508.000000,86947.000000,0.033681
157,128,300,0.003323,0.000742,2807549.000000,106087.000000,0.037786
158,129,300,0.003324,0.000635,2740608.000000,94339.000000,0.034423
159,130,300,0.003312,0.000756,2828811.000000,98809.000000,0.034930
160,131,300,0.003325,0.000713,2982901.000000,108843.000000,0.036489
161,132,300,0.003326,0.000760,3019294.000000,108506.000000,0.035938
162,133,300,0.003325,0.000856,2951466.000000,106199.000000,0.035982
163,133,300,0.003319,0.000701,2958445.000000,100901.000000,0.034106
164,134,300,0.003322,0.000621,2915398.000000,98885.000000,0.033918
165,135,300,0.003327,0.000650,2944696.000000,101057.000000,0.034318
166,135,300,0.003321,0.000652,2950157.000000,100579.000000,0.034093
167,136,300,0.003324,0.000622,2959745.000000,102215.000000,0.034535
168,137,300,0.003327,0.000645,2967336.000000,101516.000000,0.034211
169,137,300,0.003322,0.000730,3187484.000000,112384.000000,0.035258
170,137,300,0.003326,0.000684,3209791.000000,115895.000000,0.036107
171,138,300,0.003325,0.000727,3235817.000000,115544.000000,0.035708
172,139,300,0.003326,0.000706,3184562.000000,110119.000000,0.034579
173,140,300,0.003320,0.000736,3474428.000000,126729.000000,0.036475
174,141,300,0.003325,0.000886,3429036.000000,120885.000000,0.035253
175,142,300,0.003319,0.000859,3726079.000000,139085.000000,0.037327
176,142,300,0.003325,0.000954,3654829.000000,132256.000000,0.036187
177,142,300,0.003328,0.000832,3614945.000000,129171.000000,0.035732
178,143,300,0.003320,0.000867,3685343.000000,133313.000000,0.036174
179,144,300,0.003321,0.000837,3752227.000000,135597.000000,0.036138
180,145,300,0.003331,0.000879,3802404.000000,139378.000000,0.036655
181,145,300,0.003318,0.000948,3938001.000000,141152.000000,0.035844
182,146,300,0.003321,0.000840,3761081.000000,128675.000000,0.034212
183,147,300,0.003328,0.000885,3861183.000000,131547.000000,0.034069
184,148,300,0.003320,0.000879,3819949.000000,125126.000000,0.032756
185,148,300,0.003321,0.000839,3905049.000000,129252.000000,0.033099
186,149,300,0.003328,0.000939,4053288.000000,136928.000000,0.033782
187,150,300,0.003320,0.000940,4150361.000000,138698.000000,0.033418
188,151,300,0.003322,0.000901,4317749.000000,146343.000000,0.033893
189,152,300,0.003328,0.000969,4152565.000000,134578.000000,0.032408
190,153,300,0.003332,0.000966,4161641.000000,138825.000000,0.033358
191,153,300,0.003321,0.000955,4342113.000000,146181.000000,0.033666
192,153,300,0.003323,0.000991,4218440.000000,138246.000000,0.032772
193,153,300,0.003321,0.001011,4205902.000000,137695.000000,0.032739
194,153,300,0.003321,0.000926,4202787.000000,134718.000000,0.032054
195,154,300,0.003330,0.001000,4300998.000000,139994.000000,0.032549
196,155,300,0.003318,0.001018,4429443.000000,145839.000000,0.032925
197,156,300,0.003326,0.000988,4397070.000000,146396.000000,0.033294
198,156,300,0.003327,0.001078,4535694.000000,154173.000000,0.033991
199,157,300,0.003322,0.001122,4761696.000000,164186.000000,0.034481
200,158,300,0.003292,0.001687,4918656.000000,203822.000000,0.041439
201,159,300,0.003320,0.001456,5082372.000000,197403.000000,0.038841
202,160,300,0.003320,0.001203,4876996.000000,168273.000000,0.034503
203,161,300,0.003325,0.001029,4847537.000000,162503.000000,0.033523
204,161,300,0.003325,0.001253,4794568.000000,158774.000000,0.033115
205,162,300,0.003318,0.001183,4825663.000000,161806.000000,0.033530
206,163,300,0.003320,0.001345,4905823.000000,164454.000000,0.033522
207,164,300,0.003329,0.001242,4932520.000000,162957.000000,0.033037
208,164,300,0.003322,0.001226,4912522.000000,163583.000000,0.033299
209,164,300,0.003330,0.001135,4843595.000000,160291.000000,0.033093
210,164,300,0.003318,0.001328,5184150.000000,180546.000000,0.034827
211,165,300,0.003325,0.001229,5018039.000000,164413.000000,0.032764
212,166,300,0.003314,0.001420,5095595.000000,177039.000000,0.034744
213,167,300,0.003325,0.001344,5097543.000000,169821.000000,0.033314
214,168,300,0.003324,0.001089,5072813.000000,162011.000000,0.031937
215,169,300,0.003320,0.001188,5132863.000000,165620.000000,0.032267
216,170,300,0.003328,0.001320,5161118.000000,166419.000000,0.032245
217,171,300,0.003318,0.001303,5331758.000000,174118.000000,0.032657
218,171,300,0.003324,0.001135,5354186.000000,174180.000000,0.032532
219,172,300,0.003320,0.001383,5351216.000000,172248.000000,0.032189
220,172,300,0.003324,0.001323,5427724.000000,173597.000000,0.031983
221,173,300,0.003323,0.001272,5451907.000000,175577.000000,0.032205
222,174,300,0.003325,0.001356,5465252.000000,175658.000000,0.032141
223,175,300,0.003324,0.001386,5631782.000000,182713.000000,0.032443
224,176,300,0.003323,0.001286,5473876.000000,172028.000000,0.031427
225,177,300,0.003325,0.001417,5638800.000000,182365.000000,0.032341
226,177,300,0.003324,0.001430,5729689.000000,190033.000000,0.033166
227,178,300,0.003323,0.001356,5752742.000000,189988.000000,0.033026
228,179,300,0.003327,0.001274,5941285.000000,195788.000000,0.032954
229,180,300,0.003322,0.001472,5902127.000000,193294.000000,0.032750
230,180,300,0.003324,0.001687,6118147.000000,204448.000000,0.033417
231,181,300,0.003325,0.001302,6063620.000000,197404.000000,0.032555
232,182,300,0.003326,0.001484,6045940.000000,197997.000000,0.032749
233,183,300,0.003318,0.001432,6082887.000000,198196.000000,0.032583
234,184,300,0.003328,0.001309,6062759.000000,194745.000000,0.032122
235,185,300,0.003324,0.001553,6265779.000000,205344.000000,0.032772
236,186,300,0.003321,0.001487,6260410.000000,205212.000000,0.032779
237,187,300,0.003325,0.001394,6455633.000000,212956.000000,0.032988
238,188,300,0.003327,0.001597,6458554.000000,213494.000000,0.033056
239,189,300,0.003322,0.001551,6484468.000000,210878.000000,0.032520
240,190,300,0.003325,0.001419,6574066.000000,212751.000000,0.032362
241,191,300,0.003328,0.001666,6632919.000000,216977.000000,0.032712
242,192,300,0.003322,0.001606,6791560.000000,223392.000000,0.032893
243,193,300,0.003325,0.001495,6871876.000000,225730.000000,0.032848
244,194,300,0.003329,0.001672,6711795.000000,213225.000000,0.031769
245,194,300,0.003320,0.001630,6847844.000000,217582.000000,0.031774
246,195,300,0.003324,0.001480,6869733.000000,218071.000000,0.031744
247,196,300,0.003327,0.001699,6916360.000000,219321.000000,0.031710
248,197,300,0.003321,0.001554,7121348.000000,228117.000000,0.032033
249,198,300,0.003325,0.001583,7245050.000000,230698.000000,0.031842
250,199,300,0.003325,0.001833,7376008.000000,241735.000000,0.032773
251,200,300,0.003325,0.001621,7398330.000000,239522.000000,0.032375
252,201,300,0.003325,0.001620,7442002.000000,240254.000000,0.032284
253,201,300,0.003329,0.001893,7641540.000000,252105.000000,0.032991
254,202,300,0.003325,0.001657,7522213.000000,241780.000000,0.032142
255,203,300,0.003324,0.001660,7592264.000000,246326.000000,0.032444
256,204,300,0.003327,0.001868,7622432.000000,246412.000000,0.032327
257,205,300,0.003324,0.001694,7734312.000000,247195.000000,0.031961
258,206,300,0.003326,0.001655,7646260.000000,241132.000000,0.031536
259,207,300,0.003331,0.001986,7978724.000000,259682.000000,0.032547
260,208,300,0.003329,0.001853,8087661.000000,272539.000000,0.033698
261,208,300,0.003326,0.001821,8269618.000000,272706.000000,0.032977
262,209,300,0.003335,0.001971,7987652.000000,256973.000000,0.032171
263,209,300,0.003323,0.001762,8004761.000000,256690.000000,0.032067
264,210,300,0.003320,0.001756,7994047.000000,253336.000000,0.031691
265,211,300,0.003337,0.002049,8357296.000000,274767.000000,0.032878
266,211,300,0.003378,0.001817,8302424.000000,267441.000000,0.032212
267,212,300,0.003273,0.001794,8224128.000000,261574.000000,0.031806
268,213,300,0.003337,0.002081,8349631.000000,269017.000000,0.032219
269,213,300,0.003327,0.001846,8349375.000000,263595.000000,0.031571
270,213,300,0.003334,0.002067,8511425.000000,276940.000000,0.032537
271,214,300,0.003336,0.002046,8426826.000000,267523.000000,0.031747
272,215,300,0.003325,0.001895,8655614.000000,275718.000000,0.031854
273,216,300,0.003331,0.001936,8751329.000000,284630.000000,0.032524
274,217,300,0.003344,0.002219,8962225.000000,295947.000000,0.033022
275,218,300,0.003339,0.002010,9005892.000000,298042.000000,0.033094
276,218,300,0.003340,0.002059,8948153.000000,291002.000000,0.032521
277,219,300,0.003344,0.002037,9025180.000000,293499.000000,0.032520
278,220,300,0.003338,0.002061,9021899.000000,293454.000000,0.032527
279,221,300,0.003334,0.002030,9014999.000000,289962.000000,0.032164
280,222,300,0.003345,0.002197,9044466.000000,291181.000000,0.032194
281,223,300,0.003340,0.002127,9378819.000000,303426.000000,0.032352
282,224,300,0.003339,0.002093,9366120.000000,302296.000000,0.032275
283,225,300,0.003338,0.002078,9413317.000000,301992.000000,0.032081
284,226,300,0.003342,0.002161,9563495.000000,308181.000000,0.032225
285,227,300,0.003342,0.002146,9605017.000000,310777.000000,0.032356
286,228,300,0.003344,0.002136,9667561.000000,309924.000000,0.032058
287,229,300,0.003355,0.002373,10010646.000000,328543.000000,0.032819
288,230,300,0.003346,0.002246,10087854.000000,332757.000000,0.032986
289,231,300,0.003358,0.002243,10237158.000000,341282.000000,0.033338
290,231,300,0.003350,0.002249,10021793.000000,324993.000000,0.032429
291,232,300,0.003344,0.002223,9993214.000000,317160.000000,0.031738
292,233,300,0.003348,0.002225,10036660.000000,320130.000000,0.031896
293,234,300,0.003346,0.002272,10221511.000000,328771.000000,0.032165
294,235,300,0.003345,0.002220,10022286.000000,316340.000000,0.031564
295,236,300,0.003348,0.002287,10294855.000000,330343.000000,0.032088
296,237,299,0.003347,0.002253,10177141.000000,323367.000000,0.031774
297,238,299,0.003351,0.002331,10498415.000000,336893.000000,0.032090
298,239,299,0.003350,0.002317,10419770.000000,332174.000000,0.031879
299,239,299,0.003349,0.002314,10413037.000000,328245.000000,0.031523
300,240,299,0.003351,0.002319,10494845.000000,331491.000000,0.031586
301,241,299,0.003354,0.002392,10780454.000000,343083.000000,0.031825
302,241,299,0.003353,0.002383,10743217.000000,339947.000000,0.031643
303,241,299,0.003354,0.002386,10743384.000000,340872.000000,0.031729
304,242,299,0.003353,0.002397,10796203.000000,338230.000000,0.031329
305,243,299,0.003357,0.002454,11001366.000000,350232.000000,0.031835
306,243,299,0.003356,0.002440,10994421.000000,350982.000000,0.031924
307,244,299,0.003368,0.002657,11079248.000000,354207.000000,0.031970
308,244,299,0.003354,0.002393,10841823.000000,335726.000000,0.030966
309,245,299,0.003357,0.002469,11049007.000000,347743.000000,0.031473
310,245,299,0.003358,0.002464,11119319.000000,350624.000000,0.031533
311,246,299,0.003357,0.002468,11123437.000000,350364.000000,0.031498
312,247,299,0.003358,0.002469,11146997.000000,351096.000000,0.031497
313,247,299,0.003360,0.002524,11348502.000000,359045.000000,0.031638
314,248,299,0.003331,0.002524,11299011.000000,354803.000000,0.031401
315,249,299,0.003361,0.002538,11430098.000000,360617.000000,0.031550
316,250,299,0.003358,0.002484,11221164.000000,347817.000000,0.030997
317,251,299,0.003362,0.002521,11414720.000000,356488.000000,0.031231
318,252,298,0.003361,0.002534,11454519.000000,357838.000000,0.031240
319,253,298,0.003362,0.002550,11426522.000000,354730.000000,0.031044
320,254,298,0.003362,0.002551,11466677.000000,358216.000000,0.031240
321,255,298,0.003364,0.002587,11643168.000000,367039.000000,0.031524
322,256,298,0.003365,0.002621,11822698.000000,372985.000000,0.031548
323,257,298,0.003369,0.002683,12042146.000000,382599.000000,0.031772
324,258,298,0.003367,0.002655,11923372.000000,371559.000000,0.031162
325,258,298,0.003368,0.002661,12004259.000000,376255.000000,0.031343
326,258,298,0.003368,0.002662,12011366.000000,378709.000000,0.031529
327,259,298,0.003369,0.002690,12091930.000000,377655.000000,0.031232
328,260,298,0.003369,0.002690,12153592.000000,377083.000000,0.031026
329,261,298,0.003374,0.002751,12322485.000000,382845.000000,0.031069
330,262,298,0.003375,0.002782,12523359.000000,395508.000000,0.031582
331,263,298,0.003373,0.002855,12770299.000000,408830.000000,0.032014
332,264,298,0.003377,0.002793,12590422.000000,393577.000000,0.031260
333,265,298,0.003373,0.002811,12622749.000000,394235.000000,0.031232
334,266,298,0.003376,0.002839,12712203.000000,397550.000000,0.031273
335,267,298,0.003379,0.002878,12827414.000000,403150.000000,0.031429
336,268,297,0.003377,0.002848,12818734.000000,403495.000000,0.031477
337,269,297,0.003527,0.003184,13246075.000000,423743.000000,0.031990
338,269,297,0.003383,0.002924,13075039.000000,412740.000000,0.031567
339,269,297,0.003381,0.002932,13135540.000000,415517.000000,0.031633
340,270,297,0.003382,0.002849,12864666.000000,397256.000000,0.030880
341,271,297,0.003380,0.002915,13107488.000000,406048.000000,0.030978
342,272,297,0.003380,0.002892,13050199.000000,403581.000000,0.030925
343,273,297,0.003384,0.002989,13372668.000000,411576.000000,0.030777
344,274,297,0.003385,0.002987,13429506.000000,416579.000000,0.031020
345,275,297,0.003334,0.003015,13562572.000000,419401.000000,0.030923
346,275,297,0.003395,0.003073,13741332.000000,429018.000000,0.031221
347,276,297,0.003386,0.003073,13743971.000000,427000.000000,0.031068
348,277,297,0.003343,0.003031,13586139.000000,416319.000000,0.030643
349,277,297,0.003379,0.003051,13704012.000000,418672.000000,0.030551
350,277,297,0.003397,0.003076,13803748.000000,427529.000000,0.030972
351,277,296,0.003384,0.003069,13771056.000000,427218.000000,0.031023
352,278,296,0.003413,0.003092,13881644.000000,428274.000000,0.030852
353,279,296,0.003629,0.003318,14620320.000000,461665.000000,0.031577
354,279,296,0.003453,0.003134,14049693.000000,435172.000000,0.030974
355,280,296,0.003478,0.003152,14107470.000000,436438.000000,0.030937
356,280,295,0.003476,0.003157,14223934.000000,428570.000000,0.030130
357,281,295,0.003467,0.003146,14160335.000000,422041.000000,0.029804
358,282,295,0.003468,0.003165,14216915.000000,424396.000000,0.029851
359,283,295,0.003513,0.003178,14314609.000000,429482.000000,0.030003
360,284,295,0.003522,0.003202,14340438.000000,431689.000000,0.030103
361,285,294,0.003648,0.003306,14744810.000000,447850.000000,0.030373
362,286,294,0.003669,0.003283,14635889.000000,439222.000000,0.030010
363,286,293,0.003954,0.003501,14707103.000000,438974.000000,0.029848
364,287,292,0.003745,0.003388,14979217.000000,457083.000000,0.030514
365,288,291,0.004272,0.003884,15302834.000000,475649.000000,0.031082
366,289,290,0.003862,0.003510,15554762.000000,485352.000000,0.031203
367,290,290,0.003847,0.003508,15554891.000000,479918.000000,0.030853
368,291,289,0.003874,0.003533,15673465.000000,484514.000000,0.030913
369,292,288,0.003792,0.003455,15379392.000000,470558.000000,0.030597
370,292,288,0.003778,0.003434,15385356.000000,468833.000000,0.030473
371,292,287,0.003811,0.003474,15527642.000000,475225.000000,0.030605
372,293,286,0.003856,0.003505,15680769.000000,478972.000000,0.030545
373,294,286,0.003860,0.003511,15703515.000000,478572.000000,0.030475
374,295,285,0.003866,0.003519,15689637.000000,479554.000000,0.030565
375,296,284,0.003916,0.003582,15894625.000000,487189.000000,0.030651
376,297,283,0.003921,0.003589,15872406.000000,483088.000000,0.030436
377,298,283,0.004024,0.003677,16209005.000000,503628.000000,0.031071
378,299,282,0.004016,0.003652,16195487.000000,501166.000000,0.030945
379,300,281,0.004090,0.003746,16529932.000000,509116.000000,0.030800
380,300,280,0.004010,0.003690,16340736.000000,496972.000000,0.030413
381,301,279,0.003994,0.003650,16219286.000000,489369.000000,0.030172
382,302,278,0.004002,0.003662,16301032.000000,488670.000000,0.029978
383,303,277,0.004098,0.003763,16652751.000000,512908.000000,0.030800
384,304,276,0.004064,0.003735,16528424.000000,501423.000000,0.030337
385,305,275,0.004152,0.003800,16910332.000000,513792.000000,0.030383
386,306,274,0.004126,0.003775,16826455.000000,508162.000000,0.030200
387,307,273,0.004185,0.003843,17078324.000000,516918.000000,0.030267
388,307,272,0.004171,0.003844,17032629.000000,511618.000000,0.030038
389,307,271,0.004221,0.003875,17174159.000000,518432.000000,0.030187
390,307,270,0.004344,0.003974,17037118.000000,511797.000000,0.030040
391,308,269,0.004324,0.003970,17474601.000000,532890.000000,0.030495
392,309,268,0.004312,0.003968,17414513.000000,527291.000000,0.030279
393,310,267,0.004307,0.003957,17579702.000000,532504.000000,0.030291
394,311,266,0.004383,0.004009,17634385.000000,534872.000000,0.030331
395,312,264,0.004407,0.004060,17869899.000000,544914.000000,0.030493
396,312,263,0.004398,0.004054,17929616.000000,541195.000000,0.030184
397,313,262,0.004382,0.004043,17933367.000000,538094.000000,0.030005
398,313,261,0.004417,0.004067,18003552.000000,539378.000000,0.029960
399,314,260,0.004425,0.004080,18047817.000000,540438.000000,0.029945
400,315,259,0.004459,0.004126,18157535.000000,543246.000000,0.029918
401,316,257,0.004513,0.004180,18443160.000000,555108.000000,0.030098
402,316,256,0.004511,0.004158,18446970.000000,552739.000000,0.029964
403,317,255,0.004571,0.004227,18628116.000000,561241.000000,0.030129
404,318,254,0.004573,0.004231,18735228.000000,562480.000000,0.030023
405,318,252,0.004526,0.004190,18596756.000000,552583.000000,0.029714
406,319,251,0.004614,0.004276,18866920.000000,564999.000000,0.029947
407,320,250,0.004603,0.004262,18881925.000000,563178.000000,0.029826
408,321,248,0.004724,0.004375,19333079.000000,583138.000000,0.030163
409,322,247,0.004750,0.004404,19386085.000000,585159.000000,0.030184
410,323,246,0.004715,0.004370,19381017.000000,579559.000000,0.029903
411,324,244,0.004762,0.004400,19463572.000000,583818.000000,0.029995
412,325,243,0.004807,0.004420,19482135.000000,578819.000000,0.029710
413,326,242,0.004864,0.004501,19775890.000000,588002.000000,0.029733
414,327,240,0.004746,0.004404,19615673.000000,576475.000000,0.029388
415,328,239,0.004952,0.004605,20298531.000000,613423.000000,0.030220
416,328,238,0.004913,0.004568,20283215.000000,609248.000000,0.030037
417,328,236,0.004975,0.004645,20496132.000000,618089.000000,0.030156
418,329,235,0.004913,0.004558,20299916.000000,610176.000000,0.030058
419,330,233,0.004972,0.004613,20513550.000000,616223.000000,0.030040
420,331,232,0.004954,0.004598,20491489.000000,610190.000000,0.029778
421,331,231,0.004972,0.004627,20583154.000000,608417.000000,0.029559
422,332,230,0.004989,0.004623,20700485.000000,608995.000000,0.029419
423,333,229,0.005035,0.004677,20852169.000000,613615.000000,0.029427
424,333,228,0.005098,0.004765,21131096.000000,626857.000000,0.029665
425,333,227,0.005159,0.004810,21296416.000000,640151.000000,0.030059
426,333,226,0.005181,0.004824,21426274.000000,641756.000000,0.029952
427,334,225,0.005223,0.004890,21585750.000000,646123.000000,0.029933
428,335,223,0.005262,0.004905,21640595.000000,650198.000000,0.030045
429,335,222,0.005308,0.004962,21920476.000000,662102.000000,0.030205
430,336,221,0.005272,0.004940,21789887.000000,652861.000000,0.029962
431,337,220,0.005331,0.004970,22020508.000000,663988.000000,0.030153
432,338,218,0.005575,0.005218,22283623.000000,676363.000000,0.030352
433,339,217,0.005480,0.005099,22559120.000000,683753.000000,0.030309
434,339,216,0.005521,0.005158,22723230.000000,686226.000000,0.030199
435,340,215,0.005474,0.005114,22554083.000000,684111.000000,0.030332
436,340,213,0.005490,0.005136,22610721.000000,688971.000000,0.030471
437,340,212,0.005464,0.005121,22558954.000000,686459.000000,0.030430
438,341,211,0.005469,0.005117,22497383.000000,681515.000000,0.030293
439,342,210,0.005519,0.005156,22729675.000000,691452.000000,0.030421
440,343,209,0.005613,0.005267,23072518.000000,707399.000000,0.030660
441,344,208,0.005576,0.005213,22888093.000000,692242.000000,0.030245
442,345,207,0.005566,0.005212,22968250.000000,697492.000000,0.030368
443,346,206,0.005576,0.005229,23028507.000000,696252.000000,0.030234
444,347,204,0.005723,0.005317,23374940.000000,716090.000000,0.030635
445,348,203,0.005878,0.005499,23999578.000000,739101.000000,0.030796
446,349,202,0.005651,0.005301,23357300.000000,705416.000000,0.030201
447,349,201,0.005822,0.005413,23874845.000000,721831.000000,0.030234
448,350,200,0.006066,0.005676,23937845.000000,721697.000000,0.030149
449,351,199,0.006090,0.005693,24025956.000000,725839.000000,0.030211
450,352,197,0.005971,0.005574,24296630.000000,736119.000000,0.030297
451,353,196,0.005855,0.005498,24242327.000000,727733.000000,0.030019
452,354,195,0.005923,0.005516,24330992.000000,733162.000000,0.030133
453,355,194,0.006152,0.005723,24751659.000000,751214.000000,0.030350
454,355,193,0.006218,0.005858,24753983.000000,749910.000000,0.030295
455,356,192,0.005957,0.005586,24610661.000000,744037.000000,0.030232
456,357,191,0.006095,0.005709,24893535.000000,757917.000000,0.030446
457,358,190,0.006290,0.005924,24868224.000000,752924.000000,0.030277
458,358,189,0.006054,0.005669,24920061.000000,755560.000000,0.030319
459,359,188,0.006046,0.005680,24851243.000000,752775.000000,0.030291
460,360,187,0.006091,0.005707,25030207.000000,765400.000000,0.030579
461,361,186,0.006122,0.005736,25143602.000000,767996.000000,0.030544
462,362,185,0.006146,0.005767,25310833.000000,771078.000000,0.030464
463,363,184,0.006298,0.005910,25844240.000000,791208.000000,0.030614
464,364,183,0.006232,0.005855,25624129.000000,781404.000000,0.030495
465,365,182,0.006233,0.005867,25663500.000000,779615.000000,0.030378
466,366,181,0.006494,0.006097,25869152.000000,788703.000000,0.030488
467,366,180,0.006276,0.005908,25874314.000000,783906.000000,0.030297
468,366,179,0.006278,0.005903,25896354.000000,778690.000000,0.030069
469,367,179,0.006236,0.005863,25716834.000000,772846.000000,0.030052
470,367,178,0.006231,0.005843,25705823.000000,767884.000000,0.029872
471,368,177,0.006259,0.005872,25837193.000000,772701.000000,0.029907
472,369,176,0.006190,0.005813,25589327.000000,765043.000000,0.029897
473,369,176,0.006364,0.005993,26183445.000000,791286.000000,0.030221
474,370,175,0.006314,0.005930,26037246.000000,784968.000000,0.030148
475,371,174,0.006378,0.006009,26289017.000000,792770.000000,0.030156
476,372,173,0.006374,0.005990,26218397.000000,790655.000000,0.030156
477,373,173,0.006372,0.005995,26326019.000000,791512.000000,0.030066
478,374,172,0.006373,0.005999,26332067.000000,786365.000000,0.029863
479,374,171,0.006447,0.006073,26608870.000000,797110.000000,0.029957
480,375,170,0.006454,0.006080,26623397.000000,799242.000000,0.030020
481,376,170,0.006515,0.006146,26820909.000000,802724.000000,0.029929
482,377,169,0.006739,0.006331,27145815.000000,819445.000000,0.030187
483,378,168,0.006578,0.006200,27061201.000000,804370.000000,0.029724
484,379,167,0.006650,0.006270,27391954.000000,816670.000000,0.029814
485,380,167,0.006614,0.006230,27379926.000000,812623.000000,0.029680
486,381,166,0.006672,0.006280,27502853.000000,807301.000000,0.029353
487,382,165,0.006660,0.006269,27597220.000000,806648.000000,0.029229
488,382,165,0.006769,0.006368,27994480.000000,818346.000000,0.029232
489,382,164,0.006848,0.006458,28330347.000000,834032.000000,0.029440
490,383,163,0.006785,0.006366,27886481.000000,818671.000000,0.029357
491,384,163,0.006823,0.006445,28238783.000000,829627.000000,0.029379
492,385,162,0.006969,0.006560,28726471.000000,847176.000000,0.029491
493,386,161,0.006986,0.006606,28743523.000000,847551.000000,0.029487
494,386,161,0.006926,0.006530,28596913.000000,844824.000000,0.029542
495,387,160,0.007051,0.006673,29002159.000000,855373.000000,0.029493
496,388,159,0.006989,0.006581,28947533.000000,848129.000000,0.029299
497,388,159,0.007370,0.006970,29880853.000000,876339.000000,0.029328
498,389,158,0.007082,0.006705,29396195.000000,860212.000000,0.029263
499,390,157,0.007250,0.006852,30074727.000000,891315.000000,0.029637
500,390,156,0.007232,0.006859,30108525.000000,884295.000000,0.029370
501,391,156,0.007250,0.006857,30092571.000000,882474.000000,0.029325
502,392,155,0.007356,0.006827,30128661.000000,885455.000000,0.029389
503,393,154,0.007341,0.006945,30537303.000000,892391.000000,0.029223
504,394,154,0.007183,0.006796,29889072.000000,865369.000000,0.028953
505,394,153,0.007200,0.006829,30025824.000000,865938.000000,0.028840
506,394,153,0.007211,0.006809,30054822.000000,869619.000000,0.028934
507,395,152,0.007297,0.006902,30324581.000000,876239.000000,0.028895
508,396,152,0.007304,0.006920,30449759.000000,881080.000000,0.028936
509,397,151,0.007256,0.006879,30318818.000000,868777.000000,0.028655
510,398,151,0.007588,0.007186,30936725.000000,902756.000000,0.029181
511,399,150,0.007505,0.007063,31065130.000000,901222.000000,0.029011
512,400,149,0.007516,0.007116,31111511.000000,897323.000000,0.028842
513,401,149,0.007472,0.007050,31067665.000000,893929.000000,0.028774
514,402,148,0.007556,0.007164,31548114.000000,904247.000000,0.028662
515,403,148,0.007652,0.007242,31843180.000000,916837.000000,0.028792
516,403,147,0.007640,0.007248,31877113.000000,910668.000000,0.028568
517,404,147,0.007739,0.007335,32099153.000000,927301.000000,0.028889
518,405,146,0.007773,0.007385,32194836.000000,931279.000000,0.028926
519,405,145,0.007787,0.007373,32270290.000000,931263.000000,0.028858
520,406,145,0.007757,0.007359,32370911.000000,927795.000000,0.028661
521,407,144,0.007842,0.007441,32659458.000000,941464.000000,0.028827
522,408,144,0.007859,0.007471,32703726.000000,946188.000000,0.028932
523,409,143,0.008287,0.007852,33230817.000000,970104.000000,0.029193
524,410,142,0.007919,0.007525,33032982.000000,948518.000000,0.028714
525,410,142,0.007948,0.007540,33164616.000000,955822.000000,0.028821
526,410,141,0.008028,0.007622,33352272.000000,968846.000000,0.029049
527,411,141,0.007982,0.007597,33306129.000000,962623.000000,0.028902
528,412,140,0.008085,0.007656,33558004.000000,978499.000000,0.029158
529,413,139,0.008069,0.007668,33527895.000000,971553.000000,0.028977
530,414,139,0.008164,0.007745,33844694.000000,983028.000000,0.029045
531,415,138,0.008231,0.007837,34134353.000000,988038.000000,0.028946
532,415,138,0.008128,0.007716,33838088.000000,978240.000000,0.028909
533,416,137,0.008139,0.007747,33901116.000000,974558.000000,0.028747
534,417,136,0.008179,0.007753,33984637.000000,977992.000000,0.028777
535,418,136,0.008194,0.007796,34133044.000000,985354.000000,0.028868
536,419,135,0.008419,0.007979,34473672.000000,996416.000000,0.028904
537,420,135,0.008258,0.007846,34432821.000000,987742.000000,0.028686
538,421,134,0.008325,0.007898,34707222.000000,1002563.000000,0.028886
539,422,134,0.008319,0.007924,34623386.000000,996625.000000,0.028785
540,422,133,0.008356,0.007944,34735783.000000,1008114.000000,0.029022
541,423,132,0.008332,0.007923,34670412.000000,1001028.000000,0.028873
542,424,132,0.008447,0.008030,35096879.000000,1016477.000000,0.028962
543,425,131,0.008515,0.008105,35394246.000000,1020052.000000,0.028820
544,426,131,0.008459,0.008045,35194664.000000,1016264.000000,0.028876
545,427,130,0.008424,0.008022,35139712.000000,1007060.000000,0.028659
546,428,130,0.008455,0.008037,35229904.000000,1009730.000000,0.028661
547,429,129,0.008525,0.008110,35546691.000000,1016287.000000,0.028590
548,430,129,0.009052,0.008586,36164601.000000,1045576.000000,0.028912
549,431,128,0.008667,0.008222,35895905.000000,1034873.000000,0.028830
550,432,128,0.009014,0.008556,36123589.000000,1042090.000000,0.028848
551,433,127,0.008800,0.008353,36411011.000000,1046380.000000,0.028738
552,434,127,0.008703,0.008289,36190105.000000,1038522.000000,0.028696
553,434,126,0.008768,0.008338,36366109.000000,1040508.000000,0.028612
554,435,126,0.008783,0.008351,36353801.000000,1042440.000000,0.028675
555,435,125,0.008916,0.008487,37031995.000000,1063692.000000,0.028724
556,435,125,0.008937,0.008518,36996979.000000,1060517.000000,0.028665
557,436,124,0.008949,0.008518,37092997.000000,1060381.000000,0.028587
558,436,124,0.008961,0.008543,37174529.000000,1056829.000000,0.028429
559,437,123,0.009190,0.008730,37333650.000000,1064700.000000,0.028519
560,437,123,0.009074,0.008589,37323459.000000,1066226.000000,0.028567
561,438,122,0.009041,0.008597,37455998.000000,1074746.000000,0.028694
562,439,122,0.009088,0.008658,37405228.000000,1068295.000000,0.028560
563,440,121,0.009161,0.008722,37690688.000000,1081112.000000,0.028684
564,441,121,0.009223,0.008801,37878910.000000,1083520.000000,0.028605
565,441,120,0.009218,0.008784,37874734.000000,1083486.000000,0.028607
566,442,120,0.009253,0.008794,37980787.000000,1088747.000000,0.028666
567,442,119,0.009392,0.008968,38490014.000000,1108322.000000,0.028795
568,443,119,0.009464,0.009005,38757391.000000,1118443.000000,0.028858
569,444,118,0.009424,0.009008,38727361.000000,1108797.000000,0.028631
570,445,118,0.009547,0.009073,38595802.000000,1100961.000000,0.028525
571,446,117,0.009640,0.009194,39239717.000000,1122858.000000,0.028615
572,447,117,0.009619,0.009118,39217035.000000,1123052.000000,0.028637
573,448,116,0.009585,0.009085,39496186.000000,1133795.000000,0.028706
574,449,116,0.009617,0.009181,39383915.000000,1124668.000000,0.028557
575,449,116,0.009538,0.009097,39607993.000000,1126296.000000,0.028436
576,449,115,0.009454,0.009049,39526505.000000,1121513.000000,0.028374
577,450,115,0.009432,0.009006,39499205.000000,1115541.000000,0.028242
578,450,114,0.009378,0.008951,39377340.000000,1105828.000000,0.028083
579,451,114,0.009460,0.009045,39509321.000000,1107652.000000,0.028035
580,452,114,0.009652,0.009199,39668383.000000,1123458.000000,0.028321
581,453,113,0.009443,0.009030,39579810.000000,1114344.000000,0.028154
582,453,113,0.009457,0.009028,39608162.000000,1119156.000000,0.028256
583,454,113,0.009482,0.009078,39735082.000000,1116461.000000,0.028098
584,455,112,0.009513,0.009090,39840233.000000,1125233.000000,0.028244
585,456,112,0.009560,0.009151,40032010.000000,1129090.000000,0.028205
586,457,112,0.009603,0.009188,40168718.000000,1131125.000000,0.028159
587,458,111,0.009617,0.009171,40237706.000000,1137605.000000,0.028272
588,459,111,0.009702,0.009294,40594367.000000,1154280.000000,0.028434
589,460,111,0.009680,0.009247,40517080.000000,1152942.000000,0.028456
590,461,110,0.009643,0.009226,40358851.000000,1140050.000000,0.028248
591,462,110,0.009818,0.009368,40695440.000000,1155331.000000,0.028390
592,463,110,0.009728,0.009305,40610699.000000,1149762.000000,0.028312
593,464,109,0.009791,0.009375,41073212.000000,1161464.000000,0.028278
594,464,109,0.009734,0.009299,40794779.000000,1149657.000000,0.028181
595,465,109,0.009787,0.009367,40998828.000000,1153608.000000,0.028138
596,466,108,0.009942,0.009506,41366811.000000,1178104.000000,0.028479
597,467,108,0.010043,0.009612,41820734.000000,1178271.000000,0.028174
598,468,108,0.009961,0.009532,41689352.000000,1178493.000000,0.028268
599,469,107,0.010065,0.009619,41856317.000000,1183869.000000,0.028284
600,469,107,0.009984,0.009558,41798227.000000,1179388.000000,0.028216
601,470,107,0.010194,0.009753,42125031.000000,1201982.000000,0.028534
602,471,106,0.010063,0.009635,42041350.000000,1195410.000000,0.028434
603,471,106,0.010089,0.009669,42263721.000000,1197235.000000,0.028328
604,472,106,0.010171,0.009739,42549677.000000,1207674.000000,0.028383
605,473,105,0.010187,0.009766,42533720.000000,1208628.000000,0.028416
606,474,105,0.010177,0.009715,42617761.000000,1203090.000000,0.028230
607,475,105,0.010207,0.009784,42796754.000000,1210970.000000,0.028296
608,476,105,0.010288,0.009856,43051600.000000,1216032.000000,0.028246
609,476,104,0.010352,0.009907,43259466.000000,1226821.000000,0.028360
610,477,104,0.010336,0.009909,43274151.000000,1227199.000000,0.028359
611,478,104,0.010489,0.010043,43397372.000000,1224894.000000,0.028225
612,479,103,0.010368,0.009929,43333948.000000,1221795.000000,0.028195
613,480,103,0.010473,0.010038,43696428.000000,1238461.000000,0.028342
614,480,103,0.010577,0.010121,44096561.000000,1250725.000000,0.028363
615,481,103,0.010607,0.010069,44147563.000000,1254540.000000,0.028417
616,482,102,0.010500,0.010062,44017897.000000,1243247.000000,0.028244
617,483,102,0.010583,0.010134,44349341.000000,1248367.000000,0.028148
618,484,102,0.010554,0.010126,44322955.000000,1245336.000000,0.028097
619,484,101,0.010661,0.010228,44831617.000000,1255400.000000,0.028003
620,485,101,0.010676,0.010223,44574078.000000,1246874.000000,0.027973
621,486,101,0.010799,0.010351,45273138.000000,1265272.000000,0.027948
622,487,101,0.010668,0.010220,44766116.000000,1254105.000000,0.028015
623,488,100,0.010767,0.010324,45205295.000000,1265721.000000,0.027999
624,489,100,0.010794,0.010346,45163469.000000,1258307.000000,0.027861
625,489,100,0.010775,0.010324,45340135.000000,1256374.000000,0.027710
626,490,99,0.010909,0.010448,45710206.000000,1265471.000000,0.027685
627,490,99,0.010986,0.010549,46138757.000000,1279400.000000,0.027729
628,491,99,0.010948,0.010491,45889081.000000,1269127.000000,0.027656
629,491,99,0.011285,0.010847,46814352.000000,1302305.000000,0.027818
630,492,98,0.011219,0.010766,46927324.000000,1306835.000000,0.027848
631,493,98,0.011172,0.010721,46957563.000000,1309929.000000,0.027896
632,494,98,0.011264,0.010811,47333743.000000,1314564.000000,0.027772
633,494,98,0.011352,0.010906,47695447.000000,1325490.000000,0.027791
634,495,97,0.011356,0.010904,47670123.000000,1321753.000000,0.027727
635,496,97,0.011359,0.010922,47737271.000000,1316976.000000,0.027588
636,496,97,0.011412,0.010969,47961013.000000,1325981.000000,0.027647
637,496,96,0.011406,0.010959,47869788.000000,1321884.000000,0.027614
638,497,96,0.011632,0.011176,48366656.000000,1337277.000000,0.027649
639,498,96,0.011658,0.011212,48807085.000000,1345834.000000,0.027575
640,499,95,0.011665,0.011225,49005452.000000,1351653.000000,0.027582
641,500,95,0.011630,0.011168,48834037.000000,1345918.000000,0.027561
642,500,95,0.011608,0.011173,48892187.000000,1340464.000000,0.027417
643,501,94,0.011694,0.011258,48975385.000000,1342637.000000,0.027415
644,502,94,0.011645,0.011184,48969583.000000,1347201.000000,0.027511
645,503,94,0.011600,0.011161,48968316.000000,1335440.000000,0.027272
646,504,93,0.011681,0.011222,49148017.000000,1340804.000000,0.027281
647,504,93,0.011854,0.011386,49493297.000000,1349637.000000,0.027269
648,505,93,0.011764,0.011298,49552709.000000,1349768.000000,0.027239
649,506,93,0.011909,0.011450,50053297.000000,1371762.000000,0.027406
650,507,92,0.011867,0.011413,49975030.000000,1362962.000000,0.027273
651,508,92,0.012009,0.011540,50395162.000000,1376168.000000,0.027308
652,508,92,0.011903,0.011439,50260170.000000,1365905.000000,0.027177
653,509,91,0.011899,0.011455,50133294.000000,1358921.000000,0.027106
654,510,91,0.011954,0.011481,50297280.000000,1370326.000000,0.027245
655,511,91,0.012266,0.011820,51003156.000000,1391011.000000,0.027273
656,512,90,0.012107,0.011626,51158076.000000,1387550.000000,0.027123
657,513,90,0.012178,0.011725,51509227.000000,1392985.000000,0.027043
658,513,90,0.012197,0.011732,51521330.000000,1395034.000000,0.027077
659,514,89,0.012270,0.011812,51737577.000000,1396280.000000,0.026988
660,515,89,0.012249,0.011793,51706584.000000,1396800.000000,0.027014
661,516,89,0.012247,0.011777,51803422.000000,1394094.000000,0.026911
662,517,89,0.012330,0.011868,51958978.000000,1397938.000000,0.026905
663,518,88,0.012527,0.012060,52237060.000000,1406091.000000,0.026917
664,519,88,0.012493,0.012033,52732493.000000,1419969.000000,0.026928
665,520,88,0.012487,0.012033,52667960.000000,1419834.000000,0.026958
666,521,87,0.012570,0.012080,52912334.000000,1434053.000000,0.027102
667,522,87,0.012639,0.012161,53051561.000000,1434491.000000,0.027040
668,522,87,0.012539,0.012056,52893810.000000,1424424.000000,0.026930
669,523,86,0.012613,0.012111,53182324.000000,1430429.000000,0.026897
670,524,86,0.012613,0.012124,53182771.000000,1425503.000000,0.026804
671,525,86,0.012822,0.012350,53510711.000000,1438623.000000,0.026885
672,526,86,0.012644,0.012189,53494885.000000,1432902.000000,0.026786
673,527,85,0.012701,0.012202,53675408.000000,1433361.000000,0.026704
674,528,85,0.012754,0.012258,53865447.000000,1436992.000000,0.026677
675,528,85,0.012757,0.012268,53774071.000000,1435279.000000,0.026691
676,529,85,0.012731,0.012248,53783557.000000,1437793.000000,0.026733
677,530,84,0.012791,0.012316,53969337.000000,1438615.000000,0.026656
678,531,84,0.012736,0.012225,53767705.000000,1426371.000000,0.026528
679,532,84,0.013102,0.012627,54744546.000000,1458581.000000,0.026643
680,532,83,0.012896,0.012417,54298952.000000,1437698.000000,0.026477
681,533,83,0.012861,0.012367,54327009.000000,1439815.000000,0.026503
682,534,83,0.013084,0.012557,55003074.000000,1465522.000000,0.026644
683,535,83,0.013068,0.012606,55153512.000000,1470718.000000,0.026666
684,535,82,0.013073,0.012590,55333435.000000,1470575.000000,0.026577
685,536,82,0.013311,0.012848,56200340.000000,1506337.000000,0.026803
686,536,82,0.013131,0.012631,55511141.000000,1475082.000000,0.026573
687,537,82,0.013408,0.012908,55885967.000000,1486093.000000,0.026592
688,538,81,0.013186,0.012698,55594129.000000,1478892.000000,0.026602
689,539,81,0.013220,0.012764,55983129.000000,1490077.000000,0.026617
690,540,81,0.013160,0.012688,55665439.000000,1479110.000000,0.026571
691,541,81,0.013216,0.012739,55958847.000000,1488087.000000,0.026593
692,542,80,0.013308,0.012820,56380731.000000,1498977.000000,0.026587
693,543,80,0.013510,0.013042,57005203.000000,1514698.000000,0.026571
694,544,80,0.013551,0.013077,56714083.000000,1503121.000000,0.026503
695,545,80,0.013422,0.012961,56901434.000000,1508328.000000,0.026508
696,546,80,0.013472,0.013016,57052369.000000,1514684.000000,0.026549
697,546,79,0.013598,0.013124,57733502.000000,1531920.000000,0.026534
698,547,79,0.013675,0.013126,57778045.000000,1537350.000000,0.026608
699,548,79,0.013785,0.013346,58471161.000000,1554085.000000,0.026579
700,548,79,0.013658,0.013200,58126818.000000,1537463.000000,0.026450
701,549,78,0.013853,0.013403,58828150.000000,1567341.000000,0.026643
702,550,78,0.013850,0.013383,58426234.000000,1546391.000000,0.026467
703,551,78,0.013718,0.013244,58435066.000000,1540534.000000,0.026363
704,551,78,0.013800,0.013342,58638064.000000,1543208.000000,0.026318
705,552,78,0.013765,0.013314,58592880.000000,1543629.000000,0.026345
706,553,77,0.013789,0.013341,58626355.000000,1543997.000000,0.026336
707,554,77,0.013907,0.013466,59176346.000000,1552418.000000,0.026234
708,555,77,0.013995,0.013532,59375407.000000,1562081.000000,0.026309
709,556,77,0.014163,0.013686,59839709.000000,1579072.000000,0.026388
710,557,76,0.014247,0.013779,60416709.000000,1598963.000000,0.026466
711,558,76,0.014036,0.013580,59694878.000000,1561184.000000,0.026153
712,558,76,0.014024,0.013569,59758116.000000,1564131.000000,0.026174
713,559,76,0.014036,0.013594,59799883.000000,1566213.000000,0.026191
714,560,76,0.014041,0.013583,59885631.000000,1566983.000000,0.026166
715,561,75,0.014224,0.013756,60557335.000000,1599348.000000,0.026410
716,562,75,0.014307,0.013840,60206182.000000,1582024.000000,0.026277
717,563,75,0.014399,0.013921,61061373.000000,1614805.000000,0.026446
718,564,75,0.014240,0.013771,60643505.000000,1591928.000000,0.026251
719,565,75,0.014259,0.013813,60648457.000000,1586879.000000,0.026165
720,566,74,0.014200,0.013726,60582923.000000,1584126.000000,0.026148
721,567,74,0.014441,0.013990,61252525.000000,1610585.000000,0.026294
722,568,74,0.014359,0.013886,60981695.000000,1600554.000000,0.026246
723,569,74,0.014728,0.014262,62071480.000000,1644169.000000,0.026488
724,570,74,0.014638,0.014169,62028290.000000,1639787.000000,0.026436
725,571,73,0.014583,0.014124,61974442.000000,1644552.000000,0.026536
726,572,73,0.014654,0.014192,62259098.000000,1648170.000000,0.026473
727,573,73,0.014782,0.014315,62761002.000000,1662485.000000,0.026489
728,574,73,0.014715,0.014246,62637815.000000,1655959.000000,0.026437
729,575,73,0.014836,0.014383,63099143.000000,1667312.000000,0.026424
730,576,72,0.015230,0.014747,63205199.000000,1671397.000000,0.026444
731,577,72,0.015034,0.014557,63796041.000000,1683116.000000,0.026383
732,578,72,0.015016,0.014543,63807125.000000,1676863.000000,0.026280
733,579,72,0.015091,0.014638,64027969.000000,1676192.000000,0.026179
734,580,72,0.015038,0.014583,64063414.000000,1679618.000000,0.026218
735,581,71,0.015177,0.014726,64471821.000000,1695542.000000,0.026299
736,582,71,0.015514,0.015045,64822532.000000,1708823.000000,0.026362
737,583,71,0.015287,0.014826,64877410.000000,1711007.000000,0.026373
738,584,71,0.015229,0.014776,64822748.000000,1712398.000000,0.026417
739,585,71,0.015327,0.014864,65026499.000000,1711939.000000,0.026327
740,586,70,0.015242,0.014774,65058024.000000,1708427.000000,0.026260
741,587,70,0.015407,0.014944,65578092.000000,1728598.000000,0.026359
742,587,70,0.015464,0.014994,65794077.000000,1738682.000000,0.026426
743,588,70,0.015639,0.015172,65523782.000000,1718948.000000,0.026234
744,589,70,0.015348,0.014875,65372635.000000,1710102.000000,0.026159
745,590,69,0.015351,0.014891,65481990.000000,1711918.000000,0.026143
746,591,69,0.015387,0.014923,65534009.000000,1710687.000000,0.026104
747,592,69,0.015485,0.015011,65935046.000000,1718426.000000,0.026062
748,592,69,0.015534,0.015075,66135945.000000,1724905.000000,0.026081
749,592,69,0.015759,0.015281,66261971.000000,1733535.000000,0.026162
750,593,68,0.015545,0.015072,66237388.000000,1726961.000000,0.026072
751,594,68,0.015547,0.015085,66415424.000000,1729450.000000,0.026040
752,595,68,0.015605,0.015114,66721460.000000,1740156.000000,0.026081
753,595,68,0.015632,0.015162,66857496.000000,1732139.000000,0.025908
754,595,68,0.015713,0.015250,67122183.000000,1740481.000000,0.025930
755,596,68,0.015736,0.015272,67113690.000000,1747862.000000,0.026043
756,597,67,0.015876,0.015383,67284513.000000,1755288.000000,0.026088
757,598,67,0.015895,0.015405,67677993.000000,1777826.000000,0.026269
758,599,67,0.015945,0.015458,67736023.000000,1779443.000000,0.026270
759,600,67,0.016016,0.015534,68167004.000000,1791444.000000,0.026280
760,601,67,0.016130,0.015646,68561943.000000,1805353.000000,0.026332
761,601,67,0.015974,0.015499,68142402.000000,1778724.000000,0.026103
762,602,66,0.016114,0.015636,68291375.000000,1784363.000000,0.026129
763,603,66,0.016181,0.015714,68813047.000000,1811003.000000,0.026318
764,604,66,0.017140,0.016530,68637181.000000,1806851.000000,0.026325
765,605,65,0.029677,0.028643,74419290.000000,2059279.000000,0.027671
766,606,64,0.019539,0.018797,70919274.000000,1855970.000000,0.026170
767,607,64,0.016695,0.016083,69800178.000000,1848604.000000,0.026484
768,608,64,0.022056,0.020715,71343296.000000,1906035.000000,0.026716
769,609,63,0.024567,0.023478,72869439.000000,1893211.000000,0.025981
770,610,62,0.024291,0.022408,70759111.000000,1833728.000000,0.025915
771,611,62,0.017807,0.016890,70150755.000000,1829422.000000,0.026078
772,612,62,0.017571,0.016970,70847244.000000,1867689.000000,0.026362
773,612,61,0.027971,0.027329,75870492.000000,2129277.000000,0.028065
774,613,61,0.017168,0.016575,71677928.000000,1888861.000000,0.026352
775,614,61,0.016830,0.016316,71201593.000000,1860428.000000,0.026129
776,614,60,0.016655,0.016170,70977849.000000,1843650.000000,0.025975
777,615,60,0.017014,0.016506,71204497.000000,1853792.000000,0.026035
778,616,60,0.016862,0.016331,71647877.000000,1851620.000000,0.025843
779,617,60,0.017041,0.016535,72357524.000000,1875446.000000,0.025919
780,617,60,0.017088,0.016592,72694088.000000,1878845.000000,0.025846
781,617,60,0.017287,0.016777,73309560.000000,1908312.000000,0.026031
782,618,59,0.017243,0.016743,73199917.000000,1907383.000000,0.026057
