frame,nb of entities,FPS,frame length,physics length,L1-dcache-loads,L1-dcache-load-misses,L1-dcache-load-miss-ratio
0,3,301,0.002053,0.000025,446659.000000,29562.000000,0.066185
1,4,301,0.003318,0.000029,566036.000000,32901.000000,0.058125
2,5,301,0.003322,0.000029,541752.000000,32637.000000,0.060243
3,6,301,0.003326,0.000030,575935.000000,32739.000000,0.056845
4,7,302,0.003317,0.000040,599583.000000,35286.000000,0.058851
5,8,302,0.003323,0.000033,569654.000000,30128.000000,0.052888
6,9,302,0.003328,0.000029,582677.000000,33140.000000,0.056875
7,10,302,0.003320,0.000035,585859.000000,33124.000000,0.056539
8,11,302,0.003320,0.000042,581683.000000,36608.000000,0.062935
9,12,302,0.003327,0.000034,573915.000000,33228.000000,0.057897
10,13,302,0.003319,0.000037,539471.000000,29430.000000,0.054553
11,14,302,0.003322,0.000036,591525.000000,34182.000000,0.057786
12,15,302,0.003326,0.000038,597117.000000,33139.000000,0.055498
13,16,302,0.003320,0.000052,620828.000000,38400.000000,0.061853
14,17,302,0.003320,0.000046,614190.000000,34429.000000,0.056056
15,18,302,0.003325,0.000043,596250.000000,29851.000000,0.050065
16,19,302,0.003321,0.000035,605512.000000,33313.000000,0.055016
17,20,302,0.003320,0.000042,604116.000000,34055.000000,0.056372
18,21,302,0.003324,0.000043,633351.000000,33325.000000,0.052617
19,22,302,0.003322,0.000037,605468.000000,33106.000000,0.054678
20,23,302,0.003323,0.000172,777350.000000,40185.000000,0.051695
21,24,302,0.003329,0.000085,772834.000000,43323.000000,0.056057
22,24,302,0.003317,0.000116,767444.000000,43225.000000,0.056323
23,24,302,0.003327,0.000079,741203.000000,42260.000000,0.057015
24,25,302,0.003325,0.000134,758854.000000,46128.000000,0.060786
25,26,302,0.003319,0.000104,711495.000000,39259.000000,0.055178
26,27,302,0.003318,0.000106,776446.000000,42722.000000,0.055022
27,28,302,0.003330,0.000086,787521.000000,42486.000000,0.053949
28,29,302,0.003320,0.000090,766223.000000,42581.000000,0.055573
29,30,302,0.003324,0.000109,779819.000000,43906.000000,0.056303
30,31,302,0.003324,0.000194,740340.000000,45896.000000,0.061993
31,32,302,0.003312,0.000165,808530.000000,46639.000000,0.057684
32,33,302,0.003321,0.000146,816067.000000,46217.000000,0.056634
33,34,302,0.003326,0.000103,824760.000000,42313.000000,0.051303
34,35,302,0.003328,0.000097,788735.000000,42137.000000,0.053424
35,36,302,0.003314,0.000130,764883.000000,40027.000000,0.052331
36,36,302,0.003323,0.000117,802436.000000,42350.000000,0.052777
37,37,302,0.003319,0.000118,823460.000000,43437.000000,0.052749
38,38,302,0.003326,0.000121,806874.000000,43350.000000,0.053726
39,38,302,0.003324,0.000117,801722.000000,42077.000000,0.052483
40,39,302,0.003320,0.000121,784087.000000,39419.000000,0.050274
41,40,302,0.003324,0.000119,811067.000000,43104.000000,0.053145
42,41,302,0.003328,0.000170,950633.000000,49599.000000,0.052175
43,42,302,0.003317,0.000179,939639.000000,50689.000000,0.053945
44,43,302,0.003323,0.000223,1056149.000000,56661.000000,0.053649
45,44,302,0.003329,0.000194,1033139.000000,53390.000000,0.051677
46,45,302,0.003318,0.000255,1127608.000000,62846.000000,0.055734
47,46,302,0.003319,0.000263,1133150.000000,63736.000000,0.056247
48,47,302,0.003326,0.000176,1157479.000000,57292.000000,0.049497
49,48,302,0.003321,0.000146,1034863.000000,50797.000000,0.049086
50,49,302,0.003325,0.000118,867856.000000,40665.000000,0.046857
51,50,302,0.003323,0.000147,936848.000000,44390.000000,0.047382
52,51,302,0.003324,0.000153,1025011.000000,50430.000000,0.049199
53,51,302,0.003322,0.000221,1114569.000000,57108.000000,0.051238
54,52,302,0.003322,0.000216,1138935.000000,56500.000000,0.049608
55,53,302,0.003324,0.000184,980005.000000,47202.000000,0.048165
56,54,302,0.003322,0.000235,1133960.000000,57584.000000,0.050781
57,55,302,0.003335,0.000219,1138643.000000,57952.000000,0.050896
58,56,302,0.003321,0.000193,1182887.000000,57269.000000,0.048415
59,57,302,0.003322,0.000208,1072433.000000,51454.000000,0.047979
60,57,300,0.003326,0.000231,1128690.000000,53621.000000,0.047507
61,58,300,0.003320,0.000262,1194707.000000,59672.000000,0.049947
62,59,300,0.003323,0.000311,1328818.000000,66489.000000,0.050036
63,60,300,0.003326,0.000280,1327908.000000,65449.000000,0.049287
64,61,300,0.003317,0.000381,1384261.000000,84773.000000,0.061241
65,61,300,0.003317,0.000410,1201372.000000,71353.000000,0.059393
66,62,300,0.003325,0.000561,1358969.000000,81083.000000,0.059665
67,63,300,0.003323,0.000176,1136814.000000,53096.000000,0.046706
68,63,300,0.003325,0.000291,1321965.000000,65371.000000,0.049450
69,63,300,0.003316,0.000409,1389809.000000,78020.000000,0.056137
70,64,300,0.003323,0.000230,1294322.000000,61371.000000,0.047416
71,65,300,0.003322,0.000251,1227261.000000,59328.000000,0.048342
72,66,300,0.003334,0.000245,1166085.000000,58757.000000,0.050388
73,67,300,0.003310,0.000189,1162904.000000,53381.000000,0.045903
74,68,300,0.003339,0.000190,1150328.000000,53979.000000,0.046925
75,69,300,0.003327,0.000226,1222054.000000,57836.000000,0.047327
76,69,300,0.003317,0.000273,1228815.000000,64538.000000,0.052521
77,70,300,0.003322,0.000285,1286558.000000,64386.000000,0.050045
78,71,300,0.003326,0.000286,1232060.000000,65279.000000,0.052984
79,72,300,0.003317,0.000283,1238023.000000,65258.000000,0.052711
80,73,300,0.003323,0.000292,1229544.000000,60495.000000,0.049201
81,73,300,0.003330,0.000274,1225665.000000,64409.000000,0.052550
82,74,300,0.003316,0.000324,1254132.000000,61135.000000,0.048747
83,75,300,0.003320,0.000297,1292756.000000,65118.000000,0.050371
84,75,300,0.003325,0.000287,1244366.000000,64900.000000,0.052155
85,76,300,0.003320,0.000294,1240401.000000,63423.000000,0.051131
86,76,300,0.003323,0.000274,1273907.000000,60368.000000,0.047388
87,77,300,0.003325,0.000278,1329089.000000,60472.000000,0.045499
88,77,300,0.003321,0.000267,1314601.000000,59933.000000,0.045590
89,78,300,0.003321,0.000284,1332767.000000,60923.000000,0.045712
90,79,300,0.003326,0.000315,1410770.000000,62908.000000,0.044591
91,80,300,0.003323,0.000307,1438483.000000,67133.000000,0.046669
92,81,300,0.003321,0.000335,1530111.000000,67726.000000,0.044262
93,82,300,0.003322,0.000360,1599230.000000,74176.000000,0.046382
94,83,300,0.003321,0.000402,1715748.000000,81062.000000,0.047246
95,83,300,0.003322,0.000403,1706696.000000,77814.000000,0.045593
96,84,300,0.003326,0.000397,1726999.000000,80007.000000,0.046327
97,85,300,0.003322,0.000294,1612684.000000,73812.000000,0.045770
98,86,300,0.003323,0.000374,1630311.000000,74478.000000,0.045683
99,87,300,0.003325,0.000371,1669010.000000,74315.000000,0.044526
100,88,300,0.003320,0.000308,1633998.000000,70080.000000,0.042889
101,89,300,0.003323,0.000382,1670476.000000,75815.000000,0.045385
102,90,300,0.003325,0.000416,1807170.000000,80809.000000,0.044716
103,90,300,0.003322,0.000334,1791694.000000,81086.000000,0.045257
104,90,300,0.003324,0.000389,1739396.000000,75726.000000,0.043536
105,91,300,0.003325,0.000386,1707747.000000,71150.000000,0.041663
106,92,300,0.003323,0.000320,1753515.000000,75300.000000,0.042942
107,92,300,0.003323,0.000439,1823193.000000,77543.000000,0.042531
108,93,300,0.003326,0.000451,1814198.000000,74536.000000,0.041085
109,94,300,0.003364,0.000332,1811987.000000,76720.000000,0.042340
110,94,300,0.003255,0.000550,2004223.000000,86115.000000,0.042967
111,95,300,0.003328,0.000452,1931846.000000,82037.000000,0.042466
112,96,300,0.003322,0.000416,1946992.000000,82487.000000,0.042366
113,97,300,0.003320,0.000483,2048521.000000,83410.000000,0.040717
114,98,300,0.003322,0.000441,1926089.000000,76547.000000,0.039742
115,99,300,0.003325,0.000351,1891455.000000,73790.000000,0.039012
116,100,300,0.003317,0.000578,2170992.000000,90037.000000,0.041473
117,100,300,0.003327,0.000439,1947232.000000,75134.000000,0.038585
118,101,300,0.003321,0.000390,2064258.000000,83867.000000,0.040628
119,101,300,0.003323,0.000394,2072548.000000,84512.000000,0.040777
120,102,300,0.003330,0.000393,2046212.000000,81327.000000,0.039745
121,103,300,0.003317,0.000469,2098380.000000,84454.000000,0.040247
122,104,300,0.003323,0.000410,2159470.000000,86294.000000,0.039961
123,105,300,0.003321,0.000552,2136857.000000,86553.000000,0.040505
124,106,300,0.003323,0.000441,2246143.000000,91757.000000,0.040851
125,106,300,0.003323,0.000567,2239541.000000,88712.000000,0.039612
126,107,300,0.003320,0.000716,2226011.000000,114342.000000,0.051366
127,108,300,0.003324,0.000414,2181258.000000,86182.000000,0.039510
128,109,300,0.003325,0.000756,2375802.000000,105204.000000,0.044281
129,109,300,0.003363,0.000745,2409797.000000,122149.000000,0.050689
130,110,300,0.003316,0.000439,2191430.000000,82163.000000,0.037493
131,110,300,0.003321,0.000435,2253578.000000,87332.000000,0.038753
132,111,300,0.003328,0.000558,2276998.000000,92048.000000,0.040425
133,112,300,0.003319,0.000445,2245604.000000,87474.000000,0.038953
134,113,300,0.003323,0.000736,2417106.000000,97564.000000,0.040364
135,114,300,0.003328,0.000576,2349960.000000,91271.000000,0.038839
136,114,300,0.003318,0.000544,2408123.000000,96205.000000,0.039950
137,115,300,0.003321,0.000654,2425116.000000,97386.000000,0.040157
138,116,300,0.003323,0.000591,2448341.000000,96595.000000,0.039453
139,117,300,0.003321,0.000482,2439818.000000,96411.000000,0.039516
140,118,300,0.003323,0.000701,2628069.000000,106604.000000,0.040564
141,119,300,0.003323,0.000595,2472017.000000,96482.000000,0.039030
142,120,300,0.003323,0.000525,2599617.000000,103623.000000,0.039861
143,121,300,0.003323,0.000686,2564961.000000,103011.000000,0.040161
144,122,300,0.003326,0.000610,2500537.000000,95275.000000,0.038102
145,123,300,0.003321,0.000504,2494378.000000,93693.000000,0.037562
146,123,300,0.003323,0.000720,2742206.000000,107927.000000,0.039358
147,124,300,0.003323,0.000691,2781363.000000,110925.000000,0.039882
148,125,300,0.003324,0.000582,2811996.000000,110984.000000,0.039468
149,125,300,0.003322,0.000745,2785021.000000,110812.000000,0.039789
150,125,300,0.003325,0.000692,2756359.000000,106009.000000,0.038460
151,125,300,0.003321,0.000582,2827297.000000,110475.000000,0.039074
152,126,300,0.003328,0.000780,2955611.000000,119948.000000,0.040583
153,127,300,0.003322,0.000773,2991743.000000,118043.000000,0.039456
154,128,300,0.003324,0.000628,3006526.000000,118158.000000,0.039301
155,129,300,0.003318,0.000654,2895086.000000,109165.000000,0.037707
156,130,300,0.003324,0.000793,3075518.000000,119273.000000,0.038781
157,131,300,0.003328,0.000643,3089997.000000,119087.000000,0.038540
158,132,300,0.003315,0.000890,3346703.000000,140754.000000,0.042058
159,133,300,0.003325,0.000854,3275649.000000,128153.000000,0.039123
160,134,300,0.003318,0.001195,3448428.000000,163628.000000,0.047450
161,135,300,0.003317,0.000804,3406095.000000,130965.000000,0.038450
162,135,300,0.003332,0.000996,3739299.000000,149488.000000,0.039978
163,135,300,0.003308,0.001111,3774080.000000,158913.000000,0.042106
164,136,300,0.003320,0.000959,3783693.000000,151949.000000,0.040159
165,137,300,0.003320,0.000920,3482991.000000,131299.000000,0.037697
166,138,300,0.003325,0.000851,3529799.000000,134827.000000,0.038197
167,139,300,0.003326,0.000823,3627869.000000,142195.000000,0.039195
168,140,300,0.003323,0.001364,3753241.000000,173660.000000,0.046269
169,141,301,0.003315,0.000882,3635866.000000,133755.000000,0.036788
170,141,300,0.003323,0.000869,3635087.000000,130169.000000,0.035809
171,142,300,0.003324,0.001051,3750091.000000,146001.000000,0.038933
172,143,300,0.003322,0.000816,3874563.000000,144298.000000,0.037242
173,144,300,0.003323,0.000887,3761338.000000,138996.000000,0.036954
174,144,300,0.003327,0.001075,4115822.000000,158439.000000,0.038495
175,144,300,0.003319,0.000941,3830095.000000,140319.000000,0.036636
176,145,300,0.003323,0.000964,3912512.000000,146960.000000,0.037562
177,145,300,0.003327,0.001008,3881652.000000,143954.000000,0.037086
178,146,300,0.003321,0.000953,3928836.000000,146425.000000,0.037269
179,147,300,0.003321,0.000972,4077014.000000,153520.000000,0.037655
180,148,300,0.003327,0.001073,4069957.000000,147578.000000,0.036260
181,149,300,0.003320,0.001069,4347040.000000,167224.000000,0.038468
182,150,300,0.003322,0.001217,4237308.000000,156310.000000,0.036889
183,151,300,0.003324,0.001186,4517904.000000,167497.000000,0.037074
184,152,300,0.003322,0.001006,4551634.000000,171783.000000,0.037741
185,153,300,0.003324,0.001110,4490412.000000,167018.000000,0.037194
186,154,300,0.003324,0.001187,4558748.000000,167781.000000,0.036804
187,155,300,0.003321,0.001123,4548869.000000,169713.000000,0.037309
188,155,300,0.003320,0.001070,4491614.000000,162692.000000,0.036221
189,156,300,0.003332,0.001200,4609125.000000,169810.000000,0.036842
190,157,300,0.003318,0.001114,4469002.000000,159016.000000,0.035582
191,157,300,0.003323,0.001026,4553851.000000,165007.000000,0.036235
192,158,300,0.003326,0.001207,4637954.000000,168746.000000,0.036384
193,158,300,0.003318,0.001154,4639845.000000,170242.000000,0.036691
194,159,300,0.003323,0.001103,4640587.000000,168450.000000,0.036299
195,160,300,0.003330,0.001236,4663228.000000,166032.000000,0.035605
196,161,300,0.003316,0.001274,5024966.000000,189599.000000,0.037731
197,162,300,0.003321,0.001445,5037481.000000,189367.000000,0.037592
198,163,300,0.003330,0.001310,5069955.000000,186747.000000,0.036834
199,164,300,0.003318,0.001250,5062528.000000,187846.000000,0.037105
200,165,300,0.003320,0.001255,5234571.000000,190941.000000,0.036477
201,166,300,0.003327,0.001310,5097793.000000,186212.000000,0.036528
202,167,300,0.003323,0.001218,5402911.000000,204335.000000,0.037819
203,168,300,0.003320,0.001332,5513710.000000,207699.000000,0.037670
204,169,300,0.003329,0.001433,5532531.000000,208141.000000,0.037621
205,170,300,0.003319,0.001357,5403250.000000,198152.000000,0.036673
206,171,300,0.003319,0.001311,5505517.000000,202260.000000,0.036738
207,171,300,0.003330,0.001423,5565475.000000,203024.000000,0.036479
208,172,300,0.003319,0.001406,5629009.000000,203472.000000,0.036147
209,173,300,0.003403,0.001619,5721321.000000,204654.000000,0.035770
210,174,300,0.003327,0.001860,5890620.000000,225523.000000,0.038285
211,175,300,0.003325,0.001312,5810076.000000,205306.000000,0.035336
212,176,300,0.003319,0.001539,6089122.000000,219670.000000,0.036076
213,177,300,0.003325,0.001803,6412720.000000,237531.000000,0.037041
214,177,300,0.003321,0.001467,6456395.000000,234297.000000,0.036289
215,178,300,0.003365,0.002430,6762134.000000,285700.000000,0.042250
216,179,300,0.003326,0.001506,6660939.000000,242138.000000,0.036352
217,180,300,0.003317,0.001732,6538995.000000,237407.000000,0.036306
218,181,300,0.003323,0.001508,6735520.000000,241540.000000,0.035861
219,182,300,0.003348,0.001979,6955027.000000,257957.000000,0.037089
220,183,300,0.003324,0.001768,6820982.000000,249606.000000,0.036594
221,184,300,0.003312,0.001531,6809603.000000,243411.000000,0.035745
222,185,300,0.003325,0.001741,6824732.000000,244764.000000,0.035864
223,186,300,0.003325,0.001575,6943837.000000,252120.000000,0.036308
224,187,300,0.003317,0.001614,7100811.000000,262831.000000,0.037014
225,188,300,0.003338,0.002095,7146695.000000,261631.000000,0.036609
226,189,300,0.003330,0.001796,7105984.000000,253512.000000,0.035676
227,190,300,0.003324,0.001671,7356383.000000,264265.000000,0.035923
228,191,300,0.003327,0.001779,7044967.000000,247047.000000,0.035067
229,191,300,0.003344,0.001641,7194091.000000,252992.000000,0.035167
230,192,300,0.003334,0.001909,7153755.000000,250048.000000,0.034953
231,193,300,0.003334,0.002090,7376821.000000,262294.000000,0.035557
232,193,300,0.003324,0.001726,7499615.000000,260432.000000,0.034726
233,194,300,0.003335,0.001922,7426170.000000,262259.000000,0.035316
234,195,300,0.003337,0.002127,7705656.000000,271380.000000,0.035218
235,196,300,0.003324,0.001733,7640392.000000,265391.000000,0.034735
236,197,300,0.003325,0.001734,7742101.000000,269799.000000,0.034848
237,197,300,0.003334,0.002005,7878110.000000,278514.000000,0.035353
238,198,300,0.003325,0.001786,7893821.000000,277355.000000,0.035136
239,198,300,0.003325,0.001729,7702823.000000,269349.000000,0.034968
240,199,300,0.003331,0.001966,7698422.000000,266417.000000,0.034607
241,200,300,0.003324,0.001782,7887645.000000,276799.000000,0.035093
242,201,300,0.003338,0.002054,8246136.000000,294971.000000,0.035771
243,202,300,0.003340,0.002127,8297186.000000,296774.000000,0.035768
244,203,300,0.003328,0.001894,8287677.000000,297493.000000,0.035896
245,204,300,0.003327,0.001858,8146197.000000,288084.000000,0.035364
246,205,300,0.003339,0.002107,8243104.000000,292823.000000,0.035523
247,206,300,0.003328,0.001865,8230346.000000,293322.000000,0.035639
248,207,300,0.003326,0.001847,8168850.000000,286870.000000,0.035118
249,207,300,0.003337,0.002071,8163273.000000,286289.000000,0.035070
250,208,300,0.003327,0.001858,8155367.000000,283381.000000,0.034748
251,209,300,0.003327,0.001850,8186042.000000,287033.000000,0.035064
252,209,300,0.003339,0.002103,8292330.000000,287820.000000,0.034709
253,210,300,0.003329,0.001872,8304107.000000,288523.000000,0.034745
254,211,300,0.003331,0.001917,8443796.000000,294817.000000,0.034915
255,212,300,0.003344,0.002197,8583402.000000,298924.000000,0.034826
256,213,300,0.003332,0.001928,8498148.000000,295073.000000,0.034722
257,214,300,0.003330,0.001933,8513564.000000,295636.000000,0.034725
258,214,300,0.003343,0.002170,8562841.000000,294784.000000,0.034426
259,215,300,0.003332,0.001936,8613455.000000,297707.000000,0.034563
260,215,300,0.003330,0.001916,8483307.000000,287164.000000,0.033850
261,216,300,0.003343,0.002185,8737105.000000,299320.000000,0.034258
262,216,300,0.003335,0.002013,8922859.000000,306319.000000,0.034330
263,217,300,0.003334,0.002024,8943855.000000,306907.000000,0.034315
264,218,300,0.003346,0.002237,8995441.000000,307416.000000,0.034175
265,218,300,0.003335,0.002020,8935180.000000,303112.000000,0.033923
266,219,300,0.003336,0.002051,9056486.000000,307671.000000,0.033972
267,220,300,0.003340,0.002217,8943973.000000,302423.000000,0.033813
268,221,300,0.003336,0.002064,9098407.000000,308970.000000,0.033959
269,222,300,0.003337,0.002048,9114936.000000,308289.000000,0.033822
270,223,300,0.003350,0.002339,9359991.000000,315384.000000,0.033695
271,223,300,0.003345,0.002217,9731972.000000,336255.000000,0.034552
272,224,300,0.003350,0.002295,9707160.000000,335950.000000,0.034608
273,224,300,0.003344,0.002224,9800637.000000,337916.000000,0.034479
274,225,300,0.003344,0.002205,9718198.000000,332339.000000,0.034198
275,225,300,0.003355,0.002327,9692683.000000,330919.000000,0.034141
276,225,299,0.003343,0.002206,9734526.000000,331626.000000,0.034067
277,225,299,0.003349,0.002285,10051716.000000,346246.000000,0.034446
278,226,299,0.003345,0.002201,9727138.000000,332379.000000,0.034170
279,227,299,0.003344,0.002202,9718339.000000,331687.000000,0.034130
280,228,299,0.003347,0.002255,9902349.000000,336149.000000,0.033946
281,229,299,0.003349,0.002274,10066006.000000,340204.000000,0.033797
282,230,299,0.003348,0.002278,10102781.000000,340595.000000,0.033713
283,231,299,0.003364,0.002278,10102691.000000,340485.000000,0.033702
284,232,299,0.003375,0.002924,10626245.000000,364940.000000,0.034343
285,232,299,0.003352,0.002381,10361635.000000,351165.000000,0.033891
286,233,299,0.003354,0.002386,10424564.000000,357128.000000,0.034258
287,234,299,0.003357,0.002431,10577428.000000,363237.000000,0.034341
288,235,299,0.003356,0.002429,10606795.000000,362594.000000,0.034185
289,235,299,0.003360,0.002366,10550512.000000,365421.000000,0.034635
290,236,299,0.003357,0.002422,10514696.000000,355983.000000,0.033856
291,236,299,0.003355,0.002404,10507292.000000,355793.000000,0.033862
292,237,299,0.003366,0.002464,10678052.000000,366219.000000,0.034296
293,237,299,0.003353,0.002431,10659068.000000,363079.000000,0.034063
294,238,299,0.003359,0.002496,10872450.000000,370720.000000,0.034097
295,239,299,0.003358,0.002463,10748170.000000,367049.000000,0.034150
296,240,299,0.003357,0.002464,10778376.000000,364798.000000,0.033845
297,240,299,0.003358,0.002483,10827663.000000,367426.000000,0.033934
298,240,299,0.003359,0.002493,10861013.000000,367168.000000,0.033806
299,241,299,0.003366,0.002612,11054733.000000,375894.000000,0.034003
300,242,298,0.003364,0.002578,11147049.000000,375791.000000,0.033712
301,242,298,0.003358,0.002461,10900044.000000,360888.000000,0.033109
302,243,298,0.003384,0.002964,11824805.000000,411092.000000,0.034765
303,244,298,0.003363,0.002576,11323349.000000,375446.000000,0.033157
304,245,298,0.003362,0.002577,11296212.000000,371222.000000,0.032863
305,246,298,0.003364,0.002592,11374802.000000,375863.000000,0.033043
306,247,298,0.003368,0.002665,11664526.000000,392133.000000,0.033618
307,248,298,0.003370,0.002700,11851429.000000,398824.000000,0.033652
308,249,298,0.003373,0.002764,12082903.000000,408010.000000,0.033768
309,250,298,0.003372,0.002734,11949777.000000,397718.000000,0.033282
310,251,298,0.003372,0.002754,12078264.000000,401182.000000,0.033215
311,252,298,0.003372,0.002765,12116056.000000,404253.000000,0.033365
312,253,298,0.003373,0.002764,12178421.000000,403972.000000,0.033171
313,253,298,0.003377,0.002818,12390339.000000,410264.000000,0.033112
314,254,298,0.003374,0.002795,12225821.000000,400436.000000,0.032753
315,255,298,0.003377,0.002838,12498986.000000,412720.000000,0.033020
316,256,298,0.003371,0.002941,12814930.000000,427585.000000,0.033366
317,257,298,0.003345,0.002995,13034328.000000,436483.000000,0.033487
318,258,297,0.003659,0.003294,13134924.000000,436980.000000,0.033269
319,259,297,0.003385,0.002985,13068653.000000,432905.000000,0.033125
320,260,297,0.003385,0.003064,13295281.000000,446690.000000,0.033598
321,261,296,0.003686,0.003345,13388009.000000,451475.000000,0.033722
322,262,296,0.003443,0.003108,13504136.000000,454358.000000,0.033646
323,263,296,0.003456,0.003110,13522192.000000,452549.000000,0.033467
324,264,296,0.003446,0.003129,13623698.000000,450141.000000,0.033041
325,265,296,0.003464,0.003125,13638330.000000,450301.000000,0.033017
326,266,295,0.003552,0.003218,14038247.000000,465662.000000,0.033171
327,267,295,0.003523,0.003180,13871547.000000,455372.000000,0.032828
328,268,295,0.003579,0.003244,14099028.000000,465315.000000,0.033003
329,269,294,0.003592,0.003268,14215813.000000,468422.000000,0.032951
330,270,294,0.003563,0.003223,14112651.000000,458337.000000,0.032477
331,271,293,0.003797,0.003453,14311569.000000,465594.000000,0.032533
332,272,293,0.003681,0.003337,14408415.000000,467899.000000,0.032474
333,273,293,0.003661,0.003340,14531169.000000,471357.000000,0.032438
334,274,292,0.003724,0.003382,14491398.000000,475433.000000,0.032808
335,275,292,0.003638,0.003303,14483772.000000,468396.000000,0.032339
336,275,291,0.003718,0.003390,14776964.000000,484822.000000,0.032809
337,276,290,0.003805,0.003467,15051483.000000,496701.000000,0.033000
338,277,290,0.003807,0.003477,15083533.000000,492355.000000,0.032642
339,278,289,0.003828,0.003496,15189628.000000,502200.000000,0.033062
340,278,288,0.003849,0.003509,15275211.000000,503308.000000,0.032949
341,279,288,0.003849,0.003512,15299038.000000,503425.000000,0.032906
342,280,287,0.003957,0.003632,15696179.000000,517097.000000,0.032944
343,280,286,0.003877,0.003544,15426047.000000,506890.000000,0.032859
344,281,286,0.003854,0.003522,15334392.000000,501011.000000,0.032672
345,282,285,0.003945,0.003607,15678997.000000,515380.000000,0.032871
346,282,284,0.003930,0.003597,15570126.000000,505282.000000,0.032452
347,283,283,0.004042,0.003705,16013227.000000,526776.000000,0.032896
348,284,282,0.004091,0.003753,16265453.000000,536574.000000,0.032989
349,285,281,0.004078,0.003744,16239876.000000,535286.000000,0.032961
350,286,280,0.004056,0.003735,16195887.000000,530424.000000,0.032751
351,287,279,0.004089,0.003755,16256985.000000,534664.000000,0.032888
352,287,278,0.004218,0.003878,16654067.000000,557160.000000,0.033455
353,288,277,0.004266,0.003909,16826859.000000,563737.000000,0.033502
354,289,276,0.004239,0.003914,16849597.000000,556751.000000,0.033042
355,290,274,0.004477,0.004117,16973797.000000,563476.000000,0.033197
356,291,273,0.004557,0.004190,17196679.000000,576963.000000,0.033551
357,292,272,0.004374,0.004025,17181382.000000,565599.000000,0.032919
358,292,270,0.004320,0.003984,17157658.000000,563007.000000,0.032814
359,293,269,0.004337,0.003985,17163894.000000,561379.000000,0.032707
360,294,268,0.004322,0.003988,17182722.000000,559677.000000,0.032572
361,294,267,0.004330,0.003975,17197734.000000,563575.000000,0.032770
362,295,266,0.004336,0.004005,17291315.000000,560282.000000,0.032403
363,296,265,0.004400,0.004062,17540764.000000,571948.000000,0.032607
364,296,263,0.004515,0.004158,17915469.000000,589283.000000,0.032892
365,297,262,0.004587,0.004233,18235676.000000,601845.000000,0.033004
366,298,261,0.004504,0.004182,17983720.000000,585326.000000,0.032548
367,299,259,0.004580,0.004228,18282965.000000,599457.000000,0.032788
368,300,258,0.004600,0.004258,18380432.000000,603952.000000,0.032858
369,301,256,0.004541,0.004216,18158682.000000,595390.000000,0.032788
370,302,255,0.004633,0.004290,18461614.000000,603747.000000,0.032703
371,303,254,0.004701,0.004338,18668486.000000,614185.000000,0.032900
372,304,252,0.004779,0.004424,18954410.000000,626731.000000,0.033065
373,304,251,0.004746,0.004402,18923804.000000,622482.000000,0.032894
374,304,249,0.004773,0.004416,18965179.000000,628088.000000,0.033118
375,304,248,0.004717,0.004366,18851301.000000,621193.000000,0.032952
376,305,246,0.004738,0.004398,18878950.000000,621159.000000,0.032902
377,306,245,0.004744,0.004394,18840981.000000,617918.000000,0.032796
378,307,244,0.004928,0.004566,19208023.000000,633083.000000,0.032959
379,307,242,0.004722,0.004366,18856939.000000,613706.000000,0.032545
380,308,241,0.004737,0.004406,18893874.000000,610722.000000,0.032324
381,309,240,0.004809,0.004458,19136105.000000,624645.000000,0.032642
382,309,239,0.004810,0.004456,19218731.000000,619544.000000,0.032236
383,309,237,0.004836,0.004493,19370500.000000,625250.000000,0.032278
384,310,236,0.004886,0.004528,19588618.000000,630199.000000,0.032172
385,311,235,0.004916,0.004568,19768506.000000,636159.000000,0.032180
386,312,233,0.005008,0.004647,20040541.000000,649904.000000,0.032429
387,312,232,0.004923,0.004579,19717505.000000,631666.000000,0.032036
388,313,231,0.004954,0.004599,19803746.000000,637481.000000,0.032190
389,314,230,0.005009,0.004657,20043952.000000,651032.000000,0.032480
390,314,228,0.005049,0.004710,20231825.000000,653539.000000,0.032303
391,315,227,0.005219,0.004839,20803592.000000,679138.000000,0.032645
392,315,226,0.005167,0.004811,20610467.000000,667444.000000,0.032384
393,316,225,0.005178,0.004843,20750276.000000,670149.000000,0.032296
394,317,223,0.005193,0.004846,20803450.000000,676943.000000,0.032540
395,318,222,0.005210,0.004852,20932064.000000,675730.000000,0.032282
396,319,221,0.005309,0.004934,21304113.000000,688205.000000,0.032304
397,320,219,0.005350,0.005000,21555202.000000,690996.000000,0.032057
398,320,218,0.005553,0.005160,21765341.000000,703313.000000,0.032313
399,320,217,0.005425,0.005064,21764911.000000,697531.000000,0.032048
400,321,216,0.005417,0.005065,21730868.000000,694700.000000,0.031968
401,321,214,0.005412,0.005052,21757021.000000,696661.000000,0.032020
402,322,213,0.005415,0.005057,21771262.000000,698801.000000,0.032097
403,323,212,0.005406,0.005048,21729400.000000,694810.000000,0.031976
404,324,211,0.005466,0.005108,21968503.000000,708748.000000,0.032262
405,325,210,0.005475,0.005110,21983538.000000,710843.000000,0.032335
406,326,209,0.005455,0.005112,21988941.000000,704378.000000,0.032033
407,327,208,0.005481,0.005111,22042750.000000,708789.000000,0.032155
408,328,207,0.005464,0.005108,22037145.000000,702908.000000,0.031897
409,329,206,0.005461,0.005118,22094008.000000,701785.000000,0.031764
410,330,205,0.005553,0.005185,22327633.000000,713374.000000,0.031950
411,331,204,0.005556,0.005194,22400848.000000,712977.000000,0.031828
412,331,203,0.005631,0.005277,22488173.000000,713999.000000,0.031750
413,332,202,0.005598,0.005210,22581270.000000,713772.000000,0.031609
414,333,201,0.005704,0.005339,23071421.000000,735727.000000,0.031889
415,334,200,0.005666,0.005295,22937611.000000,726557.000000,0.031675
416,335,199,0.006030,0.005652,23725474.000000,765555.000000,0.032267
417,336,198,0.005783,0.005396,23342672.000000,743560.000000,0.031854
418,336,197,0.005817,0.005466,23481555.000000,745208.000000,0.031736
419,337,196,0.005826,0.005442,23498603.000000,743453.000000,0.031638
420,337,195,0.005920,0.005537,23855667.000000,759060.000000,0.031819
421,338,194,0.005815,0.005459,23588646.000000,748524.000000,0.031732
422,339,193,0.005884,0.005515,23873942.000000,756298.000000,0.031679
423,340,192,0.005828,0.005483,23731068.000000,745844.000000,0.031429
424,341,191,0.005943,0.005571,24146182.000000,761897.000000,0.031554
425,341,191,0.005836,0.005479,23834290.000000,746759.000000,0.031331
426,342,190,0.005807,0.005463,23749580.000000,740478.000000,0.031179
427,343,189,0.005938,0.005572,24152184.000000,760761.000000,0.031499
428,344,188,0.005846,0.005484,23858350.000000,743344.000000,0.031157
429,344,187,0.005944,0.005587,24192653.000000,759598.000000,0.031398
430,345,187,0.006055,0.005687,24630491.000000,775399.000000,0.031481
431,345,186,0.005973,0.005607,24359797.000000,768053.000000,0.031530
432,346,185,0.006112,0.005750,24817157.000000,781923.000000,0.031507
433,347,184,0.006170,0.005783,24844289.000000,776021.000000,0.031235
434,348,183,0.006230,0.005839,25397684.000000,788405.000000,0.031042
435,349,183,0.006155,0.005801,25197507.000000,782999.000000,0.031074
436,350,182,0.006139,0.005759,25148547.000000,776289.000000,0.030868
437,351,181,0.006143,0.005767,25150570.000000,774485.000000,0.030794
438,352,180,0.006215,0.005845,25441463.000000,783776.000000,0.030807
439,352,180,0.006203,0.005840,25437670.000000,784142.000000,0.030826
440,352,179,0.006182,0.005829,25373418.000000,782098.000000,0.030824
441,353,178,0.006308,0.005928,25785156.000000,801396.000000,0.031080
442,354,177,0.006251,0.005877,25630126.000000,786417.000000,0.030683
443,355,176,0.006301,0.005938,25822274.000000,795716.000000,0.030815
444,356,176,0.006378,0.005992,26101542.000000,804459.000000,0.030820
445,356,175,0.006336,0.005981,25973012.000000,796428.000000,0.030664
446,357,174,0.006410,0.006033,26221157.000000,804747.000000,0.030691
447,358,173,0.006458,0.006079,26414051.000000,813986.000000,0.030816
448,359,173,0.006431,0.006067,26371668.000000,804094.000000,0.030491
449,359,172,0.006585,0.006178,26475534.000000,811221.000000,0.030640
450,360,171,0.006489,0.006109,26626651.000000,812138.000000,0.030501
451,360,171,0.006472,0.006102,26640830.000000,806776.000000,0.030283
452,360,170,0.006530,0.006140,26790858.000000,818940.000000,0.030568
453,361,169,0.006639,0.006229,27008917.000000,827316.000000,0.030631
454,362,169,0.006580,0.006182,26956786.000000,820722.000000,0.030446
455,363,168,0.006602,0.006221,27098149.000000,825979.000000,0.030481
456,364,167,0.006791,0.006426,27724031.000000,850152.000000,0.030665
457,365,167,0.006721,0.006326,27541629.000000,842437.000000,0.030588
458,366,166,0.006779,0.006350,27602210.000000,839035.000000,0.030397
459,367,165,0.006942,0.006487,27771776.000000,847034.000000,0.030500
460,367,165,0.006839,0.006445,28041703.000000,852448.000000,0.030399
461,367,164,0.006840,0.006461,28066461.000000,852477.000000,0.030374
462,368,163,0.006916,0.006523,28296946.000000,865637.000000,0.030591
463,369,163,0.006894,0.006517,28239198.000000,861002.000000,0.030490
464,370,162,0.007145,0.006730,28496051.000000,870440.000000,0.030546
465,370,161,0.006988,0.006605,28597566.000000,872258.000000,0.030501
466,370,161,0.006945,0.006544,28399636.000000,868893.000000,0.030595
467,371,160,0.007060,0.006664,28837065.000000,882575.000000,0.030606
468,372,159,0.007086,0.006698,28886660.000000,880292.000000,0.030474
469,373,159,0.007100,0.006701,28942524.000000,880960.000000,0.030438
470,374,158,0.007089,0.006691,29001722.000000,876708.000000,0.030230
471,375,157,0.007188,0.006778,29250128.000000,888665.000000,0.030382
472,376,157,0.007180,0.006791,29335593.000000,889854.000000,0.030334
473,377,156,0.007188,0.006797,29353779.000000,891213.000000,0.030361
474,378,155,0.007268,0.006867,29609900.000000,900408.000000,0.030409
475,379,155,0.007260,0.006848,29635904.000000,895893.000000,0.030230
476,380,154,0.007347,0.006939,29873323.000000,900893.000000,0.030157
477,381,153,0.007337,0.006951,29889566.000000,897757.000000,0.030036
478,382,153,0.007519,0.007111,30073297.000000,903752.000000,0.030052
479,383,152,0.007312,0.006914,30077587.000000,904710.000000,0.030079
480,384,152,0.007398,0.006992,30285109.000000,903924.000000,0.029847
481,385,151,0.007594,0.007175,30407161.000000,916145.000000,0.030129
482,386,150,0.007355,0.006961,30314134.000000,903858.000000,0.029816
483,386,150,0.007400,0.007004,30488593.000000,916039.000000,0.030045
484,387,149,0.007391,0.006994,30461054.000000,911681.000000,0.029929
485,388,149,0.007417,0.007005,30604559.000000,914966.000000,0.029896
486,389,148,0.007659,0.007132,31071544.000000,939127.000000,0.030225
487,390,147,0.007483,0.007090,30866679.000000,926492.000000,0.030016
488,391,147,0.007496,0.007115,30971331.000000,924740.000000,0.029858
489,391,146,0.007526,0.007121,31032196.000000,927843.000000,0.029899
490,392,146,0.007517,0.007108,30977673.000000,918569.000000,0.029653
491,393,145,0.007853,0.007419,31163112.000000,932410.000000,0.029920
492,393,145,0.007636,0.007218,31156440.000000,925281.000000,0.029698
493,394,144,0.007781,0.007379,31183752.000000,927168.000000,0.029732
494,395,143,0.007669,0.007256,31553752.000000,937256.000000,0.029703
495,396,143,0.007658,0.007255,31488380.000000,930841.000000,0.029561
496,397,142,0.007805,0.007405,31951781.000000,960348.000000,0.030056
497,397,142,0.007732,0.007324,31781501.000000,948154.000000,0.029834
498,398,141,0.007780,0.007361,31960278.000000,952375.000000,0.029799
499,399,141,0.007708,0.007301,31767752.000000,936474.000000,0.029479
500,400,140,0.007765,0.007361,32020605.000000,942359.000000,0.029430
501,401,140,0.007736,0.007333,31972136.000000,937309.000000,0.029316
502,401,139,0.007824,0.007401,32299305.000000,949051.000000,0.029383
503,402,139,0.007821,0.007415,32285720.000000,946608.000000,0.029320
504,403,138,0.008392,0.007935,33159335.000000,980524.000000,0.029570
505,404,138,0.008143,0.007720,32713160.000000,958369.000000,0.029296
506,405,137,0.008414,0.007973,33299926.000000,980649.000000,0.029449
507,406,136,0.008077,0.007646,33106560.000000,973350.000000,0.029401
508,407,136,0.008033,0.007605,33213366.000000,974674.000000,0.029346
509,408,136,0.007985,0.007592,33142057.000000,973038.000000,0.029360
510,409,135,0.008083,0.007645,33322267.000000,977267.000000,0.029328
511,410,135,0.008041,0.007623,33267846.000000,975119.000000,0.029311
512,411,134,0.008129,0.007714,33395316.000000,971213.000000,0.029082
513,412,134,0.008269,0.007844,33440074.000000,973542.000000,0.029113
514,412,133,0.008273,0.007873,33683389.000000,981105.000000,0.029127
515,413,133,0.008313,0.007800,33529877.000000,977516.000000,0.029154
516,414,132,0.008375,0.007967,33717609.000000,974911.000000,0.028914
517,415,132,0.008330,0.007899,33875714.000000,979447.000000,0.028913
518,416,131,0.008417,0.007986,34206098.000000,987486.000000,0.028869
519,417,131,0.008568,0.008137,34621122.000000,1014131.000000,0.029292
520,417,130,0.008483,0.008064,34531618.000000,1009247.000000,0.029227
521,418,130,0.008547,0.008077,34614273.000000,1010968.000000,0.029207
522,418,129,0.008501,0.008066,34704869.000000,1007001.000000,0.029016
523,419,129,0.008621,0.008169,35033055.000000,1020077.000000,0.029118
524,420,128,0.008693,0.008254,35232456.000000,1023156.000000,0.029040
525,421,128,0.008769,0.008351,35553220.000000,1029447.000000,0.028955
526,422,127,0.008764,0.008323,35546943.000000,1029121.000000,0.028951
527,423,127,0.008773,0.008345,35569015.000000,1025337.000000,0.028827
528,424,126,0.008967,0.008520,36007815.000000,1041085.000000,0.028913
529,425,126,0.008890,0.008456,35937775.000000,1038445.000000,0.028896
530,426,125,0.009018,0.008506,36447351.000000,1058141.000000,0.029032
531,427,125,0.009007,0.008564,36486803.000000,1066489.000000,0.029229
532,428,124,0.009025,0.008578,36695961.000000,1077885.000000,0.029373
533,429,124,0.009008,0.008585,36658108.000000,1075640.000000,0.029342
534,429,124,0.009067,0.008621,36814213.000000,1079236.000000,0.029316
535,430,123,0.009062,0.008629,36792522.000000,1075534.000000,0.029232
536,431,123,0.009077,0.008631,36952186.000000,1073295.000000,0.029046
537,432,122,0.009093,0.008667,36920409.000000,1071333.000000,0.029017
538,432,122,0.009112,0.008665,37139333.000000,1066317.000000,0.028711
539,432,121,0.009503,0.009015,37417467.000000,1077657.000000,0.028801
540,433,121,0.010190,0.009726,37958018.000000,1088711.000000,0.028682
541,433,120,0.008966,0.008524,37200791.000000,1068178.000000,0.028714
542,434,120,0.008941,0.008495,37176642.000000,1055566.000000,0.028393
543,435,119,0.008978,0.008559,37316787.000000,1064955.000000,0.028538
544,436,119,0.008988,0.008576,37401818.000000,1060206.000000,0.028346
545,437,119,0.009086,0.008662,37743085.000000,1078142.000000,0.028565
546,438,118,0.009051,0.008642,37658448.000000,1067523.000000,0.028348
547,438,118,0.009131,0.008730,38029642.000000,1081763.000000,0.028445
548,439,118,0.009231,0.008808,38316339.000000,1092755.000000,0.028519
549,440,117,0.009278,0.008871,38509897.000000,1097192.000000,0.028491
550,441,117,0.009850,0.009416,38569883.000000,1098692.000000,0.028486
551,441,116,0.009280,0.008866,38612100.000000,1098544.000000,0.028451
552,442,116,0.009567,0.009119,39367025.000000,1136797.000000,0.028877
553,443,115,0.009457,0.009032,39168387.000000,1123760.000000,0.028690
554,444,115,0.009590,0.009163,39654890.000000,1137918.000000,0.028696
555,445,115,0.009507,0.009084,39378758.000000,1124455.000000,0.028555
556,446,114,0.009511,0.009098,39371540.000000,1109028.000000,0.028168
557,446,114,0.009566,0.009124,39635987.000000,1121995.000000,0.028307
558,446,113,0.009663,0.009227,39913111.000000,1134765.000000,0.028431
559,447,113,0.009624,0.009163,39753858.000000,1121251.000000,0.028205
560,447,113,0.009950,0.009514,40154551.000000,1144726.000000,0.028508
561,448,112,0.009906,0.009418,40254146.000000,1148232.000000,0.028525
562,448,112,0.009772,0.009311,40295586.000000,1146850.000000,0.028461
563,448,111,0.009716,0.009299,40341375.000000,1142519.000000,0.028321
564,448,111,0.009688,0.009268,40384487.000000,1146289.000000,0.028384
565,448,111,0.009678,0.009276,40370841.000000,1145387.000000,0.028372
566,449,110,0.009769,0.009338,40687011.000000,1150567.000000,0.028278
567,449,110,0.009815,0.009387,40915671.000000,1155012.000000,0.028229
568,450,110,0.009781,0.009375,40790490.000000,1147355.000000,0.028128
569,451,109,0.009918,0.009463,41186225.000000,1169291.000000,0.028390
570,452,109,0.010159,0.009745,41063776.000000,1160342.000000,0.028257
571,452,109,0.010102,0.009651,41300629.000000,1172357.000000,0.028386
572,452,108,0.010123,0.009698,41363368.000000,1176216.000000,0.028436
573,453,108,0.010177,0.009751,41690118.000000,1187067.000000,0.028474
574,454,107,0.010225,0.009759,41961205.000000,1190353.000000,0.028368
575,455,107,0.010237,0.009801,42105187.000000,1187414.000000,0.028201
576,456,107,0.010419,0.009941,42664444.000000,1206631.000000,0.028282
577,457,106,0.010292,0.009853,42359001.000000,1193656.000000,0.028180
578,458,106,0.010311,0.009883,42596918.000000,1199475.000000,0.028159
579,459,106,0.010393,0.009870,42647809.000000,1205405.000000,0.028264
580,460,105,0.010549,0.010116,42806625.000000,1206563.000000,0.028186
581,461,105,0.010476,0.010054,43209088.000000,1219599.000000,0.028226
582,461,104,0.010459,0.010014,43061335.000000,1219814.000000,0.028327
583,462,104,0.010426,0.010001,43077006.000000,1212333.000000,0.028143
584,463,104,0.010596,0.010157,43495079.000000,1231908.000000,0.028323
585,463,103,0.010654,0.010226,43921283.000000,1236079.000000,0.028143
586,464,103,0.010671,0.010237,43911690.000000,1242209.000000,0.028289
587,464,103,0.010670,0.010224,43989617.000000,1239835.000000,0.028185
588,464,102,0.010560,0.010143,43660878.000000,1227305.000000,0.028110
589,465,102,0.010592,0.010162,43714010.000000,1226287.000000,0.028052
590,465,102,0.010795,0.010352,44069032.000000,1233376.000000,0.027987
591,465,102,0.010586,0.010158,43914087.000000,1227244.000000,0.027946
592,466,101,0.010616,0.010184,44033631.000000,1235906.000000,0.028067
593,466,101,0.010700,0.010266,44291808.000000,1249247.000000,0.028205
594,467,101,0.010666,0.010243,44149604.000000,1243781.000000,0.028172
595,468,100,0.010778,0.010265,44649046.000000,1262345.000000,0.028273
596,469,100,0.010894,0.010338,44658320.000000,1259557.000000,0.028204
597,470,100,0.010781,0.010346,44680694.000000,1252533.000000,0.028033
598,471,100,0.010916,0.010461,44999100.000000,1267712.000000,0.028172
599,472,99,0.011048,0.010618,44927340.000000,1267538.000000,0.028213
600,473,99,0.010936,0.010507,45192466.000000,1272269.000000,0.028152
601,474,99,0.010926,0.010476,45217375.000000,1278270.000000,0.028269
602,474,98,0.011056,0.010624,45668631.000000,1289382.000000,0.028233
603,475,98,0.011074,0.010641,45727647.000000,1288996.000000,0.028189
604,476,98,0.011213,0.010752,46238105.000000,1310040.000000,0.028332
605,477,97,0.011143,0.010691,46032319.000000,1291885.000000,0.028065
606,478,97,0.011244,0.010815,46555850.000000,1302789.000000,0.027983
607,478,97,0.011277,0.010834,46451189.000000,1301010.000000,0.028008
608,478,96,0.011432,0.010989,46843490.000000,1313575.000000,0.028042
609,479,96,0.011259,0.010824,46561116.000000,1305198.000000,0.028032
610,480,96,0.011346,0.010903,46933425.000000,1319383.000000,0.028112
611,481,96,0.011372,0.010922,47155761.000000,1323996.000000,0.028077
612,482,95,0.011564,0.011093,47753354.000000,1346025.000000,0.028187
613,483,95,0.011521,0.011038,47471869.000000,1334774.000000,0.028117
614,483,95,0.011763,0.011270,48197585.000000,1365271.000000,0.028327
615,483,94,0.011649,0.011178,47903949.000000,1353435.000000,0.028253
616,484,94,0.011689,0.011225,48174505.000000,1356440.000000,0.028157
617,485,94,0.011922,0.011459,48367817.000000,1361640.000000,0.028152
618,485,93,0.011629,0.011186,48301650.000000,1353039.000000,0.028012
619,486,93,0.011616,0.011172,48378181.000000,1359811.000000,0.028108
620,487,93,0.011727,0.011277,48557703.000000,1365252.000000,0.028116
621,488,93,0.011752,0.011304,48666955.000000,1368973.000000,0.028129
622,489,92,0.011737,0.011299,48807082.000000,1371937.000000,0.028109
623,490,92,0.011810,0.011350,48840027.000000,1376410.000000,0.028182
624,490,92,0.011844,0.011392,49006126.000000,1379686.000000,0.028153
625,491,91,0.012032,0.011558,49164960.000000,1391098.000000,0.028295
626,492,91,0.011938,0.011497,49266862.000000,1382912.000000,0.028070
627,493,91,0.011990,0.011535,49557870.000000,1395217.000000,0.028153
628,494,90,0.012012,0.011572,49538512.000000,1392282.000000,0.028105
629,494,90,0.011966,0.011524,49500127.000000,1389582.000000,0.028072
630,495,90,0.011973,0.011501,49511444.000000,1389492.000000,0.028064
631,495,90,0.012444,0.011925,49673394.000000,1395491.000000,0.028093
632,495,89,0.012193,0.011744,49871733.000000,1393858.000000,0.027949
633,496,89,0.012367,0.011882,49903426.000000,1398548.000000,0.028025
634,496,89,0.012285,0.011838,50322947.000000,1411633.000000,0.028051
635,497,88,0.012286,0.011810,49967385.000000,1402464.000000,0.028068
636,498,88,0.012389,0.011931,50448480.000000,1413969.000000,0.028028
637,498,88,0.012557,0.012088,50744929.000000,1426374.000000,0.028109
638,499,88,0.012507,0.012042,50633808.000000,1431154.000000,0.028265
639,499,87,0.012070,0.011632,50526336.000000,1421675.000000,0.028137
640,499,87,0.012049,0.011614,50580607.000000,1427169.000000,0.028216
641,500,87,0.012278,0.011822,51037662.000000,1437285.000000,0.028161
642,500,87,0.012361,0.011891,51773613.000000,1459735.000000,0.028195
643,501,86,0.012547,0.012062,52280759.000000,1474145.000000,0.028197
644,502,86,0.012904,0.012422,51917882.000000,1471441.000000,0.028342
645,503,86,0.012826,0.012339,52292548.000000,1471860.000000,0.028147
646,504,86,0.012633,0.012165,52286620.000000,1474641.000000,0.028203
647,505,85,0.012681,0.012232,52504046.000000,1476832.000000,0.028128
648,506,85,0.012695,0.012233,52622374.000000,1487962.000000,0.028276
649,507,85,0.012892,0.012442,52755764.000000,1489459.000000,0.028233
650,508,85,0.012732,0.012278,52658991.000000,1479596.000000,0.028098
651,508,84,0.012776,0.012289,52738628.000000,1484841.000000,0.028155
652,508,84,0.012906,0.012426,53389534.000000,1504055.000000,0.028171
653,509,84,0.012820,0.012356,52956924.000000,1490694.000000,0.028149
654,510,84,0.012873,0.012425,53180209.000000,1493169.000000,0.028078
655,511,83,0.012876,0.012404,53239334.000000,1496434.000000,0.028108
656,511,83,0.013029,0.012563,54051558.000000,1513809.000000,0.028007
657,512,83,0.013354,0.012878,54270702.000000,1533188.000000,0.028251
658,512,83,0.013085,0.012615,54209079.000000,1520343.000000,0.028046
659,512,82,0.013057,0.012592,54204276.000000,1518394.000000,0.028012
660,513,82,0.013090,0.012615,54267554.000000,1523251.000000,0.028069
661,514,82,0.013109,0.012651,54384712.000000,1516366.000000,0.027882
662,515,82,0.013326,0.012870,55219991.000000,1544642.000000,0.027973
663,516,81,0.013223,0.012760,54771172.000000,1531051.000000,0.027954
664,517,81,0.013348,0.012879,55313016.000000,1552291.000000,0.028064
665,518,81,0.013852,0.013371,55866005.000000,1567501.000000,0.028058
666,518,80,0.013738,0.013245,55679334.000000,1548841.000000,0.027817
667,519,80,0.013297,0.012802,55552826.000000,1543602.000000,0.027786
668,520,80,0.013379,0.012889,55794934.000000,1549607.000000,0.027773
669,521,80,0.013369,0.012898,56062073.000000,1563124.000000,0.027882
670,522,80,0.013456,0.012980,56445930.000000,1582601.000000,0.028037
671,523,79,0.013516,0.013049,56664470.000000,1582663.000000,0.027930
672,524,79,0.013736,0.013262,56901090.000000,1594391.000000,0.028020
673,524,79,0.013639,0.013171,57210461.000000,1597931.000000,0.027931
674,525,79,0.013653,0.013160,57325442.000000,1600984.000000,0.027928
675,526,78,0.013724,0.013244,57761152.000000,1612082.000000,0.027909
676,527,78,0.013735,0.013273,57713444.000000,1605344.000000,0.027816
677,527,78,0.013914,0.013354,58129819.000000,1631260.000000,0.028062
678,528,78,0.013732,0.013267,57867780.000000,1608897.000000,0.027803
679,529,78,0.014131,0.013651,58154773.000000,1624936.000000,0.027942
680,530,77,0.014477,0.013982,58694414.000000,1641997.000000,0.027975
681,531,77,0.014101,0.013602,58850563.000000,1646559.000000,0.027979
682,531,77,0.014165,0.013682,58770811.000000,1636880.000000,0.027852
683,532,77,0.014056,0.013574,58740880.000000,1633147.000000,0.027803
684,532,76,0.014299,0.013827,59606004.000000,1665845.000000,0.027948
685,533,76,0.014157,0.013691,59173617.000000,1648298.000000,0.027855
686,534,76,0.014395,0.013899,59543363.000000,1654455.000000,0.027786
687,535,76,0.014152,0.013660,59182110.000000,1637221.000000,0.027664
688,536,75,0.014347,0.013867,59881941.000000,1663020.000000,0.027772
689,537,75,0.014355,0.013894,59958592.000000,1657129.000000,0.027638
690,538,75,0.014280,0.013828,59999103.000000,1657026.000000,0.027618
691,539,75,0.014287,0.013840,59994112.000000,1657297.000000,0.027624
692,540,75,0.014786,0.014323,60395146.000000,1673502.000000,0.027709
693,541,74,0.014870,0.014391,61130467.000000,1698430.000000,0.027784
694,542,74,0.014929,0.014455,60845985.000000,1692862.000000,0.027822
695,543,74,0.014564,0.014071,60634040.000000,1681118.000000,0.027726
696,543,74,0.014678,0.014163,61226796.000000,1699470.000000,0.027757
697,543,74,0.014757,0.014245,61517461.000000,1703076.000000,0.027684
698,544,73,0.014768,0.014257,61600606.000000,1703713.000000,0.027657
699,545,73,0.014716,0.014225,61501773.000000,1698056.000000,0.027610
700,546,73,0.015124,0.014655,62143284.000000,1721207.000000,0.027697
701,547,73,0.015188,0.014684,62032169.000000,1722847.000000,0.027773
702,548,72,0.014915,0.014448,62301296.000000,1724374.000000,0.027678
703,549,72,0.014890,0.014403,62220968.000000,1721033.000000,0.027660
704,550,72,0.015073,0.014584,62911946.000000,1736620.000000,0.027604
705,550,72,0.014945,0.014454,62521102.000000,1720357.000000,0.027516
706,551,72,0.014966,0.014488,62580308.000000,1724562.000000,0.027558
707,552,71,0.015340,0.014870,63351594.000000,1744353.000000,0.027534
708,553,71,0.015166,0.014688,63430429.000000,1754980.000000,0.027668
709,553,71,0.015225,0.014756,63723480.000000,1764510.000000,0.027690
710,554,71,0.015028,0.014564,63313430.000000,1750034.000000,0.027641
711,555,70,0.015210,0.014738,63714657.000000,1756791.000000,0.027573
712,556,70,0.015366,0.014884,64189629.000000,1777757.000000,0.027695
713,556,70,0.015446,0.014976,64332001.000000,1789174.000000,0.027812
714,557,70,0.015352,0.014882,64467982.000000,1797755.000000,0.027886
715,558,70,0.015395,0.014933,64625086.000000,1798896.000000,0.027836
716,559,69,0.015474,0.015000,65071979.000000,1807520.000000,0.027777
717,560,69,0.015489,0.015030,65152616.000000,1806215.000000,0.027723
718,561,69,0.015420,0.014966,65005214.000000,1797108.000000,0.027646
719,562,69,0.015445,0.014981,65131174.000000,1790776.000000,0.027495
720,563,69,0.015709,0.015241,65723023.000000,1808627.000000,0.027519
721,564,68,0.015588,0.015116,65640020.000000,1805500.000000,0.027506
722,565,68,0.015719,0.015258,66103069.000000,1830089.000000,0.027685
723,566,68,0.015741,0.015270,66116128.000000,1826906.000000,0.027632
724,567,68,0.015685,0.015230,66111246.000000,1820492.000000,0.027537
725,568,68,0.016240,0.015740,66306178.000000,1826575.000000,0.027548
726,569,68,0.016423,0.015953,66750515.000000,1837330.000000,0.027525
727,570,67,0.016078,0.015601,66762017.000000,1835002.000000,0.027486
728,570,67,0.016011,0.015544,66707933.000000,1835051.000000,0.027509
729,570,67,0.015928,0.015452,66700558.000000,1829225.000000,0.027424
730,571,67,0.015977,0.015509,67005221.000000,1838644.000000,0.027440
731,572,67,0.015970,0.015500,66855651.000000,1841285.000000,0.027541
732,573,66,0.016122,0.015652,67048837.000000,1839784.000000,0.027439
733,574,66,0.015989,0.015528,67123989.000000,1842942.000000,0.027456
734,575,66,0.016059,0.015594,67302243.000000,1843447.000000,0.027391
735,576,66,0.015983,0.015528,67239717.000000,1843870.000000,0.027422
736,577,66,0.016135,0.015660,67617643.000000,1845187.000000,0.027289
737,577,66,0.016255,0.015768,68161833.000000,1871530.000000,0.027457
738,578,65,0.016165,0.015680,67742377.000000,1847555.000000,0.027273
739,578,65,0.016389,0.015922,68075257.000000,1863179.000000,0.027369
740,578,65,0.016198,0.015733,67942435.000000,1856370.000000,0.027323
741,579,65,0.016376,0.015869,68052030.000000,1864851.000000,0.027403
742,580,64,0.020147,0.019419,69244408.000000,1938208.000000,0.027991
743,581,63,0.029883,0.028893,73437654.000000,2097640.000000,0.028564
744,582,63,0.018021,0.017334,69371495.000000,1879029.000000,0.027086
745,583,63,0.020072,0.019213,69861919.000000,1940637.000000,0.027778
746,584,62,0.026374,0.025416,72727079.000000,1923473.000000,0.026448
747,584,61,0.021457,0.020700,69068399.000000,1858363.000000,0.026906
748,585,61,0.018997,0.018272,69525732.000000,1871292.000000,0.026915
749,586,61,0.017315,0.016726,68934174.000000,1872072.000000,0.027157
750,587,61,0.016794,0.016221,68995248.000000,1863674.000000,0.027012
751,588,61,0.016600,0.016085,69084942.000000,1863980.000000,0.026981
752,589,61,0.016472,0.015998,68795818.000000,1856306.000000,0.026983
753,590,60,0.016533,0.016017,68911035.000000,1862851.000000,0.027033
754,591,60,0.016541,0.016067,69064413.000000,1864927.000000,0.027003
755,591,60,0.016829,0.016355,69128633.000000,1868026.000000,0.027022
756,592,60,0.016535,0.016052,69015579.000000,1857461.000000,0.026914
757,593,60,0.016508,0.016029,69000801.000000,1857223.000000,0.026916
758,594,60,0.016703,0.016208,69684842.000000,1884378.000000,0.027041
759,595,60,0.016652,0.016166,69503495.000000,1879536.000000,0.027042
760,596,60,0.016690,0.016196,69742018.000000,1887213.000000,0.027060
761,597,60,0.016839,0.016337,69824531.000000,1889145.000000,0.027056
762,597,59,0.016822,0.016324,70698713.000000,1899794.000000,0.026872
