frame,nb of entities,FPS,frame length,physics length,cache-references,cache-misses,cache-miss-ratio
0,3,0.002502,0.000033,0,95010.000000,37614.000000,0.395895
1,4,0.004151,0.000034,0,114850.000000,48284.000000,0.420409
2,5,0.004161,0.000030,0,96237.000000,41449.000000,0.430697
3,6,0.004149,0.000032,0,95793.000000,41308.000000,0.431221
4,7,0.004159,0.000042,0,86036.000000,32662.000000,0.379632
5,8,0.004153,0.000050,0,104457.000000,39146.000000,0.374757
6,9,0.004152,0.000033,0,99131.000000,43319.000000,0.436987
7,10,0.004162,0.000032,0,100212.000000,43252.000000,0.431605
8,11,0.004149,0.000033,0,90060.000000,38554.000000,0.428092
9,12,0.004158,0.000034,0,95721.000000,40783.000000,0.426061
10,13,0.004155,0.000036,0,93530.000000,39184.000000,0.418946
11,14,0.004153,0.000035,0,96859.000000,41968.000000,0.433290
12,15,0.004163,0.000035,0,87494.000000,38555.000000,0.440659
13,16,0.004150,0.000037,0,99856.000000,44015.000000,0.440785
14,17,0.004160,0.000035,0,94922.000000,41122.000000,0.433219
15,18,0.004157,0.000042,0,91109.000000,38416.000000,0.421649
16,19,0.004150,0.000041,0,87812.000000,38160.000000,0.434565
17,20,0.004160,0.000038,0,93351.000000,38574.000000,0.413215
18,21,0.004156,0.000038,0,93624.000000,39827.000000,0.425393
19,22,0.004159,0.000041,0,96834.000000,41398.000000,0.427515
20,23,0.004159,0.000041,0,87494.000000,37710.000000,0.431001
21,24,0.004152,0.000050,0,98375.000000,42697.000000,0.434023
22,25,0.004159,0.000044,0,94594.000000,40198.000000,0.424953
23,26,0.004154,0.000045,0,96355.000000,41441.000000,0.430087
24,27,0.004161,0.000045,0,88702.000000,38403.000000,0.432944
25,28,0.004161,0.000045,0,96329.000000,41027.000000,0.425905
26,29,0.004153,0.000054,0,95939.000000,40683.000000,0.424051
27,30,0.004154,0.000058,0,94868.000000,40589.000000,0.427847
28,31,0.004157,0.000047,0,89303.000000,39235.000000,0.439347
29,32,0.004160,0.000052,0,95596.000000,39500.000000,0.413197
30,32,0.004169,0.000045,0,94157.000000,39725.000000,0.421902
31,33,0.004159,0.000052,0,100892.000000,42980.000000,0.426000
32,34,0.004156,0.000053,0,89407.000000,39436.000000,0.441084
33,35,0.004158,0.000056,0,96633.000000,42115.000000,0.435824
34,36,0.004156,0.000055,0,95488.000000,40656.000000,0.425771
35,37,0.004156,0.000058,0,93576.000000,39771.000000,0.425013
36,37,0.004163,0.000059,0,86297.000000,37343.000000,0.432727
37,38,0.004154,0.000067,0,101560.000000,44594.000000,0.439090
38,38,0.004159,0.000059,0,89691.000000,38436.000000,0.428538
39,39,0.004155,0.000066,0,93477.000000,40121.000000,0.429207
40,40,0.004154,0.000066,0,87716.000000,37996.000000,0.433171
41,41,0.004158,0.000060,0,94061.000000,40269.000000,0.428116
42,41,0.004159,0.000053,0,91680.000000,38585.000000,0.420866
43,41,0.004161,0.000053,0,94519.000000,39917.000000,0.422317
44,42,0.004156,0.000061,0,87384.000000,37830.000000,0.432917
45,43,0.004162,0.000063,0,97861.000000,41794.000000,0.427075
46,44,0.004155,0.000074,0,96345.000000,41073.000000,0.426312
47,45,0.004160,0.000076,0,93796.000000,39110.000000,0.416969
48,46,0.004152,0.000070,0,92221.000000,39420.000000,0.427451
49,47,0.004156,0.000160,0,124635.000000,50899.000000,0.408384
50,48,0.004160,0.000135,0,115894.000000,45080.000000,0.388976
51,49,0.004158,0.000136,0,113424.000000,44350.000000,0.391011
52,50,0.004151,0.000128,0,115618.000000,46929.000000,0.405897
53,51,0.004158,0.000078,0,109219.000000,44988.000000,0.411906
54,52,0.004162,0.000091,0,105808.000000,44294.000000,0.418626
55,53,0.004150,0.000221,0,129875.000000,44785.000000,0.344832
56,54,0.004153,0.000121,0,115493.000000,46287.000000,0.400778
57,55,0.004155,0.000100,0,105574.000000,43987.000000,0.416646
58,55,0.004155,0.000073,0,101000.000000,41650.000000,0.412376
59,55,0.004159,0.000090,0,101827.000000,41950.000000,0.411973
60,56,0.004297,0.000103,232,98103.000000,39241.000000,0.399998
61,56,0.004159,0.000109,230,105551.000000,32593.000000,0.308789
62,57,0.004159,0.000132,230,99317.000000,34521.000000,0.347584
63,58,0.004150,0.000143,230,120675.000000,39716.000000,0.329115
64,59,0.004152,0.000140,230,119700.000000,44243.000000,0.369616
65,60,0.004156,0.000183,230,125019.000000,49140.000000,0.393060
66,61,0.004149,0.000270,230,156045.000000,51541.000000,0.330296
67,62,0.004160,0.000165,230,122490.000000,48612.000000,0.396865
68,62,0.004151,0.000106,230,98868.000000,42629.000000,0.431171
69,63,0.004158,0.000117,230,115423.000000,47591.000000,0.412318
70,64,0.004147,0.000145,230,117876.000000,47807.000000,0.405570
71,65,0.004157,0.000225,230,133003.000000,49499.000000,0.372165
72,65,0.004158,0.000192,230,125886.000000,47505.000000,0.377365
73,65,0.004152,0.000189,230,128478.000000,47819.000000,0.372196
74,66,0.004166,0.000162,230,116510.000000,44311.000000,0.380319
75,67,0.004146,0.000167,230,120272.000000,46661.000000,0.387962
76,67,0.004155,0.000115,230,97349.000000,39005.000000,0.400672
77,67,0.004153,0.000115,230,109243.000000,46516.000000,0.425803
78,67,0.004159,0.000112,230,105439.000000,44237.000000,0.419551
79,68,0.004158,0.000123,230,109261.000000,45400.000000,0.415519
80,69,0.004148,0.000126,230,100288.000000,40771.000000,0.406539
81,70,0.004162,0.000125,230,104369.000000,42440.000000,0.406634
82,70,0.004151,0.000120,230,103721.000000,42575.000000,0.410476
83,70,0.004155,0.000121,230,111375.000000,46463.000000,0.417176
84,71,0.004159,0.000132,230,102879.000000,42485.000000,0.412961
85,72,0.004156,0.000194,230,124788.000000,49542.000000,0.397009
86,72,0.004156,0.000180,230,123466.000000,48038.000000,0.389079
87,72,0.004153,0.000175,230,120819.000000,46427.000000,0.384269
88,73,0.004156,0.000135,230,99971.000000,40794.000000,0.408058
89,74,0.004153,0.000214,230,127067.000000,46644.000000,0.367082
90,74,0.004162,0.000192,230,122517.000000,45810.000000,0.373907
91,74,0.004162,0.000267,230,142939.000000,47662.000000,0.333443
92,75,0.004139,0.000171,230,109521.000000,37690.000000,0.344135
93,76,0.004157,0.000149,230,105875.000000,40005.000000,0.377851
94,77,0.004153,0.000152,230,105930.000000,39823.000000,0.375937
95,78,0.004158,0.000164,230,108212.000000,41178.000000,0.380531
96,79,0.004156,0.000205,230,114320.000000,42218.000000,0.369297
97,79,0.004151,0.000153,230,103426.000000,39211.000000,0.379121
98,80,0.004165,0.000232,230,126589.000000,48501.000000,0.383138
99,81,0.004146,0.000353,230,165712.000000,52790.000000,0.318565
100,82,0.004152,0.000222,230,114271.000000,43844.000000,0.383684
101,82,0.004147,0.000369,230,157184.000000,44933.000000,0.285862
102,83,0.004151,0.000224,230,129247.000000,48369.000000,0.374237
103,84,0.004167,0.000220,230,123632.000000,46823.000000,0.378729
104,85,0.004143,0.000306,230,154490.000000,48588.000000,0.314506
105,85,0.004156,0.000266,230,135758.000000,49365.000000,0.363625
106,86,0.004153,0.000263,230,136333.000000,48765.000000,0.357690
107,87,0.004153,0.000272,230,135105.000000,47447.000000,0.351186
108,88,0.004161,0.000261,230,133331.000000,48250.000000,0.361881
109,89,0.004154,0.000232,230,121504.000000,44108.000000,0.363017
110,90,0.004160,0.000271,230,130735.000000,45787.000000,0.350228
111,91,0.004154,0.000273,230,133424.000000,46186.000000,0.346160
112,92,0.004159,0.000273,230,126611.000000,43748.000000,0.345531
113,92,0.004156,0.000331,230,146641.000000,47529.000000,0.324118
114,93,0.004162,0.000322,230,143844.000000,46310.000000,0.321946
115,93,0.004154,0.000631,230,190187.000000,41642.000000,0.218953
116,93,0.004153,0.000499,230,176659.000000,39520.000000,0.223708
117,94,0.004160,0.000393,230,164115.000000,50522.000000,0.307845
118,94,0.004151,0.000367,230,157978.000000,51104.000000,0.323488
119,95,0.004160,0.000368,230,156464.000000,50420.000000,0.322247
120,96,0.004160,0.000477,230,170652.000000,52020.000000,0.304831
121,97,0.004152,0.000406,230,157357.000000,44254.000000,0.281233
122,98,0.004157,0.000387,230,154503.000000,46408.000000,0.300370
123,99,0.004153,0.000420,230,156495.000000,46097.000000,0.294559
124,100,0.004238,0.000458,230,166357.000000,50318.000000,0.302470
125,101,0.004071,0.000450,230,168160.000000,52449.000000,0.311899
126,102,0.004161,0.000394,230,167078.000000,55213.000000,0.330462
127,103,0.004153,0.000691,230,238000.000000,58859.000000,0.247307
128,103,0.004152,0.000505,230,173057.000000,51252.000000,0.296157
129,103,0.004158,0.000495,230,203277.000000,56241.000000,0.276672
130,104,0.004152,0.000466,230,175534.000000,53809.000000,0.306545
131,105,0.004149,0.000838,230,252754.000000,59012.000000,0.233476
132,106,0.004152,0.000511,230,181484.000000,53718.000000,0.295993
133,107,0.004156,0.000480,230,178150.000000,48378.000000,0.271558
134,107,0.004156,0.000450,230,192221.000000,55105.000000,0.286675
135,108,0.004151,0.000875,230,302034.000000,79216.000000,0.262275
136,109,0.004153,0.000533,230,176944.000000,51308.000000,0.289967
137,109,0.004156,0.000568,230,188899.000000,50942.000000,0.269679
138,110,0.004158,0.000523,230,182678.000000,51983.000000,0.284561
139,110,0.004161,0.000560,230,184956.000000,48639.000000,0.262976
140,110,0.004160,0.000635,230,202156.000000,51707.000000,0.255778
141,111,0.004149,0.000582,230,196847.000000,54685.000000,0.277805
142,112,0.004155,0.000563,230,183434.000000,52782.000000,0.287744
143,112,0.004159,0.000612,230,209077.000000,57811.000000,0.276506
144,112,0.004159,0.000486,230,179843.000000,51590.000000,0.286861
145,113,0.004154,0.000548,230,198389.000000,52131.000000,0.262772
146,113,0.004161,0.000605,230,224730.000000,57836.000000,0.257358
147,114,0.004157,0.000623,230,212618.000000,57258.000000,0.269300
148,115,0.004154,0.000691,230,204074.000000,52811.000000,0.258784
149,116,0.004157,0.000782,230,226172.000000,59478.000000,0.262977
150,117,0.004158,0.000629,230,225131.000000,56199.000000,0.249628
151,118,0.004160,0.000666,230,228390.000000,53968.000000,0.236298
152,119,0.004155,0.000631,230,216431.000000,53560.000000,0.247469
153,120,0.004159,0.000697,230,225800.000000,57130.000000,0.253012
154,121,0.004157,0.000755,230,218970.000000,54754.000000,0.250053
155,122,0.004158,0.000694,230,225561.000000,55180.000000,0.244634
156,123,0.004160,0.000686,230,223174.000000,55435.000000,0.248394
157,124,0.004159,0.000749,230,248963.000000,60044.000000,0.241176
158,124,0.004160,0.000813,230,246563.000000,63866.000000,0.259025
159,125,0.004153,0.000742,230,240198.000000,60410.000000,0.251501
160,126,0.004155,0.000778,230,232118.000000,59711.000000,0.257244
161,127,0.004149,0.000776,230,250734.000000,63162.000000,0.251908
162,128,0.004154,0.000785,230,248594.000000,58507.000000,0.235352
163,128,0.004164,0.000790,230,242744.000000,56242.000000,0.231693
164,129,0.004153,0.000874,230,249166.000000,63131.000000,0.253369
165,130,0.004159,0.000790,230,251871.000000,60187.000000,0.238960
166,131,0.004152,0.000950,230,249928.000000,59430.000000,0.237788
167,132,0.004157,0.000959,230,250197.000000,58081.000000,0.232141
168,132,0.004159,0.000800,230,233259.000000,54802.000000,0.234941
169,133,0.004158,0.000779,230,239158.000000,56851.000000,0.237713
170,134,0.004163,0.000779,230,241231.000000,59031.000000,0.244707
171,135,0.004154,0.000851,230,248742.000000,57769.000000,0.232245
172,136,0.004161,0.000769,230,233201.000000,54584.000000,0.234064
173,136,0.004151,0.000949,230,244727.000000,59197.000000,0.241890
174,137,0.004159,0.000814,230,241576.000000,57710.000000,0.238890
175,138,0.004164,0.000804,230,251645.000000,59991.000000,0.238395
176,139,0.004151,0.001181,230,291900.000000,66776.000000,0.228763
177,140,0.004155,0.001166,230,325509.000000,68385.000000,0.210086
178,141,0.004151,0.000944,230,279524.000000,62960.000000,0.225240
179,142,0.004155,0.000990,230,255981.000000,57625.000000,0.225114
180,143,0.004157,0.000986,230,249746.000000,58600.000000,0.234638
181,144,0.004158,0.001093,230,268133.000000,65558.000000,0.244498
182,145,0.004159,0.001013,230,253235.000000,57513.000000,0.227113
183,146,0.004151,0.001048,230,267984.000000,61019.000000,0.227696
184,147,0.004161,0.000879,230,248154.000000,55809.000000,0.224897
185,148,0.004153,0.001120,230,271511.000000,61077.000000,0.224952
186,149,0.004158,0.001030,230,285845.000000,66846.000000,0.233854
187,150,0.004169,0.001020,230,274745.000000,61297.000000,0.223105
188,150,0.004144,0.001849,230,396309.000000,77490.000000,0.195529
189,151,0.004155,0.001704,230,455351.000000,93311.000000,0.204921
190,151,0.004149,0.001128,230,317531.000000,67262.000000,0.211828
191,151,0.004155,0.001142,230,272969.000000,58491.000000,0.214277
192,152,0.004160,0.001205,230,277771.000000,67305.000000,0.242304
193,153,0.004155,0.001193,230,302958.000000,71091.000000,0.234656
194,154,0.004157,0.001205,230,287857.000000,61055.000000,0.212102
195,155,0.004151,0.001238,230,295216.000000,62973.000000,0.213312
196,156,0.004158,0.001195,230,278325.000000,59923.000000,0.215299
197,157,0.004151,0.001220,230,288893.000000,61327.000000,0.212283
198,157,0.004159,0.001275,230,306402.000000,69928.000000,0.228223
199,158,0.004160,0.001187,230,278900.000000,62890.000000,0.225493
200,159,0.004149,0.001277,230,292460.000000,60635.000000,0.207327
201,160,0.004160,0.001250,230,291693.000000,63142.000000,0.216467
202,161,0.004154,0.001416,230,339636.000000,75674.000000,0.222809
203,162,0.004156,0.001330,230,305925.000000,73938.000000,0.241687
204,163,0.004156,0.001407,230,315921.000000,69438.000000,0.219795
205,164,0.004155,0.001321,230,301708.000000,64308.000000,0.213146
206,164,0.004160,0.001387,230,318261.000000,64475.000000,0.202585
207,165,0.004153,0.001391,230,324361.000000,68925.000000,0.212495
208,166,0.004162,0.001411,230,315486.000000,63711.000000,0.201946
209,167,0.004149,0.001419,230,328087.000000,69883.000000,0.213001
210,168,0.004156,0.001405,230,319755.000000,66269.000000,0.207249
211,169,0.004164,0.001483,230,326491.000000,62146.000000,0.190345
212,170,0.004145,0.001559,230,330983.000000,63326.000000,0.191327
213,170,0.004159,0.001519,230,333339.000000,65793.000000,0.197376
214,171,0.004154,0.001536,230,343512.000000,66651.000000,0.194028
215,171,0.004156,0.001531,230,344136.000000,71476.000000,0.207697
216,172,0.004157,0.001550,230,343589.000000,66127.000000,0.192460
217,173,0.004157,0.001551,230,339440.000000,65934.000000,0.194243
218,174,0.004160,0.001539,230,342303.000000,67851.000000,0.198219
219,175,0.004156,0.001570,230,345634.000000,67656.000000,0.195745
220,176,0.004156,0.001578,230,345860.000000,67979.000000,0.196551
221,176,0.004155,0.001590,230,345598.000000,66403.000000,0.192139
222,176,0.004157,0.001572,230,339548.000000,64982.000000,0.191378
223,177,0.004158,0.001684,230,361055.000000,69039.000000,0.191215
224,178,0.004155,0.001661,230,348610.000000,64607.000000,0.185327
225,179,0.004160,0.001722,230,372092.000000,73536.000000,0.197629
226,180,0.004154,0.001699,230,364668.000000,67700.000000,0.185648
227,181,0.004156,0.001775,230,379481.000000,71410.000000,0.188178
228,182,0.004157,0.001761,230,370662.000000,68469.000000,0.184721
229,183,0.004157,0.001721,230,368161.000000,70595.000000,0.191750
230,184,0.004160,0.001728,230,369346.000000,72281.000000,0.195700
231,185,0.004153,0.001816,230,389282.000000,71754.000000,0.184324
232,185,0.004161,0.001719,230,408938.000000,78472.000000,0.191892
233,186,0.004150,0.001726,230,375444.000000,70232.000000,0.187064
234,186,0.004157,0.001689,230,371754.000000,69762.000000,0.187656
235,187,0.004155,0.001884,230,394657.000000,74995.000000,0.190026
236,187,0.004161,0.001883,230,387774.000000,76323.000000,0.196823
237,188,0.004161,0.001872,230,391355.000000,71682.000000,0.183164
238,189,0.004153,0.001819,230,389393.000000,72114.000000,0.185196
239,190,0.004159,0.001830,230,400167.000000,73342.000000,0.183278
240,191,0.004153,0.001922,230,398288.000000,75396.000000,0.189300
241,191,0.004153,0.001973,230,408530.000000,75418.000000,0.184608
242,192,0.004164,0.001922,230,406051.000000,78885.000000,0.194274
243,193,0.004157,0.002051,230,424301.000000,84685.000000,0.199587
244,194,0.004153,0.001995,230,406332.000000,74892.000000,0.184312
245,195,0.004157,0.002067,230,428129.000000,78113.000000,0.182452
246,195,0.004156,0.001907,230,420266.000000,78124.000000,0.185892
247,196,0.004155,0.002091,230,427341.000000,81146.000000,0.189886
248,196,0.004159,0.001857,230,411845.000000,72930.000000,0.177081
249,197,0.004161,0.002041,230,423564.000000,78522.000000,0.185384
250,197,0.004154,0.001976,230,408326.000000,74218.000000,0.181762
251,198,0.004157,0.001965,230,411692.000000,74605.000000,0.181216
252,199,0.004157,0.001938,230,411545.000000,75116.000000,0.182522
253,200,0.004157,0.001944,230,421623.000000,78207.000000,0.185490
254,201,0.004157,0.002092,230,422922.000000,76593.000000,0.181104
255,202,0.004158,0.001944,230,438308.000000,78854.000000,0.179905
256,202,0.004160,0.001888,230,427959.000000,76615.000000,0.179024
257,203,0.004151,0.002095,230,450887.000000,82239.000000,0.182394
258,204,0.004156,0.002005,230,426130.000000,79224.000000,0.185915
259,205,0.004157,0.002008,230,427625.000000,80760.000000,0.188857
260,206,0.004155,0.001950,230,419110.000000,77043.000000,0.183825
261,207,0.004163,0.002147,230,434429.000000,78754.000000,0.181282
262,208,0.004154,0.001929,230,436896.000000,77998.000000,0.178528
263,209,0.004156,0.002169,230,457056.000000,81284.000000,0.177843
264,210,0.004157,0.002134,230,451075.000000,80473.000000,0.178403
265,211,0.004155,0.002148,230,467698.000000,82006.000000,0.175340
266,212,0.004161,0.002072,230,465199.000000,82359.000000,0.177040
267,213,0.004164,0.002077,230,465220.000000,81513.000000,0.175214
268,214,0.004151,0.002078,230,467496.000000,81560.000000,0.174461
269,215,0.004150,0.002212,230,465396.000000,81595.000000,0.175324
270,215,0.004156,0.002251,230,478779.000000,83684.000000,0.174786
271,216,0.004155,0.002192,230,470728.000000,86925.000000,0.184661
272,217,0.004158,0.002125,230,464028.000000,81124.000000,0.174826
273,218,0.004161,0.002196,230,487233.000000,83778.000000,0.171946
274,219,0.004158,0.002168,230,478702.000000,84825.000000,0.177198
275,220,0.004156,0.002382,230,491977.000000,87903.000000,0.178673
276,221,0.004154,0.002373,230,490159.000000,87821.000000,0.179168
277,222,0.004159,0.002253,230,489911.000000,85283.000000,0.174079
278,222,0.004158,0.002252,230,484641.000000,86047.000000,0.177548
279,223,0.004159,0.002325,230,513640.000000,90684.000000,0.176552
280,224,0.004167,0.002318,230,504972.000000,85542.000000,0.169399
281,225,0.004147,0.002300,230,516530.000000,89646.000000,0.173554
282,226,0.004154,0.002460,230,514049.000000,89206.000000,0.173536
283,227,0.004158,0.002366,230,518142.000000,91875.000000,0.177316
284,228,0.004159,0.002340,230,506163.000000,89122.000000,0.176074
285,229,0.004162,0.002388,230,533280.000000,95464.000000,0.179013
286,230,0.004157,0.002182,230,527519.000000,92340.000000,0.175046
287,231,0.004157,0.002364,230,525484.000000,89364.000000,0.170060
288,232,0.004174,0.002822,230,549390.000000,104480.000000,0.190175
289,233,0.004160,0.002721,230,533754.000000,94600.000000,0.177235
290,234,0.004157,0.002267,230,539320.000000,90886.000000,0.168520
291,235,0.004160,0.002520,230,551009.000000,94782.000000,0.172015
292,236,0.004171,0.002546,230,552436.000000,97954.000000,0.177313
293,237,0.004150,0.002550,230,567095.000000,98649.000000,0.173955
294,238,0.004149,0.002458,230,549351.000000,94074.000000,0.171246
295,239,0.004166,0.002631,230,575663.000000,106109.000000,0.184325
296,239,0.004183,0.003088,230,565936.000000,106006.000000,0.187311
297,240,0.004179,0.002907,230,553447.000000,101034.000000,0.182554
298,241,0.004174,0.003028,230,577264.000000,97962.000000,0.169701
299,242,0.004161,0.002462,230,582645.000000,97763.000000,0.167792
300,242,0.004191,0.003204,230,590656.000000,103928.000000,0.175954
301,243,0.004171,0.002968,230,580388.000000,96884.000000,0.166930
302,244,0.004158,0.002562,230,598721.000000,103668.000000,0.173149
303,245,0.004163,0.002728,230,589024.000000,96631.000000,0.164053
304,246,0.004195,0.003174,230,592882.000000,102088.000000,0.172189
305,247,0.004163,0.002964,230,607542.000000,101909.000000,0.167740
306,247,0.004164,0.002749,230,634443.000000,109563.000000,0.172692
307,248,0.004185,0.002999,230,622959.000000,104219.000000,0.167297
308,249,0.004189,0.003314,230,617913.000000,105120.000000,0.170121
309,250,0.004174,0.002786,230,658606.000000,108290.000000,0.164423
310,251,0.004200,0.003368,230,650962.000000,112638.000000,0.173033
311,252,0.004196,0.003410,230,641111.000000,105239.000000,0.164151
312,253,0.004164,0.002752,230,634562.000000,105282.000000,0.165913
313,254,0.004162,0.002724,230,632378.000000,101691.000000,0.160807
314,255,0.004172,0.002921,230,629738.000000,103581.000000,0.164483
315,255,0.004162,0.002975,230,643181.000000,109445.000000,0.170162
316,256,0.004169,0.002862,230,663387.000000,110507.000000,0.166580
317,256,0.004161,0.002738,230,634138.000000,104075.000000,0.164120
318,257,0.004168,0.002829,230,652565.000000,103709.000000,0.158925
319,258,0.004183,0.002948,230,661687.000000,115385.000000,0.174380
320,259,0.004198,0.003493,230,658802.000000,113141.000000,0.171737
321,260,0.004175,0.002909,230,674394.000000,114044.000000,0.169106
322,260,0.004168,0.002836,230,649355.000000,106744.000000,0.164385
323,260,0.004169,0.002806,230,646779.000000,113659.000000,0.175731
324,260,0.004172,0.002888,230,655042.000000,111386.000000,0.170044
325,260,0.004179,0.003020,230,643672.000000,106425.000000,0.165340
326,260,0.004158,0.002965,230,673536.000000,118132.000000,0.175391
327,261,0.004170,0.002847,230,654208.000000,106660.000000,0.163037
328,262,0.004174,0.002903,230,659094.000000,108171.000000,0.164121
329,263,0.004174,0.002966,230,685932.000000,111637.000000,0.162752
330,264,0.004171,0.002888,230,662606.000000,107344.000000,0.162003
331,265,0.004191,0.003266,230,683936.000000,117707.000000,0.172102
332,266,0.004175,0.002907,230,658339.000000,107999.000000,0.164048
333,266,0.004185,0.003106,230,698852.000000,120885.000000,0.172977
334,267,0.004181,0.003035,230,690165.000000,113055.000000,0.163809
335,267,0.004183,0.003102,230,693892.000000,116353.000000,0.167682
336,268,0.004180,0.003096,230,693586.000000,115976.000000,0.167212
337,269,0.004189,0.003223,230,717537.000000,118573.000000,0.165250
338,270,0.004191,0.003262,230,733390.000000,125097.000000,0.170574
339,270,0.004201,0.003434,229,764450.000000,126382.000000,0.165324
340,271,0.004195,0.003353,229,743261.000000,116626.000000,0.156911
341,272,0.004198,0.003394,229,754809.000000,121949.000000,0.161563
342,272,0.004199,0.003421,229,761669.000000,121754.000000,0.159852
343,273,0.004200,0.003436,229,771803.000000,125995.000000,0.163248
344,273,0.004199,0.003455,229,759135.000000,120384.000000,0.158580
345,274,0.004205,0.003449,229,760301.000000,120859.000000,0.158962
346,275,0.004197,0.003455,229,767252.000000,123523.000000,0.160994
347,276,0.004203,0.003508,229,769708.000000,124912.000000,0.162285
348,276,0.004205,0.003539,229,794218.000000,132887.000000,0.167318
349,276,0.004956,0.004612,229,904332.000000,146105.000000,0.161561
350,277,0.004206,0.003526,228,788061.000000,123918.000000,0.157244
351,278,0.004206,0.003592,228,798056.000000,128978.000000,0.161615
352,279,0.004215,0.003628,228,810327.000000,127521.000000,0.157370
353,279,0.004209,0.003721,228,837271.000000,141989.000000,0.169585
354,280,0.004207,0.003594,228,804760.000000,133653.000000,0.166078
355,280,0.004210,0.003652,228,799450.000000,126426.000000,0.158141
356,281,0.004211,0.003669,228,803114.000000,124502.000000,0.155024
357,282,0.004213,0.003713,228,828040.000000,134589.000000,0.162539
358,283,0.004213,0.003698,228,817447.000000,127938.000000,0.156509
359,284,0.004216,0.003746,228,821151.000000,128603.000000,0.156613
360,284,0.004219,0.003759,228,824238.000000,128955.000000,0.156454
361,285,0.004171,0.003807,228,836875.000000,130958.000000,0.156485
362,286,0.004218,0.003769,228,829514.000000,130155.000000,0.156905
363,287,0.004187,0.003856,228,830228.000000,132945.000000,0.160131
364,287,0.004188,0.003829,228,831452.000000,129610.000000,0.155884
365,288,0.004248,0.003904,228,861652.000000,141141.000000,0.163803
366,289,0.004248,0.003884,228,844029.000000,130212.000000,0.154274
367,290,0.004208,0.003882,228,840898.000000,129897.000000,0.154474
368,291,0.004255,0.003912,228,854803.000000,135834.000000,0.158907
369,292,0.004306,0.003966,228,865690.000000,138491.000000,0.159978
370,292,0.004273,0.003920,228,860031.000000,139001.000000,0.161623
371,293,0.004243,0.003916,228,843972.000000,130941.000000,0.155149
372,294,0.004297,0.003947,227,855595.000000,133037.000000,0.155491
373,294,0.004351,0.003971,227,859716.000000,133637.000000,0.155443
374,295,0.004393,0.004023,227,873991.000000,138571.000000,0.158550
375,296,0.004455,0.004113,227,888230.000000,137105.000000,0.154358
376,297,0.004516,0.004139,227,896098.000000,136994.000000,0.152878
377,298,0.004693,0.004291,226,936174.000000,146227.000000,0.156196
378,299,0.004580,0.004212,226,922602.000000,141301.000000,0.153155
379,300,0.004586,0.004251,226,919691.000000,138164.000000,0.150229
380,301,0.004620,0.004251,225,919258.000000,142064.000000,0.154542
381,301,0.004639,0.004282,225,920944.000000,139272.000000,0.151227
382,302,0.004670,0.004325,225,925562.000000,137993.000000,0.149091
383,302,0.004709,0.004348,224,933533.000000,140818.000000,0.150844
384,303,0.004724,0.004357,224,942262.000000,144663.000000,0.153527
385,304,0.004803,0.004447,223,951107.000000,144287.000000,0.151704
386,305,0.004758,0.004412,223,942482.000000,145835.000000,0.154735
387,306,0.004759,0.004392,222,949189.000000,152473.000000,0.160635
388,306,0.004753,0.004400,222,940755.000000,145621.000000,0.154792
389,307,0.004755,0.004412,221,938515.000000,144704.000000,0.154184
390,308,0.004816,0.004462,221,953395.000000,145605.000000,0.152723
391,308,0.004866,0.004515,220,963315.000000,145701.000000,0.151250
392,309,0.004851,0.004495,220,961641.000000,148502.000000,0.154426
393,310,0.004837,0.004486,219,949812.000000,146058.000000,0.153776
394,311,0.004924,0.004566,219,974557.000000,146636.000000,0.150464
395,312,0.004934,0.004560,218,977072.000000,148453.000000,0.151937
396,313,0.004990,0.004646,217,982253.000000,148470.000000,0.151153
397,314,0.005079,0.004710,217,1001259.000000,150383.000000,0.150194
398,315,0.005061,0.004686,216,998738.000000,150335.000000,0.150525
399,316,0.005055,0.004700,215,995409.000000,150339.000000,0.151032
400,317,0.005054,0.004685,215,994468.000000,155341.000000,0.156205
401,318,0.006122,0.005728,214,1019269.000000,169137.000000,0.165940
402,319,0.005788,0.005410,213,1001547.000000,158071.000000,0.157827
403,320,0.005428,0.005005,211,1014715.000000,160024.000000,0.157703
404,320,0.005633,0.005230,211,1017590.000000,159240.000000,0.156487
405,320,0.005257,0.004875,209,1023619.000000,159935.000000,0.156245
406,321,0.005214,0.004828,209,1019910.000000,160543.000000,0.157409
407,322,0.005265,0.004873,208,1032738.000000,159040.000000,0.153998
408,322,0.005298,0.004878,207,1036056.000000,166745.000000,0.160942
409,323,0.005228,0.004857,206,1012306.000000,151609.000000,0.149766
410,323,0.005541,0.005133,206,1073057.000000,176776.000000,0.164741
411,323,0.005342,0.004913,205,1022762.000000,158410.000000,0.154885
412,324,0.005880,0.005515,204,1009064.000000,154190.000000,0.152805
413,325,0.005230,0.004824,203,1014264.000000,154063.000000,0.151896
414,325,0.006689,0.006204,203,1050444.000000,175767.000000,0.167326
415,326,0.005589,0.005214,201,1021822.000000,154139.000000,0.150847
416,327,0.005269,0.004895,200,1032787.000000,160077.000000,0.154995
417,328,0.005349,0.004924,199,1026555.000000,156261.000000,0.152219
418,329,0.005476,0.005087,199,1027603.000000,156752.000000,0.152541
419,330,0.005386,0.005000,198,1025525.000000,154862.000000,0.151008
420,331,0.005412,0.005043,197,1013846.000000,141733.000000,0.139797
421,332,0.005419,0.005062,196,1044256.000000,153716.000000,0.147201
422,333,0.005431,0.005051,195,1044278.000000,156232.000000,0.149608
423,333,0.005646,0.005253,195,1078338.000000,162597.000000,0.150785
424,334,0.005554,0.005181,194,1053492.000000,155438.000000,0.147545
425,335,0.005556,0.005179,193,1062346.000000,160216.000000,0.150813
426,336,0.005526,0.005149,192,1049740.000000,153956.000000,0.146661
427,337,0.005654,0.005290,191,1078915.000000,160129.000000,0.148417
428,338,0.005650,0.005271,190,1079580.000000,163470.000000,0.151420
429,339,0.005699,0.005313,189,1078974.000000,158199.000000,0.146620
430,340,0.005690,0.005315,189,1072686.000000,156940.000000,0.146306
431,340,0.005765,0.005384,188,1080397.000000,159115.000000,0.147275
432,341,0.005788,0.005406,187,1097315.000000,171999.000000,0.156745
433,341,0.005734,0.005370,186,1067822.000000,156138.000000,0.146221
434,341,0.005773,0.005385,185,1072606.000000,158153.000000,0.147447
435,342,0.005796,0.005435,184,1080074.000000,164644.000000,0.152438
436,343,0.005790,0.005394,184,1082806.000000,161606.000000,0.149247
437,343,0.005866,0.005489,183,1099273.000000,160872.000000,0.146344
438,344,0.006623,0.006233,182,1117368.000000,174169.000000,0.155874
439,345,0.006590,0.006181,181,1116988.000000,175597.000000,0.157206
440,346,0.006772,0.006345,180,1123515.000000,168374.000000,0.149864
441,347,0.005996,0.005609,179,1104056.000000,165819.000000,0.150191
442,348,0.005967,0.005578,178,1103473.000000,162966.000000,0.147685
443,349,0.006002,0.005614,178,1111135.000000,164691.000000,0.148219
444,350,0.005959,0.005589,177,1096908.000000,160196.000000,0.146043
445,351,0.006069,0.005639,176,1113281.000000,162511.000000,0.145975
446,352,0.006014,0.005641,176,1102751.000000,163637.000000,0.148390
447,353,0.006078,0.005682,175,1107235.000000,159408.000000,0.143969
448,354,0.006198,0.005800,174,1137866.000000,173163.000000,0.152182
449,355,0.006262,0.005762,173,1150408.000000,176355.000000,0.153298
450,356,0.006098,0.005716,173,1113862.000000,160835.000000,0.144394
451,357,0.006214,0.005822,172,1133781.000000,173659.000000,0.153168
452,358,0.006123,0.005747,171,1116131.000000,166737.000000,0.149388
453,359,0.006290,0.005898,171,1149089.000000,173738.000000,0.151196
454,360,0.006159,0.005779,170,1116764.000000,162721.000000,0.145708
455,361,0.006169,0.005786,170,1115932.000000,163545.000000,0.146555
456,361,0.006194,0.005803,169,1109829.000000,163825.000000,0.147613
457,362,0.006193,0.005818,168,1110637.000000,164470.000000,0.148086
458,362,0.006167,0.005777,168,1107182.000000,162726.000000,0.146973
459,363,0.006214,0.005833,167,1116376.000000,166302.000000,0.148966
460,364,0.006129,0.005751,167,1101230.000000,159189.000000,0.144556
461,365,0.006356,0.005947,166,1152030.000000,168950.000000,0.146654
462,366,0.006217,0.005844,166,1123317.000000,163835.000000,0.145849
463,367,0.006300,0.005915,166,1150428.000000,169883.000000,0.147669
464,368,0.006366,0.005961,166,1159047.000000,175193.000000,0.151153
465,369,0.006323,0.005951,165,1144486.000000,167922.000000,0.146723
466,370,0.006374,0.005978,165,1163676.000000,168058.000000,0.144420
467,371,0.006454,0.006056,164,1173528.000000,170917.000000,0.145644
468,371,0.006278,0.005907,164,1135711.000000,161529.000000,0.142227
469,372,0.006371,0.005978,163,1151668.000000,171415.000000,0.148841
470,372,0.006320,0.005950,163,1135815.000000,163891.000000,0.144294
471,373,0.006411,0.006033,162,1155099.000000,167065.000000,0.144633
472,373,0.006445,0.006047,162,1172052.000000,179171.000000,0.152869
473,374,0.006457,0.006081,162,1163041.000000,166184.000000,0.142887
474,374,0.006411,0.006032,161,1146715.000000,168109.000000,0.146601
475,375,0.006387,0.006000,161,1141929.000000,167250.000000,0.146463
476,376,0.006420,0.006050,161,1156103.000000,175524.000000,0.151824
477,377,0.006510,0.006113,160,1165203.000000,169684.000000,0.145626
478,378,0.006587,0.006206,160,1182260.000000,178054.000000,0.150605
479,379,0.006501,0.006119,159,1164520.000000,169989.000000,0.145973
480,380,0.006499,0.006107,159,1162864.000000,166815.000000,0.143452
481,381,0.006507,0.006147,158,1159953.000000,171414.000000,0.147777
482,382,0.006620,0.006223,158,1185251.000000,170367.000000,0.143739
483,383,0.006604,0.006233,158,1183689.000000,171170.000000,0.144607
484,384,0.006777,0.006379,157,1208702.000000,172526.000000,0.142737
485,385,0.006764,0.006373,157,1223705.000000,175195.000000,0.143168
486,386,0.006783,0.006403,156,1223543.000000,177234.000000,0.144853
487,387,0.006859,0.006463,156,1236977.000000,177695.000000,0.143653
488,388,0.006893,0.006497,155,1230667.000000,176639.000000,0.143531
489,389,0.006915,0.006516,155,1248311.000000,179630.000000,0.143898
490,390,0.006908,0.006506,154,1240756.000000,178488.000000,0.143854
491,391,0.006856,0.006480,154,1234687.000000,186052.000000,0.150688
492,392,0.006881,0.006486,153,1235264.000000,180957.000000,0.146493
493,393,0.007051,0.006673,153,1258529.000000,179400.000000,0.142547
494,394,0.007089,0.006692,152,1271934.000000,181932.000000,0.143036
495,395,0.007040,0.006665,152,1255382.000000,178484.000000,0.142175
496,396,0.007063,0.006658,151,1265503.000000,180210.000000,0.142402
497,397,0.007296,0.006855,151,1296226.000000,190563.000000,0.147014
498,398,0.007271,0.006869,150,1309179.000000,189048.000000,0.144402
499,399,0.007388,0.006950,150,1323789.000000,189338.000000,0.143027
500,400,0.007309,0.006908,150,1308177.000000,189300.000000,0.144705
501,401,0.007428,0.007014,150,1336118.000000,197817.000000,0.148054
502,401,0.007474,0.007075,149,1345257.000000,194641.000000,0.144687
503,402,0.007569,0.007160,148,1368315.000000,200775.000000,0.146732
504,403,0.007545,0.007147,148,1358411.000000,196877.000000,0.144932
505,403,0.007476,0.007071,147,1332971.000000,190479.000000,0.142898
506,404,0.007510,0.007089,147,1344079.000000,196928.000000,0.146515
507,404,0.007591,0.007176,146,1343219.000000,191221.000000,0.142360
508,405,0.007563,0.007131,146,1344588.000000,202480.000000,0.150589
509,406,0.007535,0.007138,145,1339869.000000,197792.000000,0.147620
510,407,0.007638,0.007213,145,1337814.000000,190644.000000,0.142504
511,408,0.007657,0.007254,144,1351405.000000,194181.000000,0.143688
512,409,0.007659,0.007252,144,1352869.000000,193250.000000,0.142845
513,409,0.007831,0.007430,143,1369742.000000,198756.000000,0.145105
514,410,0.007873,0.007452,143,1389279.000000,214252.000000,0.154218
515,411,0.007844,0.007440,142,1376592.000000,203855.000000,0.148087
516,412,0.007787,0.007354,141,1372141.000000,197718.000000,0.144095
517,413,0.008030,0.007606,141,1413553.000000,211566.000000,0.149670
518,413,0.007949,0.007546,140,1402503.000000,199930.000000,0.142552
519,414,0.007942,0.007517,140,1403656.000000,201164.000000,0.143314
520,415,0.007980,0.007576,139,1416108.000000,208153.000000,0.146989
521,416,0.008006,0.007588,139,1421872.000000,214642.000000,0.150957
522,417,0.008081,0.007679,138,1441365.000000,207492.000000,0.143955
523,418,0.008080,0.007676,137,1433515.000000,204533.000000,0.142679
524,418,0.008020,0.007622,137,1420468.000000,203622.000000,0.143349
525,419,0.008194,0.007789,136,1472513.000000,219774.000000,0.149251
526,419,0.008060,0.007674,136,1422933.000000,202543.000000,0.142342
527,420,0.008223,0.007789,135,1467045.000000,209772.000000,0.142989
528,421,0.008230,0.007817,135,1461504.000000,210642.000000,0.144127
529,421,0.008663,0.008240,134,1508367.000000,238405.000000,0.158055
530,422,0.008358,0.007938,133,1492175.000000,224504.000000,0.150454
531,422,0.008220,0.007820,133,1483811.000000,222948.000000,0.150254
532,423,0.008320,0.007899,132,1498119.000000,231908.000000,0.154799
533,424,0.008403,0.007963,132,1499432.000000,226634.000000,0.151147
534,424,0.008415,0.008013,131,1488742.000000,227694.000000,0.152944
535,425,0.008430,0.008006,131,1498892.000000,224694.000000,0.149907
536,426,0.008466,0.008035,130,1510789.000000,231374.000000,0.153148
537,426,0.008469,0.008041,129,1509851.000000,221912.000000,0.146976
538,427,0.008624,0.008116,129,1520340.000000,229709.000000,0.151091
539,428,0.008565,0.008120,128,1543608.000000,237219.000000,0.153678
540,429,0.008571,0.008153,128,1534226.000000,232139.000000,0.151307
541,430,0.008572,0.008127,127,1535155.000000,227519.000000,0.148206
542,431,0.008615,0.008203,127,1542442.000000,233536.000000,0.151407
543,432,0.008695,0.008268,126,1552298.000000,226847.000000,0.146136
544,433,0.008678,0.008238,126,1544906.000000,234196.000000,0.151592
545,434,0.008724,0.008297,125,1570171.000000,234628.000000,0.149428
546,435,0.008747,0.008334,125,1567937.000000,235858.000000,0.150426
547,435,0.008780,0.008381,124,1568530.000000,235452.000000,0.150110
548,435,0.008841,0.008411,124,1578808.000000,241880.000000,0.153204
549,435,0.008784,0.008381,123,1577571.000000,236385.000000,0.149841
550,436,0.008813,0.008388,123,1567316.000000,239142.000000,0.152581
551,436,0.008852,0.008438,122,1555201.000000,224368.000000,0.144269
552,436,0.008864,0.008410,122,1569648.000000,234493.000000,0.149392
553,437,0.008973,0.008549,121,1588930.000000,240534.000000,0.151381
554,438,0.008920,0.008491,121,1580036.000000,236760.000000,0.149845
555,438,0.009010,0.008596,120,1599545.000000,244259.000000,0.152705
556,439,0.009031,0.008574,120,1587049.000000,236908.000000,0.149276
557,440,0.009116,0.008689,119,1610921.000000,239283.000000,0.148538
558,441,0.009025,0.008593,119,1596538.000000,235307.000000,0.147386
559,442,0.009067,0.008654,118,1609402.000000,241918.000000,0.150315
560,443,0.009091,0.008650,118,1602192.000000,238183.000000,0.148661
561,444,0.009147,0.008710,118,1603394.000000,232719.000000,0.145141
562,445,0.009254,0.008816,117,1625989.000000,238904.000000,0.146928
563,446,0.009458,0.008999,117,1671334.000000,244626.000000,0.146366
564,446,0.009282,0.008817,116,1630302.000000,244799.000000,0.150156
565,447,0.009294,0.008855,116,1643039.000000,247832.000000,0.150838
566,447,0.009458,0.009037,116,1652931.000000,240803.000000,0.145682
567,447,0.009381,0.008944,115,1654348.000000,247534.000000,0.149626
568,448,0.009476,0.009057,115,1669614.000000,246286.000000,0.147511
569,449,0.009424,0.009005,114,1672409.000000,250800.000000,0.149963
570,450,0.009607,0.009132,114,1701346.000000,258051.000000,0.151675
571,451,0.009765,0.009288,113,1710650.000000,248032.000000,0.144993
572,452,0.009785,0.009316,113,1726004.000000,254024.000000,0.147175
573,453,0.009929,0.009472,113,1751230.000000,262081.000000,0.149655
574,454,0.009910,0.009455,112,1755147.000000,260226.000000,0.148265
575,454,0.009855,0.009420,112,1745014.000000,265077.000000,0.151905
576,455,0.009927,0.009494,111,1757125.000000,268058.000000,0.152555
577,456,0.009960,0.009516,111,1772501.000000,272930.000000,0.153980
578,456,0.010072,0.009527,110,1787962.000000,270221.000000,0.151134
579,457,0.010020,0.009585,110,1784221.000000,267375.000000,0.149855
580,457,0.010007,0.009568,110,1784407.000000,268908.000000,0.150699
581,458,0.009989,0.009564,109,1774740.000000,263882.000000,0.148688
582,458,0.009952,0.009507,109,1767607.000000,267955.000000,0.151592
583,458,0.010020,0.009580,108,1773444.000000,266574.000000,0.150314
584,459,0.009995,0.009544,108,1770616.000000,261781.000000,0.147847
585,460,0.010083,0.009632,108,1780624.000000,266421.000000,0.149622
586,461,0.010009,0.009585,107,1771606.000000,271746.000000,0.153390
587,462,0.010130,0.009679,107,1780960.000000,265242.000000,0.148932
588,463,0.010104,0.009677,107,1781886.000000,265905.000000,0.149227
589,464,0.010258,0.009826,106,1831450.000000,277292.000000,0.151406
590,465,0.010293,0.009855,106,1803368.000000,270324.000000,0.149900
591,465,0.010258,0.009837,105,1792989.000000,264445.000000,0.147488
592,466,0.010330,0.009883,105,1806627.000000,264490.000000,0.146400
593,466,0.010430,0.009994,105,1822933.000000,270356.000000,0.148308
594,467,0.010455,0.010027,104,1826538.000000,269480.000000,0.147536
595,467,0.010486,0.010039,104,1825168.000000,270439.000000,0.148172
596,468,0.010506,0.010080,104,1827563.000000,268009.000000,0.146648
597,469,0.010616,0.010117,103,1863868.000000,281157.000000,0.150846
598,469,0.010571,0.010128,103,1843124.000000,269897.000000,0.146435
599,470,0.010718,0.010274,103,1869913.000000,276295.000000,0.147758
600,470,0.010606,0.010149,102,1866450.000000,281602.000000,0.150876
601,471,0.010566,0.010128,102,1835353.000000,265755.000000,0.144798
602,471,0.010533,0.010093,101,1842100.000000,269999.000000,0.146571
603,472,0.010564,0.010116,101,1849996.000000,270349.000000,0.146135
604,473,0.011107,0.010646,101,1865123.000000,280304.000000,0.150287
605,474,0.011221,0.010751,100,1889900.000000,284621.000000,0.150601
606,475,0.011384,0.010924,100,1896953.000000,287913.000000,0.151777
607,475,0.010692,0.010240,100,1850403.000000,264761.000000,0.143083
608,476,0.010766,0.010314,99,1883961.000000,271135.000000,0.143918
609,477,0.010646,0.010206,99,1847419.000000,266485.000000,0.144247
610,478,0.010876,0.010444,99,1901994.000000,277118.000000,0.145699
611,479,0.010728,0.010295,98,1865874.000000,278125.000000,0.149059
612,480,0.010818,0.010365,98,1874832.000000,273269.000000,0.145757
613,481,0.010818,0.010355,98,1861206.000000,264552.000000,0.142140
614,482,0.011250,0.010755,97,1875923.000000,271919.000000,0.144952
615,483,0.011560,0.011107,97,1923362.000000,290042.000000,0.150799
616,484,0.011049,0.010607,97,1921219.000000,274167.000000,0.142705
617,485,0.011090,0.010606,96,1930079.000000,278197.000000,0.144138
618,485,0.011612,0.011141,96,1942629.000000,288077.000000,0.148292
619,486,0.011249,0.010815,96,1958592.000000,289012.000000,0.147561
620,486,0.011202,0.010745,95,1920571.000000,279256.000000,0.145403
621,487,0.011281,0.010814,95,1942708.000000,291616.000000,0.150108
622,488,0.011236,0.010801,95,1947519.000000,289924.000000,0.148868
623,489,0.011468,0.011022,94,1980218.000000,291290.000000,0.147100
624,490,0.011580,0.011128,94,2025224.000000,301323.000000,0.148785
625,491,0.011484,0.011030,94,1989542.000000,297833.000000,0.149699
626,492,0.011419,0.010974,93,1972847.000000,287252.000000,0.145603
627,493,0.011654,0.011202,93,2022405.000000,294373.000000,0.145556
628,494,0.011801,0.011332,93,2037831.000000,300782.000000,0.147599
629,495,0.011960,0.011514,92,2067704.000000,309807.000000,0.149831
630,495,0.011870,0.011415,92,2066870.000000,307718.000000,0.148881
631,496,0.011795,0.011360,92,2043223.000000,303337.000000,0.148460
632,497,0.012049,0.011601,91,2076013.000000,302489.000000,0.145707
633,498,0.012054,0.011604,91,2078095.000000,312120.000000,0.150195
634,499,0.012054,0.011560,91,2099409.000000,319470.000000,0.152171
635,500,0.012202,0.011715,90,2073745.000000,311478.000000,0.150201
636,500,0.012287,0.011824,90,2091906.000000,312755.000000,0.149507
637,501,0.012892,0.012394,90,2096451.000000,317208.000000,0.151307
638,502,0.012492,0.012011,89,2099789.000000,315184.000000,0.150103
639,503,0.011954,0.011474,89,2089248.000000,316001.000000,0.151251
640,504,0.012132,0.011642,89,2121332.000000,310452.000000,0.146348
641,505,0.012899,0.012411,89,2127562.000000,319642.000000,0.150239
642,506,0.012061,0.011602,88,2093944.000000,302232.000000,0.144336
643,507,0.012571,0.012116,88,2123253.000000,308469.000000,0.145281
644,508,0.012265,0.011778,88,2136597.000000,314300.000000,0.147103
645,509,0.012749,0.012244,87,2185799.000000,323821.000000,0.148148
646,509,0.012416,0.011921,87,2156726.000000,313676.000000,0.145441
647,509,0.012379,0.011897,87,2156885.000000,315290.000000,0.146178
648,510,0.012347,0.011865,86,2146457.000000,308976.000000,0.143947
649,511,0.012415,0.011916,86,2159228.000000,310643.000000,0.143868
650,512,0.012476,0.011987,86,2159377.000000,310032.000000,0.143575
651,513,0.012545,0.012065,86,2175995.000000,311630.000000,0.143213
652,514,0.012550,0.012048,85,2185641.000000,324348.000000,0.148399
653,514,0.012949,0.012453,85,2241742.000000,334129.000000,0.149049
654,514,0.012640,0.012154,85,2200182.000000,320704.000000,0.145762
655,515,0.012618,0.012133,84,2189636.000000,315273.000000,0.143984
656,516,0.012608,0.012125,84,2186486.000000,316924.000000,0.144947
657,517,0.012781,0.012303,84,2219978.000000,318379.000000,0.143415
658,518,0.012888,0.012382,84,2257036.000000,326935.000000,0.144851
659,519,0.012907,0.012430,83,2272916.000000,330380.000000,0.145355
660,519,0.012944,0.012468,83,2273531.000000,332209.000000,0.146120
661,520,0.012976,0.012464,83,2266217.000000,322515.000000,0.142314
662,521,0.013087,0.012568,83,2298380.000000,334195.000000,0.145405
663,521,0.012988,0.012503,82,2277976.000000,333188.000000,0.146265
664,522,0.012956,0.012467,82,2281160.000000,333416.000000,0.146161
665,523,0.013359,0.012683,82,2350273.000000,365438.000000,0.155487
666,524,0.013138,0.012661,82,2300048.000000,334786.000000,0.145556
667,525,0.013174,0.012657,81,2308986.000000,333735.000000,0.144537
668,526,0.013129,0.012626,81,2308162.000000,345117.000000,0.149520
669,526,0.013316,0.012829,81,2316783.000000,341253.000000,0.147296
670,527,0.013235,0.012746,81,2320889.000000,344786.000000,0.148558
671,528,0.013441,0.012924,80,2344816.000000,349184.000000,0.148917
672,529,0.013321,0.012825,80,2329250.000000,340500.000000,0.146184
673,530,0.013447,0.012960,80,2379947.000000,361612.000000,0.151941
674,530,0.013671,0.013135,79,2355338.000000,351433.000000,0.149207
675,531,0.013497,0.012961,79,2357945.000000,345845.000000,0.146672
676,532,0.013527,0.013021,79,2360060.000000,344462.000000,0.145955
677,533,0.013642,0.013125,79,2380476.000000,359802.000000,0.151147
678,534,0.013505,0.013004,78,2332468.000000,341340.000000,0.146343
679,535,0.013535,0.013044,78,2339773.000000,341209.000000,0.145830
680,535,0.013486,0.013000,78,2339756.000000,340655.000000,0.145594
681,536,0.013566,0.013045,78,2344410.000000,342975.000000,0.146295
682,537,0.013614,0.013083,78,2354916.000000,343703.000000,0.145951
683,538,0.013647,0.013176,77,2369937.000000,346947.000000,0.146395
684,539,0.013575,0.013103,77,2352250.000000,345689.000000,0.146961
685,540,0.013595,0.013126,77,2340518.000000,336422.000000,0.143738
686,540,0.013541,0.013075,77,2324502.000000,333545.000000,0.143491
687,541,0.013600,0.013117,76,2353879.000000,347815.000000,0.147762
688,542,0.013680,0.013204,76,2343741.000000,349365.000000,0.149063
689,543,0.013637,0.013172,76,2341396.000000,337289.000000,0.144055
690,544,0.013686,0.013227,76,2345156.000000,340243.000000,0.145083
691,544,0.013773,0.013304,76,2356249.000000,343779.000000,0.145901
692,545,0.013759,0.013286,76,2356261.000000,345733.000000,0.146730
693,545,0.013805,0.013316,75,2358856.000000,341271.000000,0.144676
694,546,0.013969,0.013495,75,2379321.000000,351163.000000,0.147590
695,547,0.013862,0.013386,75,2345954.000000,337988.000000,0.144073
696,548,0.013962,0.013490,75,2366692.000000,348924.000000,0.147431
697,549,0.013972,0.013504,75,2373571.000000,349867.000000,0.147401
698,550,0.014077,0.013605,75,2395434.000000,351683.000000,0.146814
699,550,0.014195,0.013731,74,2415257.000000,348141.000000,0.144142
700,550,0.014201,0.013756,74,2413202.000000,351052.000000,0.145471
701,551,0.014158,0.013687,74,2403148.000000,358816.000000,0.149311
702,552,0.014117,0.013630,74,2398335.000000,358453.000000,0.149459
703,553,0.014161,0.013696,74,2404941.000000,357965.000000,0.148846
704,554,0.014195,0.013724,74,2387000.000000,348578.000000,0.146032
705,555,0.014373,0.013909,73,2428161.000000,361547.000000,0.148897
706,556,0.014498,0.014011,73,2451010.000000,356379.000000,0.145401
707,557,0.014443,0.013985,73,2458912.000000,363797.000000,0.147950
708,557,0.014382,0.013911,73,2421871.000000,345905.000000,0.142826
709,558,0.014254,0.013800,73,2407883.000000,344936.000000,0.143253
710,558,0.014333,0.013874,73,2427915.000000,356499.000000,0.146833
711,559,0.014381,0.013928,72,2450259.000000,359275.000000,0.146627
712,560,0.014536,0.014071,72,2457871.000000,360343.000000,0.146608
713,561,0.014490,0.014005,72,2460768.000000,352350.000000,0.143187
714,562,0.014551,0.014100,72,2475384.000000,364298.000000,0.147168
715,563,0.014787,0.014325,72,2512596.000000,365339.000000,0.145403
716,564,0.014798,0.014343,72,2511797.000000,361934.000000,0.144094
717,565,0.014744,0.014298,71,2519392.000000,369652.000000,0.146723
718,566,0.014783,0.014327,71,2511614.000000,366289.000000,0.145838
719,567,0.014840,0.014382,71,2514786.000000,365513.000000,0.145346
720,568,0.014835,0.014360,71,2522031.000000,361727.000000,0.143427
721,569,0.015096,0.014631,71,2570239.000000,383802.000000,0.149325
722,569,0.015004,0.014529,71,2542083.000000,375180.000000,0.147588
723,570,0.015023,0.014575,70,2545648.000000,371054.000000,0.145760
724,571,0.014928,0.014469,70,2519844.000000,360098.000000,0.142905
725,572,0.015130,0.014660,70,2562184.000000,369136.000000,0.144071
726,572,0.015131,0.014657,70,2562455.000000,375921.000000,0.146703
727,573,0.015187,0.014712,70,2569602.000000,368083.000000,0.143245
728,573,0.015254,0.014808,70,2571515.000000,371774.000000,0.144574
729,574,0.015158,0.014715,69,2577321.000000,382884.000000,0.148559
730,575,0.015183,0.014715,69,2580234.000000,379511.000000,0.147084
731,576,0.015438,0.014968,69,2623131.000000,378329.000000,0.144228
732,577,0.015606,0.015125,69,2654627.000000,386254.000000,0.145502
733,578,0.015766,0.015279,69,2683139.000000,403110.000000,0.150238
734,578,0.015602,0.015145,69,2641162.000000,381633.000000,0.144494
735,579,0.015749,0.015288,68,2668343.000000,395264.000000,0.148131
736,579,0.016279,0.015711,68,2654555.000000,403353.000000,0.151948
737,579,0.015776,0.015295,68,2589063.000000,350459.000000,0.135361
738,580,0.015922,0.015439,68,2691298.000000,394432.000000,0.146558
739,581,0.016286,0.015788,68,2780473.000000,419271.000000,0.150791
740,582,0.015993,0.015529,67,2707600.000000,398886.000000,0.147321
741,583,0.016088,0.015598,67,2736084.000000,413914.000000,0.151280
742,584,0.016137,0.015675,67,2743016.000000,404766.000000,0.147562
743,585,0.016290,0.015825,67,2767215.000000,406622.000000,0.146943
744,586,0.016130,0.015653,67,2728096.000000,389447.000000,0.142754
745,587,0.016374,0.015878,66,2780784.000000,407108.000000,0.146400
746,587,0.016333,0.015836,66,2771545.000000,408038.000000,0.147224
747,587,0.016361,0.015854,66,2786837.000000,413694.000000,0.148446
748,588,0.016478,0.015981,66,2808003.000000,417297.000000,0.148610
749,589,0.016568,0.016062,66,2815869.000000,419989.000000,0.149151
750,590,0.016623,0.016130,65,2838236.000000,425846.000000,0.150039
751,591,0.016784,0.016286,65,2857132.000000,431971.000000,0.151190
752,592,0.016707,0.016211,65,2847192.000000,426819.000000,0.149909
753,593,0.016825,0.016305,65,2859110.000000,426499.000000,0.149172
754,594,0.017460,0.016862,65,2837221.000000,422724.000000,0.148992
755,595,0.016993,0.016494,64,2859056.000000,425477.000000,0.148817
756,596,0.016768,0.016290,64,2845349.000000,421736.000000,0.148219
757,596,0.020152,0.019484,64,3168180.000000,542064.000000,0.171096
758,597,0.019109,0.018339,64,2925413.000000,443316.000000,0.151540
759,598,0.019243,0.018690,63,3211047.000000,527368.000000,0.164236
760,598,0.017845,0.017338,63,2979293.000000,457547.000000,0.153576
761,598,0.018322,0.017638,63,3093142.000000,474642.000000,0.153450
762,599,0.018421,0.017907,62,2982576.000000,460528.000000,0.154406
763,600,0.017438,0.016921,62,2934462.000000,451485.000000,0.153856
764,601,0.017537,0.017022,62,2962149.000000,456195.000000,0.154008
765,602,0.017619,0.017123,62,2976741.000000,469382.000000,0.157683
766,603,0.017531,0.016993,61,2940681.000000,448708.000000,0.152586
767,604,0.017550,0.017019,61,2967338.000000,452052.000000,0.152343
768,604,0.018495,0.018004,61,3085397.000000,527380.000000,0.170928
769,605,0.017509,0.017009,61,2969398.000000,459398.000000,0.154711
770,606,0.017559,0.017063,61,2959468.000000,461589.000000,0.155970
771,607,0.017553,0.017029,60,2936273.000000,443419.000000,0.151014
772,607,0.017724,0.017223,60,2967108.000000,453264.000000,0.152763
773,608,0.017708,0.017215,60,2989626.000000,457021.000000,0.152869
774,608,0.017636,0.017142,60,2979703.000000,455640.000000,0.152915
775,609,0.017676,0.017164,60,2985974.000000,453636.000000,0.151922
