frame,nb of entities,FPS,frame length,physics length,L1-dcache-loads,L1-dcache-load-misses,L1-dcache-load-miss-ratio
0,3,302,0.001967,0.000026,458369.000000,29393.000000,0.064125
1,4,302,0.003324,0.000028,588729.000000,33071.000000,0.056174
2,5,302,0.003323,0.000030,548924.000000,32081.000000,0.058443
3,6,302,0.003328,0.000030,553633.000000,32234.000000,0.058223
4,7,302,0.003316,0.000030,597739.000000,32708.000000,0.054720
5,8,302,0.003324,0.000028,544094.000000,29337.000000,0.053919
6,9,302,0.003328,0.000031,565809.000000,32729.000000,0.057845
7,10,302,0.003318,0.000035,604909.000000,33410.000000,0.055231
8,11,302,0.003325,0.000032,567274.000000,33011.000000,0.058192
9,12,302,0.003326,0.000035,567722.000000,32981.000000,0.058094
10,13,302,0.003319,0.000038,571076.000000,30022.000000,0.052571
11,14,302,0.003323,0.000035,606623.000000,33676.000000,0.055514
12,15,302,0.003325,0.000036,608131.000000,32862.000000,0.054038
13,16,302,0.003323,0.000034,646853.000000,33899.000000,0.052406
14,17,302,0.003323,0.000040,618002.000000,33182.000000,0.053692
15,18,302,0.003330,0.000049,586832.000000,32836.000000,0.055955
16,19,302,0.003317,0.000042,662256.000000,34589.000000,0.052229
17,20,302,0.003325,0.000036,616665.000000,33447.000000,0.054239
18,21,302,0.003326,0.000043,617635.000000,33311.000000,0.053933
19,21,302,0.003320,0.000036,622820.000000,33706.000000,0.054118
20,22,302,0.003320,0.000051,589412.000000,30579.000000,0.051881
21,23,302,0.003328,0.000043,638025.000000,34326.000000,0.053800
22,24,302,0.003319,0.000050,653199.000000,33852.000000,0.051825
23,25,302,0.003322,0.000045,635446.000000,33858.000000,0.053282
24,26,302,0.003327,0.000047,649756.000000,33405.000000,0.051412
25,27,302,0.003323,0.000043,647441.000000,31448.000000,0.048573
26,28,302,0.003326,0.000045,634767.000000,34729.000000,0.054711
27,29,302,0.003326,0.000054,649975.000000,35239.000000,0.054216
28,29,302,0.003320,0.000047,678800.000000,34077.000000,0.050202
29,30,302,0.003326,0.000049,674463.000000,35280.000000,0.052308
30,31,302,0.003322,0.000147,819605.000000,41045.000000,0.050079
31,31,302,0.003323,0.000089,811138.000000,43571.000000,0.053716
32,32,302,0.003325,0.000114,780770.000000,43177.000000,0.055301
33,33,302,0.003321,0.000143,821204.000000,49490.000000,0.060265
34,34,302,0.003315,0.000125,830921.000000,43364.000000,0.052188
35,35,302,0.003323,0.000113,751449.000000,39893.000000,0.053088
36,36,302,0.003326,0.000113,807632.000000,43544.000000,0.053916
37,37,302,0.003321,0.000115,850886.000000,44389.000000,0.052168
38,38,302,0.003320,0.000158,918605.000000,50756.000000,0.055253
39,39,302,0.003331,0.000136,907513.000000,49839.000000,0.054918
40,40,302,0.003319,0.000161,879704.000000,46738.000000,0.053129
41,41,302,0.003324,0.000120,815792.000000,43543.000000,0.053375
42,42,302,0.003326,0.000202,1043473.000000,57165.000000,0.054783
43,43,302,0.003320,0.000184,1072036.000000,56602.000000,0.052799
44,44,302,0.003322,0.000234,1145223.000000,63243.000000,0.055223
45,45,302,0.003328,0.000204,1133145.000000,59836.000000,0.052805
46,46,302,0.003322,0.000198,1219879.000000,63704.000000,0.052222
47,47,302,0.003327,0.000226,1168590.000000,63936.000000,0.054712
48,48,302,0.003325,0.000273,1277445.000000,69962.000000,0.054767
49,49,302,0.003319,0.000267,1358633.000000,70548.000000,0.051926
50,49,302,0.003324,0.000249,1247301.000000,66101.000000,0.052995
51,50,302,0.003325,0.000276,1300070.000000,70597.000000,0.054302
52,51,302,0.003317,0.000272,1382650.000000,70779.000000,0.051191
53,52,302,0.003321,0.000230,1243833.000000,64380.000000,0.051759
54,53,302,0.003328,0.000196,1130828.000000,57816.000000,0.051127
55,54,302,0.003323,0.000176,1029379.000000,49423.000000,0.048012
56,55,302,0.003320,0.000235,1176337.000000,59291.000000,0.050403
57,56,302,0.003325,0.000202,1184117.000000,58758.000000,0.049622
58,57,302,0.003325,0.000221,1287546.000000,66217.000000,0.051429
59,58,302,0.003318,0.000217,1295503.000000,65324.000000,0.050424
60,59,300,0.003328,0.000254,1272481.000000,62504.000000,0.049120
61,59,300,0.003322,0.000246,1361654.000000,67404.000000,0.049502
62,60,300,0.003324,0.000215,1322299.000000,65800.000000,0.049762
63,60,300,0.003339,0.000227,1226233.000000,63739.000000,0.051980
64,61,300,0.003316,0.000255,1212498.000000,65623.000000,0.054122
65,62,300,0.003317,0.000197,1183481.000000,56724.000000,0.047930
66,63,300,0.003331,0.000221,1292458.000000,66387.000000,0.051365
67,64,300,0.003318,0.000282,1328343.000000,67169.000000,0.050566
68,65,300,0.003320,0.000278,1323396.000000,66127.000000,0.049968
69,65,300,0.003331,0.000196,1219319.000000,60510.000000,0.049626
70,66,300,0.003317,0.000262,1178465.000000,57626.000000,0.048899
71,66,300,0.003325,0.000190,1196397.000000,59391.000000,0.049642
72,67,300,0.003324,0.000239,1223357.000000,60118.000000,0.049142
73,68,300,0.003324,0.000255,1356347.000000,67837.000000,0.050014
74,69,300,0.003320,0.000243,1307303.000000,66934.000000,0.051200
75,70,300,0.003329,0.000274,1274387.000000,62555.000000,0.049086
76,70,300,0.003318,0.000381,1364395.000000,76695.000000,0.056212
77,71,300,0.003320,0.000274,1400941.000000,69719.000000,0.049766
78,72,300,0.003330,0.000234,1350921.000000,66923.000000,0.049539
79,73,300,0.003315,0.000340,1369295.000000,71876.000000,0.052491
80,73,300,0.003320,0.000287,1308688.000000,62647.000000,0.047870
81,74,300,0.003332,0.000289,1341655.000000,67385.000000,0.050225
82,75,300,0.003308,0.000420,1547121.000000,81703.000000,0.052810
83,76,300,0.003326,0.000272,1489014.000000,73101.000000,0.049094
84,76,300,0.003323,0.000339,1493145.000000,73054.000000,0.048926
85,77,300,0.003319,0.000343,1484350.000000,70787.000000,0.047689
86,78,300,0.003320,0.000335,1518807.000000,73313.000000,0.048270
87,78,300,0.003326,0.000276,1539204.000000,73969.000000,0.048057
88,79,300,0.003327,0.000256,1407092.000000,68994.000000,0.049033
89,80,301,0.003250,0.000266,1453350.000000,69599.000000,0.047889
90,81,301,0.003327,0.000307,1399671.000000,64375.000000,0.045993
91,82,301,0.003317,0.000413,1486098.000000,79316.000000,0.053372
92,82,301,0.003325,0.000279,1535130.000000,72851.000000,0.047456
93,82,301,0.003325,0.000437,1532481.000000,75418.000000,0.049213
94,83,301,0.003321,0.000355,1548603.000000,74087.000000,0.047841
95,84,301,0.003321,0.000320,1524770.000000,70168.000000,0.046019
96,85,301,0.003327,0.000392,1690418.000000,81128.000000,0.047993
97,85,301,0.003323,0.000330,1670149.000000,81487.000000,0.048790
98,86,301,0.003322,0.000440,1715762.000000,83761.000000,0.048819
99,87,301,0.003329,0.000295,1630596.000000,75393.000000,0.046236
100,88,300,0.003376,0.000781,1758164.000000,86769.000000,0.049352
101,89,300,0.003321,0.000443,1817130.000000,87009.000000,0.047883
102,89,300,0.003322,0.000468,1829746.000000,87627.000000,0.047890
103,90,300,0.003321,0.000453,1855021.000000,87379.000000,0.047104
104,91,300,0.003322,0.000390,1846035.000000,86812.000000,0.047026
105,92,300,0.003321,0.000447,1817114.000000,83870.000000,0.046156
106,93,300,0.003323,0.000494,1993897.000000,95655.000000,0.047974
107,94,300,0.003326,0.000360,1878821.000000,88482.000000,0.047094
108,95,300,0.003321,0.000506,1916930.000000,88979.000000,0.046417
109,95,300,0.003322,0.000520,1904727.000000,89858.000000,0.047176
110,96,300,0.003321,0.000394,1776995.000000,78469.000000,0.044158
111,97,300,0.003325,0.000670,1859463.000000,91103.000000,0.048994
112,97,300,0.003322,0.000440,1839179.000000,82043.000000,0.044608
113,97,300,0.003348,0.000385,1759075.000000,82240.000000,0.046752
114,98,300,0.003365,0.000483,1834924.000000,85334.000000,0.046505
115,99,300,0.003362,0.000463,1800824.000000,80268.000000,0.044573
116,100,300,0.003324,0.000477,1979322.000000,89290.000000,0.045111
117,101,300,0.003322,0.000646,2067305.000000,93717.000000,0.045333
118,102,300,0.003284,0.000737,2155912.000000,120425.000000,0.055858
119,102,300,0.003317,0.000398,1994892.000000,86065.000000,0.043143
120,102,300,0.003325,0.000465,1921782.000000,79433.000000,0.041333
121,103,300,0.003315,0.000464,1974086.000000,82828.000000,0.041958
122,104,300,0.003319,0.000453,2126033.000000,90402.000000,0.042521
123,104,300,0.003335,0.000648,2155638.000000,92760.000000,0.043031
124,105,300,0.003311,0.000544,2051326.000000,86267.000000,0.042054
125,106,300,0.003324,0.000389,2019790.000000,80577.000000,0.039894
126,107,300,0.003323,0.000447,2053407.000000,83793.000000,0.040807
127,108,300,0.003318,0.000437,2059469.000000,85329.000000,0.041433
128,109,300,0.003321,0.000438,2087254.000000,84709.000000,0.040584
129,110,300,0.003326,0.000453,2105613.000000,85289.000000,0.040506
130,111,300,0.003316,0.000458,2088718.000000,82540.000000,0.039517
131,112,300,0.003325,0.000435,2144943.000000,85055.000000,0.039654
132,112,300,0.003326,0.000508,2128009.000000,85631.000000,0.040240
133,113,300,0.003312,0.000430,2083457.000000,80373.000000,0.038577
134,114,300,0.003325,0.000470,2239368.000000,89179.000000,0.039823
135,114,300,0.003324,0.000458,2094031.000000,78744.000000,0.037604
136,115,300,0.003317,0.000491,2236119.000000,89404.000000,0.039982
137,116,300,0.003364,0.000486,2273549.000000,95735.000000,0.042108
138,116,300,0.003356,0.000647,2349748.000000,101511.000000,0.043201
139,117,300,0.003363,0.000561,2366143.000000,99437.000000,0.042025
140,117,300,0.003363,0.000613,2500880.000000,105815.000000,0.042311
141,118,300,0.003366,0.000640,2592309.000000,112612.000000,0.043441
142,119,300,0.003374,0.000646,2585716.000000,109967.000000,0.042529
143,119,300,0.003365,0.000607,2582412.000000,110174.000000,0.042663
144,120,300,0.003366,0.000612,2507156.000000,105050.000000,0.041900
145,121,300,0.003366,0.000633,2493528.000000,103335.000000,0.041441
146,122,300,0.003358,0.000583,2519919.000000,104376.000000,0.041420
147,123,300,0.003364,0.000655,2649568.000000,110484.000000,0.041699
148,123,300,0.003366,0.000658,2647032.000000,110897.000000,0.041895
149,124,300,0.003354,0.000556,2678938.000000,112015.000000,0.041813
150,125,299,0.003360,0.000648,2754903.000000,113901.000000,0.041345
151,126,299,0.003374,0.000738,2821993.000000,120505.000000,0.042702
152,127,299,0.003329,0.000698,2918388.000000,119822.000000,0.041058
153,127,299,0.003320,0.000626,2974685.000000,119811.000000,0.040277
154,127,299,0.003322,0.000750,2960273.000000,119283.000000,0.040295
155,127,299,0.003327,0.000752,2941144.000000,114978.000000,0.039093
156,128,299,0.003319,0.000719,2993201.000000,120223.000000,0.040165
157,128,299,0.003317,0.000869,3073299.000000,136011.000000,0.044256
158,129,299,0.003328,0.000619,3038743.000000,120241.000000,0.039569
159,129,299,0.003318,0.000711,3013808.000000,118375.000000,0.039278
160,130,299,0.003322,0.000752,3019027.000000,117208.000000,0.038823
161,130,299,0.003328,0.000763,3055153.000000,119777.000000,0.039205
162,130,299,0.003316,0.000832,3379242.000000,136001.000000,0.040246
163,131,299,0.003390,0.000888,3258590.000000,131170.000000,0.040254
164,132,299,0.003355,0.000834,3253398.000000,129240.000000,0.039725
165,133,299,0.003369,0.000774,3335971.000000,132001.000000,0.039569
166,134,299,0.003341,0.000891,3498495.000000,144119.000000,0.041195
167,135,299,0.003368,0.000826,3512014.000000,142154.000000,0.040476
168,136,299,0.003365,0.000844,3596480.000000,143825.000000,0.039990
169,137,299,0.003368,0.000821,3455695.000000,136797.000000,0.039586
170,138,299,0.003375,0.000846,3537213.000000,140553.000000,0.039736
171,139,299,0.003326,0.000839,3722018.000000,150368.000000,0.040400
172,140,299,0.003372,0.000911,3776695.000000,150503.000000,0.039850
173,141,299,0.003376,0.000924,3773927.000000,151505.000000,0.040145
174,141,299,0.003368,0.000887,3872676.000000,154201.000000,0.039818
175,141,299,0.003374,0.000904,3793784.000000,151779.000000,0.040007
176,141,299,0.003372,0.000932,4058851.000000,165463.000000,0.040766
177,142,299,0.003379,0.001075,3947362.000000,158431.000000,0.040136
178,143,299,0.003369,0.000995,3992278.000000,158061.000000,0.039592
179,144,298,0.003386,0.000904,4139477.000000,162650.000000,0.039292
180,145,298,0.003377,0.001059,4110084.000000,164954.000000,0.040134
181,145,298,0.003374,0.000947,3990584.000000,158343.000000,0.039679
182,146,298,0.003329,0.001015,4196975.000000,166078.000000,0.039571
183,146,298,0.003315,0.001180,4619619.000000,187674.000000,0.040625
184,147,298,0.003321,0.001024,4363505.000000,170508.000000,0.039076
185,148,298,0.003330,0.001117,4409451.000000,176352.000000,0.039994
186,148,298,0.003397,0.001367,4450637.000000,176489.000000,0.039655
187,148,298,0.003388,0.001047,4649314.000000,189406.000000,0.040738
188,149,298,0.003395,0.001184,4464950.000000,175171.000000,0.039232
189,150,298,0.003381,0.001049,4667374.000000,183483.000000,0.039312
190,150,298,0.003343,0.001058,4745996.000000,187883.000000,0.039588
191,151,298,0.003385,0.001188,4865978.000000,195612.000000,0.040200
192,152,298,0.003375,0.001092,4885769.000000,195117.000000,0.039936
193,153,298,0.003389,0.001192,5177144.000000,210474.000000,0.040654
194,154,297,0.003400,0.001226,5059222.000000,196542.000000,0.038848
195,154,297,0.003377,0.001105,4959557.000000,193800.000000,0.039076
196,155,297,0.003329,0.001202,4876244.000000,190809.000000,0.039130
197,156,297,0.003341,0.002067,5437482.000000,247572.000000,0.045531
198,157,297,0.003329,0.001701,5688104.000000,250993.000000,0.044126
199,158,297,0.003319,0.001682,5868559.000000,249969.000000,0.042595
200,159,298,0.003324,0.001301,5711385.000000,227594.000000,0.039849
201,160,298,0.003325,0.001343,5834987.000000,233942.000000,0.040093
202,160,298,0.003318,0.001624,5849510.000000,238293.000000,0.040737
203,161,298,0.003346,0.001953,6040202.000000,254933.000000,0.042206
204,162,298,0.003319,0.001439,6168469.000000,251950.000000,0.040845
205,163,298,0.003323,0.001538,5996046.000000,241381.000000,0.040257
206,164,298,0.003321,0.001548,6255500.000000,254593.000000,0.040699
207,164,298,0.003325,0.001363,6019871.000000,240824.000000,0.040005
208,165,298,0.003327,0.001720,6051324.000000,245004.000000,0.040488
209,166,298,0.003325,0.001389,6043782.000000,239882.000000,0.039691
210,167,298,0.003321,0.001460,6335579.000000,256387.000000,0.040468
211,168,298,0.003326,0.001625,6270851.000000,254920.000000,0.040652
212,169,298,0.003322,0.001695,6562152.000000,270390.000000,0.041204
213,169,298,0.003352,0.002274,6707904.000000,287443.000000,0.042851
214,170,298,0.003357,0.002327,6886899.000000,299530.000000,0.043493
215,171,298,0.003322,0.001815,7022947.000000,287503.000000,0.040938
216,172,298,0.003345,0.002268,7114141.000000,300557.000000,0.042248
217,173,298,0.003327,0.001611,6908748.000000,276404.000000,0.040008
218,173,298,0.003328,0.001798,6900732.000000,278890.000000,0.040415
219,173,298,0.003327,0.001644,6894476.000000,276277.000000,0.040072
220,174,298,0.003373,0.002906,7327235.000000,341455.000000,0.046601
221,175,298,0.003325,0.001671,7003423.000000,279336.000000,0.039886
222,176,298,0.003329,0.001843,7111303.000000,284786.000000,0.040047
223,176,298,0.003321,0.001815,7085009.000000,285512.000000,0.040298
224,177,298,0.003328,0.001747,7087318.000000,284088.000000,0.040084
225,178,298,0.003323,0.001841,7111858.000000,285543.000000,0.040150
226,179,298,0.003335,0.001910,7110671.000000,281317.000000,0.039563
227,180,298,0.003323,0.001681,7144687.000000,281688.000000,0.039426
228,180,298,0.003332,0.001946,7145825.000000,281473.000000,0.039390
229,181,298,0.003323,0.001681,7154123.000000,278944.000000,0.038991
230,182,298,0.003326,0.001698,7263212.000000,282002.000000,0.038826
231,183,298,0.003330,0.001887,7217397.000000,281497.000000,0.039003
232,184,298,0.003321,0.001839,7211689.000000,280280.000000,0.038865
233,185,299,0.003328,0.001734,7231472.000000,282770.000000,0.039103
234,186,298,0.003417,0.001948,7345169.000000,285945.000000,0.038930
235,187,298,0.003411,0.001747,7521515.000000,296111.000000,0.039369
236,187,298,0.003422,0.001777,7633083.000000,303748.000000,0.039794
237,187,298,0.003423,0.001995,7609976.000000,301591.000000,0.039631
238,188,298,0.003328,0.002074,7568005.000000,298613.000000,0.039457
239,189,298,0.003326,0.001889,7500200.000000,289947.000000,0.038659
240,190,299,0.003327,0.001962,7642729.000000,295225.000000,0.038628
241,191,299,0.003325,0.001756,7666321.000000,295524.000000,0.038548
242,192,299,0.003332,0.001993,7646270.000000,296026.000000,0.038715
243,193,299,0.003333,0.001777,7570602.000000,291550.000000,0.038511
244,194,299,0.003320,0.001791,7803536.000000,293238.000000,0.037578
245,195,299,0.003330,0.001837,7863784.000000,302743.000000,0.038498
246,196,299,0.003334,0.002066,7937347.000000,305410.000000,0.038478
247,197,299,0.003324,0.001795,7853308.000000,297982.000000,0.037944
248,198,299,0.003340,0.002079,8243078.000000,315003.000000,0.038214
249,198,299,0.003327,0.001906,8005504.000000,301733.000000,0.037691
250,199,299,0.003325,0.001849,8023569.000000,303916.000000,0.037878
251,200,299,0.003338,0.002084,8041635.000000,305211.000000,0.037954
252,201,299,0.003332,0.001996,8327461.000000,320853.000000,0.038530
253,202,299,0.003331,0.001943,8311641.000000,319920.000000,0.038491
254,203,299,0.003374,0.002772,8715118.000000,364731.000000,0.041850
255,203,299,0.003341,0.002108,8790830.000000,341622.000000,0.038861
256,204,299,0.003335,0.001993,8526098.000000,325391.000000,0.038164
257,205,299,0.003354,0.002382,8837758.000000,339948.000000,0.038465
258,206,299,0.003340,0.002100,8857284.000000,336244.000000,0.037962
259,207,299,0.003366,0.002638,8943334.000000,364026.000000,0.040704
260,208,299,0.003339,0.002076,8915900.000000,330105.000000,0.037024
261,209,299,0.003343,0.002147,9066323.000000,337536.000000,0.037230
262,209,299,0.003340,0.002091,9029381.000000,329738.000000,0.036518
263,210,299,0.003348,0.002263,8910095.000000,322631.000000,0.036210
264,210,299,0.003325,0.002631,9045292.000000,337483.000000,0.037310
265,211,299,0.003344,0.002183,9074914.000000,328122.000000,0.036157
266,212,299,0.003350,0.002297,9262579.000000,346657.000000,0.037426
267,213,299,0.003345,0.002222,9336902.000000,342715.000000,0.036705
268,213,299,0.003352,0.002342,9517602.000000,354682.000000,0.037266
269,213,299,0.003356,0.002174,9379718.000000,342200.000000,0.036483
270,213,299,0.003341,0.002294,9582869.000000,356715.000000,0.037224
271,214,299,0.003345,0.002221,9630637.000000,352523.000000,0.036604
272,215,299,0.003350,0.002291,9803912.000000,361579.000000,0.036881
273,216,299,0.003353,0.002363,9864080.000000,363592.000000,0.036860
274,217,299,0.003364,0.002350,10072228.000000,370440.000000,0.036778
275,217,299,0.003349,0.002408,10032839.000000,365148.000000,0.036395
276,217,299,0.003357,0.002406,10292630.000000,376435.000000,0.036573
277,218,299,0.003352,0.002326,10024956.000000,360328.000000,0.035943
278,219,299,0.003323,0.002324,10077393.000000,361707.000000,0.035893
279,219,299,0.003363,0.002298,9985447.000000,356462.000000,0.035698
280,219,299,0.003354,0.002515,10442228.000000,380101.000000,0.036400
281,219,299,0.003352,0.002362,10198806.000000,365484.000000,0.035836
282,220,299,0.003357,0.002408,10354202.000000,371548.000000,0.035884
283,221,298,0.003382,0.002943,10639744.000000,389828.000000,0.036639
284,221,298,0.003363,0.002578,10808552.000000,384932.000000,0.035614
285,222,298,0.003364,0.002561,10928146.000000,394428.000000,0.036093
286,223,298,0.003377,0.002700,11465322.000000,422624.000000,0.036861
287,223,298,0.003366,0.002620,11140075.000000,401809.000000,0.036069
288,223,298,0.003371,0.002590,11119891.000000,403218.000000,0.036261
289,223,298,0.003376,0.002721,11394417.000000,417095.000000,0.036605
290,224,298,0.003367,0.002590,11128532.000000,397101.000000,0.035683
291,225,298,0.003364,0.002635,11282893.000000,405248.000000,0.035917
292,226,298,0.003373,0.002642,11406045.000000,412796.000000,0.036191
293,227,298,0.003369,0.002729,11491409.000000,411961.000000,0.035849
294,227,298,0.003337,0.002673,11460047.000000,408609.000000,0.035655
295,227,298,0.003378,0.002654,11517143.000000,411096.000000,0.035694
296,228,298,0.003370,0.002812,11816157.000000,425604.000000,0.036019
297,228,298,0.003387,0.002713,11633355.000000,420972.000000,0.036187
298,229,298,0.003370,0.002870,11682440.000000,422141.000000,0.036135
299,230,298,0.003374,0.002774,11752530.000000,422058.000000,0.035912
300,231,298,0.003375,0.002802,11960368.000000,433413.000000,0.036237
301,232,298,0.003378,0.002873,12026474.000000,435528.000000,0.036214
302,233,298,0.003429,0.003063,12191901.000000,443530.000000,0.036379
303,234,298,0.003386,0.002871,12232108.000000,443888.000000,0.036289
304,234,297,0.003796,0.003033,12429369.000000,456773.000000,0.036749
305,234,296,0.003609,0.002978,12406352.000000,456314.000000,0.036781
306,235,296,0.003539,0.002901,12385768.000000,454646.000000,0.036707
307,236,296,0.003607,0.002970,12402770.000000,454705.000000,0.036662
308,237,295,0.003611,0.002998,12528570.000000,454987.000000,0.036316
309,237,295,0.003785,0.003161,12641556.000000,464608.000000,0.036752
310,238,294,0.003650,0.003010,12623578.000000,461070.000000,0.036525
311,239,294,0.003684,0.003043,12808414.000000,464669.000000,0.036278
312,240,293,0.003737,0.003059,13039918.000000,477060.000000,0.036585
313,241,293,0.003715,0.003053,12960585.000000,471101.000000,0.036349
314,242,292,0.003771,0.003108,12894484.000000,469837.000000,0.036437
315,243,292,0.003716,0.003080,12877332.000000,461479.000000,0.035837
316,244,291,0.003777,0.003138,13163111.000000,477788.000000,0.036297
317,245,290,0.003723,0.003101,13171090.000000,472693.000000,0.035889
318,246,290,0.003886,0.003225,13252254.000000,480401.000000,0.036251
319,246,289,0.003770,0.003131,13122729.000000,470529.000000,0.035856
320,247,288,0.003783,0.003150,13144640.000000,470829.000000,0.035819
321,248,288,0.003785,0.003160,13267747.000000,470722.000000,0.035479
322,248,287,0.003770,0.003123,13335413.000000,478581.000000,0.035888
323,249,286,0.003994,0.003337,13508099.000000,491435.000000,0.036381
324,250,286,0.003888,0.003247,13664094.000000,486876.000000,0.035632
325,251,285,0.003873,0.003463,13893340.000000,495918.000000,0.035695
326,252,284,0.003750,0.003398,13911451.000000,488230.000000,0.035096
327,253,284,0.003642,0.003290,13942325.000000,491722.000000,0.035268
328,254,283,0.003774,0.003429,14228835.000000,510058.000000,0.035847
329,255,282,0.004261,0.003620,14239487.000000,507223.000000,0.035621
330,256,281,0.003837,0.003394,14297949.000000,504644.000000,0.035295
331,256,281,0.003691,0.003345,14207942.000000,503645.000000,0.035448
332,257,280,0.003828,0.003477,14592610.000000,520628.000000,0.035678
333,257,280,0.003721,0.003380,14378488.000000,507983.000000,0.035329
334,258,279,0.003829,0.003506,14687369.000000,518130.000000,0.035277
335,259,279,0.003705,0.003371,14386621.000000,498813.000000,0.034672
336,259,278,0.003736,0.003373,14457701.000000,499880.000000,0.034575
337,260,278,0.003925,0.003558,14788516.000000,517854.000000,0.035017
338,260,277,0.003866,0.003526,14987765.000000,518533.000000,0.034597
339,260,276,0.003927,0.003582,15157369.000000,523672.000000,0.034549
340,260,275,0.003879,0.003501,15012338.000000,519181.000000,0.034584
341,261,275,0.004029,0.003674,15139364.000000,522967.000000,0.034544
342,262,274,0.003968,0.003623,15339102.000000,526314.000000,0.034312
343,263,273,0.003957,0.003620,15319484.000000,524185.000000,0.034217
344,263,272,0.004061,0.003700,15608603.000000,537085.000000,0.034410
345,264,271,0.004442,0.003802,15626832.000000,539314.000000,0.034512
346,265,270,0.004309,0.003688,15745128.000000,542594.000000,0.034461
347,266,269,0.004345,0.003740,15787097.000000,545578.000000,0.034558
348,267,267,0.004332,0.003706,15900518.000000,549334.000000,0.034548
349,267,266,0.004420,0.003799,16059939.000000,557878.000000,0.034737
350,268,265,0.004552,0.004149,16036662.000000,558941.000000,0.034854
351,268,264,0.004278,0.003926,16038624.000000,552117.000000,0.034424
352,268,263,0.004076,0.003737,15959168.000000,551428.000000,0.034552
353,269,262,0.004484,0.004112,16245110.000000,562211.000000,0.034608
354,270,261,0.004247,0.003886,16436085.000000,570328.000000,0.034700
355,271,260,0.004209,0.003869,16320812.000000,560147.000000,0.034321
356,271,259,0.004263,0.003899,16543409.000000,568675.000000,0.034375
357,271,258,0.004293,0.003922,16703781.000000,579660.000000,0.034702
358,272,257,0.004322,0.003953,16729185.000000,579931.000000,0.034666
359,272,256,0.004245,0.003917,16642518.000000,570447.000000,0.034276
360,273,255,0.004304,0.003949,16713949.000000,574247.000000,0.034357
361,273,254,0.004335,0.003959,16786813.000000,573559.000000,0.034167
362,274,253,0.004340,0.004002,16844275.000000,577880.000000,0.034307
363,275,252,0.004363,0.003994,16903014.000000,582051.000000,0.034435
364,276,251,0.004457,0.004108,17256446.000000,601719.000000,0.034869
365,277,250,0.004551,0.004179,17458996.000000,608671.000000,0.034863
366,278,249,0.004479,0.004140,17467174.000000,608361.000000,0.034829
367,278,248,0.004491,0.004120,17329402.000000,603861.000000,0.034846
368,279,247,0.004437,0.004098,17322323.000000,605096.000000,0.034932
369,279,246,0.004498,0.004138,17350092.000000,607638.000000,0.035022
370,280,246,0.004450,0.004113,17292655.000000,599326.000000,0.034658
371,281,245,0.004490,0.004127,17336539.000000,606814.000000,0.035002
372,282,244,0.004507,0.004140,17446362.000000,608714.000000,0.034891
373,283,243,0.004676,0.004303,17825007.000000,626316.000000,0.035137
374,284,242,0.004512,0.004153,17480444.000000,606006.000000,0.034668
375,285,242,0.004569,0.004207,17769715.000000,620705.000000,0.034930
376,286,241,0.004622,0.004255,17866397.000000,622480.000000,0.034841
377,287,240,0.004651,0.004303,17963918.000000,626142.000000,0.034856
378,288,239,0.004650,0.004290,17940554.000000,624515.000000,0.034810
379,289,238,0.004654,0.004293,18139051.000000,630124.000000,0.034739
380,290,237,0.004767,0.004396,18409746.000000,638751.000000,0.034696
381,291,236,0.004678,0.004340,18169337.000000,625385.000000,0.034420
382,292,236,0.004777,0.004406,18424117.000000,641377.000000,0.034812
383,293,235,0.004772,0.004399,18396571.000000,639136.000000,0.034742
384,294,234,0.004800,0.004438,18581622.000000,640139.000000,0.034450
385,295,233,0.004813,0.004450,18726830.000000,651081.000000,0.034767
386,296,232,0.004851,0.004502,18898741.000000,659456.000000,0.034894
387,297,231,0.004869,0.004503,18924663.000000,659412.000000,0.034844
388,298,230,0.004895,0.004552,19135856.000000,664666.000000,0.034734
389,298,229,0.004934,0.004565,19288249.000000,669195.000000,0.034694
390,299,228,0.005017,0.004658,19594972.000000,679839.000000,0.034695
391,300,227,0.004927,0.004576,19287233.000000,663781.000000,0.034416
392,301,226,0.004992,0.004617,19527225.000000,675276.000000,0.034581
393,302,225,0.004994,0.004623,19514122.000000,676152.000000,0.034649
394,303,224,0.005257,0.004878,19774094.000000,680958.000000,0.034437
395,304,223,0.005053,0.004693,19738853.000000,675341.000000,0.034214
396,305,222,0.005156,0.004785,19984535.000000,680261.000000,0.034039
397,306,221,0.005112,0.004742,19944510.000000,680851.000000,0.034137
398,307,220,0.005252,0.004884,20399785.000000,700687.000000,0.034348
399,308,219,0.005226,0.004818,20310881.000000,701924.000000,0.034559
400,309,217,0.005268,0.004895,20417069.000000,703809.000000,0.034472
401,309,217,0.005167,0.004815,20227254.000000,692634.000000,0.034243
402,310,216,0.005234,0.004843,20315428.000000,699980.000000,0.034456
403,311,215,0.005317,0.004904,20556781.000000,716599.000000,0.034859
404,311,214,0.005231,0.004852,20366838.000000,703983.000000,0.034565
405,312,213,0.005318,0.004928,20812098.000000,721596.000000,0.034672
406,313,212,0.005432,0.005025,20971080.000000,726456.000000,0.034641
407,314,211,0.005618,0.005233,21477861.000000,751451.000000,0.034987
408,315,210,0.005553,0.005153,21616956.000000,761955.000000,0.035248
409,316,209,0.005544,0.005145,21468126.000000,750779.000000,0.034972
410,316,209,0.005655,0.005263,21838658.000000,764728.000000,0.035017
411,317,208,0.005638,0.005235,21848420.000000,762347.000000,0.034893
412,317,206,0.005793,0.005390,22107512.000000,772733.000000,0.034953
413,318,205,0.005743,0.005346,22050927.000000,764450.000000,0.034667
414,319,204,0.005756,0.005355,22313581.000000,779371.000000,0.034928
415,319,203,0.005723,0.005319,22365648.000000,779797.000000,0.034866
416,319,202,0.005883,0.005489,22623390.000000,786173.000000,0.034750
417,319,201,0.005702,0.005294,22328665.000000,775588.000000,0.034735
418,319,200,0.005762,0.005346,22317055.000000,778149.000000,0.034868
419,320,199,0.005695,0.005301,22307703.000000,771735.000000,0.034595
420,320,198,0.005748,0.005356,22543823.000000,783226.000000,0.034742
421,321,197,0.005719,0.005349,22573343.000000,783323.000000,0.034701
422,322,197,0.005829,0.005465,22924893.000000,788571.000000,0.034398
423,323,196,0.005800,0.005420,22859064.000000,787556.000000,0.034453
424,324,195,0.005963,0.005583,23353940.000000,808371.000000,0.034614
425,325,194,0.006014,0.005634,23425274.000000,804322.000000,0.034336
426,326,193,0.006035,0.005640,23610881.000000,806964.000000,0.034178
427,327,192,0.005981,0.005601,23425260.000000,801304.000000,0.034207
428,328,191,0.006051,0.005654,23681438.000000,809846.000000,0.034198
429,328,190,0.006120,0.005733,23689499.000000,811223.000000,0.034244
430,329,189,0.006092,0.005700,23699287.000000,808491.000000,0.034115
431,329,188,0.006066,0.005662,23789904.000000,815751.000000,0.034290
432,330,187,0.006141,0.005719,23913833.000000,821201.000000,0.034340
433,331,186,0.006112,0.005722,23913659.000000,817342.000000,0.034179
434,331,185,0.006076,0.005681,23962279.000000,818761.000000,0.034169
435,331,184,0.006123,0.005727,23999591.000000,818691.000000,0.034113
436,331,183,0.006102,0.005721,23944817.000000,813015.000000,0.033954
437,331,183,0.006061,0.005684,23988605.000000,819078.000000,0.034144
438,332,182,0.006139,0.005752,23984207.000000,816032.000000,0.034024
439,333,181,0.006083,0.005661,24002999.000000,820529.000000,0.034184
440,334,180,0.006150,0.005736,24198169.000000,825601.000000,0.034118
441,335,180,0.006176,0.005803,24247831.000000,822945.000000,0.033939
442,336,179,0.006214,0.005841,24566325.000000,841673.000000,0.034261
443,337,178,0.006335,0.005944,24806973.000000,848937.000000,0.034222
444,338,177,0.006336,0.005920,24771821.000000,845775.000000,0.034143
445,339,176,0.006258,0.005868,24822325.000000,847812.000000,0.034155
446,340,176,0.006463,0.006070,25024715.000000,846995.000000,0.033846
447,341,175,0.006332,0.005928,25055920.000000,851012.000000,0.033965
448,342,174,0.006396,0.006003,25165893.000000,851282.000000,0.033827
449,343,173,0.006457,0.006069,25371523.000000,855110.000000,0.033704
450,344,173,0.006340,0.005949,25129978.000000,843240.000000,0.033555
451,344,172,0.006460,0.006060,25345185.000000,851807.000000,0.033608
452,345,171,0.006406,0.006021,25154899.000000,842080.000000,0.033476
453,346,170,0.006441,0.006056,25534201.000000,858664.000000,0.033628
454,347,170,0.006489,0.006108,25456387.000000,852609.000000,0.033493
455,348,169,0.006644,0.006223,25993174.000000,882251.000000,0.033942
456,348,168,0.006557,0.006165,25971440.000000,876170.000000,0.033736
457,348,168,0.006550,0.006161,25763940.000000,862559.000000,0.033479
458,349,167,0.006542,0.006147,25784410.000000,868441.000000,0.033681
459,349,166,0.006515,0.006132,25832233.000000,864821.000000,0.033478
460,350,166,0.006544,0.006145,25726711.000000,861135.000000,0.033472
461,351,165,0.007094,0.006412,26096532.000000,889739.000000,0.034094
462,352,164,0.006921,0.006261,26324884.000000,889615.000000,0.033794
463,353,163,0.006958,0.006251,26348082.000000,893211.000000,0.033900
464,354,163,0.006987,0.006330,26641271.000000,909198.000000,0.034127
465,354,162,0.007027,0.006343,26664104.000000,908736.000000,0.034081
466,354,161,0.007142,0.006472,27143099.000000,925966.000000,0.034114
467,355,161,0.007096,0.006389,26919617.000000,915864.000000,0.034022
468,356,160,0.007011,0.006353,26921950.000000,918462.000000,0.034116
469,357,159,0.007117,0.006447,27096823.000000,922752.000000,0.034054
470,358,159,0.007384,0.006693,28017896.000000,957354.000000,0.034169
471,358,158,0.007184,0.006526,27510480.000000,935718.000000,0.034013
472,359,157,0.007298,0.006616,27778566.000000,946428.000000,0.034070
473,359,157,0.007251,0.006579,27655941.000000,938360.000000,0.033930
474,359,156,0.007297,0.006630,27836429.000000,944716.000000,0.033938
475,360,155,0.007357,0.006926,28322555.000000,964122.000000,0.034041
476,360,155,0.007283,0.006903,28804458.000000,973043.000000,0.033781
477,361,154,0.007280,0.006861,28721418.000000,978478.000000,0.034068
478,361,154,0.007101,0.006723,28315515.000000,952515.000000,0.033639
479,362,153,0.007314,0.006898,28955245.000000,980263.000000,0.033854
480,363,152,0.007302,0.006921,29022248.000000,977990.000000,0.033698
481,364,152,0.007354,0.006945,29052609.000000,982473.000000,0.033817
482,365,151,0.007402,0.006983,29206830.000000,988543.000000,0.033846
483,365,150,0.007463,0.007058,29531427.000000,996193.000000,0.033733
484,366,150,0.007542,0.007101,29589725.000000,1002859.000000,0.033892
485,367,149,0.007643,0.007105,29708104.000000,1010745.000000,0.034023
486,368,149,0.007673,0.007252,30030613.000000,1021547.000000,0.034017
487,369,148,0.007676,0.007264,30244064.000000,1028277.000000,0.033999
488,370,147,0.007802,0.007309,30279421.000000,1026943.000000,0.033916
489,371,147,0.007694,0.007291,30277418.000000,1020692.000000,0.033711
490,372,146,0.007884,0.007461,30694651.000000,1043874.000000,0.034008
491,373,146,0.007952,0.007550,31024758.000000,1065287.000000,0.034337
492,373,145,0.007808,0.007390,30845196.000000,1049735.000000,0.034032
493,374,144,0.008039,0.007610,31272823.000000,1067848.000000,0.034146
494,375,144,0.007919,0.007494,30956135.000000,1049873.000000,0.033915
495,376,143,0.007928,0.007482,31164370.000000,1060583.000000,0.034032
496,377,142,0.007888,0.007488,31237047.000000,1058950.000000,0.033900
497,378,142,0.007807,0.007390,31083565.000000,1043436.000000,0.033569
498,379,141,0.008003,0.007584,31644908.000000,1067833.000000,0.033744
499,379,141,0.008005,0.007574,31544873.000000,1063630.000000,0.033718
500,380,140,0.008021,0.007603,31711757.000000,1066315.000000,0.033625
501,381,139,0.008166,0.007719,31770819.000000,1074083.000000,0.033807
502,382,139,0.008076,0.007669,32154474.000000,1080977.000000,0.033618
503,383,138,0.008208,0.007775,32337779.000000,1086319.000000,0.033593
504,384,137,0.008329,0.007917,32812503.000000,1102005.000000,0.033585
505,385,137,0.008317,0.007878,32659480.000000,1106259.000000,0.033873
506,386,136,0.008414,0.008003,32875727.000000,1102615.000000,0.033539
507,387,136,0.008309,0.007878,32707410.000000,1099075.000000,0.033603
508,387,135,0.008258,0.007833,32775424.000000,1096290.000000,0.033449
509,388,134,0.008435,0.007993,33167469.000000,1114357.000000,0.033598
510,389,134,0.008421,0.008002,33211175.000000,1109787.000000,0.033416
511,390,133,0.008451,0.008004,33260167.000000,1119532.000000,0.033660
512,391,133,0.008472,0.008049,33496979.000000,1122754.000000,0.033518
513,392,132,0.008705,0.008257,34059944.000000,1149360.000000,0.033745
514,393,131,0.008561,0.008120,34010792.000000,1134426.000000,0.033355
515,394,131,0.008590,0.008159,34164894.000000,1136840.000000,0.033275
516,395,130,0.008728,0.008314,34550703.000000,1140487.000000,0.033009
517,395,129,0.008692,0.008242,34479007.000000,1134783.000000,0.032912
518,396,129,0.008788,0.008359,34822546.000000,1149952.000000,0.033023
519,397,128,0.008862,0.008405,35019102.000000,1152255.000000,0.032904
520,398,128,0.008871,0.008459,35150836.000000,1155270.000000,0.032866
521,399,127,0.009339,0.008862,35463241.000000,1170872.000000,0.033016
522,400,126,0.008839,0.008439,35238552.000000,1154733.000000,0.032769
523,401,126,0.008901,0.008484,35452008.000000,1159250.000000,0.032699
524,402,125,0.009074,0.008623,35759930.000000,1173365.000000,0.032812
525,403,125,0.008966,0.008542,35673862.000000,1168181.000000,0.032746
526,404,124,0.009086,0.008652,36193208.000000,1190746.000000,0.032900
527,405,124,0.008968,0.008555,35874005.000000,1175888.000000,0.032778
528,405,123,0.009179,0.008744,36270265.000000,1201217.000000,0.033119
529,406,123,0.009726,0.009298,36364046.000000,1199998.000000,0.033000
530,407,122,0.009189,0.008749,36461189.000000,1204279.000000,0.033029
531,408,122,0.009116,0.008702,36339543.000000,1192696.000000,0.032821
532,409,121,0.009152,0.008720,36672605.000000,1195328.000000,0.032595
533,409,121,0.009050,0.008611,36188746.000000,1177608.000000,0.032541
534,410,120,0.009143,0.008726,36577745.000000,1191085.000000,0.032563
535,411,120,0.009335,0.008875,36971256.000000,1209160.000000,0.032705
536,412,119,0.009251,0.008814,37005775.000000,1203964.000000,0.032534
537,412,119,0.009331,0.008902,37282679.000000,1223912.000000,0.032828
538,413,118,0.009403,0.008963,37353421.000000,1225321.000000,0.032803
539,414,118,0.009364,0.008923,37318435.000000,1228511.000000,0.032920
540,415,117,0.009430,0.009012,37560211.000000,1232974.000000,0.032827
541,416,117,0.009385,0.008955,37481208.000000,1230275.000000,0.032824
542,417,116,0.009464,0.009017,37784691.000000,1245352.000000,0.032959
543,418,116,0.009529,0.009103,37961193.000000,1244103.000000,0.032773
544,419,116,0.009524,0.009096,38107626.000000,1247806.000000,0.032744
545,420,115,0.009722,0.009283,38676746.000000,1267473.000000,0.032771
546,420,115,0.009706,0.009243,38308968.000000,1256174.000000,0.032791
547,421,114,0.009594,0.009152,38284394.000000,1253563.000000,0.032743
548,422,114,0.009647,0.009208,38493943.000000,1254716.000000,0.032595
549,422,113,0.009775,0.009303,38924438.000000,1269919.000000,0.032625
550,423,113,0.009759,0.009296,38736608.000000,1262362.000000,0.032588
551,423,113,0.009764,0.009319,39044880.000000,1278335.000000,0.032740
552,424,112,0.009838,0.009401,39093412.000000,1277605.000000,0.032681
553,425,112,0.009831,0.009375,39209052.000000,1279658.000000,0.032637
554,426,111,0.009957,0.009541,39721855.000000,1299115.000000,0.032705
555,427,111,0.009910,0.009490,39539250.000000,1291616.000000,0.032667
556,428,110,0.010184,0.009740,39916931.000000,1313444.000000,0.032904
557,428,110,0.010079,0.009659,40172702.000000,1314872.000000,0.032730
558,429,110,0.010107,0.009671,40577220.000000,1314208.000000,0.032388
559,430,109,0.009958,0.009531,40101622.000000,1297268.000000,0.032350
560,431,109,0.010006,0.009574,40304478.000000,1304766.000000,0.032373
561,431,108,0.010137,0.009686,40381031.000000,1309131.000000,0.032419
562,431,108,0.010179,0.009697,40569108.000000,1315845.000000,0.032435
563,432,108,0.010134,0.009679,40556282.000000,1315570.000000,0.032438
564,433,107,0.010220,0.009777,40901852.000000,1332533.000000,0.032579
565,434,107,0.010210,0.009783,40862093.000000,1327632.000000,0.032491
566,435,106,0.010368,0.009905,41181113.000000,1344637.000000,0.032652
567,436,106,0.010366,0.009932,41038644.000000,1335496.000000,0.032542
568,436,106,0.010488,0.010061,41108303.000000,1336899.000000,0.032521
569,437,105,0.010612,0.010152,41198911.000000,1341799.000000,0.032569
570,438,105,0.010611,0.010139,41677250.000000,1356112.000000,0.032538
571,439,104,0.010810,0.010316,42195613.000000,1370118.000000,0.032471
572,440,104,0.010621,0.010186,41739974.000000,1349699.000000,0.032336
573,440,104,0.010679,0.010251,42007886.000000,1361364.000000,0.032407
574,441,103,0.010664,0.010214,42115577.000000,1360814.000000,0.032311
575,442,103,0.010708,0.010277,41990967.000000,1351440.000000,0.032184
576,442,103,0.010787,0.010303,42344610.000000,1366338.000000,0.032267
577,443,102,0.010894,0.010418,42639129.000000,1382606.000000,0.032426
578,444,102,0.010852,0.010391,42728010.000000,1372652.000000,0.032125
579,444,101,0.010654,0.010202,42819409.000000,1375132.000000,0.032115
580,445,101,0.010741,0.010251,42752349.000000,1378253.000000,0.032238
581,446,101,0.011077,0.010618,43110750.000000,1392721.000000,0.032306
582,447,100,0.010985,0.010509,43545934.000000,1411792.000000,0.032421
583,448,100,0.011023,0.010532,43722253.000000,1407737.000000,0.032197
584,449,100,0.010963,0.010506,43759970.000000,1414598.000000,0.032326
585,449,99,0.011276,0.010802,44236877.000000,1428519.000000,0.032292
586,450,99,0.011075,0.010602,43753628.000000,1404571.000000,0.032102
587,451,99,0.010876,0.010412,43641355.000000,1402789.000000,0.032144
588,451,98,0.010994,0.010538,43940725.000000,1415078.000000,0.032204
589,452,98,0.010960,0.010489,43997252.000000,1409088.000000,0.032027
590,453,98,0.010975,0.010526,43997628.000000,1403278.000000,0.031894
591,454,98,0.011077,0.010484,44172033.000000,1414222.000000,0.032016
592,454,97,0.011080,0.010623,44742169.000000,1438421.000000,0.032149
593,455,97,0.010936,0.010474,44016968.000000,1400475.000000,0.031817
594,456,97,0.011241,0.010784,44831292.000000,1429405.000000,0.031884
595,457,96,0.011177,0.010709,44692942.000000,1427729.000000,0.031945
596,458,96,0.011162,0.010715,44780230.000000,1426644.000000,0.031859
597,459,96,0.011435,0.010706,44685407.000000,1425162.000000,0.031893
598,460,96,0.011354,0.010581,44816193.000000,1430197.000000,0.031913
599,460,95,0.011323,0.010609,44865098.000000,1427739.000000,0.031823
600,461,95,0.011328,0.010613,44989270.000000,1426482.000000,0.031707
601,461,95,0.011436,0.010705,45304857.000000,1446613.000000,0.031931
602,461,94,0.011506,0.010779,45500734.000000,1454151.000000,0.031959
603,461,94,0.011645,0.010917,46009951.000000,1466617.000000,0.031876
604,462,94,0.011526,0.010768,45587702.000000,1456002.000000,0.031938
605,463,93,0.011449,0.010988,45556438.000000,1452611.000000,0.031886
606,463,93,0.011226,0.010778,45473087.000000,1448255.000000,0.031849
607,463,93,0.011324,0.010869,45764608.000000,1455802.000000,0.031811
608,464,93,0.011504,0.011063,46417714.000000,1491630.000000,0.032135
609,464,92,0.011420,0.010980,46026980.000000,1472228.000000,0.031986
610,465,92,0.011578,0.011122,46593886.000000,1503797.000000,0.032275
611,466,92,0.011625,0.011185,46573190.000000,1502763.000000,0.032267
612,467,92,0.011720,0.011276,47140554.000000,1513404.000000,0.032104
613,468,91,0.011709,0.011258,47191275.000000,1510930.000000,0.032017
614,469,91,0.011712,0.011265,47384250.000000,1509296.000000,0.031852
615,470,91,0.011754,0.011296,47481537.000000,1511437.000000,0.031832
616,470,91,0.011793,0.011348,47700764.000000,1520021.000000,0.031866
617,471,90,0.011859,0.011391,47859762.000000,1524428.000000,0.031852
618,472,90,0.011874,0.011419,48110854.000000,1528127.000000,0.031763
619,473,90,0.011990,0.011537,48422149.000000,1539537.000000,0.031794
620,474,90,0.011976,0.011503,48345433.000000,1531035.000000,0.031669
621,474,89,0.011923,0.011461,48330720.000000,1535013.000000,0.031761
622,475,89,0.012077,0.011610,48594580.000000,1545690.000000,0.031808
623,476,89,0.012310,0.011860,48599797.000000,1544561.000000,0.031781
624,476,89,0.012033,0.011573,48692491.000000,1542452.000000,0.031677
625,477,88,0.012045,0.011604,48764313.000000,1546038.000000,0.031704
626,478,88,0.012151,0.011700,49135710.000000,1553832.000000,0.031623
627,479,88,0.012222,0.011773,49431386.000000,1563696.000000,0.031634
628,480,88,0.012297,0.011823,49371705.000000,1559145.000000,0.031580
629,481,87,0.012246,0.011787,49541431.000000,1561395.000000,0.031517
630,482,87,0.012182,0.011743,49410309.000000,1558653.000000,0.031545
631,483,87,0.012372,0.011899,50005649.000000,1580376.000000,0.031604
632,484,87,0.012356,0.011887,50073274.000000,1571698.000000,0.031388
633,484,87,0.012358,0.011903,50059818.000000,1567888.000000,0.031320
634,485,86,0.012322,0.011863,50059076.000000,1566852.000000,0.031300
635,486,86,0.012295,0.011850,50004120.000000,1566276.000000,0.031323
636,487,86,0.012573,0.012094,50567772.000000,1590718.000000,0.031457
637,488,86,0.012343,0.011890,50159167.000000,1565769.000000,0.031216
638,489,86,0.012555,0.012104,51064466.000000,1593913.000000,0.031214
639,490,85,0.012616,0.012164,51313808.000000,1607257.000000,0.031322
640,490,85,0.012673,0.012186,51308461.000000,1609819.000000,0.031375
641,491,85,0.012606,0.012147,51300984.000000,1603478.000000,0.031256
642,492,85,0.012713,0.012252,51784889.000000,1613048.000000,0.031149
643,492,85,0.012704,0.012239,51690078.000000,1609038.000000,0.031129
644,492,84,0.012769,0.012285,51725068.000000,1611017.000000,0.031146
645,493,84,0.012747,0.012289,51864209.000000,1609302.000000,0.031029
646,494,84,0.012865,0.012399,52408278.000000,1629675.000000,0.031096
647,494,84,0.012968,0.012505,52791744.000000,1638543.000000,0.031038
648,495,83,0.012982,0.012501,52757005.000000,1638133.000000,0.031051
649,496,83,0.012917,0.012457,52719266.000000,1625171.000000,0.030827
650,497,83,0.013062,0.012572,53157784.000000,1638134.000000,0.030816
651,498,83,0.013204,0.012726,53127986.000000,1630049.000000,0.030682
652,499,82,0.013195,0.012678,53328659.000000,1636995.000000,0.030696
653,499,82,0.013091,0.012589,53229724.000000,1634704.000000,0.030710
654,500,82,0.013069,0.012591,53100657.000000,1628215.000000,0.030663
655,500,82,0.013134,0.012667,53515407.000000,1647600.000000,0.030787
656,501,82,0.013126,0.012662,53430370.000000,1641162.000000,0.030716
657,502,81,0.013193,0.012704,53569260.000000,1652068.000000,0.030840
658,502,81,0.013567,0.012804,53860228.000000,1661596.000000,0.030850
659,503,81,0.013512,0.012743,53916790.000000,1659778.000000,0.030784
660,504,81,0.013390,0.012642,53890850.000000,1653181.000000,0.030676
661,505,80,0.013432,0.012693,54031907.000000,1653758.000000,0.030607
662,506,80,0.013505,0.012743,54209778.000000,1656069.000000,0.030549
663,506,80,0.013469,0.012711,54182387.000000,1658284.000000,0.030606
664,507,80,0.013684,0.012946,54279240.000000,1650590.000000,0.030409
665,508,80,0.013472,0.012733,54110736.000000,1648794.000000,0.030471
666,509,79,0.013488,0.012737,54340219.000000,1654987.000000,0.030456
667,510,79,0.013585,0.012839,54536173.000000,1660709.000000,0.030452
668,511,79,0.013505,0.012751,54250589.000000,1653196.000000,0.030473
669,512,79,0.013495,0.012755,54358548.000000,1659692.000000,0.030532
670,513,78,0.013540,0.012794,54568098.000000,1664568.000000,0.030504
671,514,78,0.013627,0.012866,54775404.000000,1670423.000000,0.030496
672,515,78,0.013825,0.012987,55585434.000000,1694107.000000,0.030478
673,515,78,0.013815,0.013060,55623389.000000,1692450.000000,0.030427
674,516,78,0.013823,0.013062,55338350.000000,1683101.000000,0.030415
675,517,77,0.013696,0.012940,55266336.000000,1674605.000000,0.030301
676,518,77,0.013748,0.013008,55438085.000000,1679363.000000,0.030293
677,519,77,0.013740,0.012997,55436293.000000,1677831.000000,0.030266
678,520,77,0.013759,0.013019,55571584.000000,1680609.000000,0.030242
679,521,77,0.013785,0.013027,55603176.000000,1683316.000000,0.030274
680,522,76,0.013756,0.013023,55715720.000000,1679097.000000,0.030137
681,523,76,0.013950,0.013184,56006370.000000,1689314.000000,0.030163
682,524,76,0.013926,0.013176,56246723.000000,1699804.000000,0.030220
683,525,76,0.014058,0.013316,56676601.000000,1722857.000000,0.030398
684,526,76,0.014150,0.013406,57014389.000000,1723563.000000,0.030230
685,526,76,0.014118,0.013359,56930025.000000,1717996.000000,0.030177
686,526,75,0.014124,0.013370,56821100.000000,1710078.000000,0.030096
687,527,75,0.014131,0.013384,57210522.000000,1719091.000000,0.030049
688,528,75,0.014358,0.013598,57644668.000000,1727554.000000,0.029969
689,528,75,0.014300,0.013638,57746222.000000,1730307.000000,0.029964
690,529,74,0.015021,0.014235,57883711.000000,1733721.000000,0.029952
691,529,74,0.014394,0.013649,57852998.000000,1730683.000000,0.029915
692,530,74,0.014365,0.013599,57822862.000000,1732175.000000,0.029957
693,531,74,0.014493,0.013705,57867750.000000,1733826.000000,0.029962
694,531,74,0.014418,0.013654,58106886.000000,1730724.000000,0.029785
695,531,74,0.014648,0.013891,58206003.000000,1739351.000000,0.029883
696,531,73,0.014431,0.013672,58129627.000000,1728905.000000,0.029742
697,532,73,0.014290,0.013804,58187559.000000,1735075.000000,0.029819
698,533,73,0.014219,0.013736,58472410.000000,1743883.000000,0.029824
699,533,73,0.014226,0.013743,58597558.000000,1742289.000000,0.029733
700,534,73,0.014174,0.013679,58293338.000000,1731696.000000,0.029707
701,535,73,0.014186,0.013708,58497542.000000,1735541.000000,0.029669
702,536,72,0.014302,0.013826,58432779.000000,1732470.000000,0.029649
703,537,72,0.014224,0.013760,58633758.000000,1737476.000000,0.029633
704,537,72,0.014252,0.013762,58802933.000000,1741469.000000,0.029615
705,537,72,0.014224,0.013764,58773498.000000,1740318.000000,0.029611
706,538,72,0.014274,0.013802,58944088.000000,1747682.000000,0.029650
707,539,72,0.014434,0.013940,59261847.000000,1763225.000000,0.029753
708,539,72,0.014363,0.013896,59310605.000000,1757439.000000,0.029631
709,539,71,0.015117,0.014630,59903384.000000,1792234.000000,0.029919
710,540,71,0.015176,0.014416,60041280.000000,1792008.000000,0.029846
711,541,71,0.014758,0.013997,59910114.000000,1777595.000000,0.029671
712,542,71,0.014842,0.014081,60474469.000000,1785592.000000,0.029526
713,543,71,0.015022,0.014252,60882468.000000,1810703.000000,0.029741
714,543,71,0.014927,0.014158,60713711.000000,1794361.000000,0.029554
715,544,71,0.015103,0.014312,61470302.000000,1815765.000000,0.029539
716,545,70,0.015067,0.014595,61440563.000000,1811634.000000,0.029486
717,546,70,0.014824,0.014345,61593885.000000,1808635.000000,0.029364
718,547,70,0.014953,0.014476,61793958.000000,1816584.000000,0.029397
719,547,70,0.014967,0.014496,62089225.000000,1836909.000000,0.029585
720,548,70,0.014971,0.014494,61965296.000000,1822187.000000,0.029407
721,548,70,0.015070,0.014606,62348197.000000,1826613.000000,0.029297
722,549,70,0.015084,0.014613,62576626.000000,1835000.000000,0.029324
723,550,69,0.015201,0.014730,62458440.000000,1832460.000000,0.029339
724,551,69,0.015134,0.014653,62787870.000000,1842112.000000,0.029339
725,552,69,0.015200,0.014721,62841919.000000,1841560.000000,0.029305
726,553,69,0.015260,0.014770,63419839.000000,1861633.000000,0.029354
727,554,69,0.015288,0.014817,63116650.000000,1852228.000000,0.029346
728,555,69,0.015241,0.014753,63422455.000000,1864471.000000,0.029398
729,556,69,0.015530,0.015059,63882397.000000,1876551.000000,0.029375
730,557,68,0.015435,0.014966,64305059.000000,1883961.000000,0.029297
731,558,68,0.015505,0.015030,64318478.000000,1885830.000000,0.029320
732,559,68,0.015551,0.015085,64715793.000000,1891008.000000,0.029220
733,560,68,0.015630,0.015153,64729805.000000,1889229.000000,0.029186
734,561,68,0.015633,0.015152,64907818.000000,1896103.000000,0.029212
735,562,68,0.015661,0.015162,65036169.000000,1912400.000000,0.029405
736,562,68,0.015954,0.015476,65432879.000000,1926096.000000,0.029436
737,562,67,0.015776,0.015301,65534276.000000,1927728.000000,0.029416
738,562,67,0.015756,0.015278,65311493.000000,1923963.000000,0.029458
739,562,67,0.015744,0.015274,65515753.000000,1926374.000000,0.029403
740,563,67,0.019726,0.018872,66743121.000000,2000020.000000,0.029966
741,564,66,0.029198,0.028213,70123886.000000,2073158.000000,0.029564
742,565,65,0.020461,0.019744,68139441.000000,1964254.000000,0.028827
743,566,65,0.016411,0.015778,66203437.000000,1949432.000000,0.029446
744,567,64,0.030255,0.028193,68905243.000000,2005969.000000,0.029112
745,568,63,0.019140,0.017893,67160619.000000,1956818.000000,0.029136
746,569,63,0.024983,0.024195,67895664.000000,1919941.000000,0.028278
747,570,62,0.017464,0.016709,67032890.000000,1954773.000000,0.029161
748,571,62,0.017221,0.016624,67347054.000000,1983287.000000,0.029449
749,572,62,0.017139,0.016556,67567717.000000,1972567.000000,0.029194
750,573,62,0.016470,0.015921,67240251.000000,1965944.000000,0.029238
751,574,62,0.016096,0.015589,67174329.000000,1962838.000000,0.029220
752,575,62,0.016277,0.015763,67840886.000000,1978108.000000,0.029158
753,576,62,0.016315,0.015823,68080876.000000,1991412.000000,0.029251
754,577,62,0.016617,0.016026,68395428.000000,1993597.000000,0.029148
755,578,61,0.017046,0.016354,68543124.000000,1994912.000000,0.029104
756,578,61,0.017098,0.016590,69154645.000000,2011296.000000,0.029084
757,579,61,0.016798,0.016295,69030246.000000,2011249.000000,0.029136
758,580,61,0.016627,0.016145,69124878.000000,2002036.000000,0.028963
759,581,61,0.016709,0.016223,69309118.000000,2010450.000000,0.029007
760,582,61,0.016861,0.016375,69269254.000000,1996243.000000,0.028819
761,583,60,0.017459,0.016969,69826519.000000,2011500.000000,0.028807
762,584,60,0.016936,0.016432,69887764.000000,2019742.000000,0.028900
763,584,60,0.017162,0.016671,70431504.000000,2038542.000000,0.028944
764,585,60,0.017018,0.016506,70182960.000000,2031964.000000,0.028952
765,585,60,0.017012,0.016510,70380948.000000,2040504.000000,0.028992
766,586,59,0.017340,0.016816,70883052.000000,2056903.000000,0.029018
