frame,nb of entities,FPS,frame length,physics length,L1-dcache-loads,L1-dcache-load-misses,L1-dcache-load-miss-ratio
0,3,302,0.001862,0.000024,668577.000000,36386.000000,0.054423
1,4,302,0.003316,0.000031,751511.000000,38350.000000,0.051031
2,5,302,0.003322,0.000046,740074.000000,37659.000000,0.050885
3,6,302,0.003327,0.000031,759506.000000,36828.000000,0.048489
4,7,302,0.003323,0.000026,756845.000000,37755.000000,0.049885
5,8,302,0.003318,0.000041,742100.000000,35029.000000,0.047203
6,9,302,0.003324,0.000027,769879.000000,37627.000000,0.048874
7,10,302,0.003324,0.000030,773642.000000,38060.000000,0.049196
8,11,302,0.003325,0.000033,759760.000000,37836.000000,0.049800
9,12,302,0.003324,0.000038,762326.000000,38135.000000,0.050025
10,13,302,0.003319,0.000037,730815.000000,33983.000000,0.046500
11,14,302,0.003326,0.000035,777234.000000,38081.000000,0.048996
12,15,302,0.003326,0.000038,760520.000000,37362.000000,0.049127
13,16,302,0.003323,0.000041,779302.000000,39312.000000,0.050445
14,17,302,0.003323,0.000039,769447.000000,38511.000000,0.050050
15,18,302,0.003329,0.000048,777181.000000,35059.000000,0.045110
16,19,302,0.003311,0.000046,786087.000000,39208.000000,0.049877
17,20,302,0.003323,0.000043,793367.000000,37938.000000,0.047819
18,21,302,0.003328,0.000042,789568.000000,38136.000000,0.048300
19,22,302,0.003319,0.000048,807157.000000,39374.000000,0.048781
20,23,302,0.003324,0.000042,791520.000000,34569.000000,0.043674
21,24,302,0.003328,0.000048,832788.000000,39107.000000,0.046959
22,25,302,0.003320,0.000052,797488.000000,38894.000000,0.048771
23,26,302,0.003323,0.000054,801141.000000,38698.000000,0.048304
24,27,302,0.003324,0.000055,816076.000000,38468.000000,0.047138
25,28,302,0.003319,0.000049,808557.000000,35750.000000,0.044215
26,28,302,0.003326,0.000053,819604.000000,38664.000000,0.047174
27,29,302,0.003322,0.000058,850905.000000,39016.000000,0.045852
28,30,302,0.003321,0.000047,826967.000000,39558.000000,0.047835
29,31,302,0.003323,0.000060,877867.000000,40532.000000,0.046171
30,32,302,0.003329,0.000053,824828.000000,36058.000000,0.043716
31,33,302,0.003318,0.000065,867551.000000,39806.000000,0.045883
32,33,302,0.003326,0.000047,838542.000000,38745.000000,0.046205
33,34,302,0.003325,0.000064,841378.000000,39268.000000,0.046671
34,35,302,0.003322,0.000063,846528.000000,40098.000000,0.047368
35,36,302,0.003320,0.000070,869418.000000,35739.000000,0.041107
36,37,302,0.003325,0.000091,880468.000000,42277.000000,0.048017
37,38,302,0.003319,0.000070,888625.000000,41140.000000,0.046296
38,38,302,0.003322,0.000057,855069.000000,39322.000000,0.045987
39,39,302,0.003326,0.000069,848945.000000,39907.000000,0.047008
40,40,302,0.003319,0.000059,852199.000000,36701.000000,0.043066
41,41,302,0.003323,0.000085,914451.000000,40157.000000,0.043914
42,42,302,0.003326,0.000072,910211.000000,40066.000000,0.044018
43,42,302,0.003321,0.000083,904600.000000,40319.000000,0.044571
44,43,302,0.003322,0.000076,917058.000000,40359.000000,0.044009
45,43,302,0.003322,0.000080,930898.000000,37622.000000,0.040415
46,43,302,0.003323,0.000081,918589.000000,40208.000000,0.043771
47,44,302,0.003325,0.000094,929302.000000,42084.000000,0.045286
48,45,302,0.003324,0.000076,926341.000000,40532.000000,0.043755
49,46,303,0.003322,0.000086,915629.000000,40572.000000,0.044311
50,47,303,0.003323,0.000087,898265.000000,36608.000000,0.040754
51,48,303,0.003327,0.000081,942682.000000,40052.000000,0.042487
52,49,303,0.003324,0.000087,951907.000000,40778.000000,0.042838
53,50,303,0.003324,0.000075,974574.000000,41182.000000,0.042256
54,51,303,0.003327,0.000084,958562.000000,40357.000000,0.042102
55,52,303,0.003320,0.000099,952271.000000,38050.000000,0.039957
56,53,303,0.003327,0.000089,964129.000000,41001.000000,0.042526
57,54,303,0.003323,0.000109,989492.000000,41501.000000,0.041942
58,54,303,0.003320,0.000100,985790.000000,41118.000000,0.041711
59,55,303,0.003326,0.000085,1000311.000000,42160.000000,0.042147
60,56,300,0.003324,0.000105,965242.000000,38117.000000,0.039490
61,57,300,0.003378,0.000099,1014620.000000,43787.000000,0.043156
62,57,300,0.003320,0.000108,1004131.000000,41449.000000,0.041278
63,58,300,0.003326,0.000113,1015603.000000,41965.000000,0.041320
64,59,300,0.003315,0.000119,1082973.000000,47374.000000,0.043744
65,60,300,0.003322,0.000102,1064275.000000,38888.000000,0.036539
66,61,300,0.003330,0.000124,1108412.000000,50867.000000,0.045892
67,62,300,0.003329,0.000163,988008.000000,55069.000000,0.055737
68,63,300,0.003320,0.000161,1051012.000000,57426.000000,0.054639
69,64,300,0.003320,0.000153,1120734.000000,49625.000000,0.044279
70,65,300,0.003324,0.000094,1034438.000000,38714.000000,0.037425
71,66,300,0.003320,0.000129,1086055.000000,46583.000000,0.042892
72,67,300,0.003322,0.000128,1076456.000000,43181.000000,0.040114
73,68,300,0.003320,0.000129,1108416.000000,44484.000000,0.040133
74,69,300,0.003353,0.000225,1053376.000000,51182.000000,0.048589
75,70,300,0.003322,0.000131,1076295.000000,39496.000000,0.036696
76,71,300,0.003321,0.000115,1174970.000000,44509.000000,0.037881
77,72,300,0.003324,0.000108,1150472.000000,44543.000000,0.038717
78,73,300,0.003340,0.000321,1050657.000000,46929.000000,0.044666
79,74,300,0.003323,0.000134,1187529.000000,44835.000000,0.037755
80,74,300,0.003323,0.000132,1073448.000000,39636.000000,0.036924
81,75,300,0.003390,0.000158,1061999.000000,46952.000000,0.044211
82,76,300,0.003315,0.000201,1204036.000000,62868.000000,0.052214
83,77,300,0.003326,0.000142,1156486.000000,47285.000000,0.040887
84,78,300,0.003322,0.000143,1162286.000000,43909.000000,0.037778
85,79,300,0.003324,0.000138,1156122.000000,41753.000000,0.036115
86,79,300,0.003320,0.000145,1198677.000000,44247.000000,0.036913
87,80,300,0.003329,0.000124,1176202.000000,44716.000000,0.038017
88,80,300,0.003319,0.000124,1161675.000000,45044.000000,0.038775
89,81,300,0.003323,0.000150,1157092.000000,44320.000000,0.038303
90,82,300,0.003324,0.000149,1131308.000000,40598.000000,0.035886
91,83,300,0.003321,0.000165,1187687.000000,45474.000000,0.038288
92,84,300,0.003325,0.000227,1204014.000000,49847.000000,0.041401
93,85,300,0.003325,0.000171,1209337.000000,45803.000000,0.037874
94,86,300,0.003319,0.000140,1225885.000000,45562.000000,0.037167
95,87,300,0.003323,0.000191,1199327.000000,43815.000000,0.036533
96,88,300,0.003321,0.000171,1283588.000000,46468.000000,0.036202
97,89,300,0.003325,0.000144,1305324.000000,47267.000000,0.036211
98,89,300,0.003320,0.000147,1266510.000000,46410.000000,0.036644
99,90,300,0.003324,0.000176,1262014.000000,46123.000000,0.036547
100,91,300,0.003325,0.000163,1237146.000000,42710.000000,0.034523
101,92,300,0.003314,0.000277,1315656.000000,55103.000000,0.041883
102,93,300,0.003332,0.000184,1298540.000000,47381.000000,0.036488
103,94,300,0.003310,0.000274,1390193.000000,60372.000000,0.043427
104,95,300,0.003318,0.000245,1384085.000000,56927.000000,0.041130
105,96,300,0.003323,0.000258,1357861.000000,47929.000000,0.035297
106,97,300,0.003318,0.000195,1378564.000000,48272.000000,0.035016
107,98,300,0.003325,0.000206,1367268.000000,47500.000000,0.034741
108,99,300,0.003325,0.000205,1387777.000000,48367.000000,0.034852
109,100,300,0.003322,0.000189,1384145.000000,47840.000000,0.034563
110,101,300,0.003320,0.000209,1388014.000000,43790.000000,0.031549
111,102,300,0.003329,0.000198,1422366.000000,47180.000000,0.033170
112,102,300,0.003317,0.000207,1427085.000000,47718.000000,0.033437
113,103,300,0.003326,0.000220,1415727.000000,47235.000000,0.033364
114,103,300,0.003327,0.000215,1413014.000000,47395.000000,0.033542
115,104,300,0.003319,0.000230,1424829.000000,44827.000000,0.031461
116,105,300,0.003324,0.000223,1461946.000000,48410.000000,0.033113
117,106,300,0.003325,0.000205,1503173.000000,49267.000000,0.032775
118,107,300,0.003321,0.000232,1499529.000000,49261.000000,0.032851
119,108,300,0.003320,0.000226,1532500.000000,48910.000000,0.031915
120,109,300,0.003329,0.000221,1493051.000000,45769.000000,0.030655
121,110,300,0.003319,0.000252,1592138.000000,50380.000000,0.031643
122,110,300,0.003321,0.000228,1578805.000000,49418.000000,0.031301
123,111,300,0.003324,0.000226,1573246.000000,49403.000000,0.031402
124,112,300,0.003321,0.000202,1581954.000000,49747.000000,0.031447
125,113,300,0.003328,0.000239,1572977.000000,45946.000000,0.029210
126,113,300,0.003328,0.000263,1594250.000000,50136.000000,0.031448
127,113,300,0.003316,0.000278,1610253.000000,51325.000000,0.031874
128,113,300,0.003321,0.000239,1630427.000000,49518.000000,0.030371
129,114,300,0.003327,0.000243,1612966.000000,50116.000000,0.031071
130,114,300,0.003320,0.000266,1611770.000000,46188.000000,0.028657
131,114,300,0.003324,0.000250,1625363.000000,50135.000000,0.030845
132,115,300,0.003325,0.000247,1681676.000000,51061.000000,0.030363
133,116,300,0.003350,0.000236,1698703.000000,51727.000000,0.030451
134,116,300,0.003297,0.000239,1707810.000000,51537.000000,0.030177
135,117,300,0.003323,0.000263,1717701.000000,49127.000000,0.028600
136,117,300,0.003323,0.000229,1707003.000000,50649.000000,0.029671
137,118,300,0.003322,0.000280,1705566.000000,51937.000000,0.030451
138,118,300,0.003324,0.000255,1759138.000000,50851.000000,0.028907
139,119,300,0.003324,0.000244,1752639.000000,51638.000000,0.029463
140,120,300,0.003321,0.000302,1746683.000000,48116.000000,0.027547
141,121,300,0.003327,0.000248,1797021.000000,52907.000000,0.029442
142,121,300,0.003323,0.000243,1812016.000000,53210.000000,0.029365
143,122,300,0.003324,0.000274,1862436.000000,54358.000000,0.029187
144,123,300,0.003325,0.000300,1929724.000000,54979.000000,0.028491
145,124,300,0.003322,0.000285,1914899.000000,52466.000000,0.027399
146,125,300,0.003326,0.000318,1982268.000000,54333.000000,0.027410
147,126,300,0.003324,0.000388,2012958.000000,57404.000000,0.028517
148,126,300,0.003317,0.000373,2039771.000000,56976.000000,0.027933
149,127,300,0.003323,0.000319,2009761.000000,55532.000000,0.027631
150,128,300,0.003328,0.000336,1987902.000000,52316.000000,0.026317
151,128,300,0.003323,0.000304,2020211.000000,56301.000000,0.027869
152,129,300,0.003319,0.000373,2019745.000000,54879.000000,0.027171
153,130,300,0.003334,0.000345,2041433.000000,56745.000000,0.027797
154,131,300,0.003312,0.000395,2082823.000000,59212.000000,0.028429
155,132,300,0.003321,0.000335,2005313.000000,51703.000000,0.025783
156,133,300,0.003328,0.000404,2055608.000000,57229.000000,0.027840
157,134,300,0.003317,0.000407,2075250.000000,57594.000000,0.027753
158,134,300,0.003325,0.000336,2048452.000000,55869.000000,0.027274
159,135,300,0.003320,0.000447,2173955.000000,72183.000000,0.033204
160,136,300,0.003325,0.000312,2114725.000000,54452.000000,0.025749
161,136,300,0.003318,0.000529,2309982.000000,77794.000000,0.033677
162,136,300,0.003325,0.000384,2297710.000000,64328.000000,0.027997
163,137,300,0.003326,0.000352,2248483.000000,59701.000000,0.026552
164,138,300,0.003316,0.000420,2298445.000000,63803.000000,0.027759
165,139,300,0.003324,0.000426,2331026.000000,62025.000000,0.026608
166,140,300,0.003320,0.000373,2418107.000000,60664.000000,0.025087
167,141,300,0.003323,0.000427,2448860.000000,60483.000000,0.024698
168,142,300,0.003368,0.000636,2449168.000000,63648.000000,0.025988
169,143,300,0.003356,0.000509,2463864.000000,63308.000000,0.025695
170,144,300,0.003357,0.000479,2401336.000000,57960.000000,0.024137
171,144,300,0.003361,0.000459,2497098.000000,62487.000000,0.025024
172,145,300,0.003359,0.000504,2543350.000000,62858.000000,0.024715
173,146,300,0.003361,0.000508,2630910.000000,64897.000000,0.024667
174,147,300,0.003325,0.000589,2637000.000000,64886.000000,0.024606
175,148,300,0.003358,0.000534,2613678.000000,58726.000000,0.022469
176,149,300,0.003352,0.000509,2708532.000000,63704.000000,0.023520
177,150,300,0.003360,0.000533,2748929.000000,63581.000000,0.023129
178,151,300,0.003360,0.000467,2773461.000000,63740.000000,0.022982
179,151,300,0.003358,0.000589,2819819.000000,64621.000000,0.022917
180,152,300,0.003375,0.000548,2824910.000000,62641.000000,0.022175
181,152,300,0.003183,0.000700,3061401.000000,84368.000000,0.027559
182,152,300,0.003318,0.000572,3033120.000000,74721.000000,0.024635
183,153,300,0.003314,0.000614,3038876.000000,65439.000000,0.021534
184,153,300,0.003322,0.000567,3070053.000000,66902.000000,0.021792
185,154,300,0.003323,0.000640,2932192.000000,61699.000000,0.021042
186,155,300,0.003318,0.000742,3060107.000000,77672.000000,0.025382
187,156,300,0.003320,0.000575,3044227.000000,66686.000000,0.021906
188,157,300,0.003336,0.000650,3062436.000000,67703.000000,0.022108
189,158,300,0.003313,0.000646,3134394.000000,66830.000000,0.021322
190,159,300,0.003321,0.000590,3102141.000000,62735.000000,0.020223
191,160,300,0.003321,0.000737,3160421.000000,69619.000000,0.022028
192,160,300,0.003316,0.000645,3156989.000000,65430.000000,0.020725
193,161,300,0.003325,0.000601,3161028.000000,67131.000000,0.021237
194,162,300,0.003315,0.000596,3196310.000000,74816.000000,0.023407
195,163,300,0.003320,0.000670,3189560.000000,63304.000000,0.019847
196,164,300,0.003316,0.000624,3302472.000000,68720.000000,0.020809
197,165,300,0.003323,0.000732,3374008.000000,68274.000000,0.020235
198,166,300,0.003322,0.000713,3396304.000000,68906.000000,0.020289
199,166,300,0.003319,0.000645,3381262.000000,69940.000000,0.020685
200,167,300,0.003324,0.000735,3347299.000000,66041.000000,0.019730
201,167,300,0.003322,0.000717,3444480.000000,68739.000000,0.019956
202,168,300,0.003321,0.000681,3507431.000000,69755.000000,0.019888
203,169,300,0.003326,0.000821,3554298.000000,71936.000000,0.020239
204,170,300,0.003319,0.000755,3575901.000000,70587.000000,0.019740
205,171,300,0.003321,0.000661,3605238.000000,70484.000000,0.019550
206,172,300,0.003326,0.000810,3648246.000000,71836.000000,0.019691
207,173,300,0.003318,0.000806,3671511.000000,74101.000000,0.020183
208,174,300,0.003318,0.000720,3731505.000000,71917.000000,0.019273
209,175,300,0.003326,0.000833,3756536.000000,73258.000000,0.019501
210,175,300,0.003320,0.000800,3709566.000000,66134.000000,0.017828
211,176,300,0.003321,0.000745,3801790.000000,71913.000000,0.018916
212,177,300,0.003322,0.000901,3878434.000000,75069.000000,0.019355
213,178,300,0.003319,0.000842,3911053.000000,72404.000000,0.018513
214,179,300,0.003323,0.000700,3942676.000000,72438.000000,0.018373
215,180,300,0.003336,0.000977,3958733.000000,76409.000000,0.019301
216,181,300,0.003320,0.000896,4137406.000000,91479.000000,0.022110
217,182,300,0.003316,0.000923,4173672.000000,94375.000000,0.022612
218,183,300,0.003333,0.000777,4114394.000000,79585.000000,0.019343
219,184,300,0.003317,0.000750,4209512.000000,79164.000000,0.018806
220,185,300,0.003316,0.000767,4139141.000000,76636.000000,0.018515
221,186,300,0.003339,0.000755,4193706.000000,79883.000000,0.019048
222,187,300,0.003309,0.001392,4552179.000000,127146.000000,0.027931
223,188,300,0.003338,0.000845,4374831.000000,88405.000000,0.020208
224,189,300,0.003308,0.000890,4484103.000000,87507.000000,0.019515
225,190,300,0.003320,0.000948,4376999.000000,76494.000000,0.017476
226,190,300,0.003318,0.000888,4411290.000000,79936.000000,0.018121
227,191,300,0.003329,0.001067,4477685.000000,84043.000000,0.018769
228,192,300,0.003321,0.000975,4489517.000000,81929.000000,0.018249
229,193,300,0.003319,0.000922,4508907.000000,82939.000000,0.018394
230,194,300,0.003327,0.001046,4540832.000000,82331.000000,0.018131
231,194,300,0.003318,0.001011,4572336.000000,83443.000000,0.018250
232,195,300,0.003320,0.000947,4587134.000000,82746.000000,0.018039
233,196,300,0.003332,0.000890,4671455.000000,84258.000000,0.018037
234,196,300,0.003318,0.001030,4681071.000000,83744.000000,0.017890
235,197,300,0.003320,0.000975,4655368.000000,79513.000000,0.017080
236,198,301,0.003334,0.000908,4712557.000000,83738.000000,0.017769
237,199,301,0.003315,0.001055,4729780.000000,84720.000000,0.017912
238,200,301,0.003322,0.000988,4783541.000000,84050.000000,0.017571
239,200,301,0.003329,0.000940,4886002.000000,85437.000000,0.017486
240,201,301,0.003321,0.000912,4923601.000000,84057.000000,0.017072
241,201,301,0.003320,0.001041,5029297.000000,86399.000000,0.017179
242,201,301,0.003327,0.000956,4978184.000000,85858.000000,0.017247
243,202,301,0.003325,0.001108,4975060.000000,86565.000000,0.017400
244,202,301,0.003321,0.001033,5010334.000000,86914.000000,0.017347
245,203,301,0.003329,0.000987,5038752.000000,84398.000000,0.016750
246,203,301,0.003325,0.001200,5127980.000000,87194.000000,0.017004
247,204,301,0.003312,0.001070,5213151.000000,88893.000000,0.017052
248,204,301,0.003328,0.001076,5343812.000000,94693.000000,0.017720
249,205,301,0.003324,0.001154,5196100.000000,87713.000000,0.016881
250,206,301,0.003318,0.001107,5235409.000000,85123.000000,0.016259
251,207,301,0.003326,0.001068,5354657.000000,90927.000000,0.016981
252,208,300,0.003329,0.001183,5378849.000000,90177.000000,0.016765
253,209,300,0.003328,0.001166,5511814.000000,92445.000000,0.016772
254,210,300,0.003324,0.001170,5683155.000000,101743.000000,0.017903
255,211,300,0.003325,0.001298,5739147.000000,92338.000000,0.016089
256,212,300,0.003323,0.001209,5740849.000000,94373.000000,0.016439
257,212,300,0.003318,0.001145,5751004.000000,93631.000000,0.016281
258,213,300,0.003330,0.001294,5814331.000000,95541.000000,0.016432
259,214,300,0.003319,0.001239,5959579.000000,95078.000000,0.015954
260,215,300,0.003320,0.001239,6052700.000000,95844.000000,0.015835
261,216,300,0.003331,0.001329,5998037.000000,94417.000000,0.015741
262,217,300,0.003321,0.001259,6058818.000000,96535.000000,0.015933
263,218,300,0.003319,0.001252,6144017.000000,99751.000000,0.016235
264,219,300,0.003325,0.001425,6208826.000000,100977.000000,0.016263
265,220,300,0.003319,0.001322,6260574.000000,96082.000000,0.015347
266,220,300,0.003321,0.001267,6241341.000000,101207.000000,0.016216
267,220,300,0.003330,0.001373,6216874.000000,98603.000000,0.015861
268,221,300,0.003320,0.001313,6244967.000000,98860.000000,0.015830
269,222,300,0.003320,0.001303,6358673.000000,103876.000000,0.016336
270,223,300,0.003332,0.001397,6361333.000000,96266.000000,0.015133
271,223,300,0.003312,0.001367,6372281.000000,102860.000000,0.016142
272,224,300,0.003323,0.001222,6427750.000000,102024.000000,0.015872
273,224,300,0.003331,0.001450,6531924.000000,104451.000000,0.015991
274,224,300,0.003318,0.001392,6626747.000000,101973.000000,0.015388
275,225,300,0.003322,0.001341,6554628.000000,98884.000000,0.015086
276,226,300,0.003329,0.001424,6725037.000000,111281.000000,0.016547
277,227,300,0.003319,0.001410,6669547.000000,103499.000000,0.015518
278,228,300,0.003317,0.001359,6797000.000000,108508.000000,0.015964
279,229,300,0.003331,0.001491,6781202.000000,103644.000000,0.015284
280,230,300,0.003319,0.001444,6800549.000000,101936.000000,0.014989
281,230,300,0.003321,0.001424,6920128.000000,106338.000000,0.015366
282,231,300,0.003331,0.001532,6975692.000000,107552.000000,0.015418
283,231,300,0.003321,0.001502,7023611.000000,106137.000000,0.015111
284,231,300,0.003317,0.001605,7198473.000000,116124.000000,0.016132
285,232,300,0.003333,0.001731,7220808.000000,108789.000000,0.015066
286,233,300,0.003324,0.001429,7156857.000000,116870.000000,0.016330
287,233,300,0.003315,0.001472,7148569.000000,107293.000000,0.015009
288,234,300,0.003331,0.001563,7159439.000000,106856.000000,0.014925
289,235,300,0.003318,0.001541,7211095.000000,109310.000000,0.015159
290,235,300,0.003323,0.001477,7455086.000000,123604.000000,0.016580
291,236,300,0.003328,0.001592,7339615.000000,108632.000000,0.014801
292,237,300,0.003320,0.001542,7224377.000000,109301.000000,0.015129
293,237,300,0.003322,0.001506,7263545.000000,109429.000000,0.015066
294,237,300,0.003329,0.001530,7427565.000000,116820.000000,0.015728
295,238,300,0.003322,0.001420,7435586.000000,107525.000000,0.014461
296,239,300,0.003323,0.001527,7371936.000000,111125.000000,0.015074
297,240,300,0.003328,0.001455,7480960.000000,112569.000000,0.015047
298,241,300,0.003321,0.001634,7547113.000000,112706.000000,0.014934
299,242,300,0.003326,0.001467,7601173.000000,112485.000000,0.014798
300,243,300,0.003327,0.001446,7606163.000000,109581.000000,0.014407
301,244,300,0.003321,0.001684,7793160.000000,117159.000000,0.015034
302,245,300,0.003327,0.001505,7865502.000000,116677.000000,0.014834
303,246,300,0.003328,0.001529,7806790.000000,119593.000000,0.015319
304,246,300,0.003321,0.001688,7795123.000000,114203.000000,0.014651
305,247,300,0.003326,0.001797,7784201.000000,113683.000000,0.014604
306,248,300,0.003326,0.001608,7894243.000000,117636.000000,0.014901
307,249,300,0.003323,0.001737,8048613.000000,117692.000000,0.014623
308,249,300,0.003324,0.001532,7969190.000000,116202.000000,0.014581
309,250,300,0.003331,0.001685,8126653.000000,131469.000000,0.016178
310,251,300,0.003319,0.001751,8066010.000000,114084.000000,0.014144
311,252,300,0.003326,0.001594,8173656.000000,119900.000000,0.014669
312,253,300,0.003328,0.001557,8170954.000000,117234.000000,0.014348
313,253,300,0.003321,0.001785,8238172.000000,118840.000000,0.014426
314,254,300,0.003328,0.002015,8432094.000000,128942.000000,0.015292
315,255,300,0.003321,0.001671,8341785.000000,117608.000000,0.014099
316,256,300,0.003324,0.001805,8351873.000000,121064.000000,0.014495
317,257,300,0.003325,0.001638,8413312.000000,122931.000000,0.014611
318,258,300,0.003326,0.001612,8452374.000000,121615.000000,0.014388
319,259,300,0.003328,0.001874,8661833.000000,123905.000000,0.014305
320,260,300,0.003325,0.001645,8560198.000000,121153.000000,0.014153
321,261,300,0.003331,0.001817,8753650.000000,125377.000000,0.014323
322,262,300,0.003326,0.001888,8681502.000000,125064.000000,0.014406
323,262,300,0.003325,0.001747,8776004.000000,127130.000000,0.014486
324,262,300,0.003330,0.001683,8794397.000000,124970.000000,0.014210
325,263,300,0.003321,0.001731,8911029.000000,120606.000000,0.013534
326,264,300,0.003323,0.001879,8979026.000000,126065.000000,0.014040
327,265,300,0.003328,0.001733,9003725.000000,124566.000000,0.013835
328,266,300,0.003329,0.001931,8944303.000000,124802.000000,0.013953
329,267,300,0.003325,0.001776,9020663.000000,128254.000000,0.014218
330,268,300,0.003327,0.001725,8966855.000000,121929.000000,0.013598
331,269,300,0.003332,0.001979,9119314.000000,126266.000000,0.013846
332,270,300,0.003326,0.001780,9214427.000000,127768.000000,0.013866
333,271,300,0.003327,0.001780,9187550.000000,127316.000000,0.013857
334,272,300,0.003332,0.001978,9191469.000000,127542.000000,0.013876
335,273,300,0.003326,0.001804,9265856.000000,125725.000000,0.013569
336,274,300,0.003330,0.001800,9348848.000000,127889.000000,0.013680
337,275,300,0.003334,0.002019,9369262.000000,128111.000000,0.013674
338,276,300,0.003328,0.001830,9409259.000000,128540.000000,0.013661
339,276,300,0.003331,0.001828,9478549.000000,126358.000000,0.013331
340,277,300,0.003327,0.001880,9729980.000000,132352.000000,0.013602
341,277,300,0.003332,0.001903,9819720.000000,131021.000000,0.013343
342,278,300,0.003330,0.001936,9984353.000000,133862.000000,0.013407
343,278,300,0.003342,0.002123,9955793.000000,131835.000000,0.013242
344,279,300,0.003459,0.002456,10236810.000000,140478.000000,0.013723
345,280,300,0.003437,0.002037,10433360.000000,140135.000000,0.013431
346,281,300,0.003432,0.001970,10228281.000000,135622.000000,0.013260
347,282,299,0.003436,0.001998,10300859.000000,135728.000000,0.013176
348,283,299,0.003433,0.002022,10339282.000000,138579.000000,0.013403
349,283,299,0.003436,0.002028,10420129.000000,134776.000000,0.012934
350,283,299,0.003437,0.002081,10682816.000000,139796.000000,0.013086
351,284,299,0.003437,0.002053,10455062.000000,138841.000000,0.013280
352,284,299,0.003437,0.002042,10507806.000000,138114.000000,0.013144
353,285,298,0.003438,0.002071,10645257.000000,138310.000000,0.012993
354,286,298,0.003439,0.002097,10724442.000000,138795.000000,0.012942
355,287,298,0.003364,0.002137,10870973.000000,143043.000000,0.013158
356,288,298,0.003348,0.002271,10942721.000000,142456.000000,0.013018
357,289,298,0.003345,0.002209,11052657.000000,146847.000000,0.013286
358,290,298,0.003355,0.002349,11091417.000000,146133.000000,0.013175
359,291,298,0.003344,0.002195,11228504.000000,142889.000000,0.012726
360,291,298,0.003345,0.002194,11300971.000000,146135.000000,0.012931
361,291,298,0.003446,0.002188,11258894.000000,144409.000000,0.012826
362,292,298,0.003440,0.002188,11311885.000000,143363.000000,0.012674
363,293,298,0.003358,0.002549,11589137.000000,150582.000000,0.012993
364,294,298,0.003352,0.002299,11410686.000000,143864.000000,0.012608
365,295,298,0.003348,0.002256,11504687.000000,147978.000000,0.012862
366,296,298,0.003351,0.002292,11551407.000000,148099.000000,0.012821
367,297,297,0.003349,0.002282,11578620.000000,147427.000000,0.012733
368,297,297,0.003348,0.002265,11559984.000000,147388.000000,0.012750
369,298,297,0.003352,0.002307,11575117.000000,145294.000000,0.012552
370,299,297,0.003350,0.002295,11654725.000000,147876.000000,0.012688
371,299,297,0.003361,0.002337,11816582.000000,150942.000000,0.012774
372,300,297,0.003350,0.002326,11788033.000000,150463.000000,0.012764
373,301,297,0.003361,0.002460,11978715.000000,157983.000000,0.013189
374,302,297,0.003365,0.002363,11947931.000000,147756.000000,0.012367
375,303,297,0.003353,0.002447,12128076.000000,155513.000000,0.012823
376,303,297,0.003354,0.002377,11983387.000000,151471.000000,0.012640
377,304,297,0.003367,0.002457,12114561.000000,154669.000000,0.012767
378,305,297,0.003352,0.002376,12118222.000000,151584.000000,0.012509
379,306,297,0.003358,0.002447,12271775.000000,153963.000000,0.012546
380,307,297,0.003360,0.002440,12508883.000000,165051.000000,0.013195
381,308,297,0.003360,0.002456,12531562.000000,166845.000000,0.013314
382,309,297,0.003326,0.002699,12766257.000000,171985.000000,0.013472
383,310,297,0.003363,0.002511,12723167.000000,171738.000000,0.013498
384,311,297,0.003356,0.002474,12586265.000000,166556.000000,0.013233
385,312,297,0.003363,0.002525,12760917.000000,170792.000000,0.013384
386,313,297,0.003368,0.002522,12823303.000000,170371.000000,0.013286
387,314,297,0.003359,0.002546,12908334.000000,171763.000000,0.013306
388,315,297,0.003362,0.002543,12796699.000000,169237.000000,0.013225
389,316,296,0.003366,0.002535,12877298.000000,167301.000000,0.012992
390,316,296,0.003363,0.002572,13068349.000000,172194.000000,0.013176
391,317,296,0.003359,0.002593,13099927.000000,171479.000000,0.013090
392,318,296,0.003375,0.002685,13210525.000000,177502.000000,0.013436
393,319,296,0.003367,0.002634,13344977.000000,173541.000000,0.013004
394,320,296,0.003364,0.002594,13259748.000000,169584.000000,0.012789
395,321,296,0.003368,0.002618,13353638.000000,174902.000000,0.013098
396,321,296,0.003367,0.002605,13411433.000000,173766.000000,0.012957
397,322,296,0.003368,0.002639,13521665.000000,174142.000000,0.012879
398,323,296,0.003376,0.002660,13611024.000000,178823.000000,0.013138
399,323,296,0.003369,0.002669,13648142.000000,170900.000000,0.012522
400,324,296,0.003374,0.002734,13847006.000000,178889.000000,0.012919
401,325,296,0.003373,0.002736,14001707.000000,177586.000000,0.012683
402,325,296,0.003372,0.002722,13893628.000000,176614.000000,0.012712
403,326,296,0.003407,0.003078,14157642.000000,187500.000000,0.013244
404,327,296,0.003377,0.002768,14074551.000000,175742.000000,0.012487
405,327,296,0.003379,0.002821,14433153.000000,180316.000000,0.012493
406,327,296,0.003380,0.003001,14327081.000000,181147.000000,0.012644
407,328,296,0.003422,0.003061,14456290.000000,184744.000000,0.012779
408,329,296,0.003380,0.002857,14483266.000000,180716.000000,0.012478
409,330,296,0.003422,0.003081,14560035.000000,183308.000000,0.012590
410,331,296,0.003519,0.002926,14683879.000000,187865.000000,0.012794
411,332,296,0.003594,0.002887,14801870.000000,186671.000000,0.012611
412,333,296,0.003507,0.002875,14692719.000000,184979.000000,0.012590
413,334,295,0.003534,0.002934,14786406.000000,182409.000000,0.012336
414,334,295,0.003581,0.002951,14871029.000000,185761.000000,0.012491
415,335,295,0.003554,0.002951,14901847.000000,186678.000000,0.012527
416,336,294,0.003669,0.003039,15008826.000000,188962.000000,0.012590
417,337,294,0.003766,0.003026,15027252.000000,187524.000000,0.012479
418,338,293,0.004119,0.003480,15187660.000000,197564.000000,0.013008
419,339,292,0.003696,0.003073,15157820.000000,193654.000000,0.012776
420,340,292,0.003667,0.003057,15121306.000000,188514.000000,0.012467
421,340,291,0.003720,0.003357,15198448.000000,189934.000000,0.012497
422,341,291,0.004041,0.003413,15264692.000000,188808.000000,0.012369
423,341,290,0.003763,0.003103,15414040.000000,192947.000000,0.012518
424,342,289,0.003804,0.003115,15490693.000000,194882.000000,0.012581
425,342,289,0.003835,0.003196,15630215.000000,193048.000000,0.012351
426,343,287,0.004210,0.003589,15799294.000000,197828.000000,0.012521
427,343,287,0.003796,0.003191,15755787.000000,193758.000000,0.012298
428,344,286,0.003848,0.003192,15902923.000000,200131.000000,0.012585
429,345,285,0.004058,0.003416,16246982.000000,201865.000000,0.012425
430,346,285,0.003772,0.003422,16017496.000000,199739.000000,0.012470
431,346,284,0.003515,0.003185,15945788.000000,193470.000000,0.012133
432,347,284,0.003490,0.003159,16002221.000000,194688.000000,0.012166
433,348,284,0.003546,0.003209,16088498.000000,194898.000000,0.012114
434,348,284,0.003561,0.003197,16144383.000000,197441.000000,0.012230
435,349,283,0.003552,0.003221,16221886.000000,196235.000000,0.012097
436,349,283,0.003611,0.003254,16440147.000000,199630.000000,0.012143
437,350,283,0.003572,0.003216,16239829.000000,197709.000000,0.012174
438,351,282,0.003638,0.003283,16427120.000000,201099.000000,0.012242
439,352,282,0.003646,0.003279,16540235.000000,200001.000000,0.012092
440,353,282,0.003680,0.003319,16452782.000000,197748.000000,0.012019
441,354,281,0.003701,0.003322,16729399.000000,201921.000000,0.012070
442,354,281,0.003750,0.003376,16777737.000000,204264.000000,0.012175
443,355,280,0.003707,0.003328,16822198.000000,203167.000000,0.012077
444,356,280,0.003758,0.003380,16967893.000000,204561.000000,0.012056
445,357,279,0.003834,0.003483,17258981.000000,204149.000000,0.011829
446,358,278,0.003797,0.003410,17167322.000000,206693.000000,0.012040
447,359,278,0.003854,0.003513,17597710.000000,208937.000000,0.011873
448,360,277,0.003881,0.003519,17641588.000000,208582.000000,0.011823
449,361,277,0.003868,0.003549,17667860.000000,205357.000000,0.011623
450,362,276,0.003869,0.003533,17716324.000000,209447.000000,0.011822
451,363,275,0.003892,0.003559,17776911.000000,212221.000000,0.011938
452,364,275,0.003875,0.003537,17803878.000000,210012.000000,0.011796
453,365,274,0.003895,0.003559,17900783.000000,206411.000000,0.011531
454,366,273,0.003924,0.003581,18003131.000000,210941.000000,0.011717
455,367,273,0.003922,0.003594,18061593.000000,211148.000000,0.011690
456,368,272,0.004002,0.003657,18136465.000000,216576.000000,0.011941
457,369,271,0.004206,0.003846,18385124.000000,216135.000000,0.011756
458,370,270,0.004049,0.003707,18554571.000000,216633.000000,0.011675
459,370,269,0.004071,0.003716,18702485.000000,218155.000000,0.011664
460,371,268,0.004099,0.003749,18904429.000000,218968.000000,0.011583
461,372,267,0.004080,0.003767,18771359.000000,215873.000000,0.011500
462,373,266,0.004082,0.003743,18829898.000000,218467.000000,0.011602
463,374,266,0.004104,0.003778,18900642.000000,218239.000000,0.011547
464,375,265,0.004116,0.003759,18941404.000000,217573.000000,0.011487
465,376,264,0.004135,0.003785,19082765.000000,219014.000000,0.011477
466,377,263,0.004155,0.003833,19131898.000000,217398.000000,0.011363
467,378,262,0.004173,0.003846,19226328.000000,221012.000000,0.011495
468,379,261,0.004184,0.003831,19294002.000000,221921.000000,0.011502
469,380,260,0.004250,0.003911,19614744.000000,223376.000000,0.011388
470,380,259,0.004219,0.003887,19501872.000000,219579.000000,0.011259
471,381,259,0.004261,0.003914,19637252.000000,224706.000000,0.011443
472,382,258,0.004277,0.003933,19746791.000000,228134.000000,0.011553
473,383,257,0.004239,0.003930,19616108.000000,222827.000000,0.011359
474,384,256,0.004258,0.003912,19690557.000000,225618.000000,0.011458
475,385,256,0.004291,0.003950,19841836.000000,227574.000000,0.011469
476,386,255,0.004347,0.004006,19936688.000000,228317.000000,0.011452
477,387,254,0.004318,0.003988,19949162.000000,225736.000000,0.011316
478,388,254,0.004351,0.003993,20073882.000000,229146.000000,0.011415
479,388,253,0.004368,0.004021,20282755.000000,228978.000000,0.011289
480,389,252,0.004710,0.004247,20283373.000000,239378.000000,0.011802
481,390,251,0.004834,0.004176,20397733.000000,230140.000000,0.011283
482,391,250,0.004755,0.004115,20545749.000000,235712.000000,0.011473
483,392,249,0.004676,0.004059,20419861.000000,233648.000000,0.011442
484,392,248,0.004741,0.004055,20502152.000000,235218.000000,0.011473
485,393,247,0.004723,0.004104,20671909.000000,231167.000000,0.011183
486,394,247,0.004727,0.004080,20576684.000000,235375.000000,0.011439
487,395,246,0.004771,0.004096,20708396.000000,236065.000000,0.011399
488,396,245,0.004733,0.004113,20756436.000000,235128.000000,0.011328
489,396,244,0.004799,0.004182,20844426.000000,236889.000000,0.011365
490,397,243,0.004765,0.004147,20894737.000000,237198.000000,0.011352
491,398,242,0.004833,0.004199,21023759.000000,238231.000000,0.011332
492,398,241,0.004805,0.004192,21084395.000000,235949.000000,0.011191
493,398,239,0.004855,0.004217,21137840.000000,239245.000000,0.011318
494,399,238,0.004811,0.004178,21046788.000000,239263.000000,0.011368
495,400,237,0.004867,0.004258,21164994.000000,238692.000000,0.011278
496,401,236,0.004850,0.004217,21238911.000000,240631.000000,0.011330
497,402,235,0.004890,0.004273,21304469.000000,241786.000000,0.011349
498,403,233,0.004831,0.004227,21307762.000000,238737.000000,0.011204
499,404,232,0.004938,0.004299,21497721.000000,243877.000000,0.011344
500,405,231,0.004909,0.004286,21581577.000000,244531.000000,0.011331
501,406,230,0.004971,0.004613,21781850.000000,251356.000000,0.011540
502,407,229,0.004694,0.004337,21709862.000000,241894.000000,0.011142
503,408,228,0.004727,0.004368,21887063.000000,245791.000000,0.011230
504,409,227,0.004767,0.004389,22006274.000000,248451.000000,0.011290
505,410,227,0.004719,0.004373,21942305.000000,243280.000000,0.011087
506,411,226,0.004766,0.004420,22192479.000000,249369.000000,0.011237
507,412,225,0.004787,0.004441,22127969.000000,251031.000000,0.011345
508,413,224,0.004746,0.004398,22140352.000000,247721.000000,0.011189
509,414,223,0.004872,0.004537,22259695.000000,249331.000000,0.011201
510,414,223,0.004774,0.004436,22212966.000000,249427.000000,0.011229
511,415,222,0.004836,0.004465,22320619.000000,252112.000000,0.011295
512,416,221,0.004796,0.004449,22377177.000000,249069.000000,0.011130
513,417,220,0.004878,0.004521,22655626.000000,253917.000000,0.011208
514,417,220,0.004875,0.004519,22748868.000000,253175.000000,0.011129
515,418,219,0.004926,0.004563,22899786.000000,256741.000000,0.011212
516,419,218,0.005313,0.004655,22765949.000000,253033.000000,0.011115
517,419,217,0.005331,0.004667,23267028.000000,260818.000000,0.011210
518,419,216,0.005171,0.004548,22898183.000000,256099.000000,0.011184
519,420,215,0.005227,0.004602,22966570.000000,254414.000000,0.011078
520,421,214,0.005209,0.004567,23097820.000000,257130.000000,0.011132
521,421,213,0.005783,0.005388,23601418.000000,275249.000000,0.011662
522,422,212,0.005213,0.004816,23653488.000000,262592.000000,0.011102
523,423,211,0.005268,0.004879,23772344.000000,265184.000000,0.011155
524,424,210,0.005098,0.004732,23832375.000000,264380.000000,0.011093
525,425,210,0.005159,0.004797,23940960.000000,262453.000000,0.010963
526,426,209,0.005155,0.004798,24158062.000000,264902.000000,0.010965
527,426,208,0.005167,0.004823,24204863.000000,266639.000000,0.011016
528,427,207,0.005250,0.004905,24280098.000000,266418.000000,0.010973
529,427,207,0.005266,0.004854,24427348.000000,269169.000000,0.011019
530,428,206,0.005267,0.004876,24583775.000000,269521.000000,0.010963
531,429,205,0.005297,0.004934,24821167.000000,271634.000000,0.010944
532,430,205,0.005244,0.004894,24637663.000000,265976.000000,0.010796
533,431,204,0.005568,0.005184,25075666.000000,277028.000000,0.011048
534,432,203,0.005351,0.004956,24956454.000000,271841.000000,0.010893
535,433,202,0.005405,0.005020,25164894.000000,272307.000000,0.010821
536,434,201,0.005705,0.005298,25129575.000000,277121.000000,0.011028
537,435,200,0.005538,0.005093,25305652.000000,279349.000000,0.011039
538,436,200,0.005532,0.005140,25366171.000000,278373.000000,0.010974
539,437,199,0.005497,0.005081,25585254.000000,282015.000000,0.011023
540,437,198,0.005707,0.005339,25723700.000000,280613.000000,0.010909
541,438,197,0.005936,0.005235,25552041.000000,275144.000000,0.010768
542,439,197,0.005833,0.005141,25674346.000000,277398.000000,0.010804
543,439,196,0.006296,0.005206,25976780.000000,285621.000000,0.010995
544,440,195,0.006422,0.005624,26456546.000000,298901.000000,0.011298
545,441,194,0.006027,0.005363,26508756.000000,289924.000000,0.010937
546,442,193,0.005983,0.005309,26556452.000000,285981.000000,0.010769
547,442,192,0.006674,0.006021,26837242.000000,294043.000000,0.010957
548,443,191,0.006024,0.005379,26700371.000000,289196.000000,0.010831
549,444,190,0.005767,0.005388,26926333.000000,288639.000000,0.010720
550,444,190,0.005785,0.005384,27073430.000000,288978.000000,0.010674
551,445,189,0.005814,0.005445,27114011.000000,292049.000000,0.010771
552,445,189,0.005751,0.005404,27035626.000000,287417.000000,0.010631
553,446,188,0.005822,0.005451,27217937.000000,292535.000000,0.010748
554,447,187,0.005982,0.005580,27501817.000000,297966.000000,0.010834
555,448,187,0.005914,0.005558,27661874.000000,290414.000000,0.010499
556,449,186,0.005896,0.005510,27595503.000000,294411.000000,0.010669
557,450,185,0.006198,0.005822,28183499.000000,298346.000000,0.010586
558,451,185,0.005999,0.005633,28181984.000000,297613.000000,0.010560
559,452,184,0.006018,0.005637,28330359.000000,301895.000000,0.010656
560,452,184,0.006011,0.005650,28400291.000000,296790.000000,0.010450
561,452,183,0.006463,0.005794,28348397.000000,302189.000000,0.010660
562,452,182,0.006337,0.005664,28606248.000000,301903.000000,0.010554
563,452,181,0.006334,0.005687,28418868.000000,297132.000000,0.010455
564,453,180,0.006362,0.005707,28565843.000000,303054.000000,0.010609
565,454,179,0.006396,0.005738,28679357.000000,298724.000000,0.010416
566,455,178,0.006439,0.005785,28866368.000000,305998.000000,0.010601
567,456,177,0.006456,0.005822,29159408.000000,308248.000000,0.010571
568,457,176,0.006474,0.005848,29178750.000000,305435.000000,0.010468
569,458,176,0.006551,0.005885,29313961.000000,312361.000000,0.010656
570,459,175,0.006496,0.005839,29375835.000000,312948.000000,0.010653
571,460,174,0.006585,0.005934,29622058.000000,310524.000000,0.010483
572,461,173,0.006589,0.006088,29523986.000000,323781.000000,0.010967
573,462,172,0.006636,0.005952,29668121.000000,312216.000000,0.010524
574,462,171,0.006638,0.005996,29822171.000000,316562.000000,0.010615
575,462,170,0.006689,0.006035,29848426.000000,318403.000000,0.010667
576,463,170,0.006636,0.005992,29857044.000000,313857.000000,0.010512
577,464,169,0.006537,0.006141,30063329.000000,319996.000000,0.010644
578,465,168,0.006737,0.006286,30189597.000000,318482.000000,0.010549
579,466,168,0.006546,0.006144,30513765.000000,326285.000000,0.010693
580,467,167,0.006494,0.006091,30601184.000000,324244.000000,0.010596
581,468,167,0.006642,0.006299,30780337.000000,323305.000000,0.010504
582,469,166,0.006579,0.006199,30863164.000000,325335.000000,0.010541
583,470,165,0.006584,0.006222,31085269.000000,324935.000000,0.010453
584,471,165,0.006681,0.006301,31263811.000000,330937.000000,0.010585
585,471,164,0.006667,0.006293,31262424.000000,330079.000000,0.010558
586,472,163,0.006636,0.006278,31338620.000000,326859.000000,0.010430
587,473,163,0.006749,0.006358,31463827.000000,334569.000000,0.010633
588,474,162,0.006895,0.006482,31601496.000000,331083.000000,0.010477
589,475,161,0.006736,0.006353,31724310.000000,337046.000000,0.010624
590,476,161,0.006861,0.006458,31843881.000000,339215.000000,0.010652
591,477,160,0.006844,0.006464,32014304.000000,336718.000000,0.010518
592,478,159,0.006807,0.006414,32058769.000000,340287.000000,0.010614
593,479,159,0.006900,0.006524,32132354.000000,339640.000000,0.010570
594,480,158,0.006870,0.006460,32207431.000000,342231.000000,0.010626
595,481,157,0.006835,0.006488,32259766.000000,340768.000000,0.010563
596,481,157,0.006847,0.006488,32257849.000000,343901.000000,0.010661
597,482,156,0.006877,0.006486,32280924.000000,343971.000000,0.010656
598,483,156,0.006866,0.006433,32298875.000000,339537.000000,0.010512
599,484,155,0.006894,0.006500,32417818.000000,345279.000000,0.010651
600,485,155,0.006978,0.006578,32492746.000000,342877.000000,0.010552
601,486,154,0.007011,0.006609,32946501.000000,350902.000000,0.010651
602,487,154,0.007393,0.006989,33306081.000000,358917.000000,0.010776
603,488,153,0.007065,0.006676,33209886.000000,350379.000000,0.010550
604,489,153,0.007027,0.006643,33357921.000000,353024.000000,0.010583
605,490,153,0.006995,0.006655,33378526.000000,347929.000000,0.010424
606,490,152,0.007016,0.006665,33412864.000000,351785.000000,0.010528
607,491,152,0.007004,0.006673,33367397.000000,349169.000000,0.010464
608,492,152,0.007021,0.006656,33452948.000000,351616.000000,0.010511
609,493,151,0.007035,0.006683,33532945.000000,352488.000000,0.010512
610,494,151,0.007046,0.006698,33567888.000000,350687.000000,0.010447
611,495,150,0.007079,0.006718,33759291.000000,354500.000000,0.010501
612,496,150,0.007073,0.006721,33823781.000000,349258.000000,0.010326
613,496,149,0.007155,0.006772,34052485.000000,354347.000000,0.010406
614,497,149,0.007178,0.006809,34134709.000000,352473.000000,0.010326
615,497,149,0.007185,0.006837,34245797.000000,357994.000000,0.010454
616,498,148,0.007364,0.007000,34365504.000000,361891.000000,0.010531
617,498,148,0.007205,0.006844,34218822.000000,353347.000000,0.010326
618,499,147,0.007191,0.006827,34317276.000000,356206.000000,0.010380
619,499,147,0.007200,0.006860,34343992.000000,354202.000000,0.010313
620,500,146,0.007260,0.006886,34499778.000000,359556.000000,0.010422
621,501,146,0.007276,0.006927,34653826.000000,359016.000000,0.010360
622,502,146,0.007282,0.006914,34745940.000000,362838.000000,0.010443
623,503,145,0.007291,0.006939,34831205.000000,363171.000000,0.010427
624,503,145,0.007316,0.006952,34897105.000000,360741.000000,0.010337
625,504,145,0.007388,0.007007,35222415.000000,365660.000000,0.010381
626,504,144,0.007356,0.006993,35167530.000000,360386.000000,0.010248
627,505,144,0.007433,0.007048,35377501.000000,365956.000000,0.010344
628,506,144,0.007424,0.007067,35444203.000000,361449.000000,0.010198
629,506,143,0.007485,0.007099,35653549.000000,367956.000000,0.010320
630,507,143,0.007951,0.007558,35926774.000000,371414.000000,0.010338
631,508,142,0.007784,0.007375,36336583.000000,374605.000000,0.010309
632,509,142,0.007891,0.007452,36521454.000000,376813.000000,0.010318
633,510,142,0.007741,0.007386,36510308.000000,372790.000000,0.010211
634,511,141,0.007774,0.007401,36605834.000000,374244.000000,0.010224
635,511,141,0.007802,0.007409,36633066.000000,374061.000000,0.010211
636,512,140,0.007785,0.007394,36772408.000000,377150.000000,0.010256
637,513,140,0.007827,0.007466,36929504.000000,377435.000000,0.010220
638,514,140,0.007863,0.007486,37041830.000000,379827.000000,0.010254
639,515,139,0.007846,0.007497,37088794.000000,380787.000000,0.010267
640,516,139,0.007882,0.007479,37199331.000000,382103.000000,0.010272
641,516,138,0.007924,0.007543,37464577.000000,378312.000000,0.010098
642,516,138,0.008041,0.007612,37665552.000000,384414.000000,0.010206
643,517,137,0.008070,0.007622,37794898.000000,382522.000000,0.010121
644,518,137,0.008037,0.007636,37992222.000000,390273.000000,0.010272
645,519,137,0.007996,0.007627,37820883.000000,385791.000000,0.010200
646,520,136,0.008036,0.007651,37983160.000000,387855.000000,0.010211
647,520,136,0.008111,0.007727,38271262.000000,387178.000000,0.010117
648,521,135,0.008193,0.007778,38462288.000000,395564.000000,0.010284
649,522,135,0.008097,0.007744,38286682.000000,389237.000000,0.010166
650,522,135,0.008051,0.007678,38276516.000000,391127.000000,0.010218
651,522,134,0.008095,0.007705,38360451.000000,388993.000000,0.010140
652,523,134,0.008146,0.007737,38588434.000000,394367.000000,0.010220
653,524,133,0.008179,0.007815,38834591.000000,394668.000000,0.010163
654,524,133,0.008177,0.007817,38890117.000000,398108.000000,0.010237
655,525,133,0.008360,0.007940,39096583.000000,402267.000000,0.010289
656,526,132,0.008248,0.007821,39116263.000000,398796.000000,0.010195
657,527,132,0.008313,0.007931,39330110.000000,404412.000000,0.010283
658,528,131,0.008280,0.007916,39309563.000000,399799.000000,0.010171
659,529,131,0.008362,0.007967,39634571.000000,408860.000000,0.010316
660,529,131,0.008331,0.007974,39630390.000000,405120.000000,0.010222
661,529,130,0.008325,0.007935,39626499.000000,408004.000000,0.010296
662,530,130,0.008541,0.008156,39841831.000000,410717.000000,0.010309
663,531,129,0.008407,0.008034,39930712.000000,408980.000000,0.010242
664,532,129,0.008524,0.008135,40155505.000000,418024.000000,0.010410
665,532,129,0.008403,0.008063,39956131.000000,411354.000000,0.010295
666,533,128,0.008615,0.008228,40171292.000000,420855.000000,0.010477
667,534,128,0.008658,0.008247,40351956.000000,418408.000000,0.010369
668,535,127,0.008539,0.008125,40457443.000000,419856.000000,0.010378
669,536,127,0.008624,0.008263,40763678.000000,420222.000000,0.010309
670,536,126,0.008689,0.008290,40928341.000000,424408.000000,0.010370
671,537,126,0.008780,0.008378,41229537.000000,423488.000000,0.010271
672,537,126,0.008774,0.008397,41389113.000000,429831.000000,0.010385
673,538,125,0.008780,0.008437,41407805.000000,425146.000000,0.010267
674,539,125,0.008793,0.008395,41541701.000000,429235.000000,0.010333
675,540,124,0.008823,0.008481,41829734.000000,427558.000000,0.010221
676,540,124,0.008857,0.008464,41857090.000000,430392.000000,0.010282
677,540,123,0.008800,0.008450,41839254.000000,425792.000000,0.010177
678,541,123,0.008976,0.008599,42065158.000000,433218.000000,0.010299
679,542,123,0.008911,0.008561,42083673.000000,429658.000000,0.010210
680,543,122,0.008883,0.008513,42154060.000000,435357.000000,0.010328
681,544,122,0.009026,0.008557,42495116.000000,444771.000000,0.010466
682,544,121,0.008932,0.008566,42506047.000000,437181.000000,0.010285
683,545,121,0.008935,0.008586,42218554.000000,434644.000000,0.010295
684,546,121,0.008919,0.008543,42287496.000000,432418.000000,0.010226
685,547,120,0.009001,0.008630,42650936.000000,442547.000000,0.010376
686,548,120,0.008974,0.008585,42747269.000000,432880.000000,0.010126
687,549,119,0.009060,0.008680,42859410.000000,439702.000000,0.010259
688,550,119,0.009141,0.008780,43129731.000000,437517.000000,0.010144
689,550,119,0.009303,0.008912,43422425.000000,446920.000000,0.010292
690,551,118,0.009167,0.008811,43560921.000000,440735.000000,0.010118
691,552,118,0.009206,0.008836,43690317.000000,443133.000000,0.010143
692,552,118,0.009139,0.008808,43614544.000000,440230.000000,0.010094
693,553,117,0.009199,0.008850,43676667.000000,443806.000000,0.010161
694,554,117,0.009158,0.008809,43705815.000000,442184.000000,0.010117
695,554,117,0.009208,0.008841,44037908.000000,446285.000000,0.010134
696,554,116,0.009359,0.008966,44280940.000000,426931.000000,0.009641
697,555,116,0.009297,0.008941,43987431.000000,423173.000000,0.009620
698,556,116,0.009261,0.008867,44071809.000000,424002.000000,0.009621
699,557,115,0.009316,0.008953,44280761.000000,422166.000000,0.009534
700,558,115,0.009655,0.009279,44531699.000000,428382.000000,0.009620
701,559,115,0.009441,0.009069,44605690.000000,426013.000000,0.009551
702,560,114,0.009431,0.009059,44739937.000000,426634.000000,0.009536
703,561,114,0.009457,0.009083,44605238.000000,423625.000000,0.009497
704,562,114,0.009453,0.009086,44723419.000000,423086.000000,0.009460
705,563,113,0.009525,0.009123,44945252.000000,434065.000000,0.009658
706,563,113,0.009485,0.009119,45024653.000000,430351.000000,0.009558
707,563,113,0.009482,0.009103,45181803.000000,434466.000000,0.009616
708,564,112,0.009592,0.009227,45363519.000000,432892.000000,0.009543
709,565,112,0.009525,0.009167,45565971.000000,434190.000000,0.009529
710,566,112,0.009507,0.009158,45591074.000000,430932.000000,0.009452
711,567,111,0.009778,0.009409,45944625.000000,435898.000000,0.009487
712,568,111,0.009536,0.009168,45978524.000000,436311.000000,0.009489
713,568,111,0.009517,0.009188,45986884.000000,433227.000000,0.009421
714,569,111,0.009544,0.009184,46111985.000000,438735.000000,0.009515
715,570,110,0.009616,0.009281,46202407.000000,434867.000000,0.009412
716,571,110,0.009612,0.009273,46271789.000000,436126.000000,0.009425
717,572,110,0.009646,0.009300,46405224.000000,443492.000000,0.009557
718,573,110,0.009604,0.009261,46414264.000000,436453.000000,0.009403
719,573,109,0.009642,0.009292,46553281.000000,440260.000000,0.009457
720,573,109,0.009671,0.009270,46594235.000000,437289.000000,0.009385
721,574,109,0.010411,0.010007,47033052.000000,453800.000000,0.009649
722,575,108,0.009805,0.009425,46861612.000000,441529.000000,0.009422
723,575,108,0.009879,0.009503,46957855.000000,443765.000000,0.009450
724,575,108,0.009787,0.009410,46932517.000000,444483.000000,0.009471
725,576,108,0.009761,0.009404,46905423.000000,440884.000000,0.009399
726,577,107,0.009995,0.009601,47161327.000000,449724.000000,0.009536
727,578,107,0.009847,0.009493,47112482.000000,442959.000000,0.009402
728,579,107,0.009874,0.009514,47199811.000000,445608.000000,0.009441
729,580,107,0.009953,0.009596,47361344.000000,448242.000000,0.009464
730,580,106,0.009938,0.009595,47304739.000000,445359.000000,0.009415
731,581,106,0.010254,0.009882,47549699.000000,455388.000000,0.009577
732,582,106,0.009922,0.009547,47393067.000000,446453.000000,0.009420
733,583,106,0.009956,0.009602,47607285.000000,450013.000000,0.009453
734,583,105,0.010012,0.009641,47662904.000000,453914.000000,0.009523
735,584,105,0.009995,0.009647,47634655.000000,448973.000000,0.009425
736,585,105,0.010114,0.009734,47805893.000000,458356.000000,0.009588
737,586,105,0.009985,0.009634,47777501.000000,451481.000000,0.009450
738,587,104,0.009945,0.009597,47836048.000000,450634.000000,0.009420
739,588,104,0.010005,0.009643,48072506.000000,457802.000000,0.009523
740,589,104,0.009992,0.009649,48161018.000000,453679.000000,0.009420
741,589,104,0.010347,0.009941,48538460.000000,464489.000000,0.009570
742,590,104,0.010135,0.009730,48888595.000000,456701.000000,0.009342
743,591,103,0.010255,0.009891,49121812.000000,466113.000000,0.009489
744,592,103,0.010120,0.009745,48897119.000000,460537.000000,0.009418
745,593,103,0.010164,0.009810,49181884.000000,459829.000000,0.009350
746,594,103,0.010227,0.009857,49380716.000000,464292.000000,0.009402
747,594,103,0.010246,0.009885,49520498.000000,459737.000000,0.009284
748,594,102,0.010250,0.009901,49674671.000000,459287.000000,0.009246
749,595,102,0.010301,0.009936,49889683.000000,465601.000000,0.009333
750,595,102,0.010303,0.009968,49919941.000000,462099.000000,0.009257
751,596,102,0.010909,0.010554,50209666.000000,472034.000000,0.009401
752,597,101,0.010529,0.010130,50173513.000000,469152.000000,0.009351
753,598,101,0.010508,0.010107,50298456.000000,471473.000000,0.009374
754,598,101,0.010655,0.010276,50886869.000000,476619.000000,0.009366
755,599,101,0.010584,0.010209,50499704.000000,472931.000000,0.009365
756,600,100,0.010755,0.010370,50759907.000000,474185.000000,0.009342
757,601,100,0.010687,0.010312,51081992.000000,480480.000000,0.009406
758,601,100,0.010649,0.010312,51074846.000000,475613.000000,0.009312
759,602,100,0.010686,0.010310,51187708.000000,475269.000000,0.009285
760,603,100,0.010930,0.010538,51527592.000000,482333.000000,0.009361
761,603,99,0.010940,0.010563,51836651.000000,480834.000000,0.009276
762,604,99,0.010819,0.010458,51581672.000000,479473.000000,0.009295
763,605,99,0.010868,0.010510,51710683.000000,483655.000000,0.009353
764,606,99,0.010845,0.010469,51733418.000000,478618.000000,0.009252
765,607,98,0.011106,0.010614,51806161.000000,484071.000000,0.009344
766,608,98,0.010919,0.010420,51870102.000000,482417.000000,0.009300
767,609,98,0.010909,0.010428,51917736.000000,484030.000000,0.009323
768,610,98,0.010918,0.010426,51992364.000000,483444.000000,0.009298
769,611,97,0.010996,0.010639,52187618.000000,493921.000000,0.009464
770,612,97,0.010853,0.010501,52213115.000000,483999.000000,0.009270
771,613,97,0.010961,0.010571,52480174.000000,488447.000000,0.009307
772,614,97,0.010960,0.010582,52623298.000000,486274.000000,0.009241
773,615,97,0.010916,0.010545,52604631.000000,487123.000000,0.009260
774,615,96,0.011072,0.010678,52830457.000000,497466.000000,0.009416
775,615,96,0.011006,0.010616,52791250.000000,490411.000000,0.009290
776,616,96,0.011095,0.010722,53318743.000000,494851.000000,0.009281
777,617,96,0.011703,0.011302,53757898.000000,499768.000000,0.009297
778,618,95,0.011716,0.011312,53775616.000000,500460.000000,0.009306
779,619,95,0.011155,0.010779,54023143.000000,498576.000000,0.009229
780,620,95,0.011193,0.010716,53959355.000000,504596.000000,0.009351
781,621,95,0.011740,0.011224,54435876.000000,502346.000000,0.009228
782,622,94,0.011443,0.010917,54227091.000000,500022.000000,0.009221
783,623,94,0.011491,0.010990,54734088.000000,503709.000000,0.009203
784,624,94,0.011510,0.010978,54610728.000000,507100.000000,0.009286
785,625,94,0.011780,0.011272,54962076.000000,505913.000000,0.009205
786,625,93,0.011627,0.011134,55273552.000000,508567.000000,0.009201
787,626,93,0.012813,0.012430,55818971.000000,521709.000000,0.009346
788,626,93,0.011472,0.011111,55151175.000000,503998.000000,0.009138
789,627,92,0.011512,0.011143,55296569.000000,506947.000000,0.009168
790,628,92,0.011675,0.011306,55540310.000000,508561.000000,0.009157
791,629,92,0.011741,0.011376,55703347.000000,516621.000000,0.009275
792,629,92,0.011861,0.011509,55722970.000000,513003.000000,0.009206
793,630,91,0.011723,0.011348,55763714.000000,510140.000000,0.009148
794,630,91,0.011545,0.011181,55718841.000000,511538.000000,0.009181
795,631,91,0.011614,0.011274,55753506.000000,509114.000000,0.009132
796,632,91,0.011852,0.011471,56000328.000000,514198.000000,0.009182
797,633,91,0.011681,0.011297,56266106.000000,516831.000000,0.009185
798,634,90,0.011774,0.011399,56429628.000000,513349.000000,0.009097
799,634,90,0.011727,0.011371,56447326.000000,514478.000000,0.009114
800,635,90,0.011775,0.011359,56565646.000000,514461.000000,0.009095
801,636,90,0.011851,0.011469,57174255.000000,522434.000000,0.009138
802,637,89,0.011818,0.011445,57099654.000000,517242.000000,0.009059
803,638,89,0.011860,0.011480,57318876.000000,518685.000000,0.009049
804,639,89,0.012064,0.011673,57619865.000000,527642.000000,0.009157
805,640,89,0.011876,0.011512,57565732.000000,520067.000000,0.009034
806,640,88,0.011939,0.011592,57603904.000000,521913.000000,0.009060
807,640,88,0.011865,0.011487,57665676.000000,519521.000000,0.009009
808,641,88,0.011990,0.011599,58083582.000000,526532.000000,0.009065
809,641,88,0.011976,0.011602,58254771.000000,525401.000000,0.009019
810,641,88,0.012062,0.011697,58633070.000000,526202.000000,0.008974
811,641,87,0.012025,0.011639,58438221.000000,527655.000000,0.009029
812,642,87,0.012313,0.011949,58758913.000000,534931.000000,0.009104
813,643,87,0.012170,0.011820,58761543.000000,529179.000000,0.009006
814,643,87,0.012207,0.011836,58878844.000000,528950.000000,0.008984
815,644,87,0.012327,0.011929,59497076.000000,539332.000000,0.009065
816,645,86,0.012238,0.011872,59207674.000000,531994.000000,0.008985
817,646,86,0.012261,0.011896,59555481.000000,533661.000000,0.008961
818,647,86,0.012257,0.011907,59698423.000000,533217.000000,0.008932
819,648,86,0.012321,0.011962,59859658.000000,539222.000000,0.009008
820,649,86,0.012312,0.011947,59910310.000000,533968.000000,0.008913
821,650,85,0.012538,0.012179,60300705.000000,538319.000000,0.008927
822,651,85,0.012392,0.012035,60290371.000000,537346.000000,0.008913
823,652,85,0.012438,0.012081,60431345.000000,544018.000000,0.009002
824,653,85,0.012438,0.012062,60510603.000000,541731.000000,0.008953
825,654,85,0.012848,0.012457,60959651.000000,548305.000000,0.008995
826,655,84,0.012906,0.012511,61157003.000000,545916.000000,0.008926
827,656,84,0.012705,0.012316,61517444.000000,549170.000000,0.008927
828,656,84,0.012725,0.012343,61162153.000000,552614.000000,0.009035
829,657,84,0.012629,0.012270,61136048.000000,543730.000000,0.008894
830,658,84,0.012629,0.012261,61216170.000000,545267.000000,0.008907
831,659,83,0.012728,0.012307,61519580.000000,551865.000000,0.008971
832,659,83,0.012777,0.012404,61850836.000000,547843.000000,0.008857
833,660,83,0.012720,0.012333,61665833.000000,547244.000000,0.008874
834,661,83,0.012739,0.012384,61794778.000000,549277.000000,0.008889
835,662,82,0.012793,0.012423,61957037.000000,556302.000000,0.008979
836,663,82,0.013310,0.012918,62200127.000000,561846.000000,0.009033
837,664,82,0.012923,0.012551,62633763.000000,555658.000000,0.008872
838,665,82,0.012869,0.012489,62405406.000000,554254.000000,0.008882
839,666,82,0.012948,0.012570,62798183.000000,556824.000000,0.008867
840,667,82,0.013037,0.012646,63237755.000000,562823.000000,0.008900
841,668,81,0.012966,0.012622,62882423.000000,558777.000000,0.008886
842,668,81,0.012935,0.012584,62843898.000000,554651.000000,0.008826
843,669,81,0.012980,0.012603,62984222.000000,557568.000000,0.008853
844,670,81,0.013323,0.012901,63562500.000000,568930.000000,0.008951
845,671,81,0.013138,0.012716,63418638.000000,558126.000000,0.008801
846,671,81,0.013281,0.012916,63504482.000000,563381.000000,0.008872
847,672,81,0.013116,0.012735,63622208.000000,563580.000000,0.008858
848,673,80,0.014500,0.014106,64868194.000000,582026.000000,0.008972
849,674,80,0.013452,0.013065,63864674.000000,571620.000000,0.008950
850,675,80,0.013337,0.012921,63847064.000000,568136.000000,0.008898
851,676,80,0.013560,0.013171,64318108.000000,580383.000000,0.009024
852,677,79,0.013240,0.012861,64223187.000000,567888.000000,0.008842
853,678,79,0.013268,0.012910,64298787.000000,570505.000000,0.008873
854,679,79,0.013407,0.013015,64477622.000000,574778.000000,0.008914
855,680,79,0.013381,0.013006,64834679.000000,573443.000000,0.008845
856,681,79,0.013454,0.013078,65035871.000000,574390.000000,0.008832
857,682,79,0.013411,0.013062,65105222.000000,576504.000000,0.008855
858,682,78,0.013398,0.013042,65061672.000000,575524.000000,0.008846
859,682,78,0.014114,0.013739,65301780.000000,581716.000000,0.008908
860,683,78,0.013969,0.013407,65430197.000000,593767.000000,0.009075
861,684,78,0.014256,0.013497,65740416.000000,603450.000000,0.009179
862,685,77,0.013988,0.013424,65645924.000000,586966.000000,0.008941
863,686,77,0.013779,0.013275,65613040.000000,585830.000000,0.008929
864,687,77,0.013714,0.013182,65648391.000000,584545.000000,0.008904
865,688,77,0.013784,0.013289,65765825.000000,586659.000000,0.008920
866,689,77,0.013982,0.013561,66044283.000000,593252.000000,0.008983
867,690,77,0.013683,0.013324,66172133.000000,588950.000000,0.008900
868,691,76,0.013681,0.013299,66237176.000000,584900.000000,0.008830
869,692,76,0.013714,0.013338,66457880.000000,585556.000000,0.008811
870,693,76,0.013823,0.013439,66695202.000000,587165.000000,0.008804
871,694,76,0.013771,0.013378,66689076.000000,589209.000000,0.008835
872,695,76,0.013966,0.013537,67519638.000000,597597.000000,0.008851
873,696,75,0.015236,0.014849,68943808.000000,604174.000000,0.008763
874,697,75,0.014235,0.013839,68346759.000000,596453.000000,0.008727
875,698,75,0.014174,0.013800,68411613.000000,600591.000000,0.008779
876,699,75,0.014224,0.013850,68513669.000000,602249.000000,0.008790
877,700,75,0.014250,0.013894,68625121.000000,602431.000000,0.008779
878,701,74,0.014253,0.013874,68719596.000000,602531.000000,0.008768
879,701,74,0.014456,0.014048,69406276.000000,609318.000000,0.008779
880,702,74,0.014843,0.014319,69676093.000000,611417.000000,0.008775
881,703,74,0.014494,0.013990,69731319.000000,606486.000000,0.008697
882,704,74,0.014472,0.013970,69807817.000000,605708.000000,0.008677
883,705,73,0.014574,0.014058,70095234.000000,609485.000000,0.008695
884,706,73,0.014604,0.014111,70343796.000000,612272.000000,0.008704
885,706,73,0.014648,0.014133,70452587.000000,614429.000000,0.008721
886,707,73,0.014665,0.014136,70701706.000000,616720.000000,0.008723
887,708,73,0.015030,0.014538,70661944.000000,616038.000000,0.008718
888,708,73,0.014664,0.014150,70655859.000000,612134.000000,0.008664
889,708,72,0.014710,0.014193,70844828.000000,613345.000000,0.008658
890,709,72,0.014714,0.014208,71031116.000000,613374.000000,0.008635
891,710,72,0.014966,0.014484,71165356.000000,615927.000000,0.008655
892,711,72,0.014775,0.014269,71266335.000000,615401.000000,0.008635
893,712,72,0.014874,0.014390,71580764.000000,621188.000000,0.008678
894,713,71,0.015083,0.014709,71654013.000000,622842.000000,0.008692
895,714,71,0.014728,0.014369,71617096.000000,617985.000000,0.008629
896,715,71,0.014777,0.014361,71787493.000000,624303.000000,0.008697
897,716,71,0.014874,0.014491,72212801.000000,624610.000000,0.008650
898,717,71,0.014887,0.014496,72364370.000000,624151.000000,0.008625
899,718,71,0.014999,0.014611,72675343.000000,627725.000000,0.008637
900,719,70,0.015104,0.014702,73296756.000000,627961.000000,0.008567
901,720,70,0.015437,0.015018,73841390.000000,635922.000000,0.008612
902,720,70,0.015139,0.014737,73442592.000000,629055.000000,0.008565
903,720,70,0.015222,0.014826,73661694.000000,629294.000000,0.008543
904,720,70,0.015093,0.014700,73403475.000000,627926.000000,0.008554
905,721,70,0.015182,0.014776,73533621.000000,631782.000000,0.008592
906,721,69,0.015276,0.014847,73611517.000000,636948.000000,0.008653
907,722,69,0.015401,0.015018,73686990.000000,635164.000000,0.008620
908,723,69,0.015236,0.014835,73682881.000000,631349.000000,0.008568
909,724,69,0.015297,0.014928,74000598.000000,635217.000000,0.008584
910,724,69,0.015332,0.014939,74125969.000000,634869.000000,0.008565
911,725,69,0.015528,0.015128,74459458.000000,637808.000000,0.008566
912,726,68,0.015605,0.015074,74451290.000000,640246.000000,0.008600
913,727,68,0.015704,0.015001,74710060.000000,640025.000000,0.008567
914,728,68,0.015794,0.015082,74919199.000000,641320.000000,0.008560
915,729,68,0.015776,0.015040,75126644.000000,647693.000000,0.008621
916,729,68,0.015869,0.015128,75551027.000000,646819.000000,0.008561
917,730,68,0.016501,0.015413,75989238.000000,649042.000000,0.008541
918,731,67,0.015887,0.015174,75716987.000000,648787.000000,0.008569
919,732,67,0.015739,0.015214,75956178.000000,650279.000000,0.008561
920,733,67,0.015997,0.015569,76549264.000000,656679.000000,0.008579
921,734,67,0.015877,0.015500,76794372.000000,655083.000000,0.008530
922,734,67,0.015819,0.015431,76788609.000000,658622.000000,0.008577
923,735,67,0.015798,0.015426,76761536.000000,654046.000000,0.008520
924,736,66,0.016237,0.015722,76897201.000000,657264.000000,0.008547
925,737,66,0.015955,0.015412,77021655.000000,659393.000000,0.008561
926,737,66,0.016490,0.016075,78063207.000000,666536.000000,0.008538
927,738,66,0.016139,0.015745,78165101.000000,660416.000000,0.008449
928,739,66,0.016146,0.015656,78039390.000000,671303.000000,0.008602
929,739,66,0.016079,0.015690,77979372.000000,659014.000000,0.008451
930,739,65,0.016805,0.016274,78318942.000000,667530.000000,0.008523
931,740,65,0.016325,0.015799,78573023.000000,666727.000000,0.008485
932,741,65,0.016693,0.016281,78760680.000000,672774.000000,0.008542
933,742,65,0.016248,0.015856,79047244.000000,671330.000000,0.008493
934,742,65,0.016348,0.015948,79297017.000000,671442.000000,0.008467
935,742,65,0.016339,0.015966,78964840.000000,670146.000000,0.008487
936,743,64,0.016305,0.015915,79036406.000000,671399.000000,0.008495
937,744,64,0.016535,0.016117,79411332.000000,675935.000000,0.008512
938,744,64,0.016676,0.016278,79774949.000000,677155.000000,0.008488
939,745,64,0.016418,0.016043,79603488.000000,671826.000000,0.008440
940,746,64,0.016577,0.016163,79798668.000000,673641.000000,0.008442
941,747,64,0.016511,0.016131,79863300.000000,676495.000000,0.008471
942,748,64,0.016558,0.016150,79988217.000000,676949.000000,0.008463
943,749,63,0.016607,0.016226,80298368.000000,678367.000000,0.008448
944,750,63,0.017125,0.016410,80500800.000000,685266.000000,0.008513
945,751,63,0.016830,0.016259,80466435.000000,681066.000000,0.008464
946,752,63,0.016812,0.016115,80513450.000000,680248.000000,0.008449
947,753,63,0.016650,0.016155,80621783.000000,682047.000000,0.008460
948,754,63,0.016890,0.016380,80741834.000000,685696.000000,0.008492
949,755,63,0.016737,0.016217,80976753.000000,684578.000000,0.008454
950,756,62,0.016907,0.016496,81319051.000000,691128.000000,0.008499
951,757,62,0.016773,0.016408,81592695.000000,686951.000000,0.008419
952,758,62,0.016780,0.016395,81711185.000000,686755.000000,0.008405
953,759,62,0.016896,0.016499,82165868.000000,692020.000000,0.008422
954,760,62,0.016845,0.016451,81911579.000000,686010.000000,0.008375
955,761,62,0.016924,0.016542,82038186.000000,692692.000000,0.008444
956,762,62,0.017157,0.016742,82349480.000000,696868.000000,0.008462
957,763,61,0.017064,0.016699,82756842.000000,696761.000000,0.008419
958,764,61,0.017033,0.016635,82807416.000000,695589.000000,0.008400
959,765,61,0.017108,0.016718,83280473.000000,698581.000000,0.008388
960,766,61,0.017038,0.016648,83013621.000000,698147.000000,0.008410
961,766,61,0.017102,0.016716,83250919.000000,695381.000000,0.008353
962,766,61,0.017362,0.016987,83489933.000000,701869.000000,0.008407
963,767,61,0.017197,0.016794,83531114.000000,699141.000000,0.008370
964,767,61,0.017147,0.016750,83700105.000000,698742.000000,0.008348
965,768,60,0.017285,0.016916,84032201.000000,702131.000000,0.008355
966,769,60,0.017333,0.016936,84181981.000000,705243.000000,0.008378
967,770,60,0.017298,0.016938,84284489.000000,704964.000000,0.008364
968,770,60,0.017471,0.017072,84506450.000000,708180.000000,0.008380
969,771,60,0.017367,0.016991,84517324.000000,706808.000000,0.008363
970,772,60,0.017448,0.017052,84670714.000000,709078.000000,0.008375
971,773,60,0.017510,0.017119,85003420.000000,710239.000000,0.008355
972,774,60,0.017633,0.017106,85035815.000000,710230.000000,0.008352
973,775,59,0.017878,0.017117,85490862.000000,713016.000000,0.008340
