frame,nb of entities,FPS,frame length,physics length,L1-dcache-loads,L1-dcache-load-misses,L1-dcache-load-miss-ratio
0,3,302,0.001884,0.000025,680551.000000,36778.000000,0.054042
1,4,302,0.003326,0.000025,765023.000000,38052.000000,0.049740
2,5,302,0.003319,0.000030,734211.000000,37112.000000,0.050547
3,6,302,0.003326,0.000030,730945.000000,37706.000000,0.051585
4,7,302,0.003319,0.000031,736626.000000,37204.000000,0.050506
5,8,302,0.003329,0.000032,705924.000000,33380.000000,0.047286
6,9,302,0.003319,0.000034,741881.000000,37937.000000,0.051136
7,10,302,0.003322,0.000035,746368.000000,37481.000000,0.050218
8,11,302,0.003358,0.000034,721616.000000,38126.000000,0.052834
9,12,302,0.003287,0.000054,775027.000000,40533.000000,0.052299
10,13,302,0.003320,0.000038,733335.000000,33837.000000,0.046141
11,13,302,0.003323,0.000033,770224.000000,37767.000000,0.049034
12,13,302,0.003329,0.000033,740222.000000,37475.000000,0.050627
13,14,302,0.003321,0.000039,773105.000000,38171.000000,0.049374
14,15,302,0.003324,0.000040,762701.000000,37481.000000,0.049142
15,16,302,0.003320,0.000044,731866.000000,35266.000000,0.048186
16,17,302,0.003328,0.000043,771480.000000,38160.000000,0.049463
17,18,302,0.003317,0.000044,770754.000000,37674.000000,0.048879
18,19,302,0.003325,0.000043,762562.000000,38040.000000,0.049884
19,20,302,0.003322,0.000046,764480.000000,37472.000000,0.049016
20,21,302,0.003324,0.000046,737844.000000,34020.000000,0.046107
21,22,302,0.003321,0.000048,779439.000000,38427.000000,0.049301
22,23,302,0.003324,0.000048,804090.000000,37906.000000,0.047141
23,23,302,0.003679,0.000039,721481.000000,37954.000000,0.052606
24,24,302,0.003337,0.000072,756345.000000,43979.000000,0.058147
25,25,301,0.003369,0.000071,724472.000000,40537.000000,0.055954
26,25,301,0.003322,0.000063,831518.000000,43253.000000,0.052017
27,26,301,0.003323,0.000048,865167.000000,38621.000000,0.044640
28,26,302,0.003325,0.000050,834743.000000,38609.000000,0.046253
29,26,302,0.003319,0.000041,824382.000000,39469.000000,0.047877
30,26,302,0.003324,0.000067,688627.000000,36829.000000,0.053482
31,27,301,0.003371,0.000077,764545.000000,44996.000000,0.058853
32,28,301,0.003330,0.000072,761829.000000,44443.000000,0.058337
33,29,301,0.003325,0.000070,757421.000000,44030.000000,0.058131
34,30,302,0.003322,0.000074,818184.000000,44184.000000,0.054003
35,31,302,0.003318,0.000064,845051.000000,35768.000000,0.042326
36,32,302,0.003327,0.000052,877977.000000,39675.000000,0.045189
37,33,301,0.003551,0.000100,798931.000000,45382.000000,0.056803
38,34,301,0.003154,0.000054,803453.000000,40825.000000,0.050812
39,35,302,0.003309,0.000070,911172.000000,41506.000000,0.045552
40,36,302,0.003326,0.000055,858453.000000,36853.000000,0.042930
41,37,302,0.003325,0.000074,889765.000000,40402.000000,0.045407
42,38,302,0.003322,0.000117,893121.000000,48361.000000,0.054148
43,39,302,0.003321,0.000087,900199.000000,44794.000000,0.049760
44,40,302,0.003332,0.000091,819562.000000,45388.000000,0.055381
45,41,302,0.003318,0.000114,889008.000000,46588.000000,0.052404
46,42,302,0.003321,0.000098,919121.000000,43422.000000,0.047243
47,43,302,0.003320,0.000081,911934.000000,40358.000000,0.044255
48,44,302,0.003317,0.000080,905506.000000,40342.000000,0.044552
49,45,302,0.003325,0.000096,933238.000000,41435.000000,0.044399
50,46,302,0.003319,0.000094,909905.000000,37630.000000,0.041356
51,46,302,0.003318,0.000134,944180.000000,47032.000000,0.049813
52,46,302,0.003317,0.000092,955289.000000,40304.000000,0.042190
53,47,302,0.003328,0.000071,955439.000000,41607.000000,0.043548
54,48,302,0.003321,0.000086,927968.000000,39867.000000,0.042962
55,49,302,0.003324,0.000089,910151.000000,37106.000000,0.040769
56,50,302,0.003311,0.000089,941395.000000,40617.000000,0.043146
57,51,302,0.003326,0.000102,960617.000000,40968.000000,0.042648
58,52,302,0.003319,0.000096,970853.000000,42474.000000,0.043749
59,53,302,0.003319,0.000123,989670.000000,42334.000000,0.042776
60,54,300,0.003322,0.000134,956399.000000,40601.000000,0.042452
61,54,300,0.003321,0.000105,1020904.000000,42333.000000,0.041466
62,55,300,0.003317,0.000085,997416.000000,41164.000000,0.041271
63,55,300,0.003327,0.000099,988491.000000,41146.000000,0.041625
64,56,300,0.003318,0.000104,994653.000000,41215.000000,0.041437
65,57,300,0.003319,0.000119,970233.000000,38134.000000,0.039304
66,58,300,0.003317,0.000183,1059441.000000,49339.000000,0.046571
67,59,300,0.003317,0.000119,1056308.000000,42331.000000,0.040074
68,60,300,0.003318,0.000152,1057008.000000,52046.000000,0.049239
69,61,300,0.003316,0.000101,1099933.000000,46012.000000,0.041832
70,61,300,0.003321,0.000113,1040417.000000,38801.000000,0.037294
71,62,300,0.003315,0.000107,1060207.000000,41545.000000,0.039186
72,62,300,0.003327,0.000101,1040205.000000,40894.000000,0.039313
73,63,300,0.003323,0.000110,1043243.000000,42057.000000,0.040314
74,63,300,0.003313,0.000115,1065837.000000,41702.000000,0.039126
75,64,300,0.003322,0.000110,1028167.000000,38293.000000,0.037244
76,65,300,0.003327,0.000103,1053032.000000,42323.000000,0.040192
77,66,300,0.003313,0.000118,1067656.000000,42645.000000,0.039943
78,67,300,0.003326,0.000106,1049584.000000,41910.000000,0.039930
79,67,300,0.003321,0.000130,1082407.000000,43451.000000,0.040143
80,68,300,0.003316,0.000118,1059802.000000,39035.000000,0.036832
81,69,300,0.003320,0.000136,1105826.000000,42517.000000,0.038448
82,70,300,0.003327,0.000117,1101681.000000,43430.000000,0.039422
83,71,300,0.003310,0.000135,1113698.000000,42115.000000,0.037815
84,72,300,0.003326,0.000117,1105366.000000,41432.000000,0.037483
85,73,300,0.003322,0.000121,1088194.000000,38950.000000,0.035793
86,74,300,0.003319,0.000133,1112414.000000,41574.000000,0.037373
87,75,300,0.003321,0.000134,1142466.000000,42380.000000,0.037095
88,75,300,0.003327,0.000124,1150107.000000,42648.000000,0.037082
89,75,300,0.003312,0.000137,1129393.000000,41674.000000,0.036899
90,76,300,0.003325,0.000129,1135431.000000,38716.000000,0.034098
91,77,301,0.003324,0.000134,1147914.000000,42562.000000,0.037078
92,78,301,0.003315,0.000147,1154951.000000,42744.000000,0.037009
93,78,301,0.003324,0.000145,1167058.000000,42391.000000,0.036323
94,79,301,0.003324,0.000137,1184065.000000,42894.000000,0.036226
95,79,301,0.003324,0.000136,1140389.000000,38881.000000,0.034095
96,80,301,0.003315,0.000161,1233732.000000,43707.000000,0.035427
97,81,301,0.003327,0.000147,1232604.000000,43958.000000,0.035663
98,82,301,0.003324,0.000156,1227965.000000,45395.000000,0.036968
99,83,301,0.003312,0.000168,1253300.000000,45063.000000,0.035955
100,84,301,0.003322,0.000152,1209106.000000,40197.000000,0.033245
101,85,301,0.003271,0.000160,1281399.000000,44603.000000,0.034808
102,85,301,0.003321,0.000152,1260155.000000,43749.000000,0.034717
103,86,301,0.003323,0.000156,1280531.000000,43674.000000,0.034106
104,87,301,0.003318,0.000155,1270436.000000,43868.000000,0.034530
105,88,301,0.003323,0.000174,1262128.000000,41208.000000,0.032650
106,89,301,0.003325,0.000142,1279779.000000,45033.000000,0.035188
107,90,301,0.003316,0.000165,1323122.000000,45173.000000,0.034141
108,91,301,0.003325,0.000150,1343832.000000,46156.000000,0.034347
109,91,301,0.003325,0.000180,1367913.000000,46996.000000,0.034356
110,92,301,0.003311,0.000203,1342716.000000,42577.000000,0.031710
111,93,301,0.003326,0.000191,1428127.000000,46354.000000,0.032458
112,93,301,0.003322,0.000188,1401211.000000,45927.000000,0.032777
113,94,301,0.003318,0.000191,1396916.000000,45684.000000,0.032703
114,94,301,0.003322,0.000182,1376365.000000,44788.000000,0.032541
115,94,301,0.003325,0.000182,1365417.000000,42085.000000,0.030822
116,95,301,0.003315,0.000194,1419483.000000,46495.000000,0.032755
117,96,301,0.003322,0.000204,1436660.000000,46884.000000,0.032634
118,97,301,0.003323,0.000200,1476910.000000,47663.000000,0.032272
119,97,301,0.003316,0.000222,1493614.000000,49008.000000,0.032812
120,97,301,0.003328,0.000233,1463295.000000,43508.000000,0.029733
121,98,301,0.003319,0.000225,1505798.000000,48595.000000,0.032272
122,98,301,0.003318,0.000207,1489266.000000,47125.000000,0.031643
123,98,301,0.003324,0.000206,1481276.000000,47137.000000,0.031822
124,99,301,0.003330,0.000258,1535528.000000,49434.000000,0.032193
125,100,301,0.003315,0.000220,1496256.000000,44378.000000,0.029659
126,100,301,0.003324,0.000236,1514527.000000,47968.000000,0.031672
127,101,301,0.003321,0.000228,1534622.000000,48684.000000,0.031724
128,102,301,0.003329,0.000221,1524930.000000,49096.000000,0.032196
129,103,301,0.003308,0.000293,1620479.000000,56652.000000,0.034960
130,104,301,0.003329,0.000248,1559405.000000,47564.000000,0.030501
131,105,301,0.003313,0.000240,1601362.000000,48545.000000,0.030315
132,106,301,0.003328,0.000234,1615272.000000,48986.000000,0.030327
133,107,301,0.003320,0.000302,1683035.000000,52297.000000,0.031073
134,108,301,0.003319,0.000239,1639344.000000,49340.000000,0.030097
135,109,301,0.003320,0.000284,1639895.000000,45077.000000,0.027488
136,110,301,0.003323,0.000276,1728816.000000,52705.000000,0.030486
137,111,301,0.003312,0.000311,1780444.000000,53619.000000,0.030116
138,112,301,0.003327,0.000278,1773948.000000,48768.000000,0.027491
139,113,301,0.003322,0.000316,1813684.000000,52132.000000,0.028744
140,114,301,0.003313,0.000270,1765455.000000,46056.000000,0.026087
141,115,301,0.003329,0.000299,1869691.000000,50954.000000,0.027253
142,116,301,0.003327,0.000312,1910803.000000,52016.000000,0.027222
143,117,301,0.003312,0.000301,1910792.000000,51740.000000,0.027078
144,118,301,0.003325,0.000329,1944116.000000,52121.000000,0.026810
145,119,301,0.003338,0.000330,1925376.000000,49570.000000,0.025746
146,120,301,0.003308,0.000309,1964951.000000,52341.000000,0.026637
147,121,301,0.003326,0.000371,2020547.000000,53242.000000,0.026350
148,122,301,0.003329,0.000391,2063710.000000,55004.000000,0.026653
149,123,301,0.003316,0.000335,2097060.000000,53608.000000,0.025563
150,124,301,0.003324,0.000337,2032753.000000,49138.000000,0.024173
151,125,301,0.003331,0.000380,2096685.000000,55215.000000,0.026334
152,126,301,0.003314,0.000345,2127385.000000,52785.000000,0.024812
153,127,301,0.003328,0.000381,2213253.000000,55154.000000,0.024920
154,128,301,0.003330,0.000444,2215972.000000,56374.000000,0.025440
155,129,301,0.003317,0.000364,2219453.000000,50910.000000,0.022938
156,130,301,0.003318,0.000434,2264697.000000,54982.000000,0.024278
157,131,301,0.003335,0.000416,2286289.000000,56543.000000,0.024731
158,132,301,0.003319,0.000394,2312961.000000,55496.000000,0.023993
159,133,301,0.003319,0.000661,2417455.000000,67964.000000,0.028114
160,134,301,0.003328,0.000575,2385378.000000,60471.000000,0.025351
161,135,301,0.003315,0.000414,2467934.000000,57571.000000,0.023328
162,136,301,0.003322,0.000482,2444653.000000,58404.000000,0.023891
163,137,301,0.003335,0.000467,2539982.000000,59889.000000,0.023579
164,137,301,0.003311,0.000435,2522786.000000,58166.000000,0.023056
165,137,301,0.003324,0.000452,2497877.000000,53907.000000,0.021581
166,138,301,0.003333,0.000432,2570096.000000,60777.000000,0.023648
167,139,301,0.003314,0.000452,2570447.000000,58674.000000,0.022826
168,139,301,0.003324,0.000470,2594909.000000,61017.000000,0.023514
169,140,301,0.003332,0.000510,2620343.000000,61913.000000,0.023628
170,141,301,0.003318,0.000458,2578542.000000,55571.000000,0.021551
171,142,301,0.003317,0.000521,2657995.000000,63835.000000,0.024016
172,143,300,0.003337,0.000506,2663016.000000,62108.000000,0.023322
173,143,301,0.003310,0.000465,2646683.000000,58807.000000,0.022219
174,143,301,0.003327,0.000479,2648491.000000,58830.000000,0.022213
175,144,300,0.003329,0.000514,2637926.000000,57136.000000,0.021659
176,145,300,0.003320,0.000485,2679005.000000,60410.000000,0.022549
177,146,300,0.003321,0.000500,2735505.000000,60891.000000,0.022260
178,147,300,0.003337,0.000518,2746135.000000,61240.000000,0.022300
179,147,300,0.003307,0.000514,2790140.000000,60506.000000,0.021686
180,148,300,0.003328,0.000519,2808210.000000,58260.000000,0.020746
181,149,300,0.003329,0.000627,2949481.000000,63902.000000,0.021666
182,150,300,0.003316,0.000516,2872559.000000,62022.000000,0.021591
183,150,300,0.003321,0.000629,2904672.000000,64591.000000,0.022237
184,151,300,0.003333,0.000560,2914773.000000,62718.000000,0.021517
185,152,300,0.003314,0.000566,2900947.000000,57862.000000,0.019946
186,153,300,0.003328,0.000567,2946107.000000,62798.000000,0.021316
187,154,300,0.003331,0.000656,3037369.000000,64822.000000,0.021341
188,155,300,0.003314,0.000567,3073370.000000,63971.000000,0.020815
189,156,300,0.003323,0.000696,3197677.000000,76290.000000,0.023858
190,157,300,0.003331,0.000645,3161668.000000,63835.000000,0.020190
191,158,300,0.003315,0.000665,3305033.000000,71835.000000,0.021735
192,158,300,0.003320,0.000649,3300743.000000,67549.000000,0.020465
193,159,300,0.003333,0.000655,3285212.000000,66971.000000,0.020386
194,160,300,0.003313,0.000631,3328329.000000,67729.000000,0.020349
195,161,300,0.003324,0.000689,3320725.000000,66954.000000,0.020162
196,162,300,0.003333,0.000608,3380384.000000,69955.000000,0.020694
197,163,300,0.003315,0.000638,3419567.000000,67773.000000,0.019819
198,164,300,0.003322,0.000695,3429130.000000,69528.000000,0.020276
199,165,300,0.003336,0.000690,3482061.000000,69882.000000,0.020069
200,166,300,0.003313,0.000670,3498824.000000,65129.000000,0.018615
201,166,300,0.003321,0.000645,3489544.000000,69744.000000,0.019987
202,166,300,0.003332,0.000694,3494479.000000,68593.000000,0.019629
203,167,300,0.003315,0.000665,3478556.000000,67834.000000,0.019501
204,168,300,0.003320,0.000653,3541547.000000,71069.000000,0.020067
205,168,300,0.003338,0.000720,3586674.000000,67607.000000,0.018849
206,169,300,0.003307,0.000751,3598474.000000,72570.000000,0.020167
207,170,300,0.003328,0.000686,3629285.000000,71563.000000,0.019718
208,171,300,0.003329,0.000804,3684484.000000,71010.000000,0.019273
209,172,300,0.003317,0.000736,3799452.000000,72202.000000,0.019003
210,172,300,0.003323,0.000717,3758721.000000,69279.000000,0.018432
211,172,300,0.003335,0.000770,3844665.000000,72841.000000,0.018946
212,173,300,0.003307,0.000766,3806084.000000,71910.000000,0.018893
213,174,300,0.003325,0.000747,3923336.000000,74545.000000,0.019000
214,175,300,0.003332,0.000884,3917553.000000,74999.000000,0.019144
215,176,300,0.003316,0.000778,3954423.000000,70632.000000,0.017862
216,177,300,0.003322,0.000765,4052375.000000,77061.000000,0.019016
217,178,300,0.003328,0.000877,4054682.000000,80217.000000,0.019784
218,179,300,0.003314,0.000801,4067018.000000,78006.000000,0.019180
219,180,300,0.003324,0.000950,4198969.000000,89038.000000,0.021205
220,181,300,0.003333,0.000868,4164703.000000,77211.000000,0.018539
221,182,300,0.003312,0.000822,4123117.000000,78194.000000,0.018965
222,183,300,0.003324,0.000815,4147927.000000,79818.000000,0.019243
223,184,300,0.003332,0.000892,4197593.000000,81577.000000,0.019434
224,185,300,0.003316,0.000820,4221723.000000,78673.000000,0.018635
225,186,300,0.003321,0.000859,4374408.000000,78200.000000,0.017877
226,186,300,0.003335,0.000782,4310924.000000,80817.000000,0.018747
227,186,300,0.003311,0.000842,4335365.000000,79679.000000,0.018379
228,187,300,0.003328,0.000864,4492470.000000,81801.000000,0.018208
229,188,300,0.003330,0.000905,4440616.000000,80599.000000,0.018150
230,189,300,0.003314,0.000899,4486069.000000,77175.000000,0.017203
231,190,300,0.003322,0.000922,4641447.000000,83613.000000,0.018014
232,190,300,0.003335,0.000962,4618076.000000,82791.000000,0.017928
233,191,300,0.003311,0.000988,4620804.000000,82963.000000,0.017954
234,192,300,0.003327,0.000904,4685429.000000,83208.000000,0.017759
235,193,300,0.003331,0.001069,4712467.000000,80864.000000,0.017160
236,194,300,0.003315,0.000958,4754002.000000,85208.000000,0.017923
237,195,300,0.003323,0.000940,4779214.000000,85728.000000,0.017938
238,196,300,0.003337,0.001022,4806664.000000,86959.000000,0.018091
239,197,300,0.003311,0.001045,4882169.000000,87064.000000,0.017833
240,197,300,0.003325,0.000955,4871008.000000,82253.000000,0.016886
241,198,300,0.003332,0.001157,4942440.000000,89573.000000,0.018123
242,199,300,0.003313,0.001012,4971095.000000,87937.000000,0.017690
243,200,300,0.003324,0.001012,5052862.000000,89124.000000,0.017638
244,200,300,0.003334,0.001086,5046845.000000,89833.000000,0.017800
245,201,300,0.003314,0.001060,5060149.000000,86923.000000,0.017178
246,202,300,0.003324,0.001030,5121063.000000,90375.000000,0.017648
247,203,300,0.003335,0.001098,5146765.000000,91185.000000,0.017717
248,204,300,0.003314,0.001066,5210935.000000,90942.000000,0.017452
249,205,300,0.003397,0.001316,5413484.000000,99873.000000,0.018449
250,206,300,0.003357,0.001154,5247704.000000,87847.000000,0.016740
251,207,300,0.003385,0.001081,5313610.000000,90587.000000,0.017048
252,207,300,0.003380,0.001044,5333559.000000,93114.000000,0.017458
253,208,300,0.003394,0.001102,5311163.000000,91024.000000,0.017138
254,209,300,0.003397,0.001059,5381792.000000,91684.000000,0.017036
255,210,300,0.003393,0.001153,5466949.000000,90211.000000,0.016501
256,211,300,0.003396,0.001006,5434236.000000,92247.000000,0.016975
257,211,300,0.003389,0.001102,5560443.000000,93126.000000,0.016748
258,212,299,0.003407,0.001240,5564322.000000,95719.000000,0.017202
259,212,299,0.003391,0.001168,5687386.000000,94740.000000,0.016658
260,212,299,0.003367,0.001059,5646420.000000,89978.000000,0.015935
261,213,299,0.003401,0.001196,5716762.000000,95882.000000,0.016772
262,214,299,0.003400,0.001140,5713726.000000,94282.000000,0.016501
263,214,299,0.003403,0.001188,5788896.000000,96296.000000,0.016635
264,215,299,0.003390,0.001206,5869744.000000,96438.000000,0.016430
265,216,299,0.003367,0.001268,6038864.000000,94930.000000,0.015720
266,217,299,0.003390,0.001263,5881874.000000,96444.000000,0.016397
267,218,299,0.003388,0.001120,5952100.000000,96459.000000,0.016206
268,219,298,0.003404,0.001326,6012909.000000,97297.000000,0.016181
269,220,298,0.003429,0.001966,6529306.000000,152948.000000,0.023425
270,221,298,0.003317,0.001556,6264254.000000,102591.000000,0.016377
271,222,298,0.003324,0.001344,6263254.000000,101468.000000,0.016201
272,222,298,0.003319,0.001285,6311903.000000,100790.000000,0.015968
273,222,298,0.003329,0.001544,6405538.000000,102712.000000,0.016035
274,222,298,0.003320,0.001354,6356772.000000,100777.000000,0.015853
275,223,298,0.003323,0.001285,6454274.000000,97724.000000,0.015141
276,224,298,0.003325,0.001220,6472262.000000,102273.000000,0.015802
277,225,298,0.003324,0.001318,6476487.000000,101388.000000,0.015655
278,226,298,0.003324,0.001337,6533052.000000,104421.000000,0.015983
279,227,298,0.003322,0.001262,6710375.000000,106271.000000,0.015837
280,228,298,0.003326,0.001416,6725873.000000,103529.000000,0.015393
281,228,298,0.003322,0.001344,6715994.000000,105176.000000,0.015661
282,229,298,0.003324,0.001351,6856486.000000,109148.000000,0.015919
283,230,298,0.003326,0.001444,6963796.000000,107764.000000,0.015475
284,230,298,0.003323,0.001440,7034984.000000,110815.000000,0.015752
285,231,298,0.003324,0.001372,7013046.000000,105752.000000,0.015079
286,231,298,0.003326,0.001483,7075297.000000,111398.000000,0.015745
287,232,298,0.003323,0.001435,7079607.000000,110092.000000,0.015551
288,233,298,0.003327,0.001356,7120319.000000,109056.000000,0.015316
289,234,298,0.003324,0.001480,7229448.000000,110606.000000,0.015299
290,235,298,0.003324,0.001463,7494834.000000,124598.000000,0.016625
291,236,298,0.003323,0.001402,7292798.000000,111160.000000,0.015242
292,237,298,0.003329,0.001586,7286497.000000,111065.000000,0.015243
293,238,298,0.003319,0.001532,7328448.000000,111821.000000,0.015258
294,239,298,0.003327,0.001407,7384395.000000,111472.000000,0.015096
295,240,298,0.003323,0.001438,7529619.000000,109476.000000,0.014539
296,241,298,0.003325,0.001531,7599304.000000,113534.000000,0.014940
297,242,298,0.003321,0.001446,7602559.000000,112781.000000,0.014835
298,243,298,0.003328,0.001612,7789155.000000,115467.000000,0.014824
299,244,298,0.003320,0.001558,7717264.000000,114685.000000,0.014861
300,245,298,0.003325,0.001498,7792619.000000,111997.000000,0.014372
301,245,298,0.003329,0.001531,7849790.000000,116649.000000,0.014860
302,246,298,0.003316,0.001647,7902379.000000,118070.000000,0.014941
303,247,298,0.003324,0.001576,8011695.000000,119933.000000,0.014970
304,248,298,0.003328,0.001770,8013494.000000,121946.000000,0.015218
305,249,298,0.003322,0.001742,8037675.000000,116772.000000,0.014528
306,250,298,0.003324,0.001561,8089539.000000,119539.000000,0.014777
307,251,298,0.003336,0.001992,8191759.000000,122392.000000,0.014941
308,252,298,0.003327,0.001577,8275112.000000,121893.000000,0.014730
309,253,298,0.003322,0.001768,8507351.000000,126492.000000,0.014869
310,254,298,0.003325,0.001740,8397907.000000,120603.000000,0.014361
311,255,298,0.003325,0.001740,8542256.000000,124689.000000,0.014597
312,256,298,0.003426,0.001875,8594360.000000,126277.000000,0.014693
313,256,298,0.003425,0.001830,8670034.000000,125753.000000,0.014504
314,256,298,0.003411,0.001721,8713899.000000,123277.000000,0.014147
315,257,298,0.003430,0.001925,8828454.000000,129675.000000,0.014688
316,257,298,0.003433,0.001755,8731834.000000,126367.000000,0.014472
317,258,298,0.003420,0.001707,8813845.000000,126825.000000,0.014389
318,259,298,0.003421,0.001766,8852074.000000,128431.000000,0.014509
319,260,298,0.003420,0.001765,8860518.000000,125373.000000,0.014150
320,261,298,0.003427,0.001894,8923794.000000,128881.000000,0.014442
321,262,298,0.003410,0.001744,8983780.000000,130969.000000,0.014578
322,263,298,0.003430,0.001934,9008313.000000,130793.000000,0.014519
323,264,298,0.003422,0.001767,9037931.000000,129957.000000,0.014379
324,264,298,0.003423,0.001784,8992340.000000,123959.000000,0.013785
325,264,298,0.003428,0.001894,9097633.000000,129026.000000,0.014182
326,265,298,0.003426,0.001851,9247576.000000,132254.000000,0.014301
327,266,298,0.003435,0.002002,9298052.000000,132103.000000,0.014208
328,266,298,0.003409,0.001840,9248885.000000,131530.000000,0.014221
329,267,298,0.003422,0.001820,9219059.000000,129634.000000,0.014062
330,268,297,0.003435,0.001793,9273825.000000,131887.000000,0.014221
331,269,297,0.003426,0.001802,9369153.000000,131888.000000,0.014077
332,270,297,0.003428,0.001888,9442734.000000,135605.000000,0.014361
333,271,297,0.003428,0.001845,9548477.000000,135516.000000,0.014192
334,271,297,0.003426,0.001868,9584190.000000,132113.000000,0.013784
335,272,297,0.003428,0.001836,9458947.000000,134353.000000,0.014204
336,272,297,0.003424,0.001828,9431340.000000,132686.000000,0.014069
337,273,296,0.003430,0.001851,9524822.000000,135935.000000,0.014272
338,274,296,0.003439,0.002058,9713631.000000,143170.000000,0.014739
339,275,296,0.003432,0.001885,9710923.000000,132697.000000,0.013665
340,276,296,0.003429,0.001913,9831230.000000,138380.000000,0.014076
341,277,296,0.003438,0.002008,10041953.000000,147035.000000,0.014642
342,278,296,0.003432,0.001975,9968731.000000,140089.000000,0.014053
343,279,295,0.003435,0.001963,10053701.000000,141033.000000,0.014028
344,279,295,0.003415,0.001965,10093188.000000,137976.000000,0.013670
345,280,295,0.003435,0.002022,10161855.000000,142637.000000,0.014037
346,281,295,0.003435,0.001993,10189646.000000,142623.000000,0.013997
347,282,295,0.003433,0.001994,10278831.000000,142949.000000,0.013907
348,283,295,0.003436,0.002086,10406061.000000,141292.000000,0.013578
349,283,295,0.003441,0.002048,10504726.000000,145064.000000,0.013809
350,284,294,0.003435,0.002060,10578505.000000,146522.000000,0.013851
351,285,294,0.003441,0.002125,10615487.000000,146350.000000,0.013786
352,286,294,0.003438,0.002095,10751239.000000,148012.000000,0.013767
353,286,294,0.003429,0.002092,10648822.000000,142291.000000,0.013362
354,287,294,0.003441,0.002143,10792157.000000,148095.000000,0.013722
355,287,294,0.003448,0.002116,10911405.000000,148530.000000,0.013612
356,288,293,0.003436,0.002140,10914744.000000,149039.000000,0.013655
357,289,293,0.003443,0.002181,10860755.000000,149063.000000,0.013725
358,289,293,0.003439,0.002114,10861319.000000,143959.000000,0.013254
359,290,293,0.003433,0.002139,10991711.000000,148883.000000,0.013545
360,291,293,0.003441,0.002147,10922183.000000,149360.000000,0.013675
361,292,293,0.003443,0.002154,11111914.000000,149438.000000,0.013448
362,292,292,0.003403,0.002201,11251687.000000,150940.000000,0.013415
363,292,292,0.003441,0.002176,11128745.000000,146788.000000,0.013190
364,293,292,0.003361,0.002202,11289695.000000,150598.000000,0.013339
365,294,292,0.003347,0.002218,11408785.000000,151683.000000,0.013295
366,295,292,0.003351,0.002269,11466286.000000,152785.000000,0.013325
367,296,292,0.003368,0.002578,11753987.000000,160690.000000,0.013671
368,297,292,0.003347,0.002302,11615055.000000,150624.000000,0.012968
369,297,292,0.003349,0.002273,11707308.000000,152897.000000,0.013060
370,298,292,0.003354,0.002371,11845065.000000,158074.000000,0.013345
371,299,292,0.003350,0.002300,11802987.000000,155017.000000,0.013134
372,300,292,0.003354,0.002319,11851268.000000,154243.000000,0.013015
373,301,292,0.003351,0.002352,11878449.000000,152243.000000,0.012817
374,302,292,0.003465,0.002593,11996103.000000,159549.000000,0.013300
375,302,292,0.003449,0.002437,12096567.000000,158432.000000,0.013097
376,302,292,0.003453,0.002388,12126341.000000,159249.000000,0.013132
377,302,292,0.003459,0.002485,12155487.000000,159118.000000,0.013090
378,303,292,0.003452,0.002382,12144440.000000,155080.000000,0.012770
379,304,292,0.003457,0.002469,12247483.000000,161346.000000,0.013174
380,305,292,0.003458,0.002445,12330629.000000,162711.000000,0.013196
381,306,292,0.003459,0.002491,12516540.000000,161922.000000,0.012937
382,306,292,0.003457,0.002445,12413417.000000,161458.000000,0.013007
383,307,292,0.003461,0.002539,12458920.000000,158678.000000,0.012736
384,308,292,0.003457,0.002469,12574334.000000,162607.000000,0.012932
385,309,292,0.003460,0.002513,12563494.000000,162437.000000,0.012929
386,310,292,0.003390,0.002768,12644385.000000,163133.000000,0.012902
387,311,292,0.003363,0.002611,12736525.000000,158531.000000,0.012447
388,312,292,0.003367,0.002614,12922498.000000,166239.000000,0.012864
389,312,292,0.003362,0.002520,12841938.000000,164697.000000,0.012825
390,312,292,0.003363,0.002563,12874473.000000,165680.000000,0.012869
391,313,292,0.003364,0.002570,12953808.000000,165184.000000,0.012752
392,314,292,0.003366,0.002591,13000674.000000,164756.000000,0.012673
393,315,292,0.003369,0.002673,13339333.000000,169089.000000,0.012676
394,315,292,0.003369,0.002671,13299666.000000,169905.000000,0.012775
395,316,292,0.003368,0.002629,13356637.000000,166695.000000,0.012480
396,317,292,0.003401,0.003056,13522172.000000,177673.000000,0.013139
397,318,292,0.003372,0.002673,13457822.000000,165102.000000,0.012268
398,319,293,0.003374,0.002684,13524786.000000,169811.000000,0.012556
399,320,293,0.003372,0.002701,13581825.000000,170604.000000,0.012561
400,321,293,0.003370,0.002685,13616228.000000,171112.000000,0.012567
401,321,293,0.003381,0.002928,13754147.000000,172581.000000,0.012548
402,322,293,0.003370,0.002708,13786052.000000,167906.000000,0.012179
403,322,293,0.003373,0.002721,13801538.000000,172223.000000,0.012479
404,323,293,0.003375,0.002774,13898881.000000,177718.000000,0.012786
405,324,293,0.003370,0.002768,14006217.000000,174002.000000,0.012423
406,325,293,0.003371,0.002713,13841415.000000,171390.000000,0.012382
407,326,293,0.003375,0.002780,13983008.000000,172126.000000,0.012310
408,327,293,0.003377,0.002774,14143931.000000,174695.000000,0.012351
409,328,294,0.003379,0.002821,14301725.000000,177488.000000,0.012410
410,329,294,0.003377,0.002830,14421726.000000,179289.000000,0.012432
411,330,294,0.003382,0.002895,14562715.000000,182136.000000,0.012507
412,331,294,0.003379,0.002872,14585831.000000,177078.000000,0.012140
413,332,294,0.003383,0.002935,14762644.000000,181352.000000,0.012285
414,333,294,0.003382,0.002928,14799827.000000,184002.000000,0.012433
415,333,294,0.003330,0.002977,14995821.000000,184135.000000,0.012279
416,333,294,0.003387,0.002957,15091058.000000,183573.000000,0.012164
417,334,294,0.003383,0.003050,15285276.000000,184474.000000,0.012069
418,334,294,0.003618,0.003265,15160802.000000,186158.000000,0.012279
419,334,293,0.003843,0.003479,15144320.000000,185842.000000,0.012271
420,335,293,0.003815,0.003153,15198890.000000,188594.000000,0.012408
421,336,292,0.003723,0.003115,15205306.000000,184231.000000,0.012116
422,337,292,0.003772,0.003108,15345844.000000,191177.000000,0.012458
423,338,292,0.003711,0.003091,15395311.000000,188182.000000,0.012223
424,339,291,0.003749,0.003111,15444558.000000,189476.000000,0.012268
425,340,290,0.003997,0.003341,15717468.000000,195298.000000,0.012426
426,341,289,0.003823,0.003171,15689458.000000,188839.000000,0.012036
427,342,289,0.003786,0.003162,15884274.000000,190918.000000,0.012019
428,343,288,0.003850,0.003170,15777156.000000,191190.000000,0.012118
429,343,287,0.003816,0.003199,15880905.000000,191644.000000,0.012068
430,344,287,0.003890,0.003238,15929494.000000,190616.000000,0.011966
431,344,286,0.003833,0.003225,15969780.000000,193514.000000,0.012118
432,345,285,0.003830,0.003209,15968155.000000,192166.000000,0.012034
433,346,285,0.003872,0.003227,16076854.000000,196834.000000,0.012243
434,347,284,0.003900,0.003264,16155569.000000,190925.000000,0.011818
435,348,283,0.003974,0.003319,16514666.000000,199100.000000,0.012056
436,349,283,0.003924,0.003267,16224575.000000,194091.000000,0.011963
437,349,282,0.003919,0.003246,16341803.000000,196052.000000,0.011997
438,350,282,0.003865,0.003230,16410788.000000,195299.000000,0.011901
439,351,281,0.004049,0.003407,16569063.000000,195883.000000,0.011822
440,351,280,0.004006,0.003362,16749419.000000,202723.000000,0.012103
441,352,279,0.004014,0.003335,16654730.000000,198586.000000,0.011924
442,352,279,0.003988,0.003353,16932913.000000,200467.000000,0.011839
443,353,278,0.003986,0.003347,16694085.000000,195886.000000,0.011734
444,354,277,0.004115,0.003463,16864014.000000,202224.000000,0.011991
445,355,277,0.003985,0.003339,16935905.000000,200299.000000,0.011827
446,355,276,0.004130,0.003461,17152782.000000,202683.000000,0.011816
447,355,275,0.004072,0.003462,17148450.000000,199105.000000,0.011611
448,356,274,0.003963,0.003582,17326307.000000,203563.000000,0.011749
449,357,273,0.003888,0.003516,17599408.000000,206900.000000,0.011756
450,358,273,0.003948,0.003575,17532299.000000,207877.000000,0.011857
451,358,272,0.004020,0.003642,17714030.000000,205338.000000,0.011592
452,359,271,0.003877,0.003518,17716337.000000,205525.000000,0.011601
453,360,270,0.003889,0.003556,17766069.000000,205227.000000,0.011552
454,360,270,0.003906,0.003547,17832356.000000,205432.000000,0.011520
455,361,269,0.003916,0.003586,17916103.000000,205738.000000,0.011483
456,362,269,0.003923,0.003573,17821929.000000,208771.000000,0.011714
457,363,268,0.003983,0.003633,17913828.000000,210692.000000,0.011761
458,364,267,0.003938,0.003586,17947698.000000,210775.000000,0.011744
459,364,266,0.004032,0.003674,18193123.000000,210847.000000,0.011589
460,365,266,0.003990,0.003659,18207833.000000,207330.000000,0.011387
461,366,265,0.004046,0.003691,18383448.000000,213860.000000,0.011633
462,367,264,0.004067,0.003702,18492787.000000,213708.000000,0.011556
463,368,263,0.004050,0.003691,18481414.000000,211366.000000,0.011437
464,368,262,0.004043,0.003707,18544731.000000,209612.000000,0.011303
465,369,262,0.004034,0.003685,18403259.000000,212192.000000,0.011530
466,370,261,0.004090,0.003700,18472960.000000,215644.000000,0.011673
467,371,260,0.004084,0.003731,18707349.000000,215677.000000,0.011529
468,372,259,0.004182,0.003831,18898488.000000,215025.000000,0.011378
469,372,258,0.004160,0.003790,18908752.000000,215338.000000,0.011388
470,372,257,0.004128,0.003793,18914894.000000,215866.000000,0.011412
471,373,257,0.004167,0.003814,19024659.000000,217564.000000,0.011436
472,373,256,0.004227,0.003876,19224148.000000,216148.000000,0.011244
473,374,255,0.004183,0.003812,19131746.000000,218307.000000,0.011411
474,375,254,0.004226,0.003867,19243055.000000,220242.000000,0.011445
475,376,252,0.004608,0.004214,19496022.000000,227213.000000,0.011654
476,377,252,0.004230,0.003895,19501512.000000,219112.000000,0.011236
477,378,251,0.004255,0.003920,19592355.000000,225528.000000,0.011511
478,379,250,0.004267,0.003916,19655776.000000,223552.000000,0.011373
479,379,250,0.004271,0.003915,19761345.000000,221350.000000,0.011201
480,380,249,0.004290,0.003951,19821236.000000,221028.000000,0.011151
481,381,248,0.004351,0.003995,20086628.000000,225711.000000,0.011237
482,381,248,0.004374,0.004012,20185637.000000,227172.000000,0.011254
483,382,247,0.004393,0.004032,20225457.000000,226979.000000,0.011222
484,382,246,0.004328,0.003997,20014835.000000,222765.000000,0.011130
485,383,246,0.004382,0.004000,20227517.000000,226751.000000,0.011210
486,384,245,0.004452,0.004085,20452261.000000,229284.000000,0.011211
487,384,245,0.004406,0.004040,20278454.000000,224634.000000,0.011077
488,385,244,0.004391,0.004038,20388631.000000,229281.000000,0.011246
489,385,244,0.004492,0.004119,20633132.000000,229951.000000,0.011145
490,386,243,0.004426,0.004064,20512471.000000,228952.000000,0.011162
491,387,242,0.004489,0.004136,20714293.000000,228148.000000,0.011014
492,388,242,0.004525,0.004161,20771753.000000,231588.000000,0.011149
493,389,241,0.004556,0.004192,20996380.000000,236437.000000,0.011261
494,390,240,0.004569,0.004210,21087530.000000,234833.000000,0.011136
495,391,240,0.004613,0.004254,21197145.000000,233521.000000,0.011017
496,392,239,0.004596,0.004242,21311185.000000,237223.000000,0.011131
497,392,238,0.004811,0.004447,21539282.000000,251428.000000,0.011673
498,393,237,0.004754,0.004400,21502567.000000,236073.000000,0.010979
499,394,237,0.004791,0.004318,21774196.000000,243131.000000,0.011166
500,394,236,0.005026,0.004638,21710108.000000,245543.000000,0.011310
501,395,235,0.004897,0.004514,21765319.000000,243753.000000,0.011199
502,396,234,0.004719,0.004366,21886536.000000,239367.000000,0.010937
503,397,234,0.004690,0.004332,21870698.000000,242710.000000,0.011097
504,398,233,0.004756,0.004403,22003788.000000,243662.000000,0.011074
505,399,232,0.004773,0.004448,22223529.000000,241557.000000,0.010869
506,400,232,0.004792,0.004451,22305599.000000,244374.000000,0.010956
507,401,231,0.004825,0.004477,22388444.000000,245082.000000,0.010947
508,401,230,0.004814,0.004478,22370461.000000,244571.000000,0.010933
509,401,230,0.004777,0.004463,22316976.000000,241516.000000,0.010822
510,401,229,0.004829,0.004478,22442906.000000,245533.000000,0.010940
511,401,228,0.004866,0.004484,22541328.000000,246817.000000,0.010950
512,402,227,0.004859,0.004518,22627319.000000,245341.000000,0.010843
513,402,226,0.004898,0.004537,22787905.000000,248486.000000,0.010904
514,403,225,0.004889,0.004534,22669828.000000,249991.000000,0.011027
515,404,225,0.004867,0.004539,22712958.000000,249354.000000,0.010978
516,405,224,0.004881,0.004540,22776991.000000,246572.000000,0.010825
517,405,223,0.005013,0.004657,23279360.000000,253783.000000,0.010902
518,405,222,0.005407,0.005024,23289410.000000,260904.000000,0.011203
519,406,221,0.004987,0.004630,23250277.000000,253463.000000,0.010902
520,407,220,0.005011,0.004645,23385882.000000,253637.000000,0.010846
521,408,219,0.005211,0.004828,23386366.000000,254305.000000,0.010874
522,409,218,0.005023,0.004681,23543323.000000,253198.000000,0.010755
523,410,218,0.005195,0.004697,23753130.000000,257625.000000,0.010846
524,410,216,0.005580,0.004886,23914250.000000,259852.000000,0.010866
525,411,215,0.005503,0.004859,23784101.000000,256680.000000,0.010792
526,412,214,0.005381,0.004977,24168119.000000,262578.000000,0.010865
527,412,213,0.005187,0.004807,23914381.000000,259154.000000,0.010837
528,412,213,0.005173,0.004821,23982637.000000,258108.000000,0.010762
529,412,212,0.005222,0.004858,24129929.000000,260235.000000,0.010785
530,412,211,0.005344,0.004972,24310219.000000,264509.000000,0.010881
531,413,210,0.005523,0.005090,24287506.000000,261362.000000,0.010761
532,413,209,0.005195,0.004848,24216373.000000,257682.000000,0.010641
533,413,208,0.005202,0.004857,24253142.000000,260664.000000,0.010748
534,414,208,0.005211,0.004850,24311412.000000,259982.000000,0.010694
535,415,207,0.005211,0.004888,24355566.000000,260102.000000,0.010679
536,416,207,0.005221,0.004864,24431121.000000,262147.000000,0.010730
537,416,206,0.005500,0.005128,24617206.000000,269163.000000,0.010934
538,417,205,0.005303,0.004967,24466730.000000,262323.000000,0.010722
539,418,204,0.005333,0.004967,24590598.000000,265341.000000,0.010790
540,418,203,0.005358,0.004993,24690399.000000,266784.000000,0.010805
541,419,203,0.005271,0.004941,24442070.000000,260857.000000,0.010672
542,420,202,0.005339,0.004983,24545212.000000,266088.000000,0.010841
543,421,201,0.005428,0.005036,24701677.000000,267936.000000,0.010847
544,422,201,0.005485,0.005037,25052047.000000,280506.000000,0.011197
545,422,200,0.005426,0.005075,25074748.000000,269047.000000,0.010730
546,423,199,0.005480,0.005115,25162456.000000,271545.000000,0.010792
547,424,199,0.005498,0.005139,25406494.000000,269843.000000,0.010621
548,425,198,0.005593,0.005185,25567578.000000,274421.000000,0.010733
549,425,197,0.005486,0.005123,25522735.000000,272010.000000,0.010658
550,426,196,0.005551,0.005201,25614029.000000,272540.000000,0.010640
551,426,196,0.005560,0.005211,25709738.000000,277727.000000,0.010802
552,427,195,0.005657,0.005265,25784453.000000,276470.000000,0.010722
553,428,194,0.005614,0.005230,25844107.000000,276311.000000,0.010691
554,429,194,0.005639,0.005282,25918295.000000,279015.000000,0.010765
555,430,193,0.006018,0.005644,26093431.000000,287514.000000,0.011019
556,431,192,0.005625,0.005257,26077233.000000,273957.000000,0.010506
557,432,192,0.005725,0.005343,26504319.000000,282560.000000,0.010661
558,433,191,0.005744,0.005374,26406063.000000,283019.000000,0.010718
559,434,190,0.005772,0.005361,26490763.000000,280460.000000,0.010587
560,435,190,0.005892,0.005502,26675354.000000,287358.000000,0.010772
561,436,189,0.005801,0.005379,26742956.000000,285134.000000,0.010662
562,437,189,0.005767,0.005409,26788950.000000,282772.000000,0.010556
563,438,188,0.005859,0.005487,26922777.000000,289424.000000,0.010750
564,439,187,0.005838,0.005468,26963134.000000,287386.000000,0.010658
565,440,187,0.005842,0.005466,27075179.000000,286542.000000,0.010583
566,441,186,0.005945,0.005573,27398813.000000,290632.000000,0.010607
567,442,185,0.005977,0.005590,27424591.000000,293432.000000,0.010700
568,443,185,0.005954,0.005556,27473327.000000,286772.000000,0.010438
569,444,184,0.006311,0.005632,27396260.000000,291570.000000,0.010643
570,445,183,0.006228,0.005568,27558545.000000,289907.000000,0.010520
571,445,182,0.006222,0.005576,27574954.000000,292510.000000,0.010608
572,445,181,0.006568,0.005927,27740949.000000,297777.000000,0.010734
573,446,181,0.006213,0.005600,27604247.000000,288549.000000,0.010453
574,447,180,0.006249,0.005612,27693748.000000,293627.000000,0.010603
575,448,179,0.006198,0.005534,27833579.000000,293249.000000,0.010536
576,449,178,0.006274,0.005602,27915290.000000,290882.000000,0.010420
577,450,178,0.006303,0.005657,28109294.000000,296901.000000,0.010562
578,451,177,0.006284,0.005649,27933214.000000,290317.000000,0.010393
579,451,177,0.006350,0.005684,28205607.000000,296855.000000,0.010525
580,451,176,0.006335,0.005694,28274445.000000,298667.000000,0.010563
581,452,175,0.006362,0.005739,28330995.000000,294239.000000,0.010386
582,453,175,0.006248,0.005864,28652616.000000,301319.000000,0.010516
583,453,174,0.006089,0.005710,28515409.000000,297611.000000,0.010437
584,454,174,0.006165,0.005810,28731041.000000,298549.000000,0.010391
585,454,174,0.006164,0.005783,28898185.000000,302232.000000,0.010459
586,454,173,0.006157,0.005800,28980097.000000,298774.000000,0.010310
587,455,173,0.006357,0.005956,28998336.000000,307514.000000,0.010605
588,456,172,0.006522,0.006133,29248194.000000,310252.000000,0.010608
589,456,171,0.006181,0.005796,28978018.000000,298828.000000,0.010312
590,457,171,0.006312,0.005943,29208424.000000,305473.000000,0.010458
591,458,171,0.006338,0.005977,29262062.000000,307665.000000,0.010514
592,458,170,0.006288,0.005920,29292901.000000,299740.000000,0.010233
593,459,169,0.006399,0.006016,29512359.000000,308307.000000,0.010447
594,460,169,0.006291,0.005909,29299080.000000,300044.000000,0.010241
595,460,168,0.006397,0.006008,29547824.000000,306760.000000,0.010382
596,461,168,0.006383,0.006001,29623790.000000,308520.000000,0.010415
597,462,167,0.006419,0.006072,29904242.000000,306662.000000,0.010255
598,463,167,0.006508,0.006130,30035306.000000,310935.000000,0.010352
599,464,166,0.006499,0.006160,30059681.000000,307705.000000,0.010236
600,465,166,0.006488,0.006077,30153847.000000,311476.000000,0.010330
601,466,165,0.006539,0.006154,30535987.000000,311185.000000,0.010191
602,466,165,0.006462,0.006099,30252848.000000,308206.000000,0.010188
603,467,164,0.006560,0.006155,30418068.000000,310886.000000,0.010220
604,468,164,0.006773,0.006398,30648291.000000,310908.000000,0.010144
605,469,163,0.006541,0.006160,30651258.000000,315763.000000,0.010302
606,470,163,0.006561,0.006187,30790688.000000,314961.000000,0.010229
607,470,162,0.006551,0.006183,30749880.000000,312551.000000,0.010164
608,471,162,0.006580,0.006205,30906573.000000,318312.000000,0.010299
609,472,161,0.006622,0.006251,31060738.000000,318849.000000,0.010265
610,473,161,0.006638,0.006278,31156332.000000,316524.000000,0.010159
611,474,160,0.006739,0.006361,31624959.000000,324216.000000,0.010252
612,475,160,0.006659,0.006297,31313692.000000,319491.000000,0.010203
613,476,159,0.006761,0.006408,31670009.000000,325219.000000,0.010269
614,477,159,0.006738,0.006373,31720108.000000,326281.000000,0.010286
615,478,158,0.006807,0.006432,31859163.000000,323594.000000,0.010157
616,479,158,0.006886,0.006511,31979184.000000,326179.000000,0.010200
617,480,157,0.006865,0.006495,32037076.000000,324714.000000,0.010136
618,481,157,0.006912,0.006521,32221982.000000,329254.000000,0.010218
619,482,156,0.007373,0.006963,32516065.000000,331356.000000,0.010191
620,483,156,0.007129,0.006732,32497396.000000,330810.000000,0.010180
621,484,155,0.007215,0.006797,32564466.000000,332846.000000,0.010221
622,485,155,0.006958,0.006586,32852798.000000,329266.000000,0.010022
623,485,154,0.007039,0.006663,33127554.000000,335562.000000,0.010129
624,486,154,0.006993,0.006630,33088036.000000,331883.000000,0.010030
625,487,153,0.007069,0.006691,33422064.000000,335843.000000,0.010049
626,488,153,0.007101,0.006737,33521631.000000,334535.000000,0.009980
627,488,152,0.007087,0.006702,33550974.000000,336035.000000,0.010016
628,489,152,0.007167,0.006782,33817771.000000,339589.000000,0.010042
629,489,152,0.007422,0.007068,33869099.000000,337901.000000,0.009977
630,490,151,0.007122,0.006748,33928134.000000,339371.000000,0.010003
631,491,151,0.007460,0.007068,34109916.000000,340079.000000,0.009970
632,492,150,0.007593,0.006983,34293860.000000,348149.000000,0.010152
633,493,150,0.007604,0.007194,34489189.000000,343071.000000,0.009947
634,494,149,0.008406,0.007700,34800661.000000,355116.000000,0.010204
635,495,148,0.008166,0.007506,34962846.000000,354222.000000,0.010131
636,495,148,0.008052,0.007347,35056977.000000,356433.000000,0.010167
637,496,147,0.007966,0.007323,35012324.000000,346309.000000,0.009891
638,497,146,0.008138,0.007634,35187690.000000,354150.000000,0.010065
639,498,146,0.007879,0.007503,35412986.000000,349233.000000,0.009862
640,499,145,0.007904,0.007503,35561546.000000,359756.000000,0.010116
641,500,145,0.007523,0.007133,35596935.000000,353050.000000,0.009918
642,501,144,0.007556,0.007187,35704679.000000,350055.000000,0.009804
643,501,144,0.007534,0.007162,35615469.000000,353758.000000,0.009933
644,501,143,0.007574,0.007159,35666537.000000,350743.000000,0.009834
645,502,143,0.007780,0.007347,35974811.000000,357851.000000,0.009947
646,503,142,0.007669,0.007249,36133275.000000,352214.000000,0.009748
647,504,142,0.007775,0.007337,36224093.000000,356028.000000,0.009828
648,505,141,0.007835,0.007425,36586038.000000,357966.000000,0.009784
649,506,141,0.007747,0.007383,36654758.000000,361854.000000,0.009872
650,507,140,0.007911,0.007485,36755204.000000,360988.000000,0.009821
651,508,140,0.007895,0.007480,36851488.000000,364636.000000,0.009895
652,508,139,0.007849,0.007449,36785547.000000,358417.000000,0.009743
653,509,139,0.007852,0.007426,36914164.000000,364373.000000,0.009871
654,510,138,0.007833,0.007421,37006981.000000,363163.000000,0.009813
655,511,138,0.007922,0.007522,37117845.000000,360998.000000,0.009726
656,512,137,0.008278,0.007479,37174795.000000,366326.000000,0.009854
657,513,137,0.008215,0.007558,37226709.000000,363971.000000,0.009777
658,514,136,0.008075,0.007682,37397315.000000,368611.000000,0.009857
659,515,136,0.007878,0.007517,37359091.000000,363367.000000,0.009726
660,515,135,0.007919,0.007550,37408141.000000,366638.000000,0.009801
661,516,135,0.007948,0.007579,37477750.000000,363526.000000,0.009700
662,516,134,0.007907,0.007550,37540220.000000,366639.000000,0.009767
663,517,134,0.007932,0.007568,37628237.000000,364868.000000,0.009697
664,518,134,0.007986,0.007599,37911886.000000,370573.000000,0.009775
665,519,133,0.008033,0.007684,37995820.000000,370405.000000,0.009749
666,519,133,0.008040,0.007659,38100914.000000,374115.000000,0.009819
667,520,132,0.008567,0.008203,38134527.000000,370261.000000,0.009709
668,520,132,0.008160,0.007769,38310837.000000,372929.000000,0.009734
669,521,131,0.008113,0.007758,38305764.000000,372928.000000,0.009736
670,522,131,0.008558,0.008184,38568241.000000,378021.000000,0.009801
671,523,130,0.008178,0.007755,38558088.000000,372723.000000,0.009667
672,524,130,0.008213,0.007796,38705161.000000,376940.000000,0.009739
673,525,129,0.008264,0.007887,38891638.000000,376594.000000,0.009683
674,525,129,0.008307,0.007939,39004526.000000,382417.000000,0.009804
675,526,129,0.008302,0.007919,39045852.000000,378992.000000,0.009706
676,526,128,0.008296,0.007938,39116236.000000,381787.000000,0.009760
677,527,128,0.008245,0.007898,39047939.000000,375915.000000,0.009627
678,527,127,0.008328,0.007961,39126164.000000,380663.000000,0.009729
679,528,127,0.008318,0.007970,39103291.000000,377786.000000,0.009661
680,528,127,0.008320,0.007956,39127706.000000,382393.000000,0.009773
681,528,127,0.008308,0.007943,39082019.000000,377477.000000,0.009659
682,529,126,0.008741,0.008356,39258055.000000,386046.000000,0.009834
683,529,126,0.008598,0.008161,39208714.000000,379800.000000,0.009687
684,530,125,0.008345,0.007954,39330738.000000,382870.000000,0.009735
685,530,125,0.008441,0.008045,39332397.000000,380421.000000,0.009672
686,531,125,0.008464,0.008081,39475485.000000,383149.000000,0.009706
687,532,124,0.008558,0.008117,39688934.000000,395243.000000,0.009959
688,533,124,0.008424,0.008056,39608865.000000,385422.000000,0.009731
689,534,124,0.008530,0.008145,39768402.000000,384940.000000,0.009680
690,535,123,0.008480,0.008103,39919586.000000,387430.000000,0.009705
691,536,123,0.008593,0.008218,40110224.000000,388120.000000,0.009676
692,537,123,0.008617,0.008230,40252747.000000,392133.000000,0.009742
693,537,122,0.008578,0.008225,40247927.000000,388614.000000,0.009656
694,538,122,0.009022,0.008623,40584788.000000,395068.000000,0.009734
695,539,122,0.008499,0.008132,40575496.000000,387525.000000,0.009551
696,540,122,0.008505,0.008131,40672816.000000,390520.000000,0.009601
697,541,122,0.008539,0.008173,40739390.000000,388172.000000,0.009528
698,542,122,0.008534,0.008149,40839313.000000,391915.000000,0.009597
699,543,122,0.008617,0.008264,41063754.000000,390549.000000,0.009511
700,544,122,0.008614,0.008231,41153151.000000,393237.000000,0.009555
701,545,121,0.008615,0.008261,41302413.000000,391572.000000,0.009481
702,546,121,0.008677,0.008334,41432158.000000,394612.000000,0.009524
703,547,121,0.008693,0.008323,41643125.000000,396808.000000,0.009529
704,548,120,0.008717,0.008353,41723559.000000,392904.000000,0.009417
705,549,120,0.008714,0.008360,41831804.000000,398955.000000,0.009537
706,550,120,0.009053,0.008686,42018085.000000,397001.000000,0.009448
707,551,120,0.008821,0.008476,42186883.000000,400388.000000,0.009491
708,551,119,0.008824,0.008485,42166054.000000,394715.000000,0.009361
709,551,119,0.008790,0.008447,42161422.000000,398591.000000,0.009454
710,552,119,0.008815,0.008459,42238367.000000,395344.000000,0.009360
711,553,119,0.008903,0.008539,42618725.000000,401339.000000,0.009417
712,554,118,0.008893,0.008541,42726581.000000,403391.000000,0.009441
713,555,118,0.009006,0.008646,43250180.000000,409702.000000,0.009473
714,556,118,0.008986,0.008643,43011379.000000,404725.000000,0.009410
715,556,118,0.009015,0.008672,43142108.000000,408450.000000,0.009468
716,556,117,0.009389,0.009004,43324518.000000,408647.000000,0.009432
717,557,117,0.009627,0.009185,43608362.000000,414644.000000,0.009508
718,558,117,0.009027,0.008654,43269673.000000,410402.000000,0.009485
719,559,117,0.009190,0.008859,43532263.000000,409410.000000,0.009405
720,560,116,0.009332,0.008944,43620588.000000,412291.000000,0.009452
721,561,116,0.009196,0.008835,44069354.000000,416962.000000,0.009461
722,561,116,0.009211,0.008871,44113318.000000,416332.000000,0.009438
723,562,115,0.009237,0.008913,44110224.000000,414688.000000,0.009401
724,562,115,0.009209,0.008823,44191756.000000,417574.000000,0.009449
725,562,115,0.009240,0.008904,44239066.000000,415322.000000,0.009388
726,563,115,0.009244,0.008887,44356562.000000,413686.000000,0.009326
727,564,114,0.009384,0.009018,44882803.000000,422194.000000,0.009407
728,565,114,0.009672,0.009314,45167385.000000,421518.000000,0.009332
729,566,114,0.009557,0.009151,45286978.000000,426673.000000,0.009422
730,567,113,0.009612,0.009235,45445344.000000,424689.000000,0.009345
731,567,113,0.009501,0.009124,45297169.000000,424335.000000,0.009368
732,567,113,0.009489,0.009117,45353466.000000,421831.000000,0.009301
733,568,113,0.009807,0.009416,45742353.000000,424266.000000,0.009275
734,569,112,0.009634,0.009226,46033303.000000,426622.000000,0.009268
735,570,112,0.009579,0.009247,46083944.000000,424979.000000,0.009222
736,570,112,0.009617,0.009230,46230609.000000,428079.000000,0.009260
737,570,111,0.009627,0.009262,46333061.000000,425622.000000,0.009186
738,571,111,0.009993,0.009605,46352921.000000,437545.000000,0.009439
739,571,111,0.010122,0.009771,46549678.000000,435165.000000,0.009348
740,572,110,0.010161,0.009800,46651083.000000,434462.000000,0.009313
741,572,110,0.010214,0.009806,46907499.000000,440058.000000,0.009381
742,573,110,0.009791,0.009418,46905939.000000,432390.000000,0.009218
743,574,110,0.009779,0.009386,46906499.000000,434315.000000,0.009259
744,575,109,0.009796,0.009437,46996716.000000,430724.000000,0.009165
745,576,109,0.009845,0.009510,47090416.000000,429896.000000,0.009129
746,577,109,0.009859,0.009479,47208073.000000,435121.000000,0.009217
747,578,108,0.009908,0.009575,47421205.000000,434318.000000,0.009159
748,579,108,0.010176,0.009806,47710535.000000,442047.000000,0.009265
749,580,108,0.010006,0.009630,47732188.000000,437317.000000,0.009162
750,581,107,0.010111,0.009724,47944984.000000,440155.000000,0.009180
751,582,107,0.010134,0.009744,48303844.000000,444558.000000,0.009203
752,582,107,0.010109,0.009744,48261070.000000,441606.000000,0.009150
753,582,107,0.010141,0.009766,48436657.000000,447996.000000,0.009249
754,583,106,0.010089,0.009721,48257788.000000,443711.000000,0.009195
755,584,106,0.010218,0.009872,49007314.000000,444458.000000,0.009069
756,584,106,0.010358,0.009969,49204472.000000,448162.000000,0.009108
757,585,105,0.010376,0.010013,49479216.000000,447337.000000,0.009041
758,585,105,0.010459,0.010090,49300595.000000,450463.000000,0.009137
759,586,105,0.010296,0.009949,49166000.000000,444923.000000,0.009049
760,587,104,0.010369,0.009996,49258374.000000,449773.000000,0.009131
761,588,104,0.010338,0.009973,49355984.000000,455520.000000,0.009229
762,589,104,0.010296,0.009940,49377047.000000,449761.000000,0.009109
763,590,103,0.010339,0.009977,49590873.000000,452209.000000,0.009119
764,590,103,0.010702,0.010196,49822453.000000,459527.000000,0.009223
765,591,103,0.010464,0.009974,49572758.000000,452268.000000,0.009123
766,591,103,0.010569,0.010061,49701548.000000,459229.000000,0.009240
767,592,102,0.010597,0.010226,49715457.000000,458183.000000,0.009216
768,593,102,0.010349,0.009993,49736855.000000,450324.000000,0.009054
769,594,102,0.010412,0.010057,49890823.000000,455130.000000,0.009123
770,595,101,0.010479,0.010110,49961785.000000,456032.000000,0.009128
771,595,101,0.010409,0.010070,49990411.000000,453575.000000,0.009073
772,596,101,0.010450,0.010073,50126445.000000,458938.000000,0.009156
773,596,101,0.010460,0.010117,50172324.000000,454143.000000,0.009052
774,596,100,0.010473,0.010129,50190653.000000,453271.000000,0.009031
775,597,100,0.010604,0.010228,50392982.000000,457482.000000,0.009078
776,598,100,0.010586,0.010221,50523699.000000,458632.000000,0.009078
777,598,100,0.010836,0.010465,50907373.000000,464786.000000,0.009130
778,599,99,0.010705,0.010347,50876555.000000,460720.000000,0.009056
779,600,99,0.010674,0.010315,50941213.000000,462446.000000,0.009078
780,601,99,0.010811,0.010435,51134190.000000,467479.000000,0.009142
781,602,99,0.010729,0.010353,51230974.000000,464414.000000,0.009065
782,603,98,0.010771,0.010404,51384924.000000,462285.000000,0.008997
783,604,98,0.010851,0.010446,51803891.000000,471735.000000,0.009106
784,604,98,0.010875,0.010473,51613000.000000,466432.000000,0.009037
785,605,98,0.010934,0.010535,51812226.000000,468958.000000,0.009051
786,606,97,0.011420,0.010838,52121664.000000,475890.000000,0.009130
787,607,97,0.010999,0.010519,52118264.000000,471049.000000,0.009038
788,608,97,0.011053,0.010559,52198618.000000,471632.000000,0.009035
789,608,97,0.011099,0.010607,52487144.000000,475561.000000,0.009061
790,608,96,0.011202,0.010615,52731341.000000,485162.000000,0.009201
791,608,96,0.011380,0.010892,52817295.000000,474354.000000,0.008981
792,608,96,0.011151,0.010667,52833964.000000,476819.000000,0.009025
793,608,96,0.011205,0.010687,52792541.000000,473776.000000,0.008974
794,608,95,0.011138,0.010666,52788727.000000,473072.000000,0.008962
795,609,95,0.011258,0.010871,53052772.000000,480892.000000,0.009064
796,610,95,0.011090,0.010722,53150734.000000,474414.000000,0.008926
797,611,95,0.011106,0.010767,53373613.000000,475585.000000,0.008910
798,611,94,0.011388,0.010901,53387824.000000,483469.000000,0.009056
799,612,94,0.011287,0.010801,53359426.000000,479289.000000,0.008982
800,612,94,0.011272,0.010779,53430875.000000,479700.000000,0.008978
801,613,94,0.011360,0.010837,53558158.000000,484429.000000,0.009045
802,613,94,0.011272,0.010807,53495566.000000,478747.000000,0.008949
803,614,93,0.011325,0.010863,53511885.000000,480614.000000,0.008981
804,615,93,0.011566,0.011052,53794801.000000,489026.000000,0.009091
805,616,93,0.011374,0.010898,53734507.000000,483185.000000,0.008992
806,617,93,0.011461,0.010951,53853560.000000,485940.000000,0.009023
807,618,92,0.011558,0.011049,54276220.000000,489706.000000,0.009022
808,619,92,0.011719,0.011228,54382447.000000,488636.000000,0.008985
809,620,92,0.011522,0.011043,54454203.000000,489977.000000,0.008998
810,621,92,0.011550,0.011060,54562061.000000,490451.000000,0.008989
811,622,92,0.011650,0.011139,54879140.000000,496832.000000,0.009053
812,623,91,0.012179,0.011806,55309605.000000,503933.000000,0.009111
813,624,91,0.011600,0.011237,55116732.000000,494253.000000,0.008967
814,624,91,0.013970,0.013518,56584559.000000,559127.000000,0.009881
815,625,90,0.011785,0.011337,55281631.000000,495823.000000,0.008969
816,625,90,0.011846,0.011444,55474412.000000,515606.000000,0.009294
817,626,90,0.012700,0.012303,55967424.000000,515317.000000,0.009207
818,627,90,0.012182,0.011770,55892236.000000,510317.000000,0.009130
819,628,89,0.012929,0.012557,56459978.000000,508650.000000,0.009009
820,629,89,0.011720,0.011314,55753749.000000,497598.000000,0.008925
821,630,89,0.012257,0.011849,56400463.000000,509064.000000,0.009026
822,631,89,0.011879,0.011452,56344883.000000,505436.000000,0.008970
823,632,88,0.011884,0.011419,56307577.000000,510265.000000,0.009062
824,633,88,0.012400,0.011832,56727800.000000,511249.000000,0.009012
825,634,88,0.012625,0.012113,56854856.000000,520686.000000,0.009158
826,635,88,0.012415,0.012012,57458282.000000,514893.000000,0.008961
827,635,87,0.012140,0.011721,57208876.000000,507699.000000,0.008874
828,636,87,0.012010,0.011606,57366459.000000,508935.000000,0.008872
829,636,87,0.012647,0.012222,57683135.000000,519316.000000,0.009003
830,637,87,0.012149,0.011731,57510651.000000,510135.000000,0.008870
831,637,87,0.012121,0.011704,57658923.000000,511622.000000,0.008873
832,638,86,0.012243,0.011824,58018614.000000,514516.000000,0.008868
833,639,86,0.012271,0.011823,58301386.000000,520409.000000,0.008926
834,640,86,0.012293,0.011886,58590677.000000,516424.000000,0.008814
835,640,85,0.017098,0.016613,61492435.000000,558500.000000,0.009082
836,641,85,0.012559,0.012056,58843916.000000,519595.000000,0.008830
837,642,85,0.012673,0.012213,59236462.000000,519251.000000,0.008766
838,643,84,0.012514,0.012030,59248473.000000,522248.000000,0.008815
839,643,84,0.013781,0.013234,60093124.000000,567197.000000,0.009439
840,643,84,0.014172,0.013684,60483219.000000,554832.000000,0.009173
841,644,83,0.013100,0.012545,59737823.000000,533362.000000,0.008928
842,644,83,0.012593,0.012060,59455701.000000,525816.000000,0.008844
843,645,83,0.012555,0.012034,59492884.000000,530354.000000,0.008915
844,646,83,0.012932,0.012551,59683371.000000,535678.000000,0.008975
845,646,82,0.013550,0.013157,60369715.000000,547385.000000,0.009067
846,647,82,0.012541,0.012142,59873594.000000,527270.000000,0.008806
847,648,82,0.012755,0.012326,60353127.000000,534975.000000,0.008864
848,649,82,0.012627,0.012230,60411421.000000,529708.000000,0.008768
849,650,82,0.012699,0.012333,60368381.000000,529758.000000,0.008775
850,651,82,0.012611,0.012205,60377268.000000,529667.000000,0.008773
851,652,81,0.012699,0.012319,60641148.000000,531731.000000,0.008768
852,653,81,0.012977,0.012428,60837759.000000,538270.000000,0.008848
853,653,81,0.013014,0.012518,61081397.000000,536796.000000,0.008788
854,654,81,0.013594,0.013174,61490802.000000,546227.000000,0.008883
855,655,80,0.015956,0.015521,63465369.000000,598376.000000,0.009428
856,655,80,0.012800,0.012357,61681823.000000,536091.000000,0.008691
857,656,80,0.012810,0.012381,61763878.000000,541235.000000,0.008763
858,657,80,0.012759,0.012336,61806422.000000,537695.000000,0.008700
859,658,79,0.013045,0.012518,62053328.000000,537533.000000,0.008662
860,659,79,0.014714,0.014217,63215471.000000,558191.000000,0.008830
861,660,79,0.013034,0.012648,62448867.000000,543348.000000,0.008701
862,661,79,0.013029,0.012577,62521934.000000,547509.000000,0.008757
863,662,79,0.013128,0.012755,62832915.000000,546189.000000,0.008693
864,663,78,0.013079,0.012695,62864547.000000,544292.000000,0.008658
865,664,78,0.013024,0.012648,63025817.000000,545512.000000,0.008655
866,665,78,0.013116,0.012741,63240003.000000,547519.000000,0.008658
867,666,78,0.013269,0.012881,63614688.000000,554513.000000,0.008717
868,666,78,0.013213,0.012844,63522789.000000,550594.000000,0.008668
869,667,78,0.013326,0.012967,63543262.000000,551620.000000,0.008681
870,667,77,0.013613,0.013112,63783448.000000,564007.000000,0.008843
871,668,77,0.013366,0.012992,63540311.000000,552030.000000,0.008688
872,669,77,0.013325,0.012929,63658645.000000,559606.000000,0.008791
873,670,77,0.013406,0.013035,63743540.000000,554588.000000,0.008700
874,671,77,0.013480,0.013102,63902129.000000,555582.000000,0.008694
875,672,77,0.013452,0.013061,64086932.000000,560780.000000,0.008750
876,673,77,0.013408,0.013037,64203629.000000,558290.000000,0.008696
877,674,77,0.013585,0.013114,64532731.000000,566449.000000,0.008778
878,674,76,0.013468,0.013096,64480305.000000,560919.000000,0.008699
879,675,76,0.013412,0.013029,64585965.000000,560677.000000,0.008681
880,675,76,0.013521,0.013138,64956570.000000,562059.000000,0.008653
881,676,76,0.013628,0.013240,65056078.000000,562311.000000,0.008643
882,677,76,0.013655,0.013251,65238608.000000,566148.000000,0.008678
883,678,76,0.013576,0.013193,65376497.000000,564570.000000,0.008636
884,679,76,0.013642,0.013242,65550359.000000,564158.000000,0.008606
885,680,75,0.013976,0.013576,66148428.000000,572330.000000,0.008652
886,681,75,0.013697,0.013298,65777629.000000,569386.000000,0.008656
887,682,75,0.013687,0.013285,66254923.000000,571893.000000,0.008632
888,683,75,0.013739,0.013338,66358955.000000,575611.000000,0.008674
889,684,75,0.013857,0.013459,66498167.000000,574188.000000,0.008635
890,685,75,0.013813,0.013420,66526815.000000,571557.000000,0.008591
891,685,75,0.013892,0.013529,66644711.000000,569917.000000,0.008552
892,685,74,0.014013,0.013647,66714572.000000,573244.000000,0.008592
893,686,74,0.013967,0.013556,66850129.000000,577006.000000,0.008631
894,687,74,0.013990,0.013615,66975787.000000,576264.000000,0.008604
895,688,74,0.014047,0.013683,67123604.000000,575655.000000,0.008576
896,689,74,0.013994,0.013585,67152485.000000,576702.000000,0.008588
897,690,74,0.014096,0.013698,67327896.000000,580669.000000,0.008624
898,691,74,0.014031,0.013634,67410526.000000,581415.000000,0.008625
899,692,74,0.014260,0.013866,68068211.000000,590941.000000,0.008682
900,692,74,0.014227,0.013776,68083835.000000,587621.000000,0.008631
901,692,74,0.014242,0.013854,68604337.000000,584626.000000,0.008522
902,693,74,0.014255,0.013853,68385802.000000,584644.000000,0.008549
903,694,73,0.014266,0.013877,68478952.000000,586930.000000,0.008571
904,695,73,0.014489,0.014096,68729143.000000,588482.000000,0.008562
905,695,73,0.014277,0.013872,68800127.000000,586300.000000,0.008522
906,696,73,0.014372,0.013981,69460470.000000,587756.000000,0.008462
907,697,73,0.014318,0.013934,69555774.000000,591167.000000,0.008499
908,697,73,0.014330,0.013964,69504233.000000,588248.000000,0.008463
909,698,73,0.014354,0.013966,69653583.000000,589050.000000,0.008457
910,699,73,0.014351,0.013962,69821970.000000,587823.000000,0.008419
911,700,72,0.014624,0.014196,70196297.000000,595582.000000,0.008485
912,701,72,0.014670,0.014238,70400306.000000,598119.000000,0.008496
913,702,72,0.014732,0.014331,70244429.000000,598319.000000,0.008518
914,702,72,0.014651,0.014227,70449960.000000,603741.000000,0.008570
915,703,72,0.014688,0.014282,70633048.000000,602170.000000,0.008525
916,704,72,0.014694,0.014272,70749486.000000,600652.000000,0.008490
917,705,72,0.015680,0.015299,70974753.000000,609663.000000,0.008590
918,706,71,0.014691,0.014289,70935660.000000,600567.000000,0.008466
919,707,71,0.015100,0.014592,71050540.000000,604570.000000,0.008509
920,708,71,0.014865,0.014336,71116466.000000,606161.000000,0.008523
921,708,71,0.014905,0.014377,71303580.000000,606492.000000,0.008506
922,709,71,0.015148,0.014616,71525492.000000,608518.000000,0.008508
923,709,71,0.014990,0.014448,71513007.000000,608660.000000,0.008511
924,710,71,0.015358,0.014903,71861973.000000,616127.000000,0.008574
925,711,70,0.014908,0.014499,72191433.000000,609946.000000,0.008449
926,712,70,0.015060,0.014588,72198652.000000,609463.000000,0.008441
927,713,70,0.015137,0.014695,72618956.000000,611220.000000,0.008417
928,713,70,0.014788,0.014421,72001007.000000,606343.000000,0.008421
929,713,70,0.014884,0.014489,72155181.000000,608377.000000,0.008432
930,714,70,0.014886,0.014506,72316810.000000,610542.000000,0.008443
931,715,70,0.015376,0.014976,72676159.000000,616088.000000,0.008477
932,715,69,0.015140,0.014735,72795705.000000,615344.000000,0.008453
933,716,69,0.015323,0.014917,73283212.000000,620919.000000,0.008473
934,717,69,0.015158,0.014749,73461178.000000,619026.000000,0.008427
935,718,69,0.015299,0.014859,73947561.000000,625372.000000,0.008457
936,719,69,0.015210,0.014815,73836397.000000,619871.000000,0.008395
937,720,69,0.015480,0.015092,74068247.000000,626041.000000,0.008452
938,721,69,0.015408,0.014990,74084575.000000,626485.000000,0.008456
939,722,68,0.015439,0.015019,74502697.000000,629609.000000,0.008451
940,723,68,0.015501,0.014955,74441329.000000,640316.000000,0.008602
941,724,68,0.015425,0.015054,74561390.000000,630674.000000,0.008458
942,725,68,0.015593,0.015203,74731480.000000,631786.000000,0.008454
943,725,68,0.015572,0.015209,74797857.000000,633131.000000,0.008465
944,726,68,0.015665,0.015268,74950004.000000,632782.000000,0.008443
945,727,67,0.015831,0.015403,75107274.000000,636899.000000,0.008480
946,728,67,0.015718,0.015271,75274433.000000,631480.000000,0.008389
947,729,67,0.015519,0.015149,75636768.000000,633054.000000,0.008370
948,730,67,0.015575,0.015184,75758799.000000,634555.000000,0.008376
949,731,67,0.015637,0.015210,76050401.000000,639646.000000,0.008411
950,731,67,0.016069,0.015661,76402652.000000,644348.000000,0.008434
951,732,67,0.015828,0.015457,75919597.000000,638311.000000,0.008408
952,733,66,0.015783,0.015371,76019078.000000,637506.000000,0.008386
953,733,66,0.015942,0.015536,76657374.000000,641871.000000,0.008373
954,734,66,0.016141,0.015735,76990937.000000,648107.000000,0.008418
955,735,66,0.015990,0.015537,76862957.000000,644725.000000,0.008388
956,736,66,0.019110,0.018700,79107992.000000,676909.000000,0.008557
957,737,65,0.016247,0.015830,77531118.000000,647408.000000,0.008350
958,738,65,0.015959,0.015568,77667118.000000,647082.000000,0.008331
959,739,65,0.016616,0.016207,77965427.000000,651543.000000,0.008357
960,739,65,0.016098,0.015724,78056312.000000,653032.000000,0.008366
961,740,65,0.016058,0.015689,78038348.000000,651283.000000,0.008346
962,741,65,0.016402,0.015994,78313443.000000,657217.000000,0.008392
963,742,64,0.020702,0.020132,80805597.000000,773108.000000,0.009568
964,743,64,0.016883,0.016334,78576001.000000,663342.000000,0.008442
965,744,64,0.016317,0.015902,78566290.000000,660501.000000,0.008407
966,744,64,0.016315,0.015936,78519228.000000,659150.000000,0.008395
967,745,64,0.016252,0.015843,78610028.000000,658357.000000,0.008375
968,746,64,0.016467,0.016091,78816750.000000,662693.000000,0.008408
969,747,63,0.016336,0.015956,78729436.000000,659983.000000,0.008383
970,748,63,0.016333,0.015945,78797258.000000,660368.000000,0.008381
971,749,63,0.016288,0.015918,78914482.000000,662121.000000,0.008390
972,749,63,0.016360,0.015983,78938500.000000,662946.000000,0.008398
973,750,63,0.016399,0.016026,78972037.000000,662131.000000,0.008384
974,750,63,0.016520,0.016112,79148295.000000,665414.000000,0.008407
975,751,63,0.016487,0.016087,79339889.000000,666070.000000,0.008395
976,752,63,0.016340,0.015951,79020176.000000,662197.000000,0.008380
977,753,63,0.016502,0.016106,79303854.000000,667054.000000,0.008411
978,753,62,0.016644,0.016243,79465065.000000,668505.000000,0.008413
979,754,62,0.016460,0.016060,79496433.000000,666809.000000,0.008388
980,755,62,0.016800,0.016382,79925494.000000,672556.000000,0.008415
981,756,62,0.016526,0.016150,80024755.000000,671039.000000,0.008385
982,757,62,0.016599,0.016203,80166888.000000,671558.000000,0.008377
983,758,62,0.016780,0.016373,80655042.000000,677513.000000,0.008400
984,759,62,0.016721,0.016330,80784467.000000,677549.000000,0.008387
985,759,62,0.016702,0.016289,80984001.000000,677424.000000,0.008365
986,760,62,0.017021,0.016624,81596803.000000,686887.000000,0.008418
987,761,61,0.016802,0.016420,81326900.000000,681460.000000,0.008379
988,762,61,0.016868,0.016472,81455198.000000,679366.000000,0.008340
989,763,61,0.016871,0.016464,81868299.000000,685100.000000,0.008368
990,764,61,0.016948,0.016541,82313444.000000,684418.000000,0.008315
991,764,61,0.017084,0.016714,82838991.000000,688998.000000,0.008317
992,765,61,0.017923,0.017363,83242464.000000,697922.000000,0.008384
993,766,61,0.018043,0.017498,84091743.000000,702919.000000,0.008359
994,767,60,0.017900,0.017363,83822151.000000,702202.000000,0.008377
995,768,60,0.018076,0.017523,84088631.000000,703679.000000,0.008368
996,769,60,0.018056,0.017496,84282201.000000,703421.000000,0.008346
997,769,60,0.018505,0.017960,84493082.000000,722870.000000,0.008555
998,770,60,0.017953,0.017545,84462888.000000,704679.000000,0.008343
999,771,60,0.017492,0.017086,84493047.000000,700030.000000,0.008285
1000,771,60,0.017597,0.017102,84700243.000000,710430.000000,0.008388
1001,771,59,0.017435,0.017043,84512863.000000,697659.000000,0.008255
