frame,nb of entities,FPS,frame length,physics length,L1-dcache-loads,L1-dcache-load-misses,L1-dcache-load-miss-ratio
0,3,301,0.002071,0.000025,678993.000000,36209.000000,0.053328
1,4,301,0.003322,0.000031,756491.000000,37762.000000,0.049917
2,5,301,0.003324,0.000044,749242.000000,39893.000000,0.053244
3,6,301,0.003329,0.000031,743096.000000,37091.000000,0.049914
4,7,301,0.003315,0.000030,733353.000000,37055.000000,0.050528
5,8,301,0.003323,0.000033,730402.000000,33677.000000,0.046107
6,9,301,0.003327,0.000027,742593.000000,37782.000000,0.050878
7,10,301,0.003332,0.000041,685709.000000,38676.000000,0.056403
8,11,302,0.003327,0.000030,679338.000000,38814.000000,0.057135
9,12,302,0.003339,0.000031,673906.000000,38252.000000,0.056762
10,13,302,0.003323,0.000036,635150.000000,34178.000000,0.053811
11,14,302,0.003329,0.000035,684407.000000,38911.000000,0.056854
12,15,302,0.003336,0.000035,667852.000000,37650.000000,0.056375
13,15,302,0.003332,0.000035,675230.000000,38010.000000,0.056292
14,16,302,0.003333,0.000042,670045.000000,38577.000000,0.057574
15,17,302,0.003337,0.000040,652484.000000,34543.000000,0.052941
16,18,302,0.003331,0.000040,681827.000000,38339.000000,0.056230
17,19,302,0.003337,0.000042,708573.000000,39401.000000,0.055606
18,20,301,0.003346,0.000040,677356.000000,38213.000000,0.056415
19,21,301,0.003340,0.000043,689563.000000,38647.000000,0.056046
20,22,301,0.003332,0.000044,648963.000000,34053.000000,0.052473
21,22,301,0.003341,0.000041,699985.000000,38402.000000,0.054861
22,23,301,0.003336,0.000043,722665.000000,39310.000000,0.054396
23,24,301,0.003337,0.000053,704777.000000,38032.000000,0.053963
24,25,301,0.003339,0.000043,711572.000000,38655.000000,0.054323
25,26,301,0.003325,0.000050,685975.000000,35385.000000,0.051584
26,26,301,0.003335,0.000039,705731.000000,38393.000000,0.054402
27,27,301,0.003344,0.000044,717488.000000,39063.000000,0.054444
28,28,301,0.003327,0.000044,721324.000000,39074.000000,0.054170
29,29,301,0.003342,0.000052,737852.000000,39668.000000,0.053761
30,30,301,0.003320,0.000052,697307.000000,34852.000000,0.049981
31,31,301,0.003323,0.000054,784276.000000,39042.000000,0.049781
32,31,301,0.003325,0.000049,816242.000000,38033.000000,0.046595
33,32,301,0.003329,0.000053,855140.000000,39255.000000,0.045905
34,32,302,0.003316,0.000067,889231.000000,39321.000000,0.044219
35,33,302,0.003320,0.000062,803455.000000,34936.000000,0.043482
36,34,302,0.003336,0.000101,840068.000000,44152.000000,0.052558
37,35,302,0.003308,0.000059,877787.000000,41276.000000,0.047023
38,36,302,0.003321,0.000065,854729.000000,39571.000000,0.046297
39,37,302,0.003322,0.000066,848375.000000,39100.000000,0.046088
40,38,302,0.003324,0.000073,817307.000000,35760.000000,0.043753
41,39,302,0.003323,0.000066,845816.000000,38911.000000,0.046004
42,40,302,0.003323,0.000066,852182.000000,38993.000000,0.045757
43,40,302,0.003325,0.000071,846672.000000,39156.000000,0.046247
44,41,302,0.003322,0.000069,865640.000000,39790.000000,0.045966
45,42,302,0.003323,0.000066,860657.000000,36110.000000,0.041956
46,43,302,0.003325,0.000075,885122.000000,39903.000000,0.045082
47,44,302,0.003323,0.000067,874036.000000,39011.000000,0.044633
48,45,302,0.003325,0.000094,897543.000000,42160.000000,0.046973
49,46,302,0.003322,0.000082,904478.000000,40172.000000,0.044415
50,46,302,0.003325,0.000066,852032.000000,35110.000000,0.041207
51,47,302,0.003333,0.000078,893322.000000,39321.000000,0.044017
52,48,302,0.003314,0.000075,943587.000000,40406.000000,0.042822
53,49,302,0.003321,0.000082,934685.000000,40203.000000,0.043012
54,50,302,0.003323,0.000083,926192.000000,39965.000000,0.043150
55,51,302,0.003322,0.000100,959967.000000,37140.000000,0.038689
56,52,302,0.003324,0.000082,944584.000000,40203.000000,0.042562
57,53,302,0.003327,0.000095,975298.000000,40705.000000,0.041736
58,54,302,0.003323,0.000096,1029303.000000,42021.000000,0.040825
59,55,302,0.003321,0.000111,999246.000000,43176.000000,0.043209
60,55,300,0.003326,0.000082,986625.000000,37054.000000,0.037556
61,55,300,0.003320,0.000091,1065526.000000,43823.000000,0.041128
62,56,300,0.003294,0.000137,1045179.000000,50093.000000,0.047928
63,57,300,0.003330,0.000123,1041547.000000,49291.000000,0.047325
64,57,300,0.003313,0.000082,1056638.000000,43578.000000,0.041242
65,58,300,0.003327,0.000085,967990.000000,37703.000000,0.038950
66,59,300,0.003319,0.000171,1020114.000000,50621.000000,0.049623
67,60,300,0.003319,0.000112,1047038.000000,42464.000000,0.040556
68,61,300,0.003321,0.000105,995618.000000,41615.000000,0.041798
69,62,300,0.003332,0.000117,1037369.000000,43190.000000,0.041634
70,63,300,0.003314,0.000123,1037889.000000,38411.000000,0.037009
71,63,300,0.003325,0.000110,1025795.000000,41042.000000,0.040010
72,64,300,0.003324,0.000165,1064343.000000,57913.000000,0.054412
73,65,300,0.003318,0.000164,1155531.000000,55556.000000,0.048078
74,66,300,0.003317,0.000118,1082782.000000,47276.000000,0.043662
75,67,300,0.003330,0.000097,1049853.000000,39275.000000,0.037410
76,68,300,0.003316,0.000172,1195707.000000,50042.000000,0.041851
77,69,300,0.003321,0.000135,1116623.000000,44095.000000,0.039490
78,70,300,0.003331,0.000127,1075261.000000,42783.000000,0.039788
79,71,300,0.003312,0.000168,1160557.000000,46598.000000,0.040151
80,72,300,0.003320,0.000106,1070415.000000,40796.000000,0.038112
81,73,300,0.003324,0.000132,1093535.000000,43504.000000,0.039783
82,73,300,0.003319,0.000119,1138791.000000,46422.000000,0.040764
83,74,300,0.003324,0.000108,1113281.000000,43485.000000,0.039060
84,75,300,0.003326,0.000131,1106795.000000,43001.000000,0.038852
85,76,300,0.003324,0.000154,1159816.000000,41081.000000,0.035420
86,77,300,0.003315,0.000162,1131757.000000,45436.000000,0.040146
87,78,300,0.003326,0.000151,1148419.000000,44090.000000,0.038392
88,79,300,0.003321,0.000152,1187235.000000,44902.000000,0.037821
89,80,301,0.003322,0.000156,1188249.000000,44929.000000,0.037811
90,81,301,0.003326,0.000154,1145818.000000,40883.000000,0.035680
91,82,301,0.003319,0.000166,1240092.000000,44793.000000,0.036121
92,83,301,0.003320,0.000159,1226227.000000,44496.000000,0.036287
93,84,301,0.003324,0.000127,1231662.000000,44050.000000,0.035765
94,85,301,0.003322,0.000138,1329758.000000,45623.000000,0.034309
95,86,301,0.003324,0.000182,1251729.000000,41828.000000,0.033416
96,87,301,0.003331,0.000148,1291523.000000,46020.000000,0.035632
97,88,301,0.003316,0.000208,1344209.000000,47553.000000,0.035376
98,89,301,0.003324,0.000190,1330873.000000,46760.000000,0.035135
99,90,301,0.003328,0.000159,1336298.000000,48414.000000,0.036230
100,91,301,0.003314,0.000211,1313871.000000,43976.000000,0.033471
101,91,301,0.003322,0.000268,1389319.000000,58996.000000,0.042464
102,92,301,0.003323,0.000196,1378321.000000,47549.000000,0.034498
103,93,301,0.003318,0.000186,1487924.000000,48530.000000,0.032616
104,94,301,0.003321,0.000198,1390433.000000,46837.000000,0.033685
105,95,301,0.003331,0.000168,1353153.000000,43219.000000,0.031939
106,96,301,0.003318,0.000210,1412150.000000,48521.000000,0.034360
107,96,301,0.003320,0.000171,1409790.000000,47259.000000,0.033522
108,96,301,0.003332,0.000210,1401817.000000,46867.000000,0.033433
109,97,301,0.003315,0.000226,1438639.000000,47820.000000,0.033240
110,98,301,0.003323,0.000217,1393602.000000,43386.000000,0.031132
111,99,301,0.003324,0.000232,1473556.000000,47648.000000,0.032335
112,100,301,0.003322,0.000267,1498446.000000,50112.000000,0.033443
113,101,301,0.003322,0.000230,1481940.000000,48120.000000,0.032471
114,101,301,0.003326,0.000223,1455821.000000,47213.000000,0.032430
115,101,301,0.003320,0.000231,1415443.000000,43996.000000,0.031083
116,101,301,0.003319,0.000222,1467152.000000,47011.000000,0.032042
117,102,301,0.003330,0.000183,1458962.000000,47490.000000,0.032551
118,103,301,0.003318,0.000235,1461839.000000,48394.000000,0.033105
119,104,301,0.003324,0.000227,1456838.000000,47906.000000,0.032884
120,105,301,0.003328,0.000226,1433452.000000,43891.000000,0.030619
121,106,301,0.003319,0.000247,1488184.000000,48272.000000,0.032437
122,106,301,0.003321,0.000228,1475683.000000,47498.000000,0.032187
123,106,300,0.003331,0.000228,1518130.000000,48315.000000,0.031825
124,107,300,0.003316,0.000282,1575487.000000,59522.000000,0.037780
125,108,301,0.003322,0.000225,1526508.000000,44984.000000,0.029469
126,108,300,0.003325,0.000246,1569848.000000,48835.000000,0.031108
127,109,300,0.003319,0.000266,1604455.000000,49968.000000,0.031143
128,110,300,0.003323,0.000237,1599853.000000,49399.000000,0.030877
129,111,300,0.003328,0.000299,1633070.000000,51931.000000,0.031800
130,112,300,0.003318,0.000310,1601074.000000,47900.000000,0.029917
131,112,300,0.003324,0.000257,1680204.000000,49384.000000,0.029392
132,113,300,0.003326,0.000290,1697415.000000,49745.000000,0.029306
133,114,300,0.003321,0.000353,1737423.000000,51278.000000,0.029514
134,114,300,0.003321,0.000273,1732093.000000,49690.000000,0.028688
135,115,300,0.003328,0.000301,1703573.000000,46711.000000,0.027419
136,116,300,0.003320,0.000314,1730533.000000,51697.000000,0.029873
137,117,300,0.003323,0.000300,1795632.000000,51680.000000,0.028781
138,117,300,0.003322,0.000306,1761887.000000,50547.000000,0.028689
139,118,300,0.003321,0.000320,1798393.000000,51505.000000,0.028639
140,119,300,0.003322,0.000308,1817203.000000,47626.000000,0.026208
141,119,300,0.003330,0.000326,1843818.000000,50876.000000,0.027593
142,119,300,0.003318,0.000336,1873071.000000,50669.000000,0.027051
143,119,300,0.003320,0.000309,1866717.000000,51141.000000,0.027396
144,120,300,0.003330,0.000332,1898257.000000,52103.000000,0.027448
145,121,300,0.003316,0.000371,1918666.000000,49450.000000,0.025773
146,121,300,0.003323,0.000334,1930636.000000,51460.000000,0.026654
147,122,300,0.003327,0.000352,1934530.000000,52572.000000,0.027176
148,123,300,0.003322,0.000358,1940850.000000,52578.000000,0.027090
149,124,300,0.003321,0.000355,1971516.000000,53152.000000,0.026960
150,125,300,0.003329,0.000375,1980319.000000,50219.000000,0.025359
151,126,300,0.003318,0.000493,2201188.000000,74273.000000,0.033742
152,126,300,0.003322,0.000478,2136093.000000,71961.000000,0.033688
153,126,300,0.003325,0.000484,2147240.000000,73486.000000,0.034223
154,127,300,0.003319,0.000351,2101174.000000,56984.000000,0.027120
155,128,300,0.003325,0.000329,2103753.000000,52789.000000,0.025093
156,129,300,0.003323,0.000408,2138826.000000,56233.000000,0.026292
157,130,300,0.003323,0.000357,2170693.000000,56957.000000,0.026239
158,131,300,0.003321,0.000394,2178455.000000,55420.000000,0.025440
159,132,300,0.003328,0.000460,2205243.000000,60437.000000,0.027406
160,133,300,0.003333,0.000589,2241249.000000,82960.000000,0.037015
161,133,300,0.003322,0.000594,2336764.000000,92278.000000,0.039490
162,134,300,0.003321,0.000398,2292491.000000,63743.000000,0.027805
163,134,300,0.003324,0.000384,2317713.000000,62129.000000,0.026806
164,135,300,0.003320,0.000578,2428315.000000,83669.000000,0.034456
165,136,300,0.003323,0.000640,2493413.000000,83885.000000,0.033643
166,137,300,0.003320,0.000641,2522584.000000,87193.000000,0.034565
167,138,300,0.003318,0.000649,2545323.000000,83555.000000,0.032827
168,138,300,0.003329,0.000648,2575314.000000,87374.000000,0.033928
169,139,300,0.003320,0.000654,2590975.000000,87778.000000,0.033878
170,139,300,0.003321,0.000662,2607207.000000,81713.000000,0.031341
171,140,300,0.003344,0.000627,2594077.000000,70173.000000,0.027051
172,141,300,0.003315,0.000416,2573932.000000,61493.000000,0.023891
173,142,300,0.003320,0.000492,2583420.000000,58906.000000,0.022802
174,143,300,0.003324,0.000485,2583372.000000,60954.000000,0.023595
175,143,300,0.003324,0.000505,2570927.000000,57063.000000,0.022195
176,144,300,0.003320,0.000502,2664488.000000,61111.000000,0.022935
177,145,300,0.003329,0.000757,2774544.000000,78376.000000,0.028248
178,146,300,0.003319,0.000468,2770634.000000,65165.000000,0.023520
179,147,300,0.003317,0.000543,2781176.000000,63886.000000,0.022971
180,148,300,0.003326,0.000492,2765426.000000,61870.000000,0.022373
181,149,300,0.003375,0.000639,2792885.000000,65351.000000,0.023399
182,150,300,0.003366,0.000549,2807930.000000,64130.000000,0.022839
183,151,300,0.003383,0.000618,2905321.000000,66286.000000,0.022815
184,152,300,0.003363,0.000659,2944490.000000,65799.000000,0.022346
185,153,300,0.003369,0.000566,2955530.000000,62842.000000,0.021263
186,154,300,0.003337,0.000688,3010952.000000,69065.000000,0.022938
187,154,300,0.003376,0.000667,3033408.000000,67149.000000,0.022136
188,155,300,0.003359,0.000575,3095411.000000,69034.000000,0.022302
189,156,300,0.003377,0.000697,3095945.000000,71480.000000,0.023088
190,156,300,0.003370,0.000663,3038155.000000,63874.000000,0.021024
191,157,300,0.003380,0.000675,3140483.000000,68409.000000,0.021783
192,158,300,0.003375,0.000713,3138632.000000,70667.000000,0.022515
193,159,300,0.003373,0.000612,3183295.000000,69076.000000,0.021700
194,160,299,0.003376,0.000696,3225642.000000,68851.000000,0.021345
195,160,299,0.003420,0.000727,3272085.000000,69882.000000,0.021357
196,161,299,0.003369,0.000611,3286551.000000,71492.000000,0.021753
197,162,299,0.003361,0.000726,3307169.000000,68788.000000,0.020800
198,163,299,0.003375,0.000663,3377863.000000,72598.000000,0.021492
199,164,299,0.003372,0.000789,3472570.000000,72607.000000,0.020909
200,165,299,0.003379,0.000737,3455906.000000,68680.000000,0.019873
201,166,299,0.003370,0.000695,3587773.000000,73895.000000,0.020596
202,167,299,0.003317,0.000650,3739321.000000,75536.000000,0.020200
203,168,299,0.003323,0.000778,3644033.000000,75191.000000,0.020634
204,169,299,0.003320,0.000692,3669315.000000,74045.000000,0.020180
205,170,299,0.003321,0.000803,3686001.000000,69474.000000,0.018848
206,171,299,0.003325,0.000788,3780745.000000,74087.000000,0.019596
207,172,299,0.003321,0.000733,3878231.000000,75272.000000,0.019409
208,173,299,0.003326,0.000865,3911149.000000,74364.000000,0.019013
209,174,299,0.003323,0.000828,3930955.000000,74457.000000,0.018941
210,174,299,0.003323,0.000772,3892147.000000,71823.000000,0.018453
211,175,299,0.003324,0.000867,3938263.000000,75127.000000,0.019076
212,176,299,0.003323,0.000707,3997581.000000,76026.000000,0.019018
213,177,299,0.003323,0.000724,4083444.000000,79322.000000,0.019425
214,177,299,0.003323,0.000928,4037527.000000,79751.000000,0.019752
215,178,299,0.003321,0.000855,4062221.000000,75898.000000,0.018684
216,179,299,0.003322,0.000752,4188102.000000,80210.000000,0.019152
217,180,299,0.003325,0.000773,4269389.000000,80782.000000,0.018921
218,181,299,0.003327,0.000852,4329285.000000,86786.000000,0.020046
219,182,299,0.003315,0.001353,4669005.000000,125969.000000,0.026980
220,183,299,0.003325,0.000959,4319565.000000,77907.000000,0.018036
221,184,299,0.003324,0.000938,4453694.000000,83193.000000,0.018680
222,185,299,0.003321,0.000862,4393998.000000,82580.000000,0.018794
223,186,299,0.003323,0.001034,4440236.000000,84101.000000,0.018941
224,186,299,0.003323,0.000938,4410355.000000,81605.000000,0.018503
225,187,299,0.003325,0.000882,4456944.000000,79600.000000,0.017860
226,188,299,0.003323,0.001039,4530187.000000,84766.000000,0.018711
227,189,299,0.003323,0.001065,4546605.000000,85092.000000,0.018716
228,190,299,0.003318,0.000911,4597211.000000,85511.000000,0.018601
229,191,299,0.003324,0.001056,4602537.000000,84539.000000,0.018368
230,192,299,0.003323,0.000991,4575867.000000,81799.000000,0.017876
231,193,299,0.003323,0.000968,4676488.000000,85824.000000,0.018352
232,194,299,0.003323,0.000846,4693553.000000,85188.000000,0.018150
233,195,299,0.003324,0.001013,4744880.000000,85804.000000,0.018083
234,196,299,0.003323,0.000954,4757795.000000,85849.000000,0.018044
235,197,299,0.003326,0.001101,4750032.000000,83277.000000,0.017532
236,198,299,0.003320,0.001034,4839187.000000,87079.000000,0.017995
237,199,299,0.003324,0.001012,5001501.000000,88807.000000,0.017756
238,200,299,0.003325,0.001119,4920406.000000,88352.000000,0.017956
239,201,299,0.003324,0.001086,4987898.000000,88581.000000,0.017759
240,201,299,0.003325,0.001014,4977369.000000,84662.000000,0.017009
241,202,299,0.003322,0.000952,5040953.000000,87878.000000,0.017433
242,203,299,0.003322,0.001099,5086946.000000,88095.000000,0.017318
243,204,299,0.003325,0.001074,5237712.000000,92573.000000,0.017674
244,204,299,0.003323,0.001191,5243471.000000,91473.000000,0.017445
245,205,299,0.003325,0.001143,5240724.000000,87458.000000,0.016688
246,205,299,0.003321,0.001084,5278605.000000,89748.000000,0.017002
247,206,299,0.003326,0.001241,5354974.000000,92312.000000,0.017239
248,207,299,0.003323,0.001176,5421541.000000,91901.000000,0.016951
249,207,299,0.003319,0.001128,5465621.000000,94114.000000,0.017219
250,208,300,0.003320,0.001114,5510578.000000,94035.000000,0.017064
251,208,300,0.003330,0.001213,5606059.000000,92529.000000,0.016505
252,209,300,0.003286,0.001151,5690931.000000,94118.000000,0.016538
253,210,300,0.003319,0.001105,5703234.000000,95833.000000,0.016803
254,211,300,0.003326,0.001236,5684251.000000,92836.000000,0.016332
255,212,300,0.003324,0.001215,5707338.000000,90693.000000,0.015891
256,213,300,0.003320,0.001187,5798918.000000,97083.000000,0.016742
257,214,300,0.003326,0.001267,5777900.000000,93964.000000,0.016263
258,214,300,0.003324,0.001195,5824788.000000,93587.000000,0.016067
259,215,300,0.003323,0.001191,5943359.000000,96448.000000,0.016228
260,216,300,0.003326,0.001267,5760140.000000,89839.000000,0.015597
261,216,300,0.003323,0.001210,5832880.000000,95317.000000,0.016341
262,217,300,0.003324,0.001116,5948259.000000,98043.000000,0.016483
263,218,300,0.003326,0.001119,5964708.000000,95358.000000,0.015987
264,218,300,0.003321,0.001241,6004096.000000,96514.000000,0.016075
265,219,300,0.003322,0.001199,6034536.000000,94049.000000,0.015585
266,220,300,0.003399,0.001444,6020188.000000,97565.000000,0.016206
267,221,300,0.003308,0.001250,6085463.000000,98435.000000,0.016175
268,222,300,0.003325,0.001188,6141096.000000,100755.000000,0.016407
269,223,300,0.003325,0.001341,6170147.000000,98833.000000,0.016018
270,223,300,0.003321,0.001352,6197433.000000,97853.000000,0.015789
271,224,300,0.003325,0.001164,6302473.000000,99843.000000,0.015842
272,224,300,0.003330,0.001370,6291259.000000,101114.000000,0.016072
273,225,300,0.003318,0.001308,6305133.000000,99865.000000,0.015839
274,226,300,0.003321,0.001236,6333655.000000,99863.000000,0.015767
275,227,300,0.003329,0.001225,6354878.000000,98178.000000,0.015449
276,228,300,0.003317,0.001339,6445695.000000,102116.000000,0.015843
277,229,300,0.003323,0.001231,6579269.000000,103044.000000,0.015662
278,229,300,0.003330,0.001601,6507380.000000,116649.000000,0.017926
279,230,300,0.003323,0.001217,6486617.000000,101688.000000,0.015677
280,231,300,0.003318,0.001295,6519896.000000,98437.000000,0.015098
281,231,300,0.003333,0.001435,6587084.000000,102503.000000,0.015561
282,231,300,0.003317,0.001387,6666546.000000,103227.000000,0.015484
283,232,300,0.003324,0.001233,6553954.000000,101276.000000,0.015453
284,233,300,0.003336,0.001431,6514398.000000,102413.000000,0.015721
285,234,300,0.003312,0.001379,6575202.000000,99770.000000,0.015174
286,235,300,0.003326,0.001271,6794313.000000,105036.000000,0.015459
287,236,300,0.003326,0.001506,6882275.000000,105656.000000,0.015352
288,236,300,0.003318,0.001302,6851226.000000,106242.000000,0.015507
289,237,300,0.003321,0.001382,6922147.000000,106180.000000,0.015339
290,237,300,0.003329,0.001501,7114233.000000,119112.000000,0.016743
291,238,300,0.003317,0.001361,7056521.000000,107813.000000,0.015278
292,239,300,0.003323,0.001339,7120231.000000,107054.000000,0.015035
293,239,300,0.003335,0.001533,7010358.000000,105615.000000,0.015066
294,240,300,0.003309,0.001484,7059729.000000,107149.000000,0.015177
295,241,300,0.003323,0.001352,7152777.000000,103906.000000,0.014527
296,242,300,0.003333,0.001591,7291809.000000,109559.000000,0.015025
297,243,300,0.003311,0.001515,7212966.000000,109405.000000,0.015168
298,244,300,0.003325,0.001428,7282865.000000,112071.000000,0.015388
299,245,300,0.003331,0.001592,7320364.000000,110153.000000,0.015047
300,246,300,0.003317,0.001493,7404576.000000,111395.000000,0.015044
301,247,300,0.003325,0.001417,7504795.000000,112184.000000,0.014948
302,248,300,0.003330,0.001708,7621393.000000,113493.000000,0.014891
303,249,300,0.003317,0.001622,7648885.000000,112430.000000,0.014699
304,250,300,0.003326,0.001458,7707988.000000,111522.000000,0.014468
305,251,300,0.003327,0.001490,7761849.000000,109834.000000,0.014150
306,251,300,0.003320,0.001523,7877926.000000,119608.000000,0.015183
307,252,300,0.003324,0.001571,7959243.000000,117288.000000,0.014736
308,253,300,0.003332,0.001505,7911787.000000,113949.000000,0.014402
309,253,300,0.003315,0.001574,8019984.000000,117979.000000,0.014711
310,254,300,0.003325,0.001589,8056427.000000,113371.000000,0.014072
311,255,300,0.003335,0.001767,8181811.000000,115818.000000,0.014156
312,256,300,0.003315,0.001577,8245093.000000,118336.000000,0.014352
313,256,300,0.003324,0.001616,8276181.000000,116611.000000,0.014090
314,257,300,0.003331,0.001602,8307721.000000,116941.000000,0.014076
315,257,300,0.003314,0.001595,8345982.000000,114243.000000,0.013688
316,258,300,0.003325,0.001650,8472584.000000,118198.000000,0.013951
317,259,300,0.003330,0.001639,8598852.000000,119243.000000,0.013867
318,260,300,0.003319,0.001669,8719601.000000,119391.000000,0.013692
319,261,300,0.003320,0.001756,8896941.000000,123046.000000,0.013830
320,262,300,0.003336,0.001806,8913235.000000,124241.000000,0.013939
321,263,300,0.003323,0.001809,9075668.000000,125004.000000,0.013774
322,264,300,0.003315,0.001749,8974864.000000,123426.000000,0.013752
323,265,300,0.003330,0.001832,9203128.000000,127483.000000,0.013852
324,266,300,0.003349,0.001918,9098362.000000,123233.000000,0.013545
325,267,300,0.003322,0.001994,9290968.000000,125035.000000,0.013458
326,268,300,0.003332,0.001785,9283533.000000,124580.000000,0.013419
327,269,300,0.003321,0.002009,9390916.000000,127664.000000,0.013594
328,269,300,0.003324,0.001804,9359672.000000,125215.000000,0.013378
329,269,300,0.003339,0.001807,9361566.000000,124419.000000,0.013290
330,270,300,0.003315,0.001992,9347412.000000,123053.000000,0.013164
331,271,300,0.003327,0.001826,9431354.000000,124942.000000,0.013248
332,271,300,0.003330,0.001822,9500650.000000,125289.000000,0.013187
333,272,300,0.003322,0.002033,9605564.000000,125988.000000,0.013116
334,273,300,0.003328,0.001832,9511768.000000,124880.000000,0.013129
335,274,300,0.003330,0.001869,9646661.000000,124284.000000,0.012884
336,275,300,0.003325,0.002140,9783746.000000,129843.000000,0.013271
337,276,300,0.003329,0.001891,9765142.000000,128531.000000,0.013162
338,276,300,0.003343,0.001889,9805274.000000,129115.000000,0.013168
339,277,300,0.003316,0.001926,9889051.000000,130325.000000,0.013179
340,278,300,0.003329,0.001902,9821065.000000,124812.000000,0.012709
341,279,300,0.003336,0.001920,9905657.000000,128913.000000,0.013014
342,280,300,0.003330,0.001923,9960182.000000,130348.000000,0.013087
343,281,300,0.003332,0.001961,9984629.000000,129779.000000,0.012998
344,281,300,0.003338,0.001936,9976259.000000,129814.000000,0.013012
345,281,300,0.003331,0.001930,10015665.000000,125947.000000,0.012575
346,282,300,0.003337,0.002019,10257275.000000,135026.000000,0.013164
347,283,300,0.003344,0.002048,10200339.000000,137212.000000,0.013452
348,283,300,0.003331,0.001978,10145318.000000,131958.000000,0.013007
349,283,300,0.003332,0.001960,10173031.000000,132782.000000,0.013052
350,283,300,0.003342,0.002010,10241856.000000,130550.000000,0.012747
351,284,300,0.003338,0.002001,10349509.000000,132881.000000,0.012839
352,285,300,0.003336,0.002030,10420344.000000,135017.000000,0.012957
353,285,300,0.003342,0.002031,10500671.000000,134037.000000,0.012765
354,285,300,0.003337,0.002053,10526786.000000,134033.000000,0.012733
355,286,300,0.003337,0.002046,10492667.000000,130725.000000,0.012459
356,287,300,0.003349,0.002134,10618642.000000,139029.000000,0.013093
357,288,300,0.003336,0.002074,10685067.000000,137822.000000,0.012899
358,289,300,0.003341,0.002089,10736049.000000,135877.000000,0.012656
359,290,300,0.003349,0.002109,10849045.000000,137914.000000,0.012712
360,291,300,0.003344,0.002132,10891551.000000,135553.000000,0.012446
361,292,300,0.003348,0.002173,11106547.000000,141914.000000,0.012778
362,293,300,0.003322,0.002306,11324320.000000,147080.000000,0.012988
363,294,300,0.003356,0.002455,11423113.000000,142950.000000,0.012514
364,295,300,0.003345,0.002184,11269165.000000,139549.000000,0.012383
365,296,300,0.003349,0.002212,11281132.000000,137104.000000,0.012153
366,297,300,0.003345,0.002199,11396981.000000,141471.000000,0.012413
367,297,300,0.003348,0.002248,11465994.000000,142185.000000,0.012401
368,298,300,0.003361,0.002239,11588503.000000,149654.000000,0.012914
369,299,299,0.003353,0.002342,11676661.000000,146718.000000,0.012565
370,300,299,0.003352,0.002330,11689041.000000,144025.000000,0.012321
371,301,299,0.003354,0.002296,11764325.000000,146569.000000,0.012459
372,301,299,0.003351,0.002319,11811426.000000,145576.000000,0.012325
373,302,299,0.003360,0.002359,11992430.000000,148109.000000,0.012350
374,302,299,0.003359,0.002326,11832665.000000,149067.000000,0.012598
375,302,299,0.003353,0.002406,11783730.000000,142596.000000,0.012101
376,303,299,0.003351,0.002321,11901210.000000,147117.000000,0.012362
377,304,299,0.003358,0.002429,12121083.000000,151440.000000,0.012494
378,304,299,0.003355,0.002375,12210507.000000,149834.000000,0.012271
379,305,299,0.003358,0.002452,12330844.000000,161349.000000,0.013085
380,306,299,0.003356,0.002425,12338035.000000,156122.000000,0.012654
381,307,299,0.003384,0.002872,12745672.000000,173799.000000,0.013636
382,308,299,0.003359,0.002466,12616447.000000,163707.000000,0.012976
383,308,299,0.003373,0.002764,12915619.000000,172754.000000,0.013376
384,309,299,0.003361,0.002512,12779524.000000,161248.000000,0.012618
385,310,299,0.003362,0.002539,12982779.000000,168257.000000,0.012960
386,311,299,0.003365,0.002583,13090884.000000,169438.000000,0.012943
387,312,299,0.003364,0.002570,13011498.000000,168810.000000,0.012974
388,313,299,0.003364,0.002544,13052641.000000,167121.000000,0.012804
389,314,298,0.003369,0.002660,13332232.000000,169694.000000,0.012728
390,315,298,0.003367,0.002621,13407672.000000,170322.000000,0.012703
391,316,298,0.003367,0.002653,13504873.000000,170994.000000,0.012662
392,317,298,0.003327,0.002675,13558864.000000,170760.000000,0.012594
393,318,298,0.003370,0.002681,13614946.000000,173069.000000,0.012712
394,318,298,0.003368,0.002673,13564203.000000,169523.000000,0.012498
395,319,298,0.003371,0.002704,13690838.000000,174216.000000,0.012725
396,320,298,0.003376,0.002769,13820901.000000,177016.000000,0.012808
397,321,298,0.003373,0.002771,13904735.000000,177201.000000,0.012744
398,322,298,0.003374,0.002743,13938436.000000,177250.000000,0.012717
399,323,298,0.003379,0.002858,14036159.000000,176370.000000,0.012565
400,324,298,0.003374,0.002748,14043563.000000,176518.000000,0.012569
401,325,298,0.003377,0.002808,14260564.000000,178273.000000,0.012501
402,326,298,0.003376,0.002815,14088770.000000,177941.000000,0.012630
403,326,298,0.003372,0.002755,14041380.000000,175141.000000,0.012473
404,326,298,0.003374,0.002778,14028192.000000,173311.000000,0.012354
405,327,297,0.003377,0.002817,14089901.000000,179260.000000,0.012723
406,328,297,0.003374,0.002749,14104420.000000,178706.000000,0.012670
407,329,297,0.003379,0.002818,14335924.000000,179329.000000,0.012509
408,330,297,0.003381,0.002892,14555400.000000,184214.000000,0.012656
409,331,297,0.003375,0.002813,14287835.000000,176537.000000,0.012356
410,332,297,0.003378,0.002836,14423295.000000,180674.000000,0.012527
411,333,297,0.003488,0.003136,14759236.000000,188300.000000,0.012758
412,334,297,0.003385,0.002886,14613261.000000,184708.000000,0.012640
413,335,297,0.003401,0.003043,14873965.000000,186135.000000,0.012514
414,336,297,0.003428,0.003088,14937175.000000,184267.000000,0.012336
415,337,297,0.003360,0.002920,14878851.000000,184362.000000,0.012391
416,338,296,0.003576,0.003212,15172189.000000,191051.000000,0.012592
417,339,296,0.003364,0.003036,15214076.000000,188201.000000,0.012370
418,340,296,0.003340,0.002994,15221117.000000,188454.000000,0.012381
419,341,296,0.003414,0.003082,15285880.000000,185944.000000,0.012164
420,342,296,0.003411,0.003056,15350237.000000,190295.000000,0.012397
421,342,296,0.003426,0.003028,15368604.000000,188468.000000,0.012263
422,343,295,0.003927,0.003528,15573941.000000,191341.000000,0.012286
423,344,295,0.003435,0.003064,15658637.000000,190626.000000,0.012174
424,344,295,0.003478,0.003094,15523743.000000,186564.000000,0.012018
425,345,295,0.003415,0.003058,15631445.000000,192268.000000,0.012300
426,346,294,0.003503,0.003146,15866754.000000,194469.000000,0.012256
427,347,294,0.003430,0.003098,15795109.000000,193996.000000,0.012282
428,348,294,0.003516,0.003190,15826708.000000,193757.000000,0.012242
429,348,294,0.003479,0.003139,16014545.000000,194076.000000,0.012119
430,349,294,0.003533,0.003193,16127280.000000,195570.000000,0.012127
431,350,293,0.003506,0.003184,16158411.000000,196389.000000,0.012154
432,350,293,0.003558,0.003180,16161800.000000,197998.000000,0.012251
433,351,293,0.003544,0.003195,16142356.000000,194060.000000,0.012022
434,352,293,0.003602,0.003226,16278862.000000,199326.000000,0.012244
435,353,292,0.003626,0.003269,16489162.000000,202124.000000,0.012258
436,354,292,0.003761,0.003407,16410111.000000,202664.000000,0.012350
437,355,291,0.003556,0.003232,16384769.000000,199536.000000,0.012178
438,356,291,0.003687,0.003349,16469982.000000,201601.000000,0.012241
439,357,290,0.003936,0.003585,16802917.000000,211743.000000,0.012602
440,357,290,0.003643,0.003280,16709176.000000,202958.000000,0.012146
441,358,289,0.003756,0.003412,16794838.000000,206051.000000,0.012269
442,359,289,0.003668,0.003342,16744846.000000,200163.000000,0.011954
443,359,288,0.003734,0.003386,16870346.000000,203121.000000,0.012040
444,359,287,0.003995,0.003633,16937183.000000,206417.000000,0.012187
445,360,287,0.003675,0.003323,16923584.000000,203140.000000,0.012003
446,360,286,0.003807,0.003450,17055341.000000,207059.000000,0.012140
447,360,286,0.003712,0.003369,16892183.000000,200156.000000,0.011849
448,361,285,0.003755,0.003400,17108743.000000,206450.000000,0.012067
449,362,284,0.003926,0.003556,17306676.000000,212678.000000,0.012289
450,363,284,0.003774,0.003432,17306482.000000,209473.000000,0.012104
451,364,283,0.003807,0.003452,17421372.000000,209169.000000,0.012006
452,365,283,0.003905,0.003470,17543708.000000,214032.000000,0.012200
453,366,282,0.004050,0.003608,17649339.000000,215021.000000,0.012183
454,367,280,0.004360,0.003957,17947233.000000,220574.000000,0.012290
455,367,280,0.003960,0.003624,17871104.000000,214435.000000,0.011999
456,368,278,0.004282,0.003852,18099352.000000,235001.000000,0.012984
457,369,278,0.004033,0.003661,17985280.000000,215988.000000,0.012009
458,369,277,0.003878,0.003543,17947649.000000,212715.000000,0.011852
459,370,276,0.003991,0.003639,18025595.000000,211567.000000,0.011737
460,371,275,0.003983,0.003619,18107879.000000,213036.000000,0.011765
461,372,274,0.004103,0.003741,18279509.000000,221466.000000,0.012116
462,372,274,0.004059,0.003702,18380936.000000,221438.000000,0.012047
463,373,273,0.003986,0.003654,18428630.000000,216470.000000,0.011746
464,374,272,0.004070,0.003707,18383423.000000,220569.000000,0.011998
465,375,271,0.004443,0.004076,18737725.000000,228726.000000,0.012207
466,376,270,0.004041,0.003683,18510141.000000,221597.000000,0.011972
467,377,269,0.004058,0.003731,18749714.000000,221092.000000,0.011792
468,378,268,0.004116,0.003741,18857158.000000,223748.000000,0.011865
469,379,267,0.004141,0.003785,18947612.000000,225391.000000,0.011895
470,380,266,0.004104,0.003766,18964714.000000,226943.000000,0.011967
471,380,265,0.004215,0.003876,19084212.000000,227929.000000,0.011943
472,380,265,0.004112,0.003769,19048732.000000,222239.000000,0.011667
473,380,264,0.004161,0.003819,19124409.000000,228959.000000,0.011972
474,381,263,0.004144,0.003794,19192619.000000,228136.000000,0.011887
475,382,262,0.004219,0.003864,19416736.000000,230382.000000,0.011865
476,383,261,0.004235,0.003891,19517255.000000,226282.000000,0.011594
477,384,260,0.004271,0.003897,19748338.000000,230562.000000,0.011675
478,385,259,0.004310,0.003944,19875782.000000,232268.000000,0.011686
479,386,258,0.004347,0.004007,20155610.000000,231193.000000,0.011470
480,387,257,0.004333,0.003951,20045549.000000,233138.000000,0.011630
481,387,256,0.004357,0.004009,20191530.000000,235444.000000,0.011661
482,387,255,0.004318,0.003987,20170461.000000,233980.000000,0.011600
483,388,254,0.004384,0.004040,20261602.000000,232501.000000,0.011475
484,389,253,0.004416,0.004030,20418746.000000,237933.000000,0.011653
485,389,252,0.004385,0.004041,20317370.000000,236345.000000,0.011633
486,390,251,0.004383,0.004028,20356043.000000,236236.000000,0.011605
487,391,250,0.004421,0.004074,20480576.000000,235635.000000,0.011505
488,392,249,0.004662,0.004288,20778727.000000,244908.000000,0.011786
489,393,248,0.004559,0.004180,20996650.000000,243317.000000,0.011588
490,393,247,0.004455,0.004109,20748837.000000,240540.000000,0.011593
491,393,246,0.004435,0.004093,20765753.000000,236816.000000,0.011404
492,394,245,0.004559,0.004187,20969790.000000,241445.000000,0.011514
493,394,244,0.004468,0.004126,20731644.000000,241115.000000,0.011630
494,395,243,0.004482,0.004124,20812790.000000,236449.000000,0.011361
495,396,242,0.004605,0.004246,21202480.000000,248436.000000,0.011717
496,397,242,0.004610,0.004251,21310214.000000,246973.000000,0.011589
497,398,241,0.004567,0.004209,21284820.000000,246184.000000,0.011566
498,399,240,0.004702,0.004300,21292517.000000,245162.000000,0.011514
499,400,239,0.004650,0.004254,21396489.000000,246436.000000,0.011518
500,401,238,0.004799,0.004361,21542070.000000,249350.000000,0.011575
501,402,237,0.004937,0.004531,21856621.000000,249564.000000,0.011418
502,403,236,0.004927,0.004512,21948428.000000,250850.000000,0.011429
503,404,235,0.004740,0.004353,21975491.000000,250586.000000,0.011403
504,405,234,0.005039,0.004541,22221484.000000,258223.000000,0.011620
505,406,233,0.004841,0.004487,22421589.000000,256511.000000,0.011440
506,407,232,0.004854,0.004440,22513500.000000,257319.000000,0.011430
507,408,231,0.004889,0.004530,22711410.000000,262434.000000,0.011555
508,409,230,0.004838,0.004492,22732723.000000,255883.000000,0.011256
509,409,228,0.005234,0.004857,23255971.000000,274120.000000,0.011787
510,410,227,0.005042,0.004666,23292306.000000,270543.000000,0.011615
511,411,226,0.005046,0.004686,23200000.000000,269523.000000,0.011617
512,412,225,0.004998,0.004651,23238588.000000,263852.000000,0.011354
513,413,224,0.005176,0.004814,23777611.000000,277189.000000,0.011658
514,414,224,0.005107,0.004740,23733038.000000,274786.000000,0.011578
515,414,223,0.005248,0.004888,24345298.000000,275122.000000,0.011301
516,414,222,0.005164,0.004820,24007132.000000,274880.000000,0.011450
517,415,221,0.005224,0.004845,24123481.000000,277088.000000,0.011486
518,415,220,0.005215,0.004873,24291246.000000,275088.000000,0.011325
519,416,219,0.005191,0.004838,24112253.000000,275754.000000,0.011436
520,416,218,0.005200,0.004844,24193191.000000,278924.000000,0.011529
521,417,217,0.005302,0.004956,24452105.000000,274341.000000,0.011220
522,418,216,0.005184,0.004837,24279106.000000,276463.000000,0.011387
523,419,215,0.005277,0.004913,24453018.000000,280027.000000,0.011452
524,420,214,0.005297,0.004943,24600922.000000,284115.000000,0.011549
525,420,213,0.005381,0.005049,24954541.000000,282493.000000,0.011320
526,421,212,0.005473,0.005098,25092882.000000,286953.000000,0.011436
527,422,211,0.005439,0.005072,25110501.000000,286708.000000,0.011418
528,423,210,0.005805,0.005416,25340153.000000,305509.000000,0.012056
529,424,209,0.005459,0.005083,25250727.000000,287806.000000,0.011398
530,425,208,0.005501,0.005128,25329384.000000,289549.000000,0.011431
531,425,207,0.005479,0.005137,25344347.000000,287920.000000,0.011360
532,426,206,0.005549,0.005140,25454168.000000,291246.000000,0.011442
533,427,205,0.005561,0.005195,25524995.000000,293693.000000,0.011506
534,427,204,0.005532,0.005190,25461609.000000,287555.000000,0.011294
535,428,203,0.005635,0.005236,25628425.000000,293068.000000,0.011435
536,429,202,0.005688,0.005286,25773893.000000,298314.000000,0.011574
537,430,201,0.005582,0.005192,25693089.000000,288947.000000,0.011246
538,430,201,0.005545,0.005167,25777847.000000,294824.000000,0.011437
539,431,200,0.005571,0.005172,25806084.000000,296248.000000,0.011480
540,432,199,0.005617,0.005258,26013498.000000,291835.000000,0.011219
541,433,198,0.005665,0.005285,26320034.000000,298287.000000,0.011333
542,433,197,0.005773,0.005367,26608499.000000,302703.000000,0.011376
543,434,196,0.005660,0.005321,26316410.000000,294720.000000,0.011199
544,435,195,0.005762,0.005363,26480832.000000,301410.000000,0.011382
545,436,194,0.005867,0.005368,26832542.000000,311362.000000,0.011604
546,437,193,0.006232,0.005753,27171331.000000,313241.000000,0.011528
547,438,192,0.006106,0.005700,27272607.000000,307843.000000,0.011288
548,439,191,0.005816,0.005443,27127405.000000,301014.000000,0.011096
549,440,191,0.005930,0.005562,27289789.000000,308244.000000,0.011295
550,441,190,0.005921,0.005535,27337596.000000,305523.000000,0.011176
551,442,189,0.006206,0.005815,27672134.000000,304072.000000,0.010988
552,443,188,0.005996,0.005602,27631961.000000,309198.000000,0.011190
553,444,187,0.005980,0.005595,27631509.000000,307996.000000,0.011147
554,445,186,0.005983,0.005603,27712617.000000,306401.000000,0.011056
555,445,185,0.005940,0.005545,27713320.000000,308709.000000,0.011139
556,446,185,0.005953,0.005582,27829740.000000,308575.000000,0.011088
557,446,184,0.005998,0.005612,28056684.000000,305762.000000,0.010898
558,447,183,0.006105,0.005710,28394383.000000,313263.000000,0.011033
559,448,182,0.006603,0.005958,28327903.000000,311093.000000,0.010982
560,449,181,0.006690,0.005648,28354607.000000,314730.000000,0.011100
561,450,180,0.006472,0.005806,28631706.000000,318016.000000,0.011107
562,451,179,0.006599,0.005928,28562306.000000,329069.000000,0.011521
563,452,178,0.006411,0.005736,28749108.000000,319029.000000,0.011097
564,453,177,0.006386,0.005724,28564622.000000,310256.000000,0.010862
565,454,177,0.006459,0.005808,28776987.000000,320745.000000,0.011146
566,454,176,0.006442,0.005790,28778865.000000,315804.000000,0.010973
567,455,175,0.006382,0.005766,28705453.000000,314271.000000,0.010948
568,456,174,0.006483,0.005826,28838116.000000,317510.000000,0.011010
569,457,174,0.006411,0.005749,28874979.000000,321917.000000,0.011149
570,458,173,0.006484,0.005818,28930702.000000,319032.000000,0.011027
571,459,172,0.006554,0.005853,29155495.000000,323788.000000,0.011106
572,459,171,0.006493,0.005869,29136389.000000,317601.000000,0.010900
573,460,171,0.006556,0.005900,29268730.000000,325241.000000,0.011112
574,461,170,0.006514,0.005851,29372929.000000,324207.000000,0.011038
575,462,169,0.006564,0.005889,29587629.000000,322243.000000,0.010891
576,463,169,0.006609,0.005945,29524423.000000,325382.000000,0.011021
577,464,168,0.006558,0.005931,29656990.000000,323177.000000,0.010897
578,464,167,0.006749,0.006375,29891075.000000,329762.000000,0.011032
579,465,167,0.006362,0.005991,29730112.000000,326046.000000,0.010967
580,465,166,0.006377,0.006006,29775199.000000,327266.000000,0.010991
581,466,166,0.006376,0.005986,29931971.000000,325447.000000,0.010873
582,466,165,0.006378,0.006024,30026446.000000,323363.000000,0.010769
583,467,165,0.006396,0.006036,29859408.000000,327284.000000,0.010961
584,468,164,0.006393,0.006011,29914286.000000,326688.000000,0.010921
585,469,164,0.006372,0.006027,29941062.000000,323683.000000,0.010811
586,469,163,0.006404,0.005994,30032880.000000,328689.000000,0.010944
587,469,163,0.006436,0.006062,30190814.000000,328774.000000,0.010890
588,470,163,0.006447,0.006079,30280967.000000,326923.000000,0.010796
589,470,162,0.006474,0.006087,30562228.000000,333471.000000,0.010911
590,471,162,0.006454,0.006097,30422031.000000,330205.000000,0.010854
591,472,161,0.006516,0.006129,30734606.000000,335993.000000,0.010932
592,472,161,0.006545,0.006169,30870897.000000,337209.000000,0.010923
593,473,160,0.006795,0.006417,30895116.000000,341914.000000,0.011067
594,474,160,0.006618,0.006224,30892279.000000,337946.000000,0.010939
595,474,159,0.006640,0.006249,31126926.000000,333466.000000,0.010713
596,474,158,0.007842,0.007317,31820418.000000,382414.000000,0.012018
597,475,157,0.008359,0.007867,32137909.000000,354601.000000,0.011034
598,476,157,0.006727,0.006353,31252194.000000,336754.000000,0.010775
599,476,156,0.006604,0.006234,31287137.000000,336065.000000,0.010741
600,477,156,0.006796,0.006384,31403693.000000,341686.000000,0.010880
601,478,155,0.006736,0.006353,31652073.000000,341292.000000,0.010783
602,479,155,0.006707,0.006350,31651357.000000,337912.000000,0.010676
603,480,155,0.006778,0.006390,31861935.000000,344136.000000,0.010801
604,481,154,0.006801,0.006432,31988250.000000,346886.000000,0.010844
605,482,154,0.006827,0.006450,32228621.000000,342261.000000,0.010620
606,483,154,0.006931,0.006535,32573295.000000,348029.000000,0.010684
607,484,153,0.006894,0.006551,32314742.000000,343514.000000,0.010630
608,485,153,0.007093,0.006699,32522837.000000,350238.000000,0.010769
609,486,152,0.006923,0.006521,32549175.000000,348634.000000,0.010711
610,487,152,0.007009,0.006644,32685932.000000,347837.000000,0.010642
611,488,152,0.007078,0.006679,32902060.000000,354254.000000,0.010767
612,489,151,0.007032,0.006656,33094778.000000,349880.000000,0.010572
613,490,151,0.007157,0.006769,33442223.000000,356102.000000,0.010648
614,491,150,0.007117,0.006741,33409289.000000,353701.000000,0.010587
615,492,150,0.007100,0.006720,33477794.000000,355869.000000,0.010630
616,493,149,0.007170,0.006776,33593078.000000,355709.000000,0.010589
617,493,149,0.007221,0.006829,33826910.000000,356669.000000,0.010544
618,493,149,0.007162,0.006763,33707302.000000,360963.000000,0.010709
619,494,148,0.007180,0.006811,33931367.000000,355464.000000,0.010476
620,495,148,0.007225,0.006847,33879283.000000,358024.000000,0.010568
621,496,148,0.007278,0.006920,34021174.000000,357784.000000,0.010517
622,496,148,0.007345,0.006928,34078609.000000,360822.000000,0.010588
623,496,147,0.007230,0.006845,34098049.000000,358367.000000,0.010510
624,497,147,0.007299,0.006935,34253076.000000,357433.000000,0.010435
625,498,147,0.007328,0.006950,34339485.000000,364325.000000,0.010610
626,499,146,0.007273,0.006913,34353486.000000,357804.000000,0.010415
627,500,146,0.007388,0.006997,34701534.000000,363693.000000,0.010481
628,500,146,0.007445,0.007078,34735069.000000,361118.000000,0.010396
629,501,145,0.007438,0.007066,34775808.000000,368541.000000,0.010598
630,502,145,0.007413,0.007028,34826309.000000,361723.000000,0.010386
631,503,145,0.007538,0.007138,35073896.000000,368542.000000,0.010508
632,504,144,0.007504,0.007117,35298909.000000,369965.000000,0.010481
633,505,144,0.007472,0.007124,35155222.000000,368192.000000,0.010473
634,506,144,0.007443,0.007054,35233617.000000,369429.000000,0.010485
635,507,143,0.007782,0.007395,35448852.000000,376548.000000,0.010622
636,508,143,0.007587,0.007180,35418068.000000,373292.000000,0.010540
637,509,142,0.008113,0.007420,35975055.000000,373757.000000,0.010389
638,510,142,0.007808,0.007134,35863231.000000,375698.000000,0.010476
639,511,141,0.007901,0.007238,36115577.000000,373983.000000,0.010355
640,512,141,0.007920,0.007409,35968527.000000,379056.000000,0.010539
641,512,140,0.007786,0.007239,36148591.000000,373399.000000,0.010330
642,513,140,0.007720,0.007267,36436033.000000,379316.000000,0.010410
643,514,139,0.008456,0.007588,36906875.000000,378601.000000,0.010258
644,515,139,0.008471,0.007817,37416070.000000,390321.000000,0.010432
645,516,138,0.007894,0.007514,37288644.000000,382336.000000,0.010253
646,516,138,0.007843,0.007471,37186054.000000,382462.000000,0.010285
647,517,137,0.007802,0.007454,37149285.000000,378356.000000,0.010185
648,518,137,0.008041,0.007594,37392665.000000,383858.000000,0.010266
649,519,136,0.007842,0.007479,37470418.000000,383671.000000,0.010239
650,520,136,0.007908,0.007529,37547527.000000,378448.000000,0.010079
651,521,135,0.007977,0.007583,37871757.000000,388301.000000,0.010253
652,521,135,0.008014,0.007622,38121623.000000,381490.000000,0.010007
653,522,135,0.008088,0.007604,38201917.000000,387005.000000,0.010131
654,522,134,0.008129,0.007743,38262054.000000,384923.000000,0.010060
655,523,134,0.008232,0.007843,38304066.000000,390371.000000,0.010191
656,524,134,0.008354,0.007968,38389074.000000,388359.000000,0.010116
657,524,134,0.008161,0.007787,38606079.000000,391075.000000,0.010130
658,525,133,0.008142,0.007777,38645167.000000,387185.000000,0.010019
659,525,133,0.008157,0.007785,38751409.000000,392168.000000,0.010120
660,525,132,0.008368,0.008008,38828426.000000,394051.000000,0.010149
661,526,132,0.008217,0.007830,38828806.000000,396530.000000,0.010212
662,527,131,0.008177,0.007806,38864409.000000,393350.000000,0.010121
663,528,131,0.008237,0.007843,39166830.000000,397083.000000,0.010138
664,529,131,0.008286,0.007913,39290143.000000,394697.000000,0.010046
665,529,130,0.008270,0.007896,39504249.000000,395571.000000,0.010013
666,530,130,0.008305,0.007932,39557801.000000,394954.000000,0.009984
667,531,129,0.008372,0.008007,39697098.000000,401153.000000,0.010105
668,532,129,0.008385,0.008019,39752282.000000,397974.000000,0.010011
669,533,129,0.008396,0.008026,40009343.000000,403716.000000,0.010091
670,533,128,0.008452,0.008076,40050154.000000,402609.000000,0.010053
671,534,128,0.008421,0.008063,40138250.000000,405269.000000,0.010097
672,535,127,0.008604,0.008221,40282496.000000,402507.000000,0.009992
673,536,127,0.008484,0.008094,40408869.000000,407949.000000,0.010096
674,536,127,0.008526,0.008148,40524332.000000,405833.000000,0.010015
675,537,126,0.008476,0.008103,40315259.000000,407987.000000,0.010120
676,538,126,0.008460,0.008072,40341662.000000,404578.000000,0.010029
677,539,126,0.008570,0.008190,40631307.000000,408769.000000,0.010060
678,540,125,0.008530,0.008151,40642866.000000,405681.000000,0.009982
679,541,125,0.008658,0.008250,40921749.000000,412428.000000,0.010078
680,541,124,0.008598,0.008212,41147728.000000,408031.000000,0.009916
681,542,124,0.008565,0.008177,41019609.000000,408959.000000,0.009970
682,543,124,0.008575,0.008218,41096214.000000,410712.000000,0.009994
683,544,123,0.008626,0.008266,41343411.000000,416166.000000,0.010066
684,545,123,0.009343,0.008883,41764348.000000,434799.000000,0.010411
685,545,123,0.008739,0.008390,41600499.000000,416476.000000,0.010011
686,546,122,0.008778,0.008376,41696971.000000,420769.000000,0.010091
687,547,122,0.008729,0.008390,41704191.000000,417615.000000,0.010014
688,548,121,0.008814,0.008424,41822813.000000,422120.000000,0.010093
689,549,121,0.008872,0.008537,41934874.000000,417374.000000,0.009953
690,549,121,0.008854,0.008488,42023640.000000,420413.000000,0.010004
691,550,120,0.008920,0.008561,42196554.000000,420876.000000,0.009974
692,550,120,0.009955,0.009599,43062638.000000,435223.000000,0.010107
693,551,120,0.008817,0.008469,42182234.000000,420589.000000,0.009971
694,552,119,0.008916,0.008536,42250223.000000,426323.000000,0.010090
695,553,119,0.009027,0.008669,42321899.000000,421992.000000,0.009971
696,554,119,0.008903,0.008523,42330926.000000,424807.000000,0.010035
697,555,118,0.008931,0.008561,42479388.000000,423015.000000,0.009958
698,555,118,0.008941,0.008586,42610806.000000,426111.000000,0.010000
699,555,118,0.008955,0.008587,42785887.000000,429161.000000,0.010030
700,556,118,0.008967,0.008600,42627686.000000,428004.000000,0.010041
701,557,117,0.009460,0.008819,42960170.000000,430647.000000,0.010024
702,558,117,0.009159,0.008678,43133919.000000,428270.000000,0.009929
703,559,117,0.009156,0.008621,43275105.000000,431648.000000,0.009975
704,560,117,0.009159,0.008675,43424174.000000,431232.000000,0.009931
705,561,116,0.009178,0.008696,43334500.000000,433437.000000,0.010002
706,561,116,0.009301,0.008949,43383938.000000,431116.000000,0.009937
707,562,116,0.009073,0.008723,43365700.000000,434043.000000,0.010009
708,562,115,0.009081,0.008745,43324339.000000,429008.000000,0.009902
709,563,115,0.009069,0.008734,43316626.000000,428766.000000,0.009898
710,563,115,0.009059,0.008714,43340893.000000,432722.000000,0.009984
711,564,115,0.009079,0.008749,43331767.000000,428719.000000,0.009894
712,565,114,0.009094,0.008730,43447324.000000,434311.000000,0.009996
713,565,114,0.009245,0.008878,43798497.000000,432774.000000,0.009881
714,566,114,0.009117,0.008742,43628404.000000,435176.000000,0.009975
715,567,114,0.009204,0.008825,44063419.000000,439089.000000,0.009965
716,568,114,0.009214,0.008825,44118660.000000,416016.000000,0.009429
717,569,113,0.009442,0.009089,44445558.000000,419050.000000,0.009428
718,570,113,0.009263,0.008904,44418644.000000,416631.000000,0.009380
719,570,113,0.009410,0.009034,44945747.000000,421134.000000,0.009370
720,571,113,0.009345,0.008970,44743136.000000,418436.000000,0.009352
721,572,112,0.009492,0.009120,45280557.000000,423495.000000,0.009353
722,573,112,0.009463,0.009099,45331709.000000,420939.000000,0.009286
723,574,112,0.009524,0.009153,45598230.000000,426828.000000,0.009361
724,575,111,0.009594,0.009235,45734858.000000,426767.000000,0.009331
725,576,111,0.009666,0.009280,46116590.000000,432022.000000,0.009368
726,576,111,0.009652,0.009275,46075763.000000,427417.000000,0.009276
727,576,111,0.009640,0.009225,45793467.000000,428298.000000,0.009353
728,577,110,0.009610,0.009171,45943257.000000,428528.000000,0.009327
729,578,110,0.009743,0.009372,46733775.000000,430300.000000,0.009207
730,579,110,0.009780,0.009418,46887250.000000,435415.000000,0.009286
731,580,110,0.009827,0.009490,46952994.000000,433915.000000,0.009241
732,580,109,0.009841,0.009487,46960401.000000,433654.000000,0.009234
733,581,109,0.009823,0.009458,46989694.000000,437857.000000,0.009318
734,582,109,0.009826,0.009443,47063809.000000,435738.000000,0.009258
735,583,108,0.009905,0.009527,47435742.000000,441200.000000,0.009301
736,584,108,0.009926,0.009562,47529039.000000,436903.000000,0.009192
737,585,108,0.009960,0.009601,47642090.000000,440133.000000,0.009238
738,586,108,0.010201,0.009809,47909869.000000,446669.000000,0.009323
739,587,107,0.010001,0.009653,48001942.000000,441224.000000,0.009192
740,588,107,0.009984,0.009592,48079617.000000,444302.000000,0.009241
741,589,107,0.010064,0.009693,48261842.000000,441602.000000,0.009150
742,590,106,0.010037,0.009666,48375455.000000,442786.000000,0.009153
743,591,106,0.010186,0.009811,48575235.000000,447924.000000,0.009221
744,592,106,0.010204,0.009834,48604534.000000,443793.000000,0.009131
745,593,106,0.010108,0.009747,48656014.000000,448612.000000,0.009220
746,593,106,0.010144,0.009798,48646089.000000,445995.000000,0.009168
747,594,105,0.010194,0.009816,48689095.000000,446264.000000,0.009166
748,595,105,0.010421,0.010019,48958461.000000,454050.000000,0.009274
749,596,105,0.010294,0.009923,49145562.000000,453836.000000,0.009235
750,597,104,0.010330,0.009943,49331741.000000,456668.000000,0.009257
751,598,104,0.010332,0.009962,49359919.000000,451180.000000,0.009141
752,598,104,0.010314,0.009942,49462964.000000,453740.000000,0.009173
753,598,104,0.010422,0.010060,49758068.000000,456975.000000,0.009184
754,599,104,0.010334,0.009971,49748663.000000,453245.000000,0.009111
755,600,103,0.010394,0.010007,49973050.000000,455107.000000,0.009107
756,601,103,0.010408,0.010003,50147472.000000,460019.000000,0.009173
757,602,103,0.010768,0.010402,50695936.000000,469851.000000,0.009268
758,603,102,0.010524,0.010119,50668100.000000,462658.000000,0.009131
759,603,102,0.010581,0.010215,50852490.000000,460503.000000,0.009056
760,604,102,0.010555,0.010158,50961277.000000,463770.000000,0.009100
761,605,102,0.010656,0.010236,51393932.000000,467848.000000,0.009103
762,606,101,0.010789,0.010379,51596471.000000,466586.000000,0.009043
763,607,101,0.010829,0.010437,52066771.000000,468124.000000,0.008991
764,607,101,0.010768,0.010372,51969930.000000,472441.000000,0.009091
765,608,101,0.010733,0.010367,51923382.000000,467953.000000,0.009012
766,608,100,0.010839,0.010455,51950697.000000,471882.000000,0.009083
767,609,100,0.011026,0.010570,52259420.000000,475222.000000,0.009094
768,610,100,0.010917,0.010555,52595231.000000,473145.000000,0.008996
769,611,99,0.010903,0.010538,52786272.000000,474231.000000,0.008984
770,612,99,0.010960,0.010580,52986083.000000,478160.000000,0.009024
771,612,99,0.011016,0.010629,52969869.000000,479971.000000,0.009061
772,613,98,0.011666,0.011296,53635880.000000,481370.000000,0.008975
773,614,98,0.011129,0.010709,53389626.000000,484267.000000,0.009070
774,614,98,0.011121,0.010724,53524172.000000,477591.000000,0.008923
775,615,97,0.011065,0.010675,53500637.000000,476367.000000,0.008904
776,616,97,0.011367,0.010980,53880542.000000,485062.000000,0.009003
777,617,97,0.011236,0.010888,53980022.000000,483545.000000,0.008958
778,618,96,0.011259,0.010881,54097902.000000,484125.000000,0.008949
779,619,96,0.011382,0.011000,54671850.000000,491545.000000,0.008991
780,620,96,0.012047,0.011681,54890782.000000,495050.000000,0.009019
781,621,95,0.011334,0.010987,54488384.000000,486079.000000,0.008921
782,622,95,0.011268,0.010883,54588600.000000,489067.000000,0.008959
783,623,95,0.011299,0.010940,54895061.000000,484966.000000,0.008834
784,624,95,0.011526,0.011052,55153102.000000,501883.000000,0.009100
785,625,94,0.011549,0.011151,55587408.000000,495830.000000,0.008920
786,626,94,0.011442,0.011069,55644705.000000,491226.000000,0.008828
787,626,94,0.011459,0.011081,55658421.000000,492936.000000,0.008856
788,627,93,0.011603,0.011201,55936280.000000,500164.000000,0.008942
789,628,93,0.011606,0.011234,55950808.000000,494956.000000,0.008846
790,629,93,0.011559,0.011191,56017748.000000,495026.000000,0.008837
791,630,93,0.011946,0.011598,56366295.000000,498550.000000,0.008845
792,631,92,0.011594,0.011222,56253227.000000,498741.000000,0.008866
793,632,92,0.011872,0.011518,56483442.000000,501089.000000,0.008871
794,632,92,0.011610,0.011264,56285957.000000,496105.000000,0.008814
795,633,92,0.011620,0.011265,56306581.000000,500297.000000,0.008885
796,633,91,0.011666,0.011295,56406188.000000,494959.000000,0.008775
797,633,91,0.011734,0.011369,56774056.000000,497421.000000,0.008761
798,634,91,0.011732,0.011344,56964971.000000,504231.000000,0.008852
799,635,91,0.011802,0.011448,57082611.000000,501786.000000,0.008791
800,636,90,0.011786,0.011429,57120874.000000,502529.000000,0.008798
801,637,90,0.012011,0.011581,57395051.000000,517145.000000,0.009010
802,638,90,0.011921,0.011540,57482212.000000,508018.000000,0.008838
803,638,90,0.011873,0.011526,57529145.000000,505195.000000,0.008782
804,639,89,0.011912,0.011533,57659991.000000,507115.000000,0.008795
805,640,89,0.012067,0.011707,58151019.000000,515534.000000,0.008865
806,641,89,0.011978,0.011634,58081912.000000,511238.000000,0.008802
807,642,89,0.012069,0.011700,58219556.000000,509853.000000,0.008757
808,642,88,0.012061,0.011696,58385894.000000,512706.000000,0.008781
809,643,88,0.012119,0.011737,58650127.000000,517363.000000,0.008821
810,644,88,0.012404,0.012012,58639314.000000,519545.000000,0.008860
811,645,88,0.012132,0.011776,58725718.000000,514023.000000,0.008753
812,646,87,0.012143,0.011774,58805158.000000,514058.000000,0.008742
813,647,87,0.012106,0.011749,58926826.000000,521371.000000,0.008848
814,647,87,0.012099,0.011753,58870368.000000,516732.000000,0.008777
815,648,87,0.012212,0.011868,58928988.000000,517531.000000,0.008782
816,648,87,0.012176,0.011810,58940398.000000,521969.000000,0.008856
817,649,86,0.012178,0.011824,58935122.000000,518313.000000,0.008795
818,650,86,0.012365,0.011988,59082933.000000,520745.000000,0.008814
819,650,86,0.012267,0.011898,59342186.000000,517763.000000,0.008725
820,650,86,0.012252,0.011886,59278390.000000,521791.000000,0.008802
821,651,86,0.012265,0.011884,59395730.000000,521721.000000,0.008784
822,652,85,0.012409,0.012009,60152484.000000,524005.000000,0.008711
823,653,85,0.012380,0.011999,59967079.000000,523399.000000,0.008728
824,654,85,0.012475,0.012097,60349733.000000,529079.000000,0.008767
825,655,85,0.012471,0.012095,60498066.000000,527225.000000,0.008715
826,656,84,0.012765,0.012386,60858887.000000,533214.000000,0.008761
827,657,84,0.012596,0.012216,60933841.000000,531544.000000,0.008723
828,657,84,0.012623,0.012255,61040187.000000,534936.000000,0.008764
829,658,84,0.012601,0.012228,61125992.000000,529672.000000,0.008665
830,658,84,0.012657,0.012309,61205930.000000,533131.000000,0.008710
831,659,83,0.012684,0.012325,61227814.000000,532356.000000,0.008695
832,659,83,0.012675,0.012312,61235276.000000,535569.000000,0.008746
833,660,83,0.012624,0.012278,61200982.000000,531933.000000,0.008692
834,661,83,0.012860,0.012483,61436002.000000,535986.000000,0.008724
835,662,83,0.012712,0.012357,61600861.000000,535242.000000,0.008689
836,663,83,0.012749,0.012367,61736980.000000,538918.000000,0.008729
837,664,82,0.012774,0.012394,61908832.000000,537730.000000,0.008686
838,665,82,0.013078,0.012707,62233475.000000,539082.000000,0.008662
839,666,82,0.012925,0.012547,62347408.000000,544247.000000,0.008729
840,667,82,0.012940,0.012566,62700795.000000,544951.000000,0.008691
841,667,82,0.012873,0.012489,62377358.000000,544747.000000,0.008733
842,667,82,0.012996,0.012615,62539302.000000,543206.000000,0.008686
843,668,81,0.012910,0.012547,62570547.000000,542378.000000,0.008668
844,669,81,0.012870,0.012497,62617778.000000,542461.000000,0.008663
845,669,81,0.012879,0.012510,62756246.000000,545410.000000,0.008691
846,670,81,0.012942,0.012534,62859671.000000,544100.000000,0.008656
847,671,81,0.013035,0.012673,63136998.000000,543544.000000,0.008609
848,672,81,0.013033,0.012651,63267880.000000,546305.000000,0.008635
849,673,80,0.013219,0.012834,63749757.000000,563890.000000,0.008845
850,674,80,0.013058,0.012662,63522016.000000,550411.000000,0.008665
851,675,80,0.013159,0.012790,64055856.000000,553908.000000,0.008647
852,675,80,0.013138,0.012766,64017584.000000,552209.000000,0.008626
853,676,80,0.013162,0.012789,64220747.000000,554293.000000,0.008631
854,676,80,0.013265,0.012863,64430518.000000,556058.000000,0.008630
855,677,79,0.013176,0.012786,64261682.000000,557523.000000,0.008676
856,678,79,0.013226,0.012866,64571335.000000,556715.000000,0.008622
857,679,79,0.013391,0.013004,64880364.000000,558815.000000,0.008613
858,679,79,0.013326,0.012947,65012330.000000,558798.000000,0.008595
859,680,79,0.013458,0.013037,65299008.000000,565087.000000,0.008654
860,681,79,0.013430,0.013045,65427835.000000,562015.000000,0.008590
861,682,78,0.013590,0.013191,65731913.000000,570884.000000,0.008685
862,683,78,0.013505,0.013128,65821245.000000,561941.000000,0.008537
863,684,78,0.013580,0.013208,66218300.000000,565545.000000,0.008541
864,685,78,0.013908,0.013418,66360792.000000,589156.000000,0.008878
865,686,78,0.013894,0.013480,66783337.000000,577256.000000,0.008644
866,687,78,0.013806,0.013425,66547714.000000,571765.000000,0.008592
867,688,77,0.013811,0.013442,67218371.000000,570211.000000,0.008483
868,688,77,0.013769,0.013418,67284083.000000,569536.000000,0.008465
869,688,77,0.013964,0.013601,67381835.000000,575569.000000,0.008542
870,688,77,0.013891,0.013507,67455183.000000,572950.000000,0.008494
871,689,77,0.014009,0.013618,67913465.000000,582408.000000,0.008576
872,690,76,0.014104,0.013711,67779265.000000,578337.000000,0.008533
873,691,76,0.014011,0.013644,67975028.000000,580106.000000,0.008534
874,692,76,0.014134,0.013759,68142750.000000,580649.000000,0.008521
875,693,76,0.014049,0.013697,68173976.000000,581512.000000,0.008530
876,694,76,0.014048,0.013671,68278855.000000,581496.000000,0.008516
877,695,76,0.014075,0.013708,68588124.000000,585956.000000,0.008543
878,695,75,0.014066,0.013718,68525464.000000,580576.000000,0.008472
879,696,75,0.014317,0.013959,68671346.000000,586275.000000,0.008537
880,696,75,0.014164,0.013783,68586980.000000,582780.000000,0.008497
881,696,75,0.014116,0.013758,68544085.000000,580946.000000,0.008476
882,696,75,0.014163,0.013814,68552463.000000,582289.000000,0.008494
883,697,75,0.014157,0.013806,68574124.000000,582826.000000,0.008499
884,697,74,0.014167,0.013793,68617114.000000,586827.000000,0.008552
885,698,74,0.014108,0.013753,68575525.000000,581373.000000,0.008478
886,698,74,0.014528,0.014162,68675395.000000,584685.000000,0.008514
887,699,74,0.014309,0.013871,68789419.000000,587454.000000,0.008540
888,700,74,0.014548,0.014106,69340295.000000,587133.000000,0.008467
889,701,74,0.014251,0.013892,69343381.000000,584630.000000,0.008431
890,702,73,0.014262,0.013884,69436135.000000,583676.000000,0.008406
891,703,73,0.014370,0.013960,69896229.000000,591588.000000,0.008464
892,704,73,0.014369,0.013994,70033057.000000,587668.000000,0.008391
893,705,73,0.014625,0.014249,70277006.000000,595704.000000,0.008477
894,706,73,0.014516,0.014141,70280674.000000,591060.000000,0.008410
895,707,73,0.014441,0.014088,70362720.000000,591929.000000,0.008413
896,708,72,0.014472,0.014093,70457241.000000,590347.000000,0.008379
897,709,72,0.014588,0.014200,70900355.000000,595715.000000,0.008402
898,709,72,0.014642,0.014239,71120870.000000,598890.000000,0.008421
899,710,72,0.014636,0.014279,71174048.000000,597280.000000,0.008392
900,711,72,0.015075,0.014695,71419642.000000,600712.000000,0.008411
901,711,72,0.014720,0.014355,71396040.000000,599246.000000,0.008393
902,711,72,0.014646,0.014293,71364989.000000,597817.000000,0.008377
903,712,71,0.014772,0.014409,71445700.000000,600306.000000,0.008402
904,713,71,0.014702,0.014325,71486701.000000,598577.000000,0.008373
905,713,71,0.014753,0.014392,71594669.000000,598487.000000,0.008359
906,713,71,0.014950,0.014564,71827702.000000,607885.000000,0.008463
907,714,71,0.014766,0.014361,71985268.000000,604945.000000,0.008404
908,715,71,0.014758,0.014370,72161131.000000,601957.000000,0.008342
909,716,70,0.014859,0.014506,72474192.000000,605106.000000,0.008349
910,717,70,0.014998,0.014620,72649044.000000,606678.000000,0.008351
911,718,70,0.014887,0.014532,72670741.000000,607120.000000,0.008354
912,719,70,0.014909,0.014532,72777218.000000,607008.000000,0.008341
913,720,70,0.015096,0.014733,73167346.000000,611504.000000,0.008358
914,721,70,0.014996,0.014620,73192528.000000,609641.000000,0.008329
915,722,70,0.014967,0.014619,73297816.000000,611659.000000,0.008345
916,723,69,0.015066,0.014683,73447299.000000,613173.000000,0.008348
917,724,69,0.015396,0.014982,74247434.000000,621866.000000,0.008376
918,725,69,0.015317,0.014924,74498662.000000,618608.000000,0.008304
919,726,69,0.015302,0.014915,74744147.000000,621586.000000,0.008316
920,727,69,0.015523,0.015133,75209023.000000,624737.000000,0.008307
921,727,69,0.015403,0.015014,75341133.000000,623353.000000,0.008274
922,727,68,0.015430,0.015077,75602573.000000,624539.000000,0.008261
923,728,68,0.015481,0.015112,75619890.000000,624583.000000,0.008260
924,729,68,0.015522,0.015146,75722774.000000,625431.000000,0.008259
925,730,68,0.015553,0.015175,75968622.000000,629194.000000,0.008282
926,731,68,0.015721,0.015339,76295657.000000,633123.000000,0.008298
927,732,68,0.015642,0.015249,76452716.000000,633780.000000,0.008290
928,733,68,0.015784,0.015390,76895195.000000,635773.000000,0.008268
929,734,67,0.015690,0.015330,76724174.000000,636264.000000,0.008293
930,735,67,0.016170,0.015784,76826922.000000,636822.000000,0.008289
931,736,67,0.015818,0.015438,77263734.000000,636916.000000,0.008243
932,737,67,0.015890,0.015454,77309581.000000,641990.000000,0.008304
933,737,67,0.016119,0.015603,77739424.000000,652712.000000,0.008396
934,738,67,0.015970,0.015583,77943304.000000,645302.000000,0.008279
935,739,67,0.015918,0.015559,77818394.000000,645064.000000,0.008289
936,739,66,0.015885,0.015491,77889073.000000,643204.000000,0.008258
937,739,66,0.015914,0.015547,77990070.000000,644451.000000,0.008263
938,739,66,0.015928,0.015540,78124641.000000,645516.000000,0.008263
939,740,66,0.016274,0.015902,78423014.000000,649751.000000,0.008285
940,741,66,0.015990,0.015596,78360893.000000,647811.000000,0.008267
941,742,66,0.016012,0.015643,78451641.000000,647033.000000,0.008248
942,743,66,0.016026,0.015639,78537634.000000,647132.000000,0.008240
943,744,65,0.016126,0.015734,78815799.000000,650836.000000,0.008258
944,745,65,0.016261,0.015872,79448273.000000,653020.000000,0.008219
945,746,65,0.016475,0.016081,79591215.000000,657111.000000,0.008256
946,747,65,0.016293,0.015899,79695586.000000,655238.000000,0.008222
947,747,65,0.016427,0.016029,80153932.000000,658548.000000,0.008216
948,748,65,0.016313,0.015914,79882616.000000,655607.000000,0.008207
949,748,65,0.016479,0.016084,80565989.000000,662669.000000,0.008225
950,749,64,0.016504,0.016114,80769364.000000,663733.000000,0.008218
951,750,64,0.016680,0.016307,81182598.000000,670097.000000,0.008254
952,751,64,0.016684,0.016288,81233323.000000,666791.000000,0.008208
953,752,64,0.016573,0.016216,81317516.000000,668188.000000,0.008217
954,753,64,0.016598,0.016215,81405667.000000,668190.000000,0.008208
955,754,64,0.016627,0.016257,81532535.000000,668994.000000,0.008205
956,754,64,0.016662,0.016293,81509638.000000,669093.000000,0.008209
957,755,63,0.016884,0.016501,81671527.000000,673518.000000,0.008247
958,756,63,0.016737,0.016350,81664421.000000,671612.000000,0.008224
959,757,63,0.016737,0.016371,81786679.000000,673348.000000,0.008233
960,757,63,0.016686,0.016323,81738917.000000,672394.000000,0.008226
961,758,63,0.016731,0.016345,81765392.000000,671685.000000,0.008215
962,759,63,0.016729,0.016330,81890562.000000,673446.000000,0.008224
963,760,63,0.016988,0.016593,82459662.000000,681123.000000,0.008260
964,761,62,0.016795,0.016400,82336697.000000,678450.000000,0.008240
965,762,62,0.016839,0.016474,82463947.000000,680406.000000,0.008251
966,763,62,0.016860,0.016463,82583432.000000,680881.000000,0.008245
967,764,62,0.017036,0.016669,83353413.000000,684284.000000,0.008209
968,764,62,0.017103,0.016731,83373769.000000,684469.000000,0.008210
969,764,62,0.017226,0.016854,83448993.000000,685640.000000,0.008216
970,765,62,0.017081,0.016682,83508883.000000,683228.000000,0.008182
971,766,61,0.017147,0.016778,83805878.000000,690135.000000,0.008235
972,767,61,0.017125,0.016717,83890284.000000,690573.000000,0.008232
973,767,61,0.017150,0.016779,83984930.000000,691577.000000,0.008235
974,768,61,0.017203,0.016807,84150823.000000,690097.000000,0.008201
975,769,61,0.017496,0.017096,84750711.000000,696132.000000,0.008214
976,770,61,0.017214,0.016808,84366524.000000,692425.000000,0.008207
977,771,61,0.017301,0.016922,84451458.000000,690947.000000,0.008182
978,772,60,0.017280,0.016885,84541980.000000,691596.000000,0.008181
979,773,60,0.017418,0.017015,84817980.000000,695269.000000,0.008197
980,774,60,0.017467,0.017070,85046403.000000,698057.000000,0.008208
981,775,60,0.018627,0.018202,85874305.000000,708966.000000,0.008256
982,776,60,0.017470,0.017046,85493813.000000,701269.000000,0.008203
983,777,60,0.017466,0.017059,85741262.000000,700616.000000,0.008171
984,777,60,0.017616,0.017220,86185325.000000,703578.000000,0.008164
985,778,60,0.017570,0.017191,86071469.000000,705221.000000,0.008193
986,779,59,0.017703,0.017303,86253746.000000,706922.000000,0.008196
