frame,nb of entities,FPS,frame length,physics length,L1-dcache-loads,L1-dcache-load-misses,L1-dcache-load-miss-ratio
0,3,302,0.001507,0.000025,647834.000000,36078.000000,0.055690
1,4,302,0.003322,0.000025,759382.000000,37767.000000,0.049734
2,5,302,0.003324,0.000031,741753.000000,38139.000000,0.051417
3,6,302,0.003321,0.000034,775005.000000,37415.000000,0.048277
4,7,302,0.003327,0.000028,763315.000000,37681.000000,0.049365
5,8,302,0.003318,0.000035,715846.000000,34240.000000,0.047832
6,9,302,0.003329,0.000034,740959.000000,37618.000000,0.050769
7,10,302,0.003319,0.000050,746977.000000,42081.000000,0.056335
8,11,302,0.003319,0.000043,733782.000000,41639.000000,0.056746
9,12,302,0.003319,0.000052,778725.000000,42299.000000,0.054318
10,13,302,0.003326,0.000042,739208.000000,34613.000000,0.046824
11,14,302,0.003315,0.000047,819761.000000,42627.000000,0.051999
12,15,302,0.003325,0.000048,801948.000000,41547.000000,0.051808
13,16,302,0.003320,0.000058,821742.000000,45929.000000,0.055892
14,17,303,0.003322,0.000062,818536.000000,45440.000000,0.055514
15,18,303,0.003319,0.000061,778250.000000,40526.000000,0.052073
16,19,303,0.003327,0.000065,809674.000000,43943.000000,0.054272
17,20,303,0.003316,0.000062,818834.000000,44569.000000,0.054430
18,21,303,0.003321,0.000070,823128.000000,43355.000000,0.052671
19,22,303,0.003320,0.000070,827660.000000,49364.000000,0.059643
20,23,303,0.003323,0.000074,800095.000000,39507.000000,0.049378
21,24,303,0.003315,0.000077,857393.000000,45063.000000,0.052558
22,25,303,0.003328,0.000045,829335.000000,38691.000000,0.046653
23,26,303,0.003322,0.000056,815857.000000,39487.000000,0.048399
24,27,303,0.003320,0.000082,845887.000000,45774.000000,0.054114
25,28,303,0.003322,0.000071,813553.000000,40303.000000,0.049539
26,29,303,0.003323,0.000087,866981.000000,45471.000000,0.052448
27,30,303,0.003318,0.000090,862842.000000,44890.000000,0.052026
28,31,303,0.003322,0.000092,866021.000000,45965.000000,0.053076
29,32,303,0.003315,0.000067,878218.000000,40397.000000,0.045999
30,33,303,0.003324,0.000067,821474.000000,35059.000000,0.042678
31,34,303,0.003323,0.000067,858676.000000,39006.000000,0.045426
32,35,303,0.003322,0.000067,862097.000000,39353.000000,0.045648
33,35,303,0.003327,0.000063,855667.000000,39058.000000,0.045646
34,36,303,0.003316,0.000069,862819.000000,39354.000000,0.045611
35,37,303,0.003329,0.000072,845488.000000,35792.000000,0.042333
36,38,303,0.003317,0.000076,899558.000000,40228.000000,0.044720
37,39,303,0.003327,0.000075,904658.000000,40648.000000,0.044932
38,40,303,0.003320,0.000082,917440.000000,41118.000000,0.044818
39,41,303,0.003329,0.000094,924701.000000,40948.000000,0.044282
40,42,303,0.003316,0.000086,876915.000000,36594.000000,0.041730
41,43,303,0.003315,0.000148,979787.000000,50084.000000,0.051117
42,44,303,0.003322,0.000091,940887.000000,40387.000000,0.042924
43,45,303,0.003326,0.000092,936111.000000,40238.000000,0.042984
44,46,303,0.003321,0.000091,938360.000000,40857.000000,0.043541
45,47,303,0.003327,0.000093,923012.000000,37548.000000,0.040680
46,48,303,0.003348,0.000093,916784.000000,40865.000000,0.044574
47,49,303,0.003295,0.000100,977709.000000,41518.000000,0.042465
48,50,303,0.003320,0.000098,965899.000000,40823.000000,0.042264
49,50,303,0.003325,0.000104,1002839.000000,40998.000000,0.040882
50,51,303,0.003323,0.000084,963293.000000,37779.000000,0.039219
51,52,303,0.003325,0.000106,994147.000000,40805.000000,0.041045
52,53,303,0.003322,0.000106,990621.000000,41360.000000,0.041752
53,54,303,0.003322,0.000114,1067785.000000,42679.000000,0.039970
54,54,303,0.003321,0.000086,1013656.000000,40840.000000,0.040290
55,55,303,0.003326,0.000111,971249.000000,37713.000000,0.038829
56,56,303,0.003320,0.000111,1015875.000000,42000.000000,0.041344
57,57,303,0.003324,0.000110,1010733.000000,41033.000000,0.040597
58,58,303,0.003328,0.000109,1010969.000000,41030.000000,0.040585
59,59,303,0.003320,0.000114,1015347.000000,41907.000000,0.041274
60,59,301,0.003328,0.000109,969763.000000,37489.000000,0.038658
61,60,301,0.003321,0.000114,1041725.000000,42893.000000,0.041175
62,60,301,0.003325,0.000110,1008827.000000,41344.000000,0.040982
63,61,301,0.003319,0.000114,1012044.000000,41295.000000,0.040804
64,61,301,0.003328,0.000109,1008930.000000,40971.000000,0.040608
65,62,301,0.003321,0.000102,1019286.000000,39375.000000,0.038630
66,62,301,0.003335,0.000102,1034925.000000,42209.000000,0.040785
67,63,301,0.003321,0.000105,1040092.000000,42329.000000,0.040697
68,64,300,0.003326,0.000116,1041646.000000,43943.000000,0.042186
69,65,300,0.003319,0.000118,1060842.000000,43919.000000,0.041400
70,66,300,0.003327,0.000110,1018705.000000,38275.000000,0.037572
71,67,300,0.003321,0.000125,1061064.000000,42584.000000,0.040133
72,68,300,0.003322,0.000100,1046292.000000,42277.000000,0.040407
73,69,300,0.003324,0.000098,1067883.000000,41898.000000,0.039235
74,69,300,0.003325,0.000106,1065706.000000,41994.000000,0.039405
75,70,300,0.003347,0.000117,1004382.000000,38790.000000,0.038621
76,71,300,0.003305,0.000111,1069005.000000,42511.000000,0.039767
77,72,300,0.003319,0.000126,1099239.000000,43458.000000,0.039535
78,73,300,0.003327,0.000114,1042641.000000,42698.000000,0.040952
79,74,300,0.003319,0.000127,1091335.000000,42346.000000,0.038802
80,75,300,0.003391,0.000103,1072482.000000,39842.000000,0.037149
81,76,300,0.003299,0.000146,1061349.000000,43397.000000,0.040889
82,77,300,0.003324,0.000122,1119467.000000,42714.000000,0.038156
83,78,300,0.003322,0.000170,1164687.000000,47261.000000,0.040578
84,79,300,0.003321,0.000128,1145363.000000,43119.000000,0.037647
85,80,300,0.003328,0.000128,1126649.000000,39827.000000,0.035350
86,81,300,0.003319,0.000128,1156459.000000,43543.000000,0.037652
87,82,300,0.003326,0.000130,1160489.000000,43662.000000,0.037624
88,82,300,0.003323,0.000126,1143140.000000,42277.000000,0.036983
89,83,300,0.003324,0.000132,1158323.000000,43523.000000,0.037574
90,83,300,0.003322,0.000126,1115690.000000,39156.000000,0.035096
91,84,300,0.003328,0.000155,1169255.000000,46761.000000,0.039992
92,84,300,0.003347,0.000132,1080540.000000,43822.000000,0.040556
93,85,300,0.003349,0.000134,1086195.000000,43658.000000,0.040194
94,86,300,0.003345,0.000155,1091368.000000,45149.000000,0.041369
95,87,300,0.003341,0.000130,1072099.000000,40658.000000,0.037924
96,88,300,0.003343,0.000128,1094352.000000,44032.000000,0.040236
97,89,300,0.003339,0.000157,1149379.000000,45440.000000,0.039534
98,90,300,0.003339,0.000132,1130287.000000,44503.000000,0.039373
99,91,300,0.003353,0.000144,1162460.000000,44747.000000,0.038493
100,92,300,0.003319,0.000174,1111426.000000,41611.000000,0.037439
101,93,300,0.003344,0.000161,1167331.000000,45031.000000,0.038576
102,93,300,0.003348,0.000167,1149721.000000,44445.000000,0.038657
103,94,300,0.003349,0.000166,1163096.000000,45256.000000,0.038910
104,95,300,0.003343,0.000156,1153567.000000,44888.000000,0.038912
105,96,300,0.003354,0.000156,1130652.000000,41711.000000,0.036891
106,97,300,0.003346,0.000173,1193904.000000,46158.000000,0.038661
107,98,300,0.003334,0.000172,1215869.000000,46793.000000,0.038485
108,98,300,0.003364,0.000181,1220250.000000,46950.000000,0.038476
109,99,300,0.003343,0.000167,1209156.000000,46358.000000,0.038339
110,100,300,0.003344,0.000152,1213616.000000,43081.000000,0.035498
111,101,300,0.003348,0.000185,1269823.000000,47364.000000,0.037300
112,102,300,0.003349,0.000176,1261882.000000,46481.000000,0.036835
113,103,300,0.003347,0.000230,1285808.000000,47260.000000,0.036755
114,104,300,0.003343,0.000174,1285614.000000,47630.000000,0.037048
115,105,300,0.003339,0.000167,1287933.000000,43797.000000,0.034006
116,106,300,0.003339,0.000184,1314828.000000,47175.000000,0.035879
117,107,300,0.003323,0.000203,1343562.000000,48213.000000,0.035884
118,108,299,0.003346,0.000308,1402637.000000,63467.000000,0.045248
119,108,299,0.003336,0.000206,1341902.000000,46663.000000,0.034774
120,109,299,0.003345,0.000208,1328626.000000,44491.000000,0.033486
121,110,299,0.003342,0.000227,1391139.000000,47864.000000,0.034406
122,111,299,0.003341,0.000239,1409959.000000,48435.000000,0.034352
123,112,299,0.003340,0.000218,1422073.000000,48475.000000,0.034088
124,113,299,0.003344,0.000217,1392604.000000,44095.000000,0.031664
125,114,299,0.003338,0.000263,1459622.000000,48894.000000,0.033498
126,115,299,0.003357,0.000244,1475514.000000,49918.000000,0.033831
127,116,299,0.003352,0.000255,1497194.000000,49300.000000,0.032928
128,117,299,0.003358,0.000265,1517193.000000,50228.000000,0.033106
129,118,299,0.003346,0.000269,1498981.000000,45606.000000,0.030425
130,118,299,0.003356,0.000237,1551311.000000,49293.000000,0.031775
131,118,299,0.003339,0.000222,1543339.000000,49209.000000,0.031885
132,119,299,0.003355,0.000247,1557877.000000,48820.000000,0.031338
133,120,299,0.003345,0.000253,1581812.000000,49541.000000,0.031319
134,121,299,0.003351,0.000233,1591062.000000,47677.000000,0.029966
135,122,299,0.003348,0.000270,1654777.000000,50640.000000,0.030602
136,123,299,0.003351,0.000261,1697896.000000,51748.000000,0.030478
137,124,299,0.003354,0.000324,1724417.000000,53789.000000,0.031193
138,125,299,0.003355,0.000313,1728465.000000,52623.000000,0.030445
139,126,299,0.003325,0.000330,1820488.000000,51444.000000,0.028258
140,127,299,0.003323,0.000302,1890101.000000,53580.000000,0.028348
141,128,299,0.003322,0.000327,1961078.000000,54481.000000,0.027781
142,128,299,0.003326,0.000350,1971814.000000,57185.000000,0.029001
143,129,299,0.003325,0.000360,1956507.000000,55320.000000,0.028275
144,129,299,0.003320,0.000349,1954505.000000,49653.000000,0.025404
145,129,299,0.003327,0.000344,2001851.000000,56196.000000,0.028072
146,130,299,0.003321,0.000334,2038658.000000,56330.000000,0.027631
147,130,299,0.003327,0.000347,2067558.000000,55551.000000,0.026868
148,131,299,0.003321,0.000367,2076798.000000,56827.000000,0.027363
149,132,299,0.003326,0.000356,2100753.000000,52347.000000,0.024918
150,133,299,0.003322,0.000359,2128579.000000,54857.000000,0.025772
151,134,299,0.003328,0.000383,2184854.000000,57732.000000,0.026424
152,135,299,0.003321,0.000430,2186645.000000,58345.000000,0.026682
153,136,299,0.003327,0.000378,2229793.000000,56602.000000,0.025384
154,137,299,0.003321,0.000395,2261126.000000,54124.000000,0.023937
155,138,299,0.003328,0.000416,2325348.000000,59520.000000,0.025596
156,138,299,0.003321,0.000453,2330031.000000,58431.000000,0.025077
157,139,299,0.003327,0.000409,2332475.000000,59253.000000,0.025403
158,139,299,0.003319,0.000448,2309572.000000,56831.000000,0.024607
159,139,299,0.003328,0.000403,2277472.000000,52844.000000,0.023203
160,140,299,0.003322,0.000406,2356154.000000,59245.000000,0.025145
161,141,299,0.003325,0.000424,2390690.000000,59167.000000,0.024749
162,142,299,0.003321,0.000422,2428353.000000,58740.000000,0.024189
163,143,299,0.003326,0.000408,2460290.000000,60435.000000,0.024564
164,143,299,0.003326,0.000483,2399449.000000,55537.000000,0.023146
165,143,299,0.003318,0.000661,2646163.000000,75385.000000,0.028488
166,144,299,0.003322,0.000523,2670099.000000,69650.000000,0.026085
167,145,299,0.003326,0.000611,2703576.000000,65690.000000,0.024297
168,146,299,0.003315,0.000608,2712435.000000,68793.000000,0.025362
169,146,299,0.003322,0.000499,2706950.000000,59030.000000,0.021807
170,147,299,0.003327,0.000449,2806811.000000,64139.000000,0.022851
171,148,299,0.003319,0.000519,2847129.000000,63446.000000,0.022284
172,149,300,0.003327,0.000606,2899732.000000,66080.000000,0.022788
173,150,300,0.003324,0.000555,2934595.000000,65116.000000,0.022189
174,150,300,0.003324,0.000610,2862904.000000,60436.000000,0.021110
175,151,300,0.003321,0.000547,2942979.000000,66008.000000,0.022429
176,152,300,0.003323,0.000554,2958925.000000,64885.000000,0.021929
177,153,300,0.003323,0.000579,2983149.000000,65419.000000,0.021930
178,153,300,0.003323,0.000561,2999571.000000,65480.000000,0.021830
179,154,300,0.003319,0.000634,3014962.000000,62408.000000,0.020699
180,155,300,0.003326,0.000593,3079910.000000,66594.000000,0.021622
181,155,300,0.003321,0.000591,3112418.000000,67055.000000,0.021544
182,155,300,0.003324,0.000583,3098687.000000,66790.000000,0.021554
183,156,300,0.003320,0.000669,3162658.000000,67539.000000,0.021355
184,157,300,0.003326,0.000589,3131710.000000,63611.000000,0.020312
185,157,300,0.003320,0.000673,3220813.000000,67367.000000,0.020916
186,158,300,0.003325,0.000628,3277247.000000,69012.000000,0.021058
187,159,300,0.003323,0.000604,3271300.000000,69010.000000,0.021096
188,160,300,0.003320,0.000653,3354885.000000,69596.000000,0.020745
189,161,300,0.003326,0.000670,3370035.000000,68423.000000,0.020303
190,162,300,0.003322,0.000732,3442821.000000,71800.000000,0.020855
191,163,300,0.003320,0.000875,3571548.000000,82393.000000,0.023069
192,164,300,0.003325,0.000714,3517618.000000,72833.000000,0.020705
193,165,300,0.003320,0.000952,3729236.000000,88147.000000,0.023637
194,166,300,0.003325,0.000698,3501081.000000,69768.000000,0.019928
195,167,300,0.003324,0.000869,3614413.000000,85490.000000,0.023653
196,168,300,0.003322,0.000675,3567369.000000,71588.000000,0.020067
197,169,300,0.003329,0.000694,3630940.000000,75278.000000,0.020732
198,170,300,0.003319,0.000841,3678195.000000,74359.000000,0.020216
199,171,300,0.003368,0.000698,3557371.000000,70852.000000,0.019917
200,171,300,0.003373,0.000697,3612931.000000,72233.000000,0.019993
201,172,300,0.003371,0.000730,3610201.000000,72719.000000,0.020143
202,173,300,0.003322,0.000645,3671119.000000,72996.000000,0.019884
203,174,300,0.003378,0.000771,3790155.000000,74726.000000,0.019716
204,175,300,0.003363,0.000813,3722637.000000,70184.000000,0.018853
205,175,300,0.003364,0.000709,3787297.000000,73480.000000,0.019402
206,176,300,0.003360,0.000685,3801809.000000,74485.000000,0.019592
207,176,300,0.003366,0.000757,3884746.000000,74560.000000,0.019193
208,177,300,0.003360,0.000694,3906674.000000,76108.000000,0.019482
209,178,300,0.003364,0.000796,3866839.000000,70150.000000,0.018141
210,179,300,0.003365,0.000704,3955073.000000,74216.000000,0.018765
211,180,300,0.003379,0.000822,4002633.000000,75696.000000,0.018912
212,181,300,0.003367,0.000875,4055888.000000,76932.000000,0.018968
213,182,299,0.003376,0.000777,4099405.000000,77404.000000,0.018882
214,183,299,0.003368,0.000745,4076346.000000,73288.000000,0.017979
215,184,299,0.003393,0.000840,4227581.000000,80274.000000,0.018988
216,185,299,0.003372,0.000858,4299853.000000,81051.000000,0.018850
217,186,299,0.003370,0.000859,4194463.000000,78294.000000,0.018666
218,186,299,0.003367,0.000811,4174480.000000,76763.000000,0.018389
219,187,299,0.003607,0.000856,4212280.000000,74951.000000,0.017793
220,188,299,0.003193,0.000860,4370098.000000,81705.000000,0.018696
221,189,299,0.003371,0.000832,4442582.000000,79585.000000,0.017914
222,190,299,0.003387,0.001037,4481453.000000,82975.000000,0.018515
223,190,299,0.003338,0.000871,4500944.000000,83472.000000,0.018545
224,191,299,0.003386,0.000941,4471061.000000,79547.000000,0.017792
225,192,299,0.003385,0.001005,4603612.000000,85235.000000,0.018515
226,193,298,0.003375,0.000933,4626691.000000,85377.000000,0.018453
227,194,298,0.003387,0.001013,4641723.000000,83523.000000,0.017994
228,194,298,0.003508,0.001011,4715348.000000,87546.000000,0.018566
229,195,298,0.003296,0.001039,4756125.000000,83395.000000,0.017534
230,195,298,0.003323,0.001008,4777183.000000,85076.000000,0.017809
231,195,298,0.003324,0.000944,4796165.000000,83568.000000,0.017424
232,195,298,0.003325,0.001105,4920695.000000,90511.000000,0.018394
233,196,298,0.003325,0.000988,4770750.000000,84464.000000,0.017705
234,197,298,0.003324,0.000977,4777723.000000,80694.000000,0.016890
235,197,298,0.003322,0.001033,4907719.000000,86875.000000,0.017702
236,198,298,0.003326,0.001010,4990325.000000,86453.000000,0.017324
237,199,298,0.003321,0.000984,4939527.000000,87557.000000,0.017726
238,199,298,0.003328,0.001013,4915498.000000,85542.000000,0.017403
239,200,298,0.003323,0.001007,4890510.000000,80966.000000,0.016556
240,201,298,0.003326,0.000981,4987400.000000,87838.000000,0.017612
241,202,298,0.003319,0.001105,5038560.000000,87903.000000,0.017446
242,203,298,0.003327,0.001037,5039309.000000,86053.000000,0.017076
243,204,298,0.003321,0.001053,5078770.000000,88534.000000,0.017432
244,205,298,0.003327,0.001069,5074178.000000,84404.000000,0.016634
245,206,298,0.003320,0.001129,5233971.000000,89717.000000,0.017141
246,207,298,0.003326,0.001058,5315154.000000,91910.000000,0.017292
247,208,298,0.003322,0.001054,5326461.000000,91282.000000,0.017137
248,208,298,0.003327,0.001089,5342126.000000,89874.000000,0.016824
249,209,298,0.003319,0.001100,5413896.000000,89132.000000,0.016464
250,210,298,0.003324,0.001049,5459093.000000,90881.000000,0.016648
251,211,298,0.003325,0.001143,5548156.000000,91998.000000,0.016582
252,212,298,0.003323,0.001131,5624942.000000,94916.000000,0.016874
253,213,298,0.003324,0.001137,5800972.000000,97778.000000,0.016855
254,214,298,0.003326,0.001227,5880446.000000,91507.000000,0.015561
255,214,298,0.003323,0.001226,5960088.000000,98175.000000,0.016472
256,215,298,0.003330,0.001170,6108610.000000,98109.000000,0.016061
257,216,298,0.003316,0.001312,6243556.000000,101028.000000,0.016181
258,217,298,0.003328,0.001233,6218800.000000,98725.000000,0.015875
259,218,298,0.003404,0.001450,6281870.000000,102365.000000,0.016295
260,218,298,0.003394,0.001318,6304409.000000,100222.000000,0.015897
261,219,298,0.003399,0.001289,6503002.000000,102600.000000,0.015777
262,219,298,0.003405,0.001333,6267889.000000,100179.000000,0.015983
263,220,298,0.003399,0.001255,6320762.000000,100631.000000,0.015921
264,220,298,0.003398,0.001238,6364913.000000,96467.000000,0.015156
265,221,298,0.003392,0.001322,6511892.000000,101757.000000,0.015626
266,222,298,0.003386,0.001235,6531910.000000,100641.000000,0.015408
267,223,298,0.003364,0.001371,6593133.000000,102282.000000,0.015513
268,223,298,0.003394,0.001245,6578259.000000,101285.000000,0.015397
269,224,298,0.003395,0.001261,6601408.000000,98017.000000,0.014848
270,225,298,0.003363,0.001373,6685529.000000,104754.000000,0.015669
271,226,298,0.003399,0.001278,6706234.000000,101994.000000,0.015209
272,227,297,0.003407,0.001408,6754776.000000,104892.000000,0.015529
273,227,298,0.003328,0.001294,6851500.000000,104472.000000,0.015248
274,228,298,0.003350,0.002198,7356416.000000,149198.000000,0.020281
275,229,298,0.003366,0.002266,7554158.000000,158237.000000,0.020947
276,229,298,0.003349,0.002211,7399639.000000,153072.000000,0.020686
277,230,298,0.003322,0.001501,7021887.000000,111132.000000,0.015827
278,231,298,0.003322,0.001509,6998760.000000,106542.000000,0.015223
279,232,298,0.003325,0.001404,6983642.000000,101613.000000,0.014550
280,232,298,0.003321,0.001365,7176898.000000,106859.000000,0.014889
281,233,298,0.003333,0.001497,7224155.000000,108068.000000,0.014959
282,234,298,0.003313,0.001497,7234730.000000,105829.000000,0.014628
283,235,298,0.003323,0.001399,7291564.000000,108354.000000,0.014860
284,235,298,0.003327,0.001522,7317396.000000,105582.000000,0.014429
285,236,298,0.003322,0.001482,7349290.000000,108402.000000,0.014750
286,236,298,0.003325,0.001464,7385781.000000,111583.000000,0.015108
287,237,299,0.003327,0.001639,7360650.000000,109126.000000,0.014826
288,238,299,0.003325,0.001435,7390317.000000,110354.000000,0.014932
289,239,299,0.003416,0.001563,7675025.000000,126546.000000,0.016488
290,240,298,0.003413,0.001596,7579596.000000,114190.000000,0.015065
291,241,298,0.003411,0.001512,7643994.000000,112361.000000,0.014699
292,242,298,0.003417,0.001741,7819895.000000,116216.000000,0.014862
293,242,298,0.003409,0.001520,7727338.000000,109931.000000,0.014226
294,243,298,0.003415,0.001531,7728121.000000,115975.000000,0.015007
295,244,298,0.003414,0.001637,7889106.000000,115032.000000,0.014581
296,245,298,0.003412,0.001572,7970518.000000,117338.000000,0.014722
297,246,298,0.003338,0.001703,8008168.000000,117745.000000,0.014703
298,247,298,0.003326,0.001853,8142462.000000,123830.000000,0.015208
299,248,298,0.003328,0.001576,8098284.000000,116017.000000,0.014326
300,248,298,0.003323,0.001860,8092525.000000,117256.000000,0.014489
301,249,298,0.003326,0.001558,8090585.000000,114031.000000,0.014094
302,250,298,0.003326,0.001569,8105172.000000,115879.000000,0.014297
303,251,298,0.003326,0.001733,8100539.000000,113010.000000,0.013951
304,251,298,0.003330,0.001970,8140400.000000,117698.000000,0.014459
305,252,298,0.003326,0.001568,8129504.000000,116400.000000,0.014318
306,253,298,0.003335,0.001854,8156432.000000,116866.000000,0.014328
307,254,298,0.003321,0.001580,8262993.000000,118449.000000,0.014335
308,255,298,0.003326,0.001600,8284852.000000,117065.000000,0.014130
309,256,298,0.003325,0.001832,8343428.000000,120200.000000,0.014407
310,257,298,0.003329,0.001675,8455121.000000,123619.000000,0.014621
311,258,298,0.003319,0.001718,8557511.000000,121672.000000,0.014218
312,258,297,0.003435,0.002057,8424798.000000,122966.000000,0.014596
313,259,297,0.003418,0.001672,8406346.000000,117686.000000,0.014000
314,260,297,0.003408,0.001642,8447519.000000,121363.000000,0.014367
315,261,297,0.003421,0.001728,8538429.000000,127275.000000,0.014906
316,262,297,0.003417,0.001636,8497307.000000,120919.000000,0.014230
317,262,297,0.003455,0.001841,8666266.000000,125776.000000,0.014513
318,263,297,0.003425,0.001883,8776373.000000,130368.000000,0.014854
319,263,297,0.003457,0.001856,8841466.000000,125623.000000,0.014208
320,264,296,0.003421,0.001737,8818865.000000,124822.000000,0.014154
321,265,296,0.003469,0.001938,8959508.000000,130493.000000,0.014565
322,266,296,0.003422,0.001724,8912893.000000,124977.000000,0.014022
323,267,296,0.003419,0.001831,9042778.000000,125979.000000,0.013931
324,268,296,0.003425,0.001816,9107679.000000,127511.000000,0.014000
325,269,296,0.003423,0.001816,9137403.000000,129323.000000,0.014153
326,270,296,0.003432,0.001930,9154372.000000,127927.000000,0.013974
327,271,296,0.003344,0.002155,9324651.000000,132857.000000,0.014248
328,272,296,0.003326,0.001811,9344139.000000,126101.000000,0.013495
329,272,296,0.003334,0.002016,9467874.000000,131241.000000,0.013862
330,273,296,0.003330,0.001910,9502521.000000,130112.000000,0.013692
331,274,297,0.003337,0.002048,9718034.000000,131645.000000,0.013546
332,275,297,0.003333,0.001945,9748594.000000,131234.000000,0.013462
333,276,297,0.003337,0.002048,9774147.000000,130012.000000,0.013302
334,276,297,0.003337,0.002052,9767423.000000,132676.000000,0.013584
335,276,297,0.003335,0.001982,9826529.000000,131227.000000,0.013354
336,276,297,0.003336,0.002004,9918993.000000,134756.000000,0.013586
337,277,297,0.003341,0.002046,9927082.000000,133811.000000,0.013479
338,278,297,0.003332,0.001984,9917248.000000,131134.000000,0.013223
339,279,297,0.003343,0.002006,10014368.000000,134032.000000,0.013384
340,280,297,0.003340,0.002186,10062047.000000,135099.000000,0.013427
341,281,297,0.003343,0.002015,10217836.000000,136363.000000,0.013346
342,282,297,0.003334,0.002035,10134699.000000,137627.000000,0.013580
343,283,297,0.003346,0.002108,10252694.000000,133077.000000,0.012980
344,284,296,0.003342,0.002057,10427939.000000,137968.000000,0.013231
345,285,296,0.003345,0.002101,10461441.000000,139265.000000,0.013312
346,286,296,0.003352,0.002231,10471665.000000,136208.000000,0.013007
347,287,296,0.003359,0.002234,10580957.000000,140808.000000,0.013308
348,287,296,0.003304,0.002116,10610308.000000,138112.000000,0.013017
349,288,297,0.003344,0.002162,10685730.000000,139599.000000,0.013064
350,289,297,0.003353,0.002209,10765988.000000,140973.000000,0.013094
351,290,297,0.003339,0.002108,10845961.000000,140271.000000,0.012933
352,291,297,0.003351,0.002228,10948090.000000,142190.000000,0.012988
353,292,297,0.003347,0.002169,10902175.000000,137361.000000,0.012599
354,293,297,0.003343,0.002216,11015465.000000,142720.000000,0.012956
355,294,297,0.003346,0.002169,11097234.000000,141435.000000,0.012745
356,295,297,0.003364,0.002257,11160655.000000,145097.000000,0.013001
357,296,297,0.003460,0.002584,11212633.000000,145096.000000,0.012940
358,296,297,0.003442,0.002186,11227838.000000,141532.000000,0.012605
359,297,297,0.003451,0.002306,11528600.000000,147164.000000,0.012765
360,297,296,0.003443,0.002200,11236827.000000,143841.000000,0.012801
361,298,296,0.003397,0.002395,11341115.000000,146798.000000,0.012944
362,298,296,0.003336,0.002622,11390048.000000,150502.000000,0.013213
363,299,296,0.003350,0.002257,11352741.000000,141330.000000,0.012449
364,300,296,0.003355,0.002331,11525562.000000,148865.000000,0.012916
365,301,296,0.003356,0.002302,11639870.000000,146610.000000,0.012596
366,302,296,0.003351,0.002302,11700330.000000,147764.000000,0.012629
367,302,296,0.003363,0.002456,11633592.000000,143202.000000,0.012309
368,303,296,0.003356,0.002379,11861262.000000,154224.000000,0.013002
369,304,296,0.003355,0.002642,12011203.000000,151176.000000,0.012586
370,305,296,0.003371,0.002675,12284161.000000,167016.000000,0.013596
371,306,296,0.003369,0.002632,12397456.000000,165235.000000,0.013328
372,307,296,0.003368,0.002627,12283152.000000,167524.000000,0.013639
373,308,296,0.003482,0.002858,12282521.000000,153476.000000,0.012495
374,309,296,0.003449,0.002443,12342677.000000,156377.000000,0.012670
375,309,296,0.003444,0.002455,12418863.000000,157363.000000,0.012671
376,310,296,0.003460,0.002526,12586870.000000,161695.000000,0.012846
377,311,296,0.003386,0.002912,12747889.000000,162077.000000,0.012714
378,311,296,0.003368,0.002705,12592669.000000,161615.000000,0.012834
379,312,296,0.003363,0.002540,12650297.000000,159266.000000,0.012590
380,313,296,0.003370,0.002669,12788929.000000,165742.000000,0.012960
381,314,296,0.003365,0.002568,12953795.000000,162664.000000,0.012557
382,314,296,0.003603,0.002956,12971914.000000,160361.000000,0.012362
383,315,296,0.003479,0.002600,13030427.000000,164509.000000,0.012625
384,316,296,0.003384,0.002548,13011323.000000,162093.000000,0.012458
385,317,296,0.003480,0.002685,13137072.000000,166908.000000,0.012705
386,318,296,0.003487,0.003065,13178621.000000,168915.000000,0.012817
387,318,296,0.003364,0.002655,13174219.000000,160389.000000,0.012174
388,319,296,0.003378,0.002621,13233519.000000,164723.000000,0.012447
389,320,296,0.003363,0.002637,13288031.000000,164351.000000,0.012368
390,321,296,0.003368,0.002601,13307804.000000,164728.000000,0.012378
391,322,296,0.003367,0.002630,13433391.000000,165710.000000,0.012336
392,322,295,0.003578,0.003098,13511898.000000,166064.000000,0.012290
393,323,295,0.003372,0.002739,13637384.000000,167368.000000,0.012273
394,324,295,0.003384,0.002685,13771459.000000,167957.000000,0.012196
395,324,295,0.003313,0.002955,13893367.000000,170849.000000,0.012297
396,324,295,0.003367,0.002718,13871859.000000,170110.000000,0.012263
397,325,295,0.003376,0.002827,13855180.000000,168315.000000,0.012148
398,326,295,0.003375,0.002727,13926844.000000,171320.000000,0.012301
399,327,295,0.003378,0.002796,14041543.000000,172199.000000,0.012264
400,328,295,0.003388,0.002793,14149143.000000,173381.000000,0.012254
401,329,295,0.003375,0.002893,14101108.000000,173685.000000,0.012317
402,330,295,0.003377,0.002762,14068055.000000,169282.000000,0.012033
403,331,295,0.003382,0.002854,14270363.000000,177495.000000,0.012438
404,332,295,0.003379,0.002830,14321432.000000,176110.000000,0.012297
405,333,295,0.003381,0.002859,14310419.000000,174822.000000,0.012216
406,334,295,0.003401,0.002878,14392607.000000,182299.000000,0.012666
407,335,295,0.003382,0.002891,14334917.000000,172603.000000,0.012041
408,336,294,0.003349,0.002855,14518018.000000,176772.000000,0.012176
409,337,294,0.003378,0.002854,14626029.000000,180429.000000,0.012336
410,338,294,0.003383,0.002923,14771657.000000,179977.000000,0.012184
411,338,294,0.003326,0.002964,14918582.000000,182756.000000,0.012250
412,339,294,0.003434,0.003094,14974818.000000,181259.000000,0.012104
413,340,294,0.003397,0.003049,15044928.000000,182254.000000,0.012114
414,340,294,0.003426,0.003061,15024810.000000,180336.000000,0.012003
415,340,293,0.003866,0.003247,15064659.000000,184726.000000,0.012262
416,341,293,0.003620,0.003008,15031591.000000,178895.000000,0.011901
417,342,293,0.003768,0.003089,15237164.000000,186621.000000,0.012248
418,343,292,0.003695,0.003063,15296673.000000,185473.000000,0.012125
419,344,292,0.003790,0.003152,15431780.000000,190584.000000,0.012350
420,345,291,0.003696,0.003073,15434783.000000,185284.000000,0.012004
421,346,291,0.003768,0.003158,15489199.000000,185535.000000,0.011978
422,346,290,0.003796,0.003152,15583034.000000,190429.000000,0.012220
423,347,289,0.003803,0.003184,15781241.000000,189412.000000,0.012002
424,348,289,0.003757,0.003129,15661045.000000,190285.000000,0.012150
425,349,288,0.003819,0.003205,15802646.000000,185476.000000,0.011737
426,350,288,0.003877,0.003244,16062718.000000,192747.000000,0.012000
427,351,287,0.003865,0.003212,16107484.000000,189804.000000,0.011784
428,352,286,0.003947,0.003277,16169018.000000,195238.000000,0.012075
429,352,285,0.003853,0.003219,16292338.000000,187425.000000,0.011504
430,353,284,0.004026,0.003361,16626878.000000,196452.000000,0.011815
431,353,284,0.003977,0.003361,16670885.000000,195780.000000,0.011744
432,354,283,0.003979,0.003342,16719566.000000,193882.000000,0.011596
433,354,282,0.004045,0.003632,17033742.000000,209295.000000,0.012287
434,354,282,0.003777,0.003400,17122665.000000,193544.000000,0.011303
435,355,281,0.003840,0.003478,17461375.000000,198292.000000,0.011356
436,355,281,0.003764,0.003438,17248998.000000,196822.000000,0.011411
437,356,280,0.003820,0.003457,17359044.000000,198608.000000,0.011441
438,357,279,0.004029,0.003680,17528763.000000,201263.000000,0.011482
439,357,277,0.004746,0.004385,18041765.000000,236272.000000,0.013096
440,357,277,0.003865,0.003496,17494188.000000,199563.000000,0.011407
441,358,276,0.003933,0.003555,17617415.000000,203882.000000,0.011573
442,359,276,0.003999,0.003641,17691028.000000,200631.000000,0.011341
443,360,275,0.003969,0.003579,17868804.000000,204663.000000,0.011454
444,361,274,0.003923,0.003549,17752720.000000,201225.000000,0.011335
445,362,274,0.003964,0.003609,17910638.000000,204116.000000,0.011396
446,363,273,0.003919,0.003573,17886471.000000,198694.000000,0.011109
447,364,272,0.003992,0.003625,18014905.000000,204274.000000,0.011339
448,365,272,0.003975,0.003618,18060326.000000,204663.000000,0.011332
449,366,271,0.003994,0.003650,18204253.000000,205572.000000,0.011293
450,367,270,0.003984,0.003641,18191366.000000,199983.000000,0.010993
451,368,269,0.003997,0.003660,18283391.000000,205690.000000,0.011250
452,369,269,0.004008,0.003647,18371419.000000,204872.000000,0.011152
453,370,268,0.004128,0.003781,18791244.000000,212437.000000,0.011305
454,370,267,0.004109,0.003773,18798301.000000,210765.000000,0.011212
455,371,266,0.004082,0.003765,18760777.000000,204877.000000,0.010920
456,372,265,0.004211,0.003846,18909232.000000,212343.000000,0.011230
457,373,264,0.004172,0.003842,19034657.000000,213665.000000,0.011225
458,373,263,0.004360,0.004001,19136771.000000,220973.000000,0.011547
459,374,262,0.004170,0.003796,18985897.000000,207103.000000,0.010908
460,375,261,0.004185,0.003811,19073019.000000,213396.000000,0.011188
461,375,260,0.004281,0.003907,19263216.000000,216644.000000,0.011247
462,376,259,0.004349,0.004002,19445736.000000,215576.000000,0.011086
463,377,258,0.004327,0.003989,19521555.000000,216814.000000,0.011106
464,378,257,0.004255,0.003909,19498048.000000,216379.000000,0.011097
465,378,256,0.004293,0.003931,19562957.000000,217366.000000,0.011111
466,379,255,0.004254,0.003916,19580785.000000,214150.000000,0.010937
467,380,254,0.004367,0.004028,19824444.000000,219344.000000,0.011064
468,381,253,0.004338,0.003958,19858644.000000,219007.000000,0.011028
469,381,252,0.004415,0.004051,20026806.000000,220209.000000,0.010996
470,382,251,0.004397,0.004047,20036331.000000,217607.000000,0.010861
471,383,250,0.004397,0.004057,20127899.000000,221022.000000,0.010981
472,383,249,0.004373,0.004038,20104886.000000,220143.000000,0.010950
473,384,248,0.004374,0.004016,20182805.000000,222337.000000,0.011016
474,385,247,0.004419,0.004075,20272792.000000,219855.000000,0.010845
475,386,246,0.004511,0.004138,20538013.000000,226377.000000,0.011022
476,387,245,0.004501,0.004132,20615472.000000,226108.000000,0.010968
477,388,244,0.004625,0.004255,20801534.000000,228035.000000,0.010962
478,388,244,0.004484,0.004122,20576918.000000,220711.000000,0.010726
479,388,243,0.004522,0.004178,20658344.000000,227772.000000,0.011026
480,389,242,0.004512,0.004158,20709752.000000,224964.000000,0.010863
481,390,241,0.004717,0.004372,20874753.000000,229002.000000,0.010970
482,390,240,0.004560,0.004188,20780794.000000,231358.000000,0.011133
483,391,240,0.004543,0.004183,20855454.000000,227320.000000,0.010900
484,392,239,0.004581,0.004207,21078303.000000,229138.000000,0.010871
485,393,238,0.004593,0.004228,20945109.000000,228750.000000,0.010921
486,393,237,0.004562,0.004204,21154694.000000,228167.000000,0.010786
487,394,237,0.004712,0.004345,21439740.000000,236534.000000,0.011033
488,394,236,0.004685,0.004280,21505061.000000,235081.000000,0.010931
489,395,235,0.004697,0.004338,21708873.000000,230428.000000,0.010614
490,396,235,0.004736,0.004373,21626531.000000,232383.000000,0.010745
491,397,234,0.004699,0.004357,21663137.000000,235581.000000,0.010875
492,398,233,0.004698,0.004352,21681637.000000,231040.000000,0.010656
493,399,233,0.004774,0.004424,21826369.000000,235946.000000,0.010810
494,399,232,0.004791,0.004443,21819750.000000,236687.000000,0.010847
495,400,231,0.004749,0.004359,21878402.000000,234991.000000,0.010741
496,401,230,0.004881,0.004531,22309992.000000,237585.000000,0.010649
497,402,229,0.004876,0.004496,22344171.000000,241926.000000,0.010827
498,402,228,0.004853,0.004494,22417947.000000,240556.000000,0.010731
499,403,228,0.004930,0.004573,22577303.000000,240348.000000,0.010646
500,404,227,0.004972,0.004610,22780280.000000,243786.000000,0.010702
501,404,226,0.004941,0.004594,22819926.000000,245437.000000,0.010755
502,405,225,0.005066,0.004715,22930734.000000,243148.000000,0.010604
503,406,224,0.005051,0.004703,23007647.000000,247898.000000,0.010775
504,407,223,0.004990,0.004613,23027175.000000,245573.000000,0.010664
505,408,223,0.005029,0.004652,23252388.000000,246474.000000,0.010600
506,408,222,0.005145,0.004782,23105011.000000,242488.000000,0.010495
507,409,221,0.005026,0.004669,23081610.000000,245451.000000,0.010634
508,410,220,0.005030,0.004657,23158085.000000,247835.000000,0.010702
509,411,219,0.005045,0.004697,23452436.000000,245513.000000,0.010469
510,411,218,0.005096,0.004735,23319728.000000,248064.000000,0.010638
511,412,217,0.005036,0.004680,23288705.000000,246925.000000,0.010603
512,412,216,0.005092,0.004720,23355197.000000,247338.000000,0.010590
513,412,216,0.005116,0.004750,23711739.000000,248825.000000,0.010494
514,413,215,0.005155,0.004798,23652216.000000,251945.000000,0.010652
515,414,214,0.005124,0.004787,23761758.000000,250755.000000,0.010553
516,415,213,0.005130,0.004784,23795658.000000,246704.000000,0.010368
517,416,213,0.005236,0.004870,23943504.000000,254775.000000,0.010641
518,417,212,0.005173,0.004814,23945999.000000,254102.000000,0.010611
519,418,211,0.005154,0.004827,23973860.000000,251033.000000,0.010471
520,419,210,0.005186,0.004806,24081703.000000,254794.000000,0.010580
521,420,210,0.005248,0.004888,24341489.000000,254947.000000,0.010474
522,420,209,0.005569,0.005210,24609008.000000,260309.000000,0.010578
523,421,208,0.005209,0.004849,24309153.000000,255113.000000,0.010495
524,421,207,0.005263,0.004904,24424293.000000,256746.000000,0.010512
525,422,207,0.005348,0.004987,24514243.000000,254692.000000,0.010390
526,423,206,0.005260,0.004907,24526738.000000,256479.000000,0.010457
527,424,205,0.005301,0.004926,24588158.000000,256813.000000,0.010445
528,424,205,0.005338,0.004975,24679084.000000,257413.000000,0.010430
529,425,204,0.005379,0.004996,24943308.000000,264696.000000,0.010612
530,426,203,0.005388,0.005015,24729538.000000,258528.000000,0.010454
531,427,203,0.005387,0.005030,24933805.000000,263135.000000,0.010553
532,428,202,0.005402,0.005031,25184779.000000,264029.000000,0.010484
533,429,201,0.005412,0.005047,25106202.000000,265434.000000,0.010572
534,430,201,0.005400,0.005048,25122325.000000,260951.000000,0.010387
535,431,200,0.005450,0.005103,25248347.000000,264995.000000,0.010496
536,431,199,0.005455,0.005093,25232875.000000,263569.000000,0.010445
537,432,199,0.005463,0.005099,25246544.000000,265093.000000,0.010500
538,433,198,0.005497,0.005108,25311570.000000,261234.000000,0.010321
539,434,197,0.005598,0.005184,25603870.000000,268239.000000,0.010477
540,435,197,0.005617,0.005241,25549111.000000,273047.000000,0.010687
541,436,196,0.005689,0.005244,25913071.000000,279589.000000,0.010789
542,437,195,0.005550,0.005155,25781907.000000,269781.000000,0.010464
543,438,195,0.005767,0.005387,25841787.000000,269896.000000,0.010444
544,439,194,0.005609,0.005243,25917525.000000,273075.000000,0.010536
545,440,193,0.005827,0.005319,26199775.000000,272034.000000,0.010383
546,441,192,0.005767,0.005409,26282209.000000,270196.000000,0.010281
547,442,192,0.005725,0.005298,26535952.000000,272498.000000,0.010269
548,442,191,0.005781,0.005390,26671584.000000,275466.000000,0.010328
549,443,190,0.005789,0.005372,26754016.000000,272729.000000,0.010194
550,444,190,0.005755,0.005393,26863078.000000,275597.000000,0.010259
551,445,189,0.005862,0.005495,27033489.000000,279748.000000,0.010348
552,446,188,0.005867,0.005512,27211591.000000,276622.000000,0.010166
553,447,188,0.005977,0.005604,27353326.000000,282871.000000,0.010341
554,448,187,0.006157,0.005707,27497849.000000,283585.000000,0.010313
555,449,186,0.006015,0.005616,27846254.000000,284636.000000,0.010222
556,450,185,0.006278,0.005845,27873076.000000,287308.000000,0.010308
557,451,184,0.006495,0.006136,28019154.000000,295936.000000,0.010562
558,452,184,0.006146,0.005747,27912545.000000,282464.000000,0.010120
559,453,183,0.006043,0.005668,28052382.000000,286340.000000,0.010207
560,454,182,0.006077,0.005716,28140158.000000,282794.000000,0.010049
561,455,182,0.006126,0.005760,28251697.000000,288656.000000,0.010217
562,456,181,0.006234,0.005862,28399177.000000,293904.000000,0.010349
563,457,181,0.006065,0.005736,28452980.000000,284986.000000,0.010016
564,458,180,0.006141,0.005784,28554223.000000,288702.000000,0.010111
565,459,179,0.006128,0.005767,28649462.000000,293556.000000,0.010246
566,460,179,0.006367,0.005968,28667651.000000,288626.000000,0.010068
567,461,178,0.007089,0.006412,28841460.000000,294829.000000,0.010222
568,462,177,0.006508,0.005863,28858977.000000,291601.000000,0.010104
569,463,176,0.006520,0.005883,29043442.000000,295403.000000,0.010171
570,464,175,0.006619,0.005959,29191490.000000,299436.000000,0.010258
571,465,174,0.006572,0.005929,29373535.000000,294923.000000,0.010040
572,465,174,0.006520,0.005899,29154022.000000,297334.000000,0.010199
573,466,173,0.006904,0.006247,29265964.000000,301198.000000,0.010292
574,466,172,0.006483,0.005846,29133943.000000,293865.000000,0.010087
575,467,172,0.006469,0.005839,29141989.000000,294809.000000,0.010116
576,467,171,0.006437,0.005786,29087429.000000,290957.000000,0.010003
577,467,170,0.006389,0.005915,29236533.000000,299910.000000,0.010258
578,468,169,0.007180,0.006524,29407046.000000,298187.000000,0.010140
579,469,169,0.006616,0.005916,29774718.000000,300193.000000,0.010082
580,469,168,0.006698,0.005984,29911664.000000,306977.000000,0.010263
581,470,167,0.006712,0.006021,30025703.000000,302843.000000,0.010086
582,471,167,0.006694,0.006038,30190668.000000,306748.000000,0.010160
583,472,166,0.006785,0.006150,30436243.000000,304194.000000,0.009994
584,473,165,0.006795,0.006113,30334928.000000,308593.000000,0.010173
585,474,165,0.006792,0.006135,30599936.000000,311998.000000,0.010196
586,474,164,0.006772,0.006136,30417774.000000,305194.000000,0.010033
587,475,163,0.006808,0.006173,30508546.000000,310821.000000,0.010188
588,475,162,0.007180,0.006536,30655001.000000,310679.000000,0.010135
589,475,162,0.006827,0.006187,30630821.000000,311353.000000,0.010165
590,476,161,0.006835,0.006195,30692960.000000,311118.000000,0.010136
591,477,161,0.006815,0.006188,30747233.000000,308217.000000,0.010024
592,477,160,0.006861,0.006220,30856253.000000,313843.000000,0.010171
593,477,159,0.006889,0.006242,30954195.000000,309427.000000,0.009996
594,478,159,0.006865,0.006176,30848913.000000,312684.000000,0.010136
595,479,158,0.006907,0.006241,31119958.000000,315246.000000,0.010130
596,480,157,0.006927,0.006295,31189305.000000,311732.000000,0.009995
597,480,157,0.006964,0.006329,31301963.000000,316285.000000,0.010104
598,481,156,0.006938,0.006311,31335954.000000,313652.000000,0.010009
599,482,156,0.006996,0.006357,31454218.000000,317308.000000,0.010088
600,483,155,0.006997,0.006365,31505501.000000,315165.000000,0.010003
601,484,155,0.007028,0.006392,31728287.000000,318961.000000,0.010053
602,484,154,0.007245,0.006593,31843003.000000,325927.000000,0.010235
603,485,153,0.007043,0.006420,31693559.000000,314766.000000,0.009932
604,486,153,0.007153,0.006499,31827623.000000,322725.000000,0.010140
605,486,152,0.007012,0.006389,31801277.000000,314802.000000,0.009899
606,486,152,0.007292,0.006619,31978205.000000,321680.000000,0.010059
607,487,151,0.007085,0.006413,31918619.000000,316729.000000,0.009923
608,488,151,0.007119,0.006424,32092830.000000,322989.000000,0.010064
609,489,150,0.007125,0.006482,32018686.000000,323384.000000,0.010100
610,490,150,0.007115,0.006477,32017496.000000,320245.000000,0.010002
611,491,149,0.007113,0.006483,32130107.000000,324563.000000,0.010102
612,492,149,0.007109,0.006465,32185406.000000,324277.000000,0.010075
613,493,148,0.007679,0.007013,32816041.000000,334825.000000,0.010203
614,493,148,0.007169,0.006541,32384231.000000,321611.000000,0.009931
615,493,147,0.007249,0.006566,32521100.000000,328902.000000,0.010113
616,494,147,0.007448,0.007003,32961341.000000,334976.000000,0.010163
617,495,146,0.007994,0.007124,33436594.000000,333927.000000,0.009987
618,495,146,0.007683,0.007006,33562368.000000,334337.000000,0.009962
619,496,145,0.007878,0.007177,33486342.000000,346359.000000,0.010343
620,497,144,0.007877,0.007196,33942435.000000,343059.000000,0.010107
621,498,144,0.007951,0.007288,33917093.000000,341023.000000,0.010055
622,498,143,0.007749,0.007096,33868625.000000,339005.000000,0.010009
623,499,143,0.007893,0.007254,33953661.000000,336657.000000,0.009915
624,500,142,0.007925,0.007216,34046088.000000,340576.000000,0.010003
625,501,141,0.007941,0.007279,34221802.000000,341287.000000,0.009973
626,501,141,0.007979,0.007284,34317975.000000,359227.000000,0.010468
627,502,141,0.008006,0.007362,33986568.000000,337932.000000,0.009943
628,503,140,0.007742,0.007020,33923367.000000,337921.000000,0.009961
629,504,140,0.007548,0.006914,34004294.000000,333412.000000,0.009805
630,505,140,0.007542,0.006889,34067638.000000,337753.000000,0.009914
631,505,139,0.007550,0.006909,34115407.000000,336830.000000,0.009873
632,506,139,0.007529,0.006890,34152560.000000,334635.000000,0.009798
633,506,139,0.007574,0.006909,34468932.000000,339753.000000,0.009857
634,507,138,0.007612,0.006935,34584343.000000,337923.000000,0.009771
635,508,138,0.007666,0.007018,34782317.000000,341808.000000,0.009827
636,509,138,0.007654,0.007013,34881776.000000,338585.000000,0.009707
637,510,137,0.007752,0.007074,35082892.000000,344983.000000,0.009833
638,510,137,0.007733,0.007049,35185864.000000,341437.000000,0.009704
639,511,137,0.007765,0.007124,35283508.000000,346298.000000,0.009815
640,512,136,0.007772,0.007138,35305938.000000,342876.000000,0.009712
641,513,136,0.007797,0.007162,35437977.000000,348847.000000,0.009844
642,514,136,0.007912,0.007263,35546448.000000,347285.000000,0.009770
643,515,135,0.007853,0.007195,35688163.000000,350208.000000,0.009813
644,516,135,0.007847,0.007203,35801711.000000,348841.000000,0.009744
645,517,135,0.008009,0.007335,36305514.000000,356055.000000,0.009807
646,518,134,0.008140,0.007317,36095520.000000,354246.000000,0.009814
647,519,134,0.007903,0.007264,36210929.000000,348482.000000,0.009624
648,519,134,0.008021,0.007365,36539150.000000,356252.000000,0.009750
649,520,133,0.008570,0.007919,36799444.000000,357540.000000,0.009716
650,521,133,0.008095,0.007429,36892161.000000,358945.000000,0.009730
651,522,132,0.008187,0.007519,37175682.000000,357123.000000,0.009606
652,523,132,0.008181,0.007469,37291946.000000,361673.000000,0.009698
653,524,131,0.008389,0.007720,37575749.000000,359150.000000,0.009558
654,525,131,0.008609,0.008216,38102124.000000,371448.000000,0.009749
655,526,131,0.008010,0.007636,37931999.000000,359402.000000,0.009475
656,527,130,0.008005,0.007621,38038476.000000,362971.000000,0.009542
657,528,130,0.008043,0.007683,38111152.000000,364274.000000,0.009558
658,529,130,0.008040,0.007639,38227468.000000,365309.000000,0.009556
659,530,129,0.008175,0.007814,38742937.000000,364864.000000,0.009418
660,531,129,0.008169,0.007795,38809965.000000,367998.000000,0.009482
661,532,129,0.008176,0.007833,38853439.000000,366503.000000,0.009433
662,533,128,0.008203,0.007834,38944161.000000,369968.000000,0.009500
663,534,128,0.008231,0.007871,38997246.000000,367822.000000,0.009432
664,535,128,0.008230,0.007841,39139444.000000,371239.000000,0.009485
665,535,127,0.008296,0.007946,39459152.000000,369369.000000,0.009361
666,536,127,0.008470,0.007967,39639964.000000,375687.000000,0.009477
667,537,127,0.008456,0.008017,39914365.000000,374511.000000,0.009383
668,537,126,0.008795,0.008126,39834112.000000,379220.000000,0.009520
669,538,126,0.008665,0.008026,39762237.000000,374236.000000,0.009412
670,539,125,0.008698,0.007987,39923845.000000,378924.000000,0.009491
671,540,125,0.008769,0.008094,40230937.000000,378510.000000,0.009408
672,541,125,0.008845,0.008179,40371125.000000,384021.000000,0.009512
673,542,124,0.008802,0.008173,40373249.000000,378059.000000,0.009364
674,542,124,0.008799,0.008144,40380242.000000,380079.000000,0.009412
675,543,123,0.008777,0.008154,40348002.000000,377932.000000,0.009367
676,543,123,0.008799,0.008149,40441547.000000,379258.000000,0.009378
677,543,123,0.008887,0.008212,40775023.000000,384037.000000,0.009418
678,544,123,0.008983,0.008489,41112744.000000,398218.000000,0.009686
679,545,122,0.008670,0.008291,41088267.000000,387638.000000,0.009434
680,545,122,0.008766,0.008360,41198753.000000,382493.000000,0.009284
681,546,122,0.008664,0.008287,41310180.000000,383788.000000,0.009290
682,547,122,0.008699,0.008348,41434573.000000,382765.000000,0.009238
683,548,122,0.008805,0.008424,41828468.000000,391663.000000,0.009364
684,549,121,0.008799,0.008437,41934982.000000,387813.000000,0.009248
685,549,121,0.008804,0.008436,41947948.000000,389792.000000,0.009292
686,549,121,0.008827,0.008462,42069676.000000,390064.000000,0.009272
687,550,121,0.008821,0.008447,41986293.000000,391659.000000,0.009328
688,551,120,0.008899,0.008526,42279515.000000,391199.000000,0.009253
689,551,120,0.009231,0.008717,42234588.000000,396175.000000,0.009380
690,552,120,0.009049,0.008559,42392926.000000,391484.000000,0.009235
691,553,119,0.009471,0.008989,42652098.000000,398963.000000,0.009354
692,554,119,0.009089,0.008605,42682598.000000,394102.000000,0.009233
693,555,118,0.009121,0.008638,42857729.000000,392296.000000,0.009153
694,556,118,0.009146,0.008662,43004454.000000,397998.000000,0.009255
695,557,118,0.009191,0.008702,43177989.000000,397402.000000,0.009204
696,558,117,0.009349,0.008828,43569851.000000,404802.000000,0.009291
697,559,117,0.009303,0.008817,43794565.000000,401555.000000,0.009169
698,560,117,0.009362,0.008854,43870082.000000,408749.000000,0.009317
699,560,116,0.009360,0.008873,43950917.000000,405596.000000,0.009228
700,561,116,0.009505,0.008999,44183762.000000,409716.000000,0.009273
701,561,115,0.009379,0.008863,44319208.000000,411777.000000,0.009291
702,562,115,0.009489,0.008991,44634132.000000,410612.000000,0.009200
703,563,115,0.009492,0.008990,44671955.000000,414378.000000,0.009276
704,564,114,0.009543,0.009069,44913233.000000,412457.000000,0.009183
705,565,114,0.009563,0.009074,45047572.000000,416260.000000,0.009240
706,566,114,0.009554,0.009084,45065377.000000,412137.000000,0.009145
707,566,113,0.009609,0.009135,45195760.000000,417906.000000,0.009247
708,567,113,0.009619,0.009140,45255906.000000,415986.000000,0.009192
709,568,113,0.009630,0.009169,45350908.000000,415656.000000,0.009165
710,569,112,0.009669,0.009136,45455307.000000,420457.000000,0.009250
711,569,112,0.010023,0.009400,45598345.000000,418193.000000,0.009171
712,570,112,0.009690,0.009204,45664204.000000,422673.000000,0.009256
713,570,111,0.009682,0.009209,45773215.000000,418011.000000,0.009132
714,570,111,0.009760,0.009252,45974798.000000,420594.000000,0.009148
715,571,111,0.009838,0.009338,46364027.000000,427357.000000,0.009217
716,572,110,0.009769,0.009283,46096907.000000,420441.000000,0.009121
717,573,110,0.009783,0.009363,46376140.000000,427930.000000,0.009227
718,574,110,0.010054,0.009644,46586015.000000,430902.000000,0.009250
719,574,109,0.009978,0.009627,46614982.000000,426062.000000,0.009140
720,575,109,0.009975,0.009601,46699457.000000,431201.000000,0.009234
721,576,109,0.010304,0.009929,47106822.000000,433515.000000,0.009203
722,577,108,0.010000,0.009614,47093811.000000,433197.000000,0.009199
723,578,108,0.009828,0.009480,46938154.000000,427020.000000,0.009098
724,579,108,0.009907,0.009546,47031674.000000,428550.000000,0.009112
725,580,107,0.009860,0.009465,47237239.000000,433493.000000,0.009177
726,581,107,0.009895,0.009528,47330492.000000,429807.000000,0.009081
727,582,107,0.010122,0.009754,47605684.000000,435988.000000,0.009158
728,583,106,0.009942,0.009554,47567490.000000,431140.000000,0.009064
729,584,106,0.010059,0.009690,48083900.000000,436235.000000,0.009072
730,585,106,0.010245,0.009837,48052959.000000,439901.000000,0.009155
731,586,106,0.010711,0.010233,48324396.000000,443978.000000,0.009187
732,587,105,0.010395,0.009873,48222782.000000,441507.000000,0.009156
733,588,105,0.010508,0.010021,48411781.000000,452071.000000,0.009338
734,589,105,0.010279,0.009747,48354890.000000,441065.000000,0.009121
735,590,104,0.010266,0.009783,48440608.000000,442363.000000,0.009132
736,591,104,0.010835,0.010420,48841617.000000,455892.000000,0.009334
737,591,104,0.011132,0.010575,49101018.000000,465040.000000,0.009471
738,592,103,0.012670,0.012262,50038497.000000,479969.000000,0.009592
739,592,103,0.010118,0.009772,48878027.000000,437078.000000,0.008942
740,593,102,0.011303,0.010926,49308383.000000,447542.000000,0.009076
741,594,102,0.010927,0.010544,50010170.000000,457241.000000,0.009143
742,595,101,0.010803,0.010424,49887727.000000,449049.000000,0.009001
743,595,101,0.010769,0.010390,50145819.000000,450374.000000,0.008981
744,595,101,0.010473,0.010079,50128474.000000,452376.000000,0.009024
745,596,101,0.010415,0.010053,49836133.000000,447802.000000,0.008985
746,597,100,0.010524,0.010108,50029686.000000,452064.000000,0.009036
747,598,100,0.010520,0.010150,50314349.000000,448773.000000,0.008919
748,599,100,0.010627,0.010251,50660596.000000,453201.000000,0.008946
749,600,99,0.010771,0.010362,50798301.000000,462027.000000,0.009095
750,601,99,0.010603,0.010219,50788856.000000,452454.000000,0.008909
751,602,99,0.010705,0.010316,51006380.000000,453994.000000,0.008901
752,602,99,0.010798,0.010405,51254855.000000,460681.000000,0.008988
753,603,98,0.010684,0.010291,51037920.000000,453823.000000,0.008892
754,603,98,0.010854,0.010467,51605774.000000,457380.000000,0.008863
755,603,98,0.010754,0.010396,51130374.000000,458484.000000,0.008967
756,604,98,0.010746,0.010359,51208968.000000,455220.000000,0.008889
757,604,97,0.010814,0.010433,51555890.000000,459253.000000,0.008908
758,604,97,0.010904,0.010509,51793199.000000,467677.000000,0.009030
759,604,97,0.011004,0.010639,51549771.000000,461846.000000,0.008959
760,604,97,0.010915,0.010505,51639982.000000,464047.000000,0.008986
761,604,96,0.010880,0.010487,51734547.000000,458577.000000,0.008864
762,605,96,0.010786,0.010417,51704368.000000,459183.000000,0.008881
763,605,96,0.010980,0.010587,52145279.000000,466352.000000,0.008943
764,606,96,0.010980,0.010588,52451176.000000,465818.000000,0.008881
765,607,96,0.010985,0.010599,52466345.000000,467104.000000,0.008903
766,607,95,0.012314,0.011912,53671907.000000,485413.000000,0.009044
767,608,95,0.011049,0.010682,52525791.000000,467526.000000,0.008901
768,609,95,0.011211,0.010837,52735860.000000,469451.000000,0.008902
769,610,95,0.010980,0.010588,52796381.000000,472042.000000,0.008941
770,611,94,0.011068,0.010690,52932857.000000,471220.000000,0.008902
771,612,94,0.011139,0.010733,53331133.000000,471993.000000,0.008850
772,613,94,0.011297,0.010896,54094415.000000,479860.000000,0.008871
773,614,94,0.011475,0.011096,53866106.000000,476340.000000,0.008843
774,614,93,0.011315,0.010932,53913949.000000,474084.000000,0.008793
775,615,93,0.011321,0.010932,54058213.000000,476130.000000,0.008808
776,616,93,0.011643,0.011099,54145156.000000,479323.000000,0.008853
777,617,93,0.012060,0.011182,54641658.000000,489513.000000,0.008959
778,618,92,0.011396,0.010994,54594646.000000,476900.000000,0.008735
779,619,92,0.011531,0.011142,55067939.000000,486768.000000,0.008839
780,619,92,0.011499,0.011107,54819466.000000,482722.000000,0.008806
781,620,92,0.011546,0.011160,54991328.000000,480769.000000,0.008743
782,621,92,0.011609,0.011207,55192055.000000,487883.000000,0.008840
783,622,91,0.011520,0.011131,55329426.000000,487331.000000,0.008808
784,623,91,0.011698,0.011298,55899989.000000,491944.000000,0.008800
785,623,91,0.011884,0.011470,56023597.000000,496981.000000,0.008871
786,624,91,0.011768,0.011396,56084316.000000,490538.000000,0.008746
787,625,90,0.011754,0.011388,56144756.000000,489769.000000,0.008723
788,625,90,0.011679,0.011333,56091267.000000,488740.000000,0.008713
789,626,90,0.011687,0.011311,56134593.000000,495159.000000,0.008821
790,626,90,0.011783,0.011420,56158032.000000,490639.000000,0.008737
791,627,89,0.011781,0.011390,56268489.000000,493351.000000,0.008768
792,627,89,0.011939,0.011535,56697593.000000,500714.000000,0.008831
793,628,89,0.011836,0.011457,56800213.000000,495062.000000,0.008716
794,629,89,0.012600,0.012084,56738681.000000,502691.000000,0.008860
795,630,89,0.011954,0.011451,56725353.000000,496856.000000,0.008759
796,631,88,0.011967,0.011455,56944744.000000,502722.000000,0.008828
797,632,88,0.011970,0.011471,56921762.000000,499002.000000,0.008766
798,633,88,0.012009,0.011513,57274854.000000,500391.000000,0.008737
799,634,88,0.012031,0.011503,57324224.000000,504711.000000,0.008804
800,635,88,0.012149,0.011648,57667359.000000,504056.000000,0.008741
801,635,88,0.012097,0.011588,57533061.000000,502681.000000,0.008737
802,636,88,0.012199,0.011687,57720005.000000,503679.000000,0.008726
803,637,88,0.012174,0.011688,57957738.000000,510027.000000,0.008800
804,638,87,0.012160,0.011655,57992264.000000,506757.000000,0.008738
805,639,87,0.012231,0.011714,58089209.000000,507778.000000,0.008741
806,639,87,0.012187,0.011685,58190523.000000,505980.000000,0.008695
807,640,87,0.012267,0.011747,58429968.000000,515295.000000,0.008819
808,641,86,0.012191,0.011704,58161316.000000,508118.000000,0.008736
809,642,86,0.012326,0.011820,58437828.000000,512875.000000,0.008776
810,643,86,0.012447,0.012060,58709570.000000,513457.000000,0.008746
811,643,86,0.012248,0.011846,58887003.000000,515721.000000,0.008758
812,644,86,0.012294,0.011905,59078691.000000,510745.000000,0.008645
813,645,85,0.012476,0.012086,59683416.000000,517297.000000,0.008667
814,646,85,0.012391,0.011995,59447545.000000,516646.000000,0.008691
815,646,85,0.012358,0.011963,59761706.000000,518335.000000,0.008673
816,646,85,0.012423,0.012058,59954825.000000,515988.000000,0.008606
817,646,85,0.012434,0.012049,60143599.000000,515473.000000,0.008571
818,647,84,0.012852,0.012430,60691110.000000,525954.000000,0.008666
819,648,84,0.012859,0.012309,60539177.000000,521412.000000,0.008613
820,649,84,0.012744,0.012238,60694788.000000,521786.000000,0.008597
821,650,84,0.012782,0.012299,60784937.000000,525258.000000,0.008641
822,651,83,0.012789,0.012276,60911317.000000,526810.000000,0.008649
823,652,83,0.013110,0.012551,61387343.000000,537729.000000,0.008760
824,652,83,0.013038,0.012515,61586070.000000,532359.000000,0.008644
825,653,83,0.012827,0.012328,61164528.000000,529629.000000,0.008659
826,653,83,0.012927,0.012561,61278026.000000,530154.000000,0.008652
827,654,83,0.012699,0.012304,61331214.000000,532084.000000,0.008676
828,655,82,0.012842,0.012471,61595320.000000,532570.000000,0.008646
829,655,82,0.012749,0.012368,61507288.000000,528034.000000,0.008585
830,656,82,0.012894,0.012510,61973247.000000,533827.000000,0.008614
831,657,82,0.012953,0.012570,62338654.000000,536416.000000,0.008605
832,658,82,0.012905,0.012521,62123873.000000,536243.000000,0.008632
833,659,81,0.012968,0.012588,62307594.000000,534269.000000,0.008575
834,660,81,0.013020,0.012639,62500282.000000,535023.000000,0.008560
835,660,81,0.013016,0.012632,62687989.000000,534989.000000,0.008534
836,661,81,0.013026,0.012630,62904779.000000,541907.000000,0.008615
837,662,81,0.013059,0.012688,62939438.000000,537992.000000,0.008548
838,662,81,0.013016,0.012658,62918182.000000,537879.000000,0.008549
839,663,80,0.013094,0.012695,63084670.000000,537767.000000,0.008525
840,664,80,0.013064,0.012704,63220716.000000,538402.000000,0.008516
841,665,80,0.013273,0.012869,63594318.000000,547777.000000,0.008614
842,666,80,0.013184,0.012809,63649783.000000,542929.000000,0.008530
843,667,80,0.013280,0.012912,63786937.000000,545504.000000,0.008552
844,668,79,0.013409,0.013039,63954284.000000,549449.000000,0.008591
845,669,79,0.013364,0.012979,64129653.000000,548665.000000,0.008556
846,669,79,0.013436,0.013008,64358011.000000,552942.000000,0.008592
847,670,79,0.013503,0.013138,64429213.000000,551223.000000,0.008555
848,671,79,0.013547,0.013162,64556310.000000,550941.000000,0.008534
849,672,79,0.013758,0.013377,64935898.000000,556361.000000,0.008568
850,673,78,0.013491,0.013111,64878248.000000,555150.000000,0.008557
851,674,78,0.013513,0.013138,65012204.000000,558097.000000,0.008584
852,675,78,0.013445,0.013080,65011201.000000,555873.000000,0.008550
853,676,78,0.013554,0.013163,65267350.000000,557320.000000,0.008539
854,677,78,0.013686,0.013305,65696772.000000,560256.000000,0.008528
855,678,78,0.013537,0.013157,65433536.000000,558273.000000,0.008532
856,679,77,0.013986,0.013463,65714550.000000,566071.000000,0.008614
857,680,77,0.013881,0.013259,65827501.000000,572764.000000,0.008701
858,681,77,0.013753,0.013365,65792746.000000,562876.000000,0.008555
859,682,77,0.013668,0.013315,65942181.000000,561035.000000,0.008508
860,682,77,0.013715,0.013363,65953326.000000,562525.000000,0.008529
861,683,77,0.013760,0.013392,66000349.000000,562287.000000,0.008519
862,684,76,0.013690,0.013287,66051203.000000,564637.000000,0.008548
863,685,76,0.014440,0.014024,66450471.000000,568950.000000,0.008562
864,685,76,0.014141,0.013570,66443846.000000,565306.000000,0.008508
865,686,76,0.013988,0.013318,66088784.000000,564913.000000,0.008548
866,687,76,0.013864,0.013343,66229353.000000,564841.000000,0.008529
867,687,75,0.013955,0.013424,66821858.000000,567872.000000,0.008498
868,688,75,0.013914,0.013378,66474739.000000,570763.000000,0.008586
869,689,75,0.014041,0.013532,66950914.000000,572222.000000,0.008547
870,690,75,0.014077,0.013500,67034846.000000,573887.000000,0.008561
871,691,75,0.014464,0.013682,67525000.000000,578795.000000,0.008572
872,691,75,0.014341,0.013649,67707078.000000,579376.000000,0.008557
873,692,74,0.014381,0.013674,67846674.000000,579205.000000,0.008537
874,692,74,0.014155,0.013674,67890223.000000,577216.000000,0.008502
875,693,74,0.014229,0.013712,67958066.000000,583612.000000,0.008588
876,694,74,0.014416,0.013918,68008555.000000,578892.000000,0.008512
877,694,74,0.014423,0.013992,68197338.000000,583128.000000,0.008551
878,695,74,0.014178,0.013782,68218332.000000,578507.000000,0.008480
879,696,73,0.014108,0.013719,68436642.000000,576779.000000,0.008428
880,697,73,0.014240,0.013848,68730517.000000,580719.000000,0.008449
881,698,73,0.014240,0.013856,69128364.000000,585550.000000,0.008470
882,698,73,0.014350,0.013943,69377331.000000,588848.000000,0.008488
883,698,73,0.014309,0.013928,69089554.000000,582666.000000,0.008433
884,699,73,0.014358,0.013932,69286732.000000,586671.000000,0.008467
885,700,73,0.014526,0.013999,69452870.000000,589406.000000,0.008486
886,701,73,0.014275,0.013889,69462772.000000,584818.000000,0.008419
887,702,72,0.014452,0.014078,69794697.000000,589927.000000,0.008452
888,703,72,0.014485,0.014086,69969793.000000,590559.000000,0.008440
889,704,72,0.014647,0.014232,70448109.000000,597442.000000,0.008481
890,705,72,0.014551,0.014178,70126744.000000,588575.000000,0.008393
891,706,72,0.014765,0.014409,70408380.000000,597278.000000,0.008483
892,707,72,0.014566,0.014175,70326545.000000,593380.000000,0.008437
893,708,72,0.014647,0.014198,70568529.000000,594123.000000,0.008419
894,709,71,0.014655,0.014266,70758568.000000,593760.000000,0.008391
895,710,71,0.016140,0.015744,71811299.000000,614984.000000,0.008564
896,711,71,0.014825,0.014426,71098677.000000,601228.000000,0.008456
897,712,71,0.014810,0.014406,71095007.000000,606867.000000,0.008536
898,713,71,0.014978,0.014550,71333633.000000,605824.000000,0.008493
899,714,70,0.014743,0.014348,71323375.000000,598756.000000,0.008395
900,715,70,0.014881,0.014476,71565090.000000,600377.000000,0.008389
901,716,70,0.015063,0.014655,72185377.000000,603005.000000,0.008354
902,717,70,0.014943,0.014542,72346663.000000,607653.000000,0.008399
903,718,70,0.014926,0.014551,72461166.000000,605544.000000,0.008357
904,719,70,0.014988,0.014590,72647411.000000,607772.000000,0.008366
905,719,70,0.015325,0.014922,73350075.000000,614308.000000,0.008375
906,720,69,0.015064,0.014662,72978310.000000,609988.000000,0.008358
907,721,69,0.015232,0.014840,73412340.000000,612429.000000,0.008342
908,722,69,0.015093,0.014697,73162574.000000,607914.000000,0.008309
909,723,69,0.015230,0.014841,73722961.000000,615894.000000,0.008354
910,724,69,0.015221,0.014832,73795565.000000,611121.000000,0.008281
911,725,69,0.015602,0.015198,74602169.000000,622680.000000,0.008347
912,725,69,0.015374,0.015006,74590503.000000,615944.000000,0.008258
913,726,68,0.015409,0.015013,74745591.000000,618905.000000,0.008280
914,726,68,0.015583,0.015190,75017136.000000,620964.000000,0.008278
915,727,68,0.015494,0.015122,74886289.000000,620171.000000,0.008282
916,728,68,0.015522,0.015117,75011831.000000,621650.000000,0.008287
917,729,68,0.015643,0.015253,75821830.000000,626181.000000,0.008259
918,730,68,0.015734,0.015350,75675609.000000,625725.000000,0.008269
919,730,68,0.015809,0.015409,75863387.000000,629937.000000,0.008304
920,731,67,0.015821,0.015415,76243705.000000,629348.000000,0.008254
921,732,67,0.016001,0.015597,76921177.000000,632404.000000,0.008221
922,733,67,0.016046,0.015636,77124291.000000,634482.000000,0.008227
923,733,67,0.015960,0.015558,77062716.000000,633792.000000,0.008224
924,733,67,0.016097,0.015690,77271329.000000,640353.000000,0.008287
925,734,67,0.016021,0.015539,77279428.000000,644246.000000,0.008337
926,734,67,0.016018,0.015645,77160345.000000,635075.000000,0.008231
927,735,66,0.015982,0.015606,77117423.000000,632969.000000,0.008208
928,736,66,0.015911,0.015512,77247716.000000,633284.000000,0.008198
929,737,66,0.016055,0.015651,77724801.000000,639529.000000,0.008228
930,738,66,0.016352,0.015944,78089338.000000,643451.000000,0.008240
931,739,66,0.016205,0.015834,77882137.000000,641806.000000,0.008241
932,740,66,0.016352,0.015937,78129271.000000,643966.000000,0.008242
933,741,65,0.016178,0.015807,78445203.000000,642381.000000,0.008189
934,742,65,0.016370,0.015982,78679381.000000,647436.000000,0.008229
935,743,65,0.016432,0.016028,79089840.000000,649876.000000,0.008217
936,743,65,0.016877,0.016472,78969002.000000,656125.000000,0.008309
937,743,65,0.016373,0.015996,78870699.000000,649416.000000,0.008234
938,743,65,0.016307,0.015916,78987426.000000,646200.000000,0.008181
939,744,65,0.016381,0.015986,79217752.000000,649225.000000,0.008195
940,744,64,0.016321,0.015956,79270364.000000,648355.000000,0.008179
941,745,64,0.016357,0.015990,79333755.000000,648529.000000,0.008175
942,745,64,0.016237,0.015866,79292709.000000,646336.000000,0.008151
943,746,64,0.016617,0.016220,79550090.000000,652370.000000,0.008201
944,747,64,0.016518,0.016114,79690565.000000,652687.000000,0.008190
945,748,64,0.016579,0.016207,79814494.000000,653776.000000,0.008191
946,749,64,0.016572,0.016170,79935876.000000,654020.000000,0.008182
947,750,63,0.016498,0.016099,80564025.000000,654140.000000,0.008120
948,751,63,0.016441,0.016035,80298036.000000,654297.000000,0.008148
949,751,63,0.017407,0.016865,80680901.000000,657531.000000,0.008150
950,752,63,0.017107,0.016411,80966653.000000,662135.000000,0.008178
951,753,63,0.017258,0.016848,81435953.000000,667476.000000,0.008196
952,754,63,0.016999,0.016580,81430402.000000,665735.000000,0.008176
953,755,62,0.016974,0.016529,81586244.000000,665912.000000,0.008162
954,755,62,0.017131,0.016718,81764563.000000,671086.000000,0.008208
955,756,62,0.016933,0.016526,81661789.000000,667211.000000,0.008170
956,756,62,0.016915,0.016491,81625043.000000,665234.000000,0.008150
957,757,62,0.016951,0.016545,81667076.000000,669503.000000,0.008198
958,758,62,0.017302,0.016862,81962118.000000,670094.000000,0.008176
959,759,62,0.017136,0.016721,81963344.000000,671708.000000,0.008195
960,760,61,0.017284,0.016849,82150614.000000,671851.000000,0.008178
961,760,61,0.017141,0.016697,82477451.000000,675917.000000,0.008195
962,761,61,0.017155,0.016717,82696647.000000,676018.000000,0.008175
963,761,61,0.017131,0.016727,82569399.000000,675947.000000,0.008186
964,762,61,0.017205,0.016781,82762103.000000,676255.000000,0.008171
965,763,61,0.017143,0.016740,82981748.000000,677853.000000,0.008169
966,764,61,0.017529,0.017086,83319778.000000,683294.000000,0.008201
967,765,60,0.017433,0.017019,83541100.000000,682570.000000,0.008170
968,765,60,0.017246,0.016808,83523436.000000,679468.000000,0.008135
969,765,60,0.017214,0.016762,83706713.000000,681598.000000,0.008143
970,766,60,0.017273,0.016853,83549757.000000,678101.000000,0.008116
971,767,60,0.017336,0.016902,83812189.000000,682003.000000,0.008137
972,768,60,0.017562,0.017124,84146991.000000,684664.000000,0.008137
973,769,60,0.017845,0.017268,84546677.000000,688970.000000,0.008149
974,770,60,0.017394,0.016867,83915567.000000,683074.000000,0.008140
975,771,59,0.017551,0.017020,84385016.000000,686493.000000,0.008135
