frame,nb of entities,FPS,frame length,physics length,L1-dcache-loads,L1-dcache-load-misses,L1-dcache-load-miss-ratio
0,3,303,0.000990,0.000027,662858.000000,36447.000000,0.054985
1,4,303,0.003321,0.000025,759288.000000,37933.000000,0.049959
2,5,303,0.003323,0.000031,736504.000000,37509.000000,0.050928
3,6,303,0.003319,0.000034,755673.000000,37538.000000,0.049675
4,7,303,0.003328,0.000031,714068.000000,33535.000000,0.046963
5,8,303,0.003318,0.000033,750043.000000,38386.000000,0.051178
6,9,303,0.003323,0.000034,771251.000000,37626.000000,0.048786
7,10,303,0.003320,0.000031,802705.000000,37921.000000,0.047242
8,11,303,0.003328,0.000031,775436.000000,38354.000000,0.049461
9,12,303,0.003320,0.000038,704594.000000,34043.000000,0.048316
10,12,303,0.003321,0.000034,771524.000000,37993.000000,0.049244
11,13,303,0.003323,0.000038,782298.000000,39417.000000,0.050386
12,14,303,0.003320,0.000038,765304.000000,37870.000000,0.049484
13,15,303,0.003327,0.000039,777321.000000,38292.000000,0.049262
14,16,303,0.003321,0.000044,738586.000000,35227.000000,0.047695
15,17,303,0.003323,0.000041,800921.000000,38073.000000,0.047537
16,18,303,0.003326,0.000034,792793.000000,38531.000000,0.048602
17,18,303,0.003325,0.000033,809108.000000,38996.000000,0.048196
18,19,302,0.003987,0.000055,725392.000000,44017.000000,0.060680
19,20,302,0.003320,0.000077,790581.000000,40245.000000,0.050906
20,21,302,0.003322,0.000047,834728.000000,39194.000000,0.046954
21,22,302,0.003323,0.000068,862753.000000,45455.000000,0.052686
22,23,302,0.003321,0.000068,847773.000000,44830.000000,0.052880
23,24,302,0.003324,0.000070,863920.000000,44710.000000,0.051752
24,25,302,0.003318,0.000073,818292.000000,40553.000000,0.049558
25,26,302,0.003323,0.000076,862888.000000,44733.000000,0.051841
26,27,302,0.003321,0.000077,863831.000000,45230.000000,0.052360
27,28,302,0.003322,0.000104,788924.000000,49457.000000,0.062689
28,29,303,0.003319,0.000096,875421.000000,48658.000000,0.055582
29,30,303,0.003324,0.000083,859287.000000,41353.000000,0.048125
30,31,303,0.003321,0.000105,792623.000000,48530.000000,0.061227
31,32,303,0.003325,0.000100,882848.000000,49683.000000,0.056276
32,32,303,0.003315,0.000087,874242.000000,47340.000000,0.054150
33,33,303,0.003324,0.000089,859057.000000,45065.000000,0.052459
34,33,303,0.003322,0.000067,826819.000000,35786.000000,0.043282
35,34,303,0.003322,0.000068,886500.000000,39883.000000,0.044989
36,35,303,0.003321,0.000056,894634.000000,40294.000000,0.045040
37,35,303,0.003332,0.000065,886539.000000,40372.000000,0.045539
38,36,303,0.003316,0.000086,889389.000000,46429.000000,0.052203
39,37,303,0.003323,0.000084,865412.000000,39320.000000,0.045435
40,38,303,0.003323,0.000064,892778.000000,41557.000000,0.046548
41,39,303,0.003328,0.000073,861915.000000,40208.000000,0.046650
42,40,303,0.003381,0.000076,822699.000000,41986.000000,0.051034
43,41,303,0.003348,0.000129,832643.000000,41682.000000,0.050060
44,41,303,0.003341,0.000082,770519.000000,37529.000000,0.048706
45,42,303,0.003346,0.000078,831685.000000,42233.000000,0.050780
46,43,303,0.003340,0.000106,812037.000000,43362.000000,0.053399
47,43,303,0.003328,0.000062,894358.000000,41845.000000,0.046788
48,44,303,0.003321,0.000085,932510.000000,41176.000000,0.044156
49,44,303,0.003319,0.000080,899963.000000,36516.000000,0.040575
50,45,303,0.003329,0.000068,937101.000000,40993.000000,0.043744
51,45,303,0.003321,0.000168,961740.000000,49274.000000,0.051234
52,46,303,0.003321,0.000076,988414.000000,41322.000000,0.041806
53,47,303,0.003323,0.000082,977394.000000,42004.000000,0.042976
54,48,303,0.003324,0.000094,922352.000000,37469.000000,0.040623
55,49,303,0.003326,0.000106,974122.000000,42782.000000,0.043919
56,50,303,0.003320,0.000179,1008465.000000,53270.000000,0.052823
57,51,303,0.003316,0.000162,1062583.000000,55065.000000,0.051822
58,52,303,0.003326,0.000111,1044089.000000,42849.000000,0.041040
59,53,303,0.003322,0.000090,985610.000000,38441.000000,0.039002
60,53,299,0.003329,0.000107,1000263.000000,42428.000000,0.042417
61,54,299,0.003313,0.000090,1024061.000000,43480.000000,0.042458
62,54,299,0.003322,0.000106,1019026.000000,41984.000000,0.041200
63,54,299,0.003323,0.000080,1003235.000000,42962.000000,0.042823
64,55,299,0.003325,0.000103,961028.000000,38225.000000,0.039775
65,55,299,0.003320,0.000159,1019121.000000,47501.000000,0.046610
66,55,299,0.003326,0.000108,1002190.000000,42368.000000,0.042275
67,56,299,0.003318,0.000085,997293.000000,41971.000000,0.042085
68,57,299,0.003327,0.000106,1007827.000000,43240.000000,0.042904
69,58,299,0.003320,0.000109,994986.000000,40049.000000,0.040251
70,58,299,0.003321,0.000104,1009496.000000,42352.000000,0.041954
71,59,299,0.003325,0.000109,1004797.000000,41831.000000,0.041631
72,60,299,0.003323,0.000109,1015978.000000,42778.000000,0.042105
73,61,299,0.003325,0.000123,1024629.000000,42279.000000,0.041263
74,62,299,0.003322,0.000117,998043.000000,39061.000000,0.039138
75,62,299,0.003326,0.000117,1034234.000000,42888.000000,0.041468
76,62,299,0.003320,0.000112,1021383.000000,42001.000000,0.041122
77,63,299,0.003328,0.000117,1064668.000000,44519.000000,0.041815
78,64,300,0.003319,0.000120,1049426.000000,43692.000000,0.041634
79,65,300,0.003327,0.000121,1015183.000000,38921.000000,0.038339
80,66,300,0.003321,0.000121,1054943.000000,43048.000000,0.040806
81,67,300,0.003322,0.000142,1119787.000000,44514.000000,0.039752
82,68,300,0.003320,0.000132,1103138.000000,43700.000000,0.039614
83,69,300,0.003328,0.000140,1105399.000000,43828.000000,0.039649
84,70,300,0.003318,0.000135,1072011.000000,40314.000000,0.037606
85,71,300,0.003325,0.000144,1137561.000000,44911.000000,0.039480
86,71,300,0.003323,0.000136,1105030.000000,43313.000000,0.039196
87,72,300,0.003330,0.000148,1130886.000000,44730.000000,0.039553
88,73,300,0.003314,0.000142,1142393.000000,44559.000000,0.039005
89,73,300,0.003326,0.000107,1106020.000000,39758.000000,0.035947
90,73,300,0.003320,0.000135,1128910.000000,44467.000000,0.039389
91,74,300,0.003324,0.000144,1143033.000000,43559.000000,0.038108
92,75,300,0.003325,0.000116,1147359.000000,43779.000000,0.038156
93,75,300,0.003322,0.000151,1151362.000000,44292.000000,0.038469
94,76,300,0.003325,0.000152,1125188.000000,40871.000000,0.036324
95,77,300,0.003323,0.000162,1182229.000000,45201.000000,0.038234
96,78,300,0.003321,0.000157,1182258.000000,45757.000000,0.038703
97,79,300,0.003324,0.000161,1194220.000000,45490.000000,0.038092
98,79,300,0.003325,0.000157,1210001.000000,46041.000000,0.038050
99,80,300,0.003321,0.000164,1168770.000000,41440.000000,0.035456
100,80,300,0.003326,0.000157,1195986.000000,44441.000000,0.037158
101,81,300,0.003322,0.000162,1223688.000000,45503.000000,0.037185
102,82,300,0.003325,0.000168,1228116.000000,46250.000000,0.037659
103,83,300,0.003322,0.000180,1243751.000000,45974.000000,0.036964
104,83,300,0.003324,0.000167,1195058.000000,40858.000000,0.034189
105,84,300,0.003319,0.000172,1239477.000000,45851.000000,0.036992
106,85,300,0.003327,0.000172,1249244.000000,46124.000000,0.036922
107,86,300,0.003321,0.000186,1273816.000000,46954.000000,0.036861
108,87,300,0.003326,0.000182,1272369.000000,46954.000000,0.036903
109,88,300,0.003318,0.000186,1274089.000000,42951.000000,0.033711
110,88,300,0.003328,0.000294,1329203.000000,57259.000000,0.043078
111,88,300,0.003321,0.000180,1279635.000000,46247.000000,0.036141
112,89,300,0.003320,0.000186,1334501.000000,46467.000000,0.034820
113,90,300,0.003325,0.000190,1320760.000000,46585.000000,0.035271
114,91,300,0.003322,0.000188,1311168.000000,42755.000000,0.032608
115,91,300,0.003324,0.000152,1329608.000000,46800.000000,0.035198
116,92,300,0.003322,0.000193,1361304.000000,47089.000000,0.034591
117,93,300,0.003324,0.000174,1399401.000000,48747.000000,0.034834
118,94,300,0.003323,0.000223,1438906.000000,48715.000000,0.033856
119,95,300,0.003323,0.000181,1402817.000000,44008.000000,0.031371
120,96,300,0.003321,0.000217,1424733.000000,48431.000000,0.033993
121,97,300,0.003323,0.000218,1417443.000000,47627.000000,0.033601
122,98,300,0.003324,0.000214,1432912.000000,47447.000000,0.033112
123,99,300,0.003324,0.000226,1452884.000000,48012.000000,0.033046
124,100,300,0.003324,0.000225,1417342.000000,43427.000000,0.030640
125,101,300,0.003325,0.000230,1464444.000000,48279.000000,0.032967
126,101,300,0.003322,0.000225,1454954.000000,48193.000000,0.033123
127,102,300,0.003329,0.000231,1462822.000000,48380.000000,0.033073
128,103,300,0.003318,0.000230,1488412.000000,49386.000000,0.033180
129,103,300,0.003324,0.000253,1522364.000000,45461.000000,0.029862
130,104,300,0.003322,0.000238,1540228.000000,48590.000000,0.031547
131,105,300,0.003326,0.000272,1640272.000000,50048.000000,0.030512
132,106,300,0.003321,0.000274,1627633.000000,50192.000000,0.030837
133,107,300,0.003327,0.000280,1657694.000000,50117.000000,0.030233
134,108,300,0.003363,0.000280,1558649.000000,47094.000000,0.030215
135,109,300,0.003341,0.000291,1667097.000000,51534.000000,0.030912
136,110,300,0.003354,0.000237,1651797.000000,51477.000000,0.031164
137,111,300,0.003350,0.000259,1728643.000000,54821.000000,0.031713
138,111,300,0.003325,0.000253,1777867.000000,53074.000000,0.029853
139,111,300,0.003322,0.000311,1809791.000000,49365.000000,0.027277
140,112,300,0.003321,0.000471,1903631.000000,63849.000000,0.033541
141,113,300,0.003323,0.000362,1915217.000000,55897.000000,0.029186
142,113,300,0.003318,0.000332,1880768.000000,53708.000000,0.028556
143,114,300,0.003355,0.000375,1925164.000000,58076.000000,0.030167
144,115,300,0.003293,0.000367,1876849.000000,52237.000000,0.027832
145,116,300,0.003325,0.000351,1919425.000000,53988.000000,0.028127
146,117,300,0.003319,0.000359,1929187.000000,55643.000000,0.028843
147,118,300,0.003323,0.000413,1962696.000000,58234.000000,0.029670
148,119,300,0.003324,0.000357,1965546.000000,54619.000000,0.027788
149,119,300,0.003326,0.000302,2011660.000000,53004.000000,0.026348
150,120,300,0.003320,0.000384,2046878.000000,55513.000000,0.027121
151,121,300,0.003324,0.000394,2078022.000000,56212.000000,0.027051
152,121,300,0.003327,0.000394,2057445.000000,56266.000000,0.027348
153,121,300,0.003320,0.000383,2040065.000000,54170.000000,0.026553
154,122,300,0.003327,0.000387,2049745.000000,52493.000000,0.025610
155,122,300,0.003322,0.000410,2127737.000000,57657.000000,0.027098
156,122,300,0.003325,0.000392,2092047.000000,55167.000000,0.026370
157,123,300,0.003322,0.000398,2140095.000000,56925.000000,0.026599
158,124,300,0.003327,0.000410,2133345.000000,56408.000000,0.026441
159,124,300,0.003324,0.000429,2116327.000000,53787.000000,0.025415
160,125,300,0.003323,0.000415,2197224.000000,56910.000000,0.025901
161,126,300,0.003319,0.000438,2243508.000000,58342.000000,0.026005
162,126,300,0.003325,0.000432,2289942.000000,57047.000000,0.024912
163,127,300,0.003325,0.000341,2241212.000000,56930.000000,0.025401
164,127,300,0.003321,0.000382,2210451.000000,54940.000000,0.024855
165,128,300,0.003325,0.000350,2247683.000000,58042.000000,0.025823
166,129,300,0.003325,0.000440,2254359.000000,58897.000000,0.026126
167,130,300,0.003344,0.000394,2267164.000000,59520.000000,0.026253
168,131,300,0.003323,0.000445,2321535.000000,59196.000000,0.025499
169,131,300,0.003320,0.000462,2323292.000000,55494.000000,0.023886
170,132,300,0.003328,0.000623,2407331.000000,63295.000000,0.026293
171,133,300,0.003321,0.000503,2416101.000000,62125.000000,0.025713
172,134,300,0.003321,0.000486,2445490.000000,59970.000000,0.024523
173,135,300,0.003327,0.000443,2452776.000000,61685.000000,0.025149
174,136,300,0.003319,0.000503,2505338.000000,58161.000000,0.023215
175,137,300,0.003323,0.000517,2586284.000000,63495.000000,0.024551
176,138,300,0.003325,0.000523,2608995.000000,63852.000000,0.024474
177,139,300,0.003323,0.000566,2646458.000000,65000.000000,0.024561
178,140,300,0.003321,0.000541,2693192.000000,64137.000000,0.023814
179,141,300,0.003330,0.000504,2767972.000000,61448.000000,0.022200
180,142,300,0.003320,0.000574,2791765.000000,64357.000000,0.023052
181,142,300,0.003319,0.000688,2869473.000000,76839.000000,0.026778
182,142,300,0.003319,0.000502,2820589.000000,65617.000000,0.023264
183,143,300,0.003323,0.000585,2839810.000000,63616.000000,0.022401
184,144,300,0.003324,0.000470,2819324.000000,60857.000000,0.021586
185,145,300,0.003322,0.000548,2899170.000000,67814.000000,0.023391
186,146,300,0.003322,0.000594,2893454.000000,64935.000000,0.022442
187,147,300,0.003326,0.000503,2953503.000000,66736.000000,0.022596
188,148,300,0.003325,0.000504,2977324.000000,68358.000000,0.022960
189,148,300,0.003321,0.000629,3011933.000000,62853.000000,0.020868
190,148,300,0.003324,0.000519,3028880.000000,67304.000000,0.022221
191,149,300,0.003325,0.000577,3009119.000000,67242.000000,0.022346
192,150,300,0.003348,0.000506,3073535.000000,65731.000000,0.021386
193,150,300,0.003322,0.000532,3088905.000000,67439.000000,0.021833
194,151,300,0.003319,0.000586,3072098.000000,64353.000000,0.020948
195,151,300,0.003325,0.000726,3133372.000000,69148.000000,0.022068
196,152,300,0.003318,0.000655,3178418.000000,67858.000000,0.021350
197,153,300,0.003323,0.000619,3264186.000000,69518.000000,0.021297
198,153,300,0.003326,0.000719,3176045.000000,69087.000000,0.021753
199,154,300,0.003323,0.000684,3155782.000000,64807.000000,0.020536
200,155,300,0.003318,0.000716,3264242.000000,74588.000000,0.022850
201,156,300,0.003323,0.000692,3254970.000000,68127.000000,0.020930
202,157,300,0.003324,0.000624,3322570.000000,70056.000000,0.021085
203,158,300,0.003323,0.000661,3434879.000000,70538.000000,0.020536
204,159,300,0.003325,0.000748,3360935.000000,69550.000000,0.020694
205,160,300,0.003321,0.000793,3478460.000000,70549.000000,0.020282
206,161,300,0.003325,0.000674,3521032.000000,70852.000000,0.020123
207,162,300,0.003323,0.000781,3537285.000000,69643.000000,0.019688
208,163,300,0.003324,0.000767,3609537.000000,71505.000000,0.019810
209,163,300,0.003323,0.000644,3661682.000000,67535.000000,0.018444
210,164,300,0.003325,0.000789,3636465.000000,70530.000000,0.019395
211,164,300,0.003319,0.000789,3733174.000000,72168.000000,0.019332
212,164,300,0.003324,0.000734,3728402.000000,71628.000000,0.019211
213,165,300,0.003321,0.000828,3716794.000000,71829.000000,0.019326
214,166,300,0.003323,0.000807,3690383.000000,68167.000000,0.018472
215,167,300,0.003322,0.000744,3764082.000000,71559.000000,0.019011
216,168,300,0.003323,0.000833,3779509.000000,72577.000000,0.019203
217,168,300,0.003319,0.000816,3789204.000000,71816.000000,0.018953
218,168,300,0.003328,0.000758,3836968.000000,72343.000000,0.018854
219,169,300,0.003318,0.000702,3869137.000000,69278.000000,0.017905
220,170,300,0.003328,0.000703,3923197.000000,74084.000000,0.018884
221,171,300,0.003319,0.000798,3948406.000000,73873.000000,0.018710
222,172,300,0.003327,0.000889,3990560.000000,76317.000000,0.019124
223,173,300,0.003325,0.000873,4050494.000000,78427.000000,0.019362
224,174,300,0.003316,0.000828,4040230.000000,74240.000000,0.018375
225,174,300,0.003323,0.000977,4155332.000000,80020.000000,0.019257
226,174,300,0.003323,0.000902,4132065.000000,77976.000000,0.018871
227,175,300,0.003323,0.000887,4154193.000000,80972.000000,0.019492
228,176,300,0.003322,0.000931,4189173.000000,77818.000000,0.018576
229,176,300,0.003323,0.000972,4193192.000000,79297.000000,0.018911
230,177,300,0.003323,0.000898,4307908.000000,79217.000000,0.018389
231,178,300,0.003327,0.000824,4345355.000000,79284.000000,0.018246
232,178,300,0.003318,0.000949,4353059.000000,79176.000000,0.018189
233,179,300,0.003325,0.000898,4429174.000000,79707.000000,0.017996
234,179,300,0.003319,0.000860,4452707.000000,76337.000000,0.017144
235,180,300,0.003324,0.000987,4522318.000000,80009.000000,0.017692
236,181,300,0.003325,0.000802,4473492.000000,80436.000000,0.017981
237,182,300,0.003323,0.001120,4617952.000000,85738.000000,0.018566
238,183,300,0.003322,0.000845,4635314.000000,81872.000000,0.017663
239,184,300,0.003328,0.000852,4620989.000000,78411.000000,0.016968
240,185,300,0.003318,0.000897,4679775.000000,84160.000000,0.017984
241,186,300,0.003327,0.001049,4754750.000000,85310.000000,0.017942
242,187,300,0.003327,0.000981,4762259.000000,84773.000000,0.017801
243,188,300,0.003322,0.000935,4849500.000000,85621.000000,0.017656
244,189,300,0.003323,0.000889,4812848.000000,81155.000000,0.016862
245,190,300,0.003326,0.001028,4902020.000000,86283.000000,0.017602
246,190,300,0.003319,0.000946,4876498.000000,85021.000000,0.017435
247,191,300,0.003326,0.001087,4855907.000000,84763.000000,0.017456
248,191,300,0.003327,0.001049,4916653.000000,84737.000000,0.017235
249,192,300,0.003318,0.000981,4911556.000000,84064.000000,0.017116
250,193,300,0.003322,0.001116,4948774.000000,86514.000000,0.017482
251,194,300,0.003323,0.001056,5019993.000000,88386.000000,0.017607
252,194,300,0.003326,0.001008,4980705.000000,89583.000000,0.017986
253,195,300,0.003320,0.001104,5012979.000000,86400.000000,0.017235
254,196,300,0.003324,0.001102,5082093.000000,88161.000000,0.017347
255,197,300,0.003321,0.001018,5135752.000000,89819.000000,0.017489
256,198,300,0.003326,0.001147,5041323.000000,89827.000000,0.017818
257,199,300,0.003322,0.001065,5141573.000000,87886.000000,0.017093
258,199,300,0.003324,0.001014,5125405.000000,89441.000000,0.017451
259,200,300,0.003323,0.001147,5073859.000000,83034.000000,0.016365
260,201,300,0.003326,0.001084,5180245.000000,88784.000000,0.017139
261,202,300,0.003323,0.001038,5236307.000000,90970.000000,0.017373
262,203,300,0.003323,0.001185,5333982.000000,88918.000000,0.016670
263,204,300,0.003323,0.001136,5421987.000000,90156.000000,0.016628
264,204,300,0.003322,0.001344,5529169.000000,97671.000000,0.017665
265,205,300,0.003324,0.001000,5393581.000000,89799.000000,0.016649
266,206,300,0.003325,0.001141,5443061.000000,90691.000000,0.016662
267,207,300,0.003318,0.001117,5468285.000000,93729.000000,0.017140
268,207,300,0.003326,0.001242,5529481.000000,91289.000000,0.016510
269,208,300,0.003323,0.001031,5580067.000000,87932.000000,0.015758
270,209,300,0.003323,0.001150,5520311.000000,94319.000000,0.017086
271,210,300,0.003324,0.001271,5673479.000000,95380.000000,0.016812
272,211,300,0.003323,0.001253,5745134.000000,95916.000000,0.016695
273,212,300,0.003322,0.001195,5755518.000000,96907.000000,0.016837
274,213,300,0.003326,0.001303,5707157.000000,91991.000000,0.016119
275,214,300,0.003322,0.001315,5784812.000000,97290.000000,0.016818
276,215,300,0.003324,0.001236,5838494.000000,96585.000000,0.016543
277,215,300,0.003325,0.001363,5963696.000000,96872.000000,0.016244
278,216,300,0.003326,0.001315,6025579.000000,100457.000000,0.016672
279,217,300,0.003319,0.001333,6098821.000000,97313.000000,0.015956
280,218,300,0.003326,0.001133,6028242.000000,97345.000000,0.016148
281,219,300,0.003322,0.001372,6076055.000000,100250.000000,0.016499
282,220,300,0.003322,0.001274,6138396.000000,100921.000000,0.016441
283,221,300,0.003329,0.001183,6207153.000000,99350.000000,0.016006
284,221,300,0.003320,0.001335,6222807.000000,96525.000000,0.015511
285,222,300,0.003323,0.001327,6505501.000000,102280.000000,0.015722
286,223,300,0.003324,0.001186,6323397.000000,98818.000000,0.015627
287,223,300,0.003325,0.001372,6342550.000000,101603.000000,0.016019
288,224,300,0.003318,0.001312,6444160.000000,102661.000000,0.015931
289,225,300,0.003328,0.001234,6759506.000000,116747.000000,0.017272
290,226,300,0.003321,0.001404,6588140.000000,105297.000000,0.015983
291,227,300,0.003322,0.001352,6603825.000000,103825.000000,0.015722
292,228,300,0.003323,0.001243,6667649.000000,103619.000000,0.015541
293,229,300,0.003329,0.001479,6873344.000000,106996.000000,0.015567
294,230,300,0.003318,0.001406,6792315.000000,101503.000000,0.014944
295,231,300,0.003326,0.001329,6990087.000000,107761.000000,0.015416
296,232,300,0.003325,0.001521,7078934.000000,108426.000000,0.015317
297,233,300,0.003321,0.001474,7026180.000000,108177.000000,0.015396
298,234,300,0.003326,0.001334,7088609.000000,107789.000000,0.015206
299,235,300,0.003411,0.001547,7309701.000000,111581.000000,0.015265
300,235,300,0.003401,0.001414,7164987.000000,110828.000000,0.015468
301,236,300,0.003421,0.001629,7217960.000000,112283.000000,0.015556
302,236,300,0.003400,0.001383,7253719.000000,111703.000000,0.015399
303,237,300,0.003411,0.001449,7202642.000000,110003.000000,0.015273
304,238,300,0.003402,0.001403,7231709.000000,107574.000000,0.014875
305,239,300,0.003405,0.001448,7342234.000000,112069.000000,0.015264
306,239,299,0.003414,0.001678,7438126.000000,113753.000000,0.015293
307,240,299,0.003412,0.001505,7487239.000000,114198.000000,0.015252
308,240,299,0.003407,0.001434,7448143.000000,113661.000000,0.015260
309,241,299,0.003416,0.001687,7499314.000000,110710.000000,0.014763
310,242,299,0.003407,0.001443,7574191.000000,115219.000000,0.015212
311,242,299,0.003454,0.001678,7589119.000000,114247.000000,0.015054
312,243,299,0.003411,0.001519,7692697.000000,118997.000000,0.015469
313,244,298,0.003408,0.001728,7765780.000000,117240.000000,0.015097
314,245,298,0.003407,0.001508,7755175.000000,112207.000000,0.014469
315,246,298,0.003413,0.001568,7792286.000000,118156.000000,0.015163
316,247,298,0.003418,0.001673,7809656.000000,116557.000000,0.014925
317,247,298,0.003410,0.001500,7834812.000000,114655.000000,0.014634
318,247,298,0.003421,0.001725,7846290.000000,117759.000000,0.015008
319,248,298,0.003409,0.001503,7803604.000000,111624.000000,0.014304
320,249,297,0.003418,0.001518,7889586.000000,118448.000000,0.015013
321,250,297,0.003421,0.001697,7964997.000000,119404.000000,0.014991
322,250,297,0.003408,0.001539,7969332.000000,119204.000000,0.014958
323,251,297,0.003427,0.001795,8028289.000000,117975.000000,0.014695
324,252,297,0.003412,0.001562,8075435.000000,119633.000000,0.014814
325,253,297,0.003425,0.001774,8125086.000000,119071.000000,0.014655
326,254,297,0.003413,0.001579,8157399.000000,120621.000000,0.014787
327,255,296,0.003423,0.001579,8182266.000000,120175.000000,0.014687
328,255,296,0.003329,0.001937,8275930.000000,120164.000000,0.014520
329,256,296,0.003325,0.001595,8327307.000000,120168.000000,0.014431
330,257,296,0.003326,0.001859,8383030.000000,120995.000000,0.014433
331,258,296,0.003325,0.001789,8396165.000000,120914.000000,0.014401
332,259,296,0.003327,0.001620,8426542.000000,121753.000000,0.014449
333,259,296,0.003322,0.001845,8517950.000000,118491.000000,0.013911
334,260,296,0.003329,0.001828,8560765.000000,121666.000000,0.014212
335,261,296,0.003322,0.001669,8619285.000000,122864.000000,0.014255
336,261,296,0.003327,0.001655,8669007.000000,122216.000000,0.014098
337,262,296,0.003325,0.001846,8663087.000000,123953.000000,0.014308
338,263,296,0.003329,0.001749,8675170.000000,120688.000000,0.013912
339,264,296,0.003322,0.001708,8793577.000000,124314.000000,0.014137
340,265,296,0.003332,0.001918,8812928.000000,126727.000000,0.014380
341,266,296,0.003277,0.001775,8925525.000000,127046.000000,0.014234
342,267,296,0.003325,0.001845,9005124.000000,129847.000000,0.014419
343,268,296,0.003336,0.001998,9000864.000000,124945.000000,0.013881
344,269,296,0.003328,0.001814,9095989.000000,129550.000000,0.014243
345,270,296,0.003330,0.001840,9186735.000000,130160.000000,0.014168
346,271,296,0.003336,0.002001,9197670.000000,130300.000000,0.014167
347,272,296,0.003333,0.001884,9267683.000000,130606.000000,0.014093
348,273,296,0.003327,0.001820,9247280.000000,126963.000000,0.013730
349,274,296,0.003339,0.002042,9366865.000000,130098.000000,0.013889
350,275,296,0.003329,0.001876,9404575.000000,130420.000000,0.013868
351,276,296,0.003333,0.001876,9510056.000000,129525.000000,0.013620
352,276,296,0.003340,0.002060,9576020.000000,132340.000000,0.013820
353,277,296,0.003337,0.001914,9432656.000000,128620.000000,0.013636
354,278,296,0.003328,0.001841,9523473.000000,130279.000000,0.013680
355,279,296,0.003337,0.002051,9560844.000000,134071.000000,0.014023
356,279,296,0.003328,0.001840,9519103.000000,130882.000000,0.013749
357,280,296,0.003330,0.001848,9546898.000000,132007.000000,0.013827
358,280,296,0.003350,0.002233,9677827.000000,133243.000000,0.013768
359,281,296,0.003336,0.001903,9686171.000000,133545.000000,0.013787
360,282,296,0.003328,0.001881,9727048.000000,133144.000000,0.013688
361,282,297,0.003344,0.002079,9862075.000000,135736.000000,0.013763
362,283,297,0.003336,0.001974,10044717.000000,137054.000000,0.013644
363,284,297,0.003338,0.001998,10124895.000000,135181.000000,0.013351
364,285,297,0.003330,0.001950,10079380.000000,136976.000000,0.013590
365,285,297,0.003341,0.002013,10195149.000000,137312.000000,0.013468
366,286,297,0.003346,0.002276,10367532.000000,140698.000000,0.013571
367,287,297,0.003396,0.002051,10380108.000000,140312.000000,0.013517
368,287,297,0.003300,0.002060,10476363.000000,136531.000000,0.013032
369,288,297,0.003333,0.002100,10539408.000000,142590.000000,0.013529
370,288,297,0.003339,0.002094,10516359.000000,139008.000000,0.013218
371,288,298,0.003327,0.002112,10540979.000000,141226.000000,0.013398
372,289,298,0.003342,0.002139,10609801.000000,142972.000000,0.013475
373,290,298,0.003340,0.002118,10661228.000000,137820.000000,0.012927
374,291,298,0.003347,0.002177,10732831.000000,144473.000000,0.013461
375,291,298,0.003341,0.002119,10752295.000000,143013.000000,0.013301
376,291,298,0.003342,0.002147,10829226.000000,142629.000000,0.013171
377,291,298,0.003349,0.002170,10896766.000000,145726.000000,0.013373
378,292,298,0.003345,0.002180,10957785.000000,141461.000000,0.012910
379,293,298,0.003344,0.002164,10927612.000000,143794.000000,0.013159
380,294,299,0.003349,0.002209,10954711.000000,145171.000000,0.013252
381,295,299,0.003341,0.002176,10997822.000000,145003.000000,0.013185
382,296,299,0.003348,0.002224,11090445.000000,148538.000000,0.013393
383,296,299,0.003351,0.002203,11190565.000000,143939.000000,0.012863
384,297,299,0.003344,0.002206,11134570.000000,147788.000000,0.013273
385,298,299,0.003350,0.002220,11322399.000000,150429.000000,0.013286
386,299,299,0.003345,0.002258,11200151.000000,148934.000000,0.013297
387,300,299,0.003365,0.002234,11334027.000000,150028.000000,0.013237
388,301,299,0.003355,0.002501,11417811.000000,150138.000000,0.013149
389,302,299,0.003347,0.002210,11390696.000000,147103.000000,0.012914
390,303,299,0.003352,0.002237,11391035.000000,149189.000000,0.013097
391,304,299,0.003346,0.002234,11508693.000000,148738.000000,0.012924
392,305,299,0.003351,0.002262,11580275.000000,149406.000000,0.012902
393,306,299,0.003349,0.002310,11874519.000000,148760.000000,0.012528
394,306,299,0.003354,0.002270,11742534.000000,151875.000000,0.012934
395,307,299,0.003350,0.002338,11954457.000000,153616.000000,0.012850
396,307,299,0.003358,0.002340,11986109.000000,155125.000000,0.012942
397,308,299,0.003352,0.002360,12151767.000000,157206.000000,0.012937
398,309,299,0.003354,0.002393,12162209.000000,150662.000000,0.012388
399,310,299,0.003325,0.002437,12342277.000000,161004.000000,0.013045
400,311,299,0.003359,0.002419,12380776.000000,166198.000000,0.013424
401,312,299,0.003361,0.002568,12693716.000000,176002.000000,0.013865
402,313,299,0.003361,0.002497,12658821.000000,170184.000000,0.013444
403,314,299,0.003362,0.002546,12882339.000000,167323.000000,0.012989
404,315,299,0.003363,0.002543,12882837.000000,172343.000000,0.013378
405,315,299,0.003375,0.002767,13010614.000000,174020.000000,0.013375
406,315,298,0.003364,0.002551,12994859.000000,172490.000000,0.013274
407,316,298,0.003371,0.002644,13073571.000000,174972.000000,0.013384
408,317,298,0.003358,0.002578,12980314.000000,169021.000000,0.013021
409,317,298,0.003383,0.003016,13264146.000000,192143.000000,0.014486
410,318,298,0.003628,0.003281,13409658.000000,188609.000000,0.014065
411,319,298,0.003391,0.002932,13317363.000000,195648.000000,0.014691
412,320,297,0.003559,0.003176,13526813.000000,189562.000000,0.014014
413,320,297,0.003366,0.002645,13313827.000000,174422.000000,0.013101
414,321,297,0.003366,0.002596,13312827.000000,175791.000000,0.013205
415,322,297,0.003715,0.003363,13928259.000000,197897.000000,0.014208
416,323,297,0.003371,0.002637,13518369.000000,177088.000000,0.013100
417,324,297,0.003381,0.002876,13743417.000000,185442.000000,0.013493
418,324,297,0.003367,0.002629,13494218.000000,173433.000000,0.012852
419,325,297,0.003367,0.002703,13782115.000000,177320.000000,0.012866
420,326,297,0.003380,0.002862,13957622.000000,184477.000000,0.013217
421,327,296,0.003372,0.002760,14130662.000000,181353.000000,0.012834
422,328,296,0.003377,0.002781,14189965.000000,180667.000000,0.012732
423,329,296,0.003374,0.002777,14153299.000000,182655.000000,0.012905
424,330,296,0.003378,0.002792,14224917.000000,185000.000000,0.013005
425,331,296,0.003377,0.002817,14410278.000000,187984.000000,0.013045
426,331,296,0.003373,0.003020,14549117.000000,188650.000000,0.012966
427,332,296,0.003386,0.002979,14601205.000000,187938.000000,0.012871
428,333,296,0.003380,0.002895,14614799.000000,189096.000000,0.012939
429,334,296,0.003382,0.002922,14669319.000000,188581.000000,0.012855
430,334,296,0.003381,0.002894,14709533.000000,188818.000000,0.012836
431,334,296,0.003387,0.002923,14815939.000000,191428.000000,0.012920
432,335,296,0.003333,0.002968,14720328.000000,187854.000000,0.012762
433,336,296,0.003385,0.002944,14832085.000000,190224.000000,0.012825
434,337,296,0.003382,0.002905,14887940.000000,190257.000000,0.012779
435,337,296,0.003351,0.002968,15094874.000000,192911.000000,0.012780
436,338,296,0.003371,0.003016,15287436.000000,194153.000000,0.012700
437,339,296,0.003377,0.003019,15246022.000000,191856.000000,0.012584
438,340,296,0.003342,0.002999,15310267.000000,193741.000000,0.012654
439,340,296,0.003415,0.003062,15452385.000000,196309.000000,0.012704
440,341,295,0.003402,0.003062,15496634.000000,197834.000000,0.012766
441,342,295,0.003423,0.003077,15639966.000000,195591.000000,0.012506
442,343,295,0.003607,0.003262,15821654.000000,198505.000000,0.012546
443,344,294,0.003935,0.003552,15805083.000000,203524.000000,0.012877
444,345,294,0.003694,0.003317,15887756.000000,203546.000000,0.012812
445,346,293,0.003531,0.003127,15919999.000000,202198.000000,0.012701
446,347,292,0.003995,0.003617,16136487.000000,209440.000000,0.012979
447,348,292,0.003574,0.003248,16020744.000000,199392.000000,0.012446
448,348,292,0.003557,0.003214,16119493.000000,203438.000000,0.012621
449,349,291,0.003674,0.003328,16242026.000000,204741.000000,0.012606
450,350,291,0.003634,0.003274,16333095.000000,205216.000000,0.012564
451,351,291,0.003658,0.003321,16296840.000000,201262.000000,0.012350
452,352,290,0.003709,0.003373,16452082.000000,208886.000000,0.012697
453,352,290,0.003692,0.003330,16515038.000000,206489.000000,0.012503
454,353,289,0.003729,0.003389,16722133.000000,209976.000000,0.012557
455,354,288,0.003768,0.003408,16843682.000000,211331.000000,0.012547
456,355,288,0.003730,0.003395,16996527.000000,206965.000000,0.012177
457,356,287,0.003870,0.003494,17035096.000000,212229.000000,0.012458
458,357,287,0.003789,0.003402,16937984.000000,208377.000000,0.012302
459,358,286,0.003967,0.003602,17253522.000000,212550.000000,0.012319
460,359,285,0.003720,0.003377,17087462.000000,206689.000000,0.012096
461,360,285,0.003730,0.003368,17123595.000000,211597.000000,0.012357
462,361,284,0.003790,0.003447,17321981.000000,211031.000000,0.012183
463,362,284,0.003776,0.003433,17400202.000000,211450.000000,0.012152
464,362,283,0.003780,0.003451,17473894.000000,209026.000000,0.011962
465,362,282,0.003849,0.003481,17710391.000000,214721.000000,0.012124
466,363,282,0.003845,0.003490,17632395.000000,215367.000000,0.012214
467,364,281,0.003901,0.003577,17959735.000000,216900.000000,0.012077
468,365,280,0.003907,0.003584,17957788.000000,219111.000000,0.012201
469,366,280,0.003892,0.003560,17990787.000000,213336.000000,0.011858
470,367,279,0.003935,0.003594,18109852.000000,217199.000000,0.011993
471,368,279,0.003946,0.003622,18179878.000000,220566.000000,0.012132
472,368,278,0.004042,0.003631,18186647.000000,223440.000000,0.012286
473,369,277,0.003993,0.003622,18164119.000000,217310.000000,0.011964
474,370,276,0.003965,0.003617,18267582.000000,220225.000000,0.012056
475,371,276,0.004089,0.003738,18629440.000000,228664.000000,0.012274
476,372,275,0.004017,0.003664,18487787.000000,225593.000000,0.012202
477,373,274,0.004074,0.003741,18783466.000000,222987.000000,0.011871
478,374,273,0.004076,0.003719,18603551.000000,226903.000000,0.012197
479,375,272,0.004067,0.003738,18871219.000000,227747.000000,0.012068
480,376,272,0.004108,0.003764,18864051.000000,227446.000000,0.012057
481,377,271,0.004084,0.003756,18889493.000000,222629.000000,0.011786
482,378,270,0.004172,0.003759,19011547.000000,227679.000000,0.011976
483,379,269,0.004238,0.003873,19217190.000000,233869.000000,0.012170
484,379,268,0.004275,0.003908,19321643.000000,235438.000000,0.012185
485,379,266,0.004408,0.003999,19183495.000000,230746.000000,0.012028
486,380,265,0.004264,0.003879,19341179.000000,233500.000000,0.012073
487,381,264,0.004170,0.003830,19427913.000000,231866.000000,0.011935
488,382,263,0.004196,0.003853,19480944.000000,234374.000000,0.012031
489,383,262,0.004207,0.003886,19510019.000000,231284.000000,0.011855
490,383,261,0.004211,0.003846,19531873.000000,232954.000000,0.011927
491,384,260,0.004283,0.003935,19636685.000000,235706.000000,0.012003
492,384,259,0.004308,0.003930,19736151.000000,233572.000000,0.011835
493,384,258,0.004408,0.004054,19546590.000000,230721.000000,0.011804
494,385,257,0.004252,0.003864,19626967.000000,234849.000000,0.011966
495,386,256,0.004555,0.004167,19852799.000000,237155.000000,0.011946
496,387,254,0.004711,0.004328,20236023.000000,249123.000000,0.012311
497,388,253,0.004431,0.004054,20300412.000000,239093.000000,0.011778
498,388,252,0.004476,0.004098,20438700.000000,242061.000000,0.011843
499,389,251,0.004482,0.004104,20325297.000000,242297.000000,0.011921
500,389,250,0.004468,0.004138,20222499.000000,241281.000000,0.011931
501,390,249,0.004393,0.004053,20220069.000000,241205.000000,0.011929
502,391,248,0.004445,0.004100,20295278.000000,242664.000000,0.011957
503,392,247,0.004444,0.004078,20417247.000000,242556.000000,0.011880
504,393,247,0.004506,0.004143,20488525.000000,242378.000000,0.011830
505,394,245,0.005124,0.004478,20599374.000000,246772.000000,0.011980
506,395,244,0.004806,0.004154,20637522.000000,244404.000000,0.011843
507,395,243,0.004841,0.004187,20922059.000000,247496.000000,0.011829
508,395,242,0.004808,0.004180,20889574.000000,243963.000000,0.011679
509,396,241,0.004827,0.004187,20944650.000000,247004.000000,0.011793
510,396,239,0.004853,0.004216,20929806.000000,247539.000000,0.011827
511,397,238,0.004824,0.004152,20923257.000000,244228.000000,0.011673
512,398,237,0.004869,0.004226,21173119.000000,251688.000000,0.011887
513,399,236,0.004916,0.004277,21388440.000000,251335.000000,0.011751
514,400,235,0.004931,0.004301,21405303.000000,251399.000000,0.011745
515,401,234,0.004898,0.004263,21467635.000000,248012.000000,0.011553
516,402,233,0.005208,0.004570,21719751.000000,252727.000000,0.011636
517,403,232,0.004918,0.004542,21891678.000000,260654.000000,0.011907
518,404,231,0.004760,0.004407,21919249.000000,251373.000000,0.011468
519,405,230,0.004765,0.004418,22026197.000000,255957.000000,0.011621
520,406,229,0.004773,0.004412,22017978.000000,254848.000000,0.011575
521,407,228,0.004827,0.004476,22105242.000000,253647.000000,0.011475
522,407,227,0.004851,0.004469,22241764.000000,260527.000000,0.011713
523,408,226,0.004775,0.004409,22022537.000000,255832.000000,0.011617
524,409,225,0.004854,0.004474,22110263.000000,257325.000000,0.011638
525,410,225,0.004807,0.004475,22121316.000000,254252.000000,0.011494
526,411,224,0.004798,0.004437,22188106.000000,257692.000000,0.011614
527,412,223,0.004920,0.004568,22295162.000000,262300.000000,0.011765
528,413,222,0.004840,0.004462,22297846.000000,254391.000000,0.011409
529,413,221,0.004935,0.004519,22570826.000000,261700.000000,0.011595
530,414,221,0.004879,0.004474,22411403.000000,258492.000000,0.011534
531,415,220,0.004979,0.004574,22618327.000000,262038.000000,0.011585
532,416,219,0.004862,0.004495,22633359.000000,256256.000000,0.011322
533,417,218,0.004884,0.004504,22576558.000000,259158.000000,0.011479
534,418,218,0.004922,0.004551,22704545.000000,261592.000000,0.011522
535,419,217,0.005043,0.004674,22964155.000000,262039.000000,0.011411
536,420,216,0.005051,0.004640,23021233.000000,267469.000000,0.011618
537,421,215,0.005013,0.004637,23078496.000000,266576.000000,0.011551
538,421,214,0.005199,0.004808,23245225.000000,264281.000000,0.011369
539,422,214,0.005028,0.004661,23367957.000000,266417.000000,0.011401
540,423,213,0.005055,0.004667,23376196.000000,268151.000000,0.011471
541,424,212,0.005086,0.004742,23566464.000000,268312.000000,0.011385
542,425,212,0.005108,0.004764,23603308.000000,266223.000000,0.011279
543,425,211,0.005109,0.004752,23828152.000000,270774.000000,0.011364
544,426,210,0.005188,0.004808,24024822.000000,272619.000000,0.011347
545,427,210,0.005234,0.004872,24310112.000000,272014.000000,0.011189
546,428,209,0.005274,0.004916,24369779.000000,276298.000000,0.011338
547,429,208,0.005297,0.004943,24594469.000000,277319.000000,0.011276
548,429,207,0.005265,0.004895,24428312.000000,269348.000000,0.011026
549,429,206,0.005307,0.004963,24515309.000000,276975.000000,0.011298
550,429,206,0.005311,0.004950,24585244.000000,276320.000000,0.011239
551,430,205,0.005435,0.004962,24861622.000000,287376.000000,0.011559
552,430,204,0.005436,0.005032,24512794.000000,275815.000000,0.011252
553,431,203,0.005332,0.004940,24566974.000000,275383.000000,0.011209
554,431,203,0.005337,0.004976,24642102.000000,273727.000000,0.011108
555,431,202,0.005355,0.004991,24578087.000000,276227.000000,0.011239
556,432,202,0.005402,0.005013,24955307.000000,280448.000000,0.011238
557,433,201,0.005583,0.005162,25120517.000000,279019.000000,0.011107
558,434,200,0.005512,0.005132,25232025.000000,283396.000000,0.011232
559,435,200,0.005416,0.005073,25088933.000000,281252.000000,0.011210
560,436,199,0.005444,0.005095,25133415.000000,278403.000000,0.011077
561,436,198,0.005486,0.005113,25399561.000000,281945.000000,0.011100
562,436,198,0.005445,0.005087,25380748.000000,282320.000000,0.011123
563,437,197,0.005496,0.005141,25486476.000000,279303.000000,0.010959
564,438,196,0.005546,0.005194,25631852.000000,285621.000000,0.011143
565,439,196,0.005542,0.005168,25760659.000000,285532.000000,0.011084
566,440,195,0.005622,0.005268,25844096.000000,283169.000000,0.010957
567,441,195,0.005662,0.005244,26053547.000000,288000.000000,0.011054
568,442,194,0.005672,0.005310,26138969.000000,290328.000000,0.011107
569,443,194,0.005866,0.005492,26359888.000000,291007.000000,0.011040
570,444,193,0.005718,0.005338,26527936.000000,291648.000000,0.010994
571,445,193,0.005755,0.005383,26647150.000000,291961.000000,0.010957
572,446,192,0.005762,0.005403,26751251.000000,290397.000000,0.010855
573,447,191,0.005837,0.005443,27011092.000000,296564.000000,0.010979
574,447,191,0.005880,0.005531,27064917.000000,296612.000000,0.010959
575,447,190,0.005965,0.005603,27190899.000000,294452.000000,0.010829
576,447,190,0.005919,0.005547,27278637.000000,297632.000000,0.010911
577,448,189,0.005928,0.005541,27443667.000000,297829.000000,0.010852
578,449,188,0.005942,0.005568,27161568.000000,294030.000000,0.010825
579,450,188,0.005986,0.005569,27430987.000000,300729.000000,0.010963
580,451,187,0.005913,0.005531,27533824.000000,300898.000000,0.010928
581,452,186,0.006012,0.005646,27652163.000000,298810.000000,0.010806
582,453,186,0.006023,0.005649,27786585.000000,302882.000000,0.010900
583,454,185,0.006068,0.005680,27951612.000000,303583.000000,0.010861
584,454,184,0.006134,0.005716,28179893.000000,301047.000000,0.010683
585,455,184,0.006049,0.005674,28091117.000000,304641.000000,0.010845
586,456,183,0.006100,0.005756,28147155.000000,301746.000000,0.010720
587,456,182,0.006138,0.005711,28346673.000000,307001.000000,0.010830
588,457,181,0.006148,0.005791,28445464.000000,306788.000000,0.010785
589,458,181,0.006179,0.005833,28494964.000000,304276.000000,0.010678
590,458,180,0.006149,0.005790,28511856.000000,306788.000000,0.010760
591,458,179,0.006347,0.005990,28603334.000000,309356.000000,0.010815
592,459,179,0.006171,0.005811,28538208.000000,303020.000000,0.010618
593,460,178,0.006182,0.005786,28825567.000000,308182.000000,0.010691
594,460,177,0.006189,0.005816,28914841.000000,304160.000000,0.010519
595,461,177,0.006240,0.005867,29105858.000000,309345.000000,0.010628
596,462,176,0.006339,0.005968,29360676.000000,312656.000000,0.010649
597,463,175,0.006331,0.005931,29386705.000000,308691.000000,0.010504
598,464,175,0.006270,0.005900,29471439.000000,312798.000000,0.010614
599,465,174,0.006397,0.006044,29567901.000000,314226.000000,0.010627
600,466,173,0.006373,0.006013,29573962.000000,311234.000000,0.010524
601,467,173,0.006375,0.006024,29695423.000000,319438.000000,0.010757
602,468,172,0.006423,0.006074,29727468.000000,313890.000000,0.010559
603,469,171,0.006501,0.006057,29938783.000000,320551.000000,0.010707
604,470,171,0.006472,0.006091,30069614.000000,319681.000000,0.010631
605,471,170,0.006578,0.006171,30454384.000000,318546.000000,0.010460
606,472,169,0.006558,0.006162,30602410.000000,321262.000000,0.010498
607,473,169,0.006669,0.006323,30397149.000000,317446.000000,0.010443
608,474,168,0.006555,0.006179,30443630.000000,320553.000000,0.010529
609,475,168,0.006561,0.006186,30719253.000000,324731.000000,0.010571
610,476,167,0.006671,0.006303,30974206.000000,324080.000000,0.010463
611,477,166,0.006606,0.006244,30756787.000000,325252.000000,0.010575
612,478,166,0.006582,0.006227,30788515.000000,323659.000000,0.010512
613,479,165,0.006665,0.006303,30903193.000000,327770.000000,0.010606
614,480,165,0.006663,0.006235,30979544.000000,328312.000000,0.010598
615,481,164,0.006617,0.006251,31221117.000000,327658.000000,0.010495
616,482,163,0.006804,0.006428,31684243.000000,332979.000000,0.010509
617,483,163,0.006907,0.006538,31962787.000000,334686.000000,0.010471
618,483,162,0.007021,0.006635,31977830.000000,340970.000000,0.010663
619,484,161,0.007195,0.006799,32235928.000000,339714.000000,0.010538
620,485,161,0.006785,0.006403,31981993.000000,332354.000000,0.010392
621,486,160,0.006839,0.006457,32421161.000000,337855.000000,0.010421
622,487,160,0.007023,0.006639,32573243.000000,337379.000000,0.010358
623,488,159,0.007054,0.006654,32597712.000000,338955.000000,0.010398
624,489,158,0.006882,0.006521,32640880.000000,340196.000000,0.010422
625,490,158,0.006892,0.006536,32683485.000000,334392.000000,0.010231
626,491,157,0.006935,0.006551,32825143.000000,340211.000000,0.010364
627,491,157,0.006963,0.006596,33054492.000000,338504.000000,0.010241
628,492,156,0.007496,0.006862,32899454.000000,343565.000000,0.010443
629,493,155,0.007298,0.006669,32853701.000000,339585.000000,0.010336
630,493,155,0.007314,0.006585,32952872.000000,344376.000000,0.010451
631,494,154,0.007397,0.006739,33281033.000000,348607.000000,0.010475
632,495,153,0.007306,0.006669,33049222.000000,340829.000000,0.010313
633,495,153,0.007369,0.006698,33253520.000000,345918.000000,0.010402
634,496,152,0.007429,0.006755,33634145.000000,345122.000000,0.010261
635,497,152,0.007495,0.006814,33712770.000000,352588.000000,0.010459
636,498,151,0.007366,0.006927,33818644.000000,346814.000000,0.010255
637,499,151,0.007220,0.006838,34132330.000000,352518.000000,0.010328
638,500,150,0.007235,0.006864,33958679.000000,349201.000000,0.010283
639,501,150,0.007193,0.006833,34032843.000000,354198.000000,0.010408
640,502,149,0.007274,0.006900,34147695.000000,353614.000000,0.010355
641,503,149,0.007252,0.006890,34373712.000000,351373.000000,0.010222
642,504,148,0.007364,0.006965,34588370.000000,355287.000000,0.010272
643,505,148,0.007348,0.006972,34688618.000000,351695.000000,0.010139
644,505,147,0.007454,0.007054,34896136.000000,358332.000000,0.010269
645,506,147,0.007484,0.007105,34748159.000000,353407.000000,0.010171
646,506,146,0.007365,0.006967,34828579.000000,356920.000000,0.010248
647,507,146,0.007392,0.007017,35073512.000000,354431.000000,0.010105
648,507,145,0.007448,0.007068,34997393.000000,358760.000000,0.010251
649,508,145,0.007633,0.007228,35255865.000000,363006.000000,0.010296
650,509,144,0.007476,0.007087,35238329.000000,356699.000000,0.010122
651,510,144,0.007466,0.007090,35330029.000000,362606.000000,0.010263
652,511,144,0.007473,0.007103,35374496.000000,358620.000000,0.010138
653,511,143,0.007507,0.007097,35559464.000000,364823.000000,0.010260
654,512,143,0.007493,0.007138,35630614.000000,359946.000000,0.010102
655,513,142,0.007633,0.007230,35912819.000000,366947.000000,0.010218
656,513,142,0.007673,0.007257,36026127.000000,363744.000000,0.010097
657,514,141,0.007590,0.007200,35892967.000000,367486.000000,0.010238
658,515,141,0.007619,0.007238,36165380.000000,369890.000000,0.010228
659,516,140,0.007613,0.007241,36119218.000000,363633.000000,0.010068
660,516,140,0.007668,0.007295,36279843.000000,368169.000000,0.010148
661,517,139,0.007833,0.007477,36287741.000000,367698.000000,0.010133
662,517,139,0.007984,0.007596,36347403.000000,377089.000000,0.010375
663,518,139,0.007726,0.007359,36554724.000000,370098.000000,0.010124
664,519,138,0.007714,0.007330,36570557.000000,371445.000000,0.010157
665,519,138,0.007808,0.007437,36740239.000000,369200.000000,0.010049
666,520,137,0.007954,0.007560,37138520.000000,378522.000000,0.010192
667,521,137,0.008260,0.007582,37073983.000000,376505.000000,0.010156
668,522,136,0.008187,0.007514,37214155.000000,379800.000000,0.010206
669,523,136,0.008107,0.007473,37023942.000000,373080.000000,0.010077
670,523,135,0.008441,0.007629,37183781.000000,391074.000000,0.010517
671,523,134,0.009413,0.008708,37618350.000000,414618.000000,0.011022
672,523,134,0.008133,0.007455,37059506.000000,376738.000000,0.010166
673,524,134,0.008100,0.007440,37158336.000000,375377.000000,0.010102
674,524,133,0.008241,0.007573,37634459.000000,381293.000000,0.010131
675,525,133,0.008300,0.007657,37372812.000000,377204.000000,0.010093
676,526,132,0.008202,0.007542,37478039.000000,379750.000000,0.010133
677,527,132,0.008325,0.007674,37805202.000000,382002.000000,0.010104
678,527,131,0.008347,0.007706,37721934.000000,387398.000000,0.010270
679,528,131,0.008219,0.007570,37658239.000000,378698.000000,0.010056
680,529,131,0.008263,0.007592,37794146.000000,384251.000000,0.010167
681,530,130,0.008322,0.007671,38054439.000000,385243.000000,0.010123
682,530,130,0.008265,0.007601,37926019.000000,386871.000000,0.010201
683,531,129,0.008461,0.007810,38113402.000000,387054.000000,0.010155
684,532,129,0.008587,0.007897,38266868.000000,389037.000000,0.010166
685,533,129,0.008449,0.007793,38838939.000000,389161.000000,0.010020
686,534,128,0.008419,0.007760,38507210.000000,392863.000000,0.010202
687,535,128,0.008542,0.008141,38767681.000000,390461.000000,0.010072
688,535,128,0.008190,0.007810,38855595.000000,392625.000000,0.010105
689,535,127,0.008144,0.007768,38824053.000000,386583.000000,0.009957
690,536,127,0.008242,0.007841,39172405.000000,395225.000000,0.010089
691,536,127,0.008240,0.007903,39174575.000000,391678.000000,0.009998
692,537,127,0.008259,0.007887,39298741.000000,396851.000000,0.010098
693,538,126,0.008341,0.007981,39391233.000000,396142.000000,0.010057
694,539,126,0.008305,0.007922,39491068.000000,397439.000000,0.010064
695,540,126,0.008459,0.007998,39907518.000000,408355.000000,0.010233
696,540,126,0.008337,0.007945,39643041.000000,399704.000000,0.010083
697,541,125,0.008380,0.008009,39920104.000000,398604.000000,0.009985
698,542,125,0.008427,0.008046,40069983.000000,402157.000000,0.010036
699,543,125,0.008676,0.008275,40382172.000000,404194.000000,0.010009
700,544,124,0.008529,0.008143,40419678.000000,406511.000000,0.010057
701,544,124,0.008506,0.008140,40522287.000000,403874.000000,0.009967
702,545,124,0.008590,0.008210,40734851.000000,407967.000000,0.010015
703,546,123,0.008619,0.008246,41002231.000000,407698.000000,0.009943
704,547,123,0.008611,0.008214,41029467.000000,411636.000000,0.010033
705,548,123,0.008639,0.008284,40941865.000000,406491.000000,0.009928
706,549,122,0.008609,0.008234,41017737.000000,410944.000000,0.010019
707,550,122,0.008677,0.008304,41094480.000000,409564.000000,0.009966
708,551,122,0.009094,0.008436,41224222.000000,415858.000000,0.010088
709,552,121,0.008968,0.008328,41236249.000000,411874.000000,0.009988
710,553,121,0.009042,0.008668,41497645.000000,420457.000000,0.010132
711,553,121,0.008710,0.008346,41493752.000000,414617.000000,0.009992
712,554,120,0.008755,0.008389,41807896.000000,415281.000000,0.009933
713,555,120,0.008762,0.008412,41750794.000000,421309.000000,0.010091
714,556,120,0.008813,0.008459,41834336.000000,416945.000000,0.009967
715,557,119,0.008884,0.008518,42185304.000000,423398.000000,0.010037
716,557,119,0.008841,0.008508,42051433.000000,418053.000000,0.009941
717,558,119,0.008839,0.008495,42074887.000000,421938.000000,0.010028
718,559,119,0.008823,0.008462,42116661.000000,417932.000000,0.009923
719,560,118,0.008937,0.008567,42507881.000000,422136.000000,0.009931
720,561,118,0.008951,0.008589,42658948.000000,421947.000000,0.009891
721,562,118,0.009132,0.008733,42918331.000000,432493.000000,0.010077
722,563,117,0.008892,0.008527,42568203.000000,418426.000000,0.009830
723,564,117,0.008971,0.008596,42824355.000000,425483.000000,0.009936
724,564,117,0.009020,0.008651,43096852.000000,426252.000000,0.009891
725,565,117,0.009001,0.008613,42990541.000000,428354.000000,0.009964
726,565,116,0.009041,0.008677,43100903.000000,425768.000000,0.009878
727,565,116,0.009082,0.008715,43273813.000000,425081.000000,0.009823
728,566,116,0.009153,0.008784,43623296.000000,431524.000000,0.009892
729,567,116,0.009259,0.008889,43973043.000000,437570.000000,0.009951
730,568,115,0.009372,0.008994,44341199.000000,427612.000000,0.009644
731,569,115,0.009230,0.008894,44134313.000000,419052.000000,0.009495
732,570,115,0.009706,0.009211,44341786.000000,428881.000000,0.009672
733,571,115,0.009430,0.008895,44361504.000000,421449.000000,0.009500
734,572,115,0.009417,0.008910,44563026.000000,426266.000000,0.009565
735,573,114,0.009559,0.009074,44884702.000000,426821.000000,0.009509
736,574,114,0.009594,0.009230,45078538.000000,431128.000000,0.009564
737,575,114,0.009424,0.009049,45110661.000000,432005.000000,0.009577
738,576,113,0.009578,0.009178,45628250.000000,432940.000000,0.009488
739,577,113,0.009617,0.009225,46115459.000000,437662.000000,0.009491
740,577,113,0.009764,0.009389,46435501.000000,436849.000000,0.009408
741,578,113,0.009756,0.009362,46326831.000000,441326.000000,0.009526
742,578,112,0.009724,0.009360,46417251.000000,435899.000000,0.009391
743,578,112,0.009915,0.009561,46571049.000000,439436.000000,0.009436
744,579,112,0.009762,0.009382,46617865.000000,441745.000000,0.009476
745,580,111,0.009848,0.009479,46936478.000000,440500.000000,0.009385
746,581,111,0.009913,0.009531,46831900.000000,444863.000000,0.009499
747,581,111,0.009914,0.009532,47090046.000000,441824.000000,0.009383
748,581,110,0.009905,0.009537,47224266.000000,441621.000000,0.009352
749,582,110,0.010097,0.009703,47501258.000000,449754.000000,0.009468
750,583,110,0.010054,0.009689,47777839.000000,451609.000000,0.009452
751,584,109,0.009967,0.009582,47913501.000000,450147.000000,0.009395
752,584,109,0.010046,0.009666,48093179.000000,448648.000000,0.009329
753,585,109,0.010195,0.009843,47961361.000000,450039.000000,0.009383
754,585,108,0.010587,0.010088,48017889.000000,454085.000000,0.009457
755,585,108,0.010182,0.009676,47936598.000000,449277.000000,0.009372
756,586,107,0.010224,0.009828,48211080.000000,457460.000000,0.009489
757,587,107,0.010168,0.009809,48651458.000000,457061.000000,0.009395
758,588,107,0.010134,0.009763,48611227.000000,453957.000000,0.009339
759,589,106,0.010190,0.009812,48577605.000000,456756.000000,0.009403
760,589,106,0.010111,0.009751,48596735.000000,452131.000000,0.009304
761,590,106,0.010158,0.009822,48674243.000000,453984.000000,0.009327
762,591,106,0.010273,0.009899,48853385.000000,460149.000000,0.009419
763,592,105,0.010631,0.010260,49358249.000000,462901.000000,0.009378
764,593,105,0.010225,0.009836,48972248.000000,460175.000000,0.009397
765,593,105,0.010301,0.009943,49058462.000000,458443.000000,0.009345
766,593,104,0.010370,0.010020,49093797.000000,459020.000000,0.009350
767,594,104,0.010330,0.009940,49093461.000000,464218.000000,0.009456
768,595,104,0.010385,0.009996,49193263.000000,460711.000000,0.009365
769,596,103,0.010380,0.010018,49404978.000000,464115.000000,0.009394
770,597,103,0.010380,0.009994,49490689.000000,465731.000000,0.009410
771,597,103,0.010409,0.010054,49580508.000000,464093.000000,0.009360
772,598,103,0.010846,0.010317,49836762.000000,472053.000000,0.009472
773,599,102,0.010585,0.010091,50119510.000000,465929.000000,0.009296
774,600,102,0.010564,0.010070,50110636.000000,465554.000000,0.009291
775,601,102,0.010607,0.010085,50184982.000000,470431.000000,0.009374
776,602,101,0.010641,0.010144,50482984.000000,467818.000000,0.009267
777,603,101,0.010704,0.010206,50495596.000000,469853.000000,0.009305
778,604,101,0.010716,0.010197,50840521.000000,476175.000000,0.009366
779,605,100,0.010830,0.010332,51344129.000000,474186.000000,0.009235
780,606,100,0.010732,0.010218,50993342.000000,471519.000000,0.009247
781,607,100,0.010903,0.010392,51598466.000000,481392.000000,0.009330
782,608,99,0.011035,0.010651,51847234.000000,482847.000000,0.009313
783,609,99,0.010891,0.010501,52181069.000000,484909.000000,0.009293
784,609,99,0.010882,0.010545,52168126.000000,481020.000000,0.009221
785,610,98,0.010849,0.010503,52185557.000000,481352.000000,0.009224
786,610,98,0.010901,0.010525,52322005.000000,485047.000000,0.009270
787,611,98,0.010869,0.010527,52336660.000000,480615.000000,0.009183
788,611,98,0.010838,0.010492,52295859.000000,480012.000000,0.009179
789,611,97,0.010888,0.010537,52358526.000000,484601.000000,0.009255
790,612,97,0.010901,0.010550,52426914.000000,483220.000000,0.009217
791,613,97,0.011160,0.010793,52742240.000000,488979.000000,0.009271
792,614,97,0.010979,0.010599,52840308.000000,491074.000000,0.009294
793,615,96,0.011053,0.010694,53163404.000000,490120.000000,0.009219
794,616,96,0.011023,0.010674,53118136.000000,488833.000000,0.009203
795,617,96,0.011094,0.010736,53268545.000000,493517.000000,0.009265
796,618,96,0.011158,0.010779,53382475.000000,491754.000000,0.009212
797,619,95,0.011297,0.010831,54070512.000000,507716.000000,0.009390
798,620,95,0.011200,0.010836,53744395.000000,499410.000000,0.009292
799,621,95,0.011237,0.010894,53820322.000000,495792.000000,0.009212
800,622,95,0.011337,0.010967,53930630.000000,496959.000000,0.009215
801,623,94,0.011297,0.010888,54177356.000000,500723.000000,0.009242
802,624,94,0.011381,0.011013,54806082.000000,501438.000000,0.009149
803,625,94,0.011476,0.011115,55007504.000000,503151.000000,0.009147
804,625,94,0.011469,0.011089,55207183.000000,507736.000000,0.009197
805,626,93,0.011527,0.011158,55389760.000000,505474.000000,0.009126
806,626,93,0.011549,0.011188,55708344.000000,508825.000000,0.009134
807,627,93,0.011594,0.011218,55886187.000000,509980.000000,0.009125
808,628,93,0.011828,0.011440,56178524.000000,520337.000000,0.009262
809,628,92,0.011668,0.011286,56223390.000000,509228.000000,0.009057
810,629,92,0.011667,0.011313,56220895.000000,512251.000000,0.009111
811,630,92,0.011758,0.011380,56502672.000000,516779.000000,0.009146
812,631,92,0.011735,0.011365,56624936.000000,514207.000000,0.009081
813,632,91,0.011746,0.011385,56637679.000000,515427.000000,0.009100
814,632,91,0.011824,0.011426,56868713.000000,518639.000000,0.009120
815,633,91,0.011850,0.011485,57023982.000000,515050.000000,0.009032
816,633,91,0.011812,0.011471,56735211.000000,513715.000000,0.009055
817,634,91,0.012133,0.011775,56827627.000000,517041.000000,0.009098
818,635,90,0.011774,0.011389,56844867.000000,516778.000000,0.009091
819,635,90,0.011788,0.011438,56897285.000000,515081.000000,0.009053
820,635,90,0.011900,0.011514,56966307.000000,517342.000000,0.009082
821,636,90,0.011972,0.011581,57378214.000000,520566.000000,0.009073
822,637,89,0.012047,0.011660,57397672.000000,519975.000000,0.009059
823,638,89,0.011989,0.011568,57898939.000000,521874.000000,0.009014
824,639,89,0.011942,0.011562,57913670.000000,519814.000000,0.008976
825,639,89,0.012087,0.011689,58006857.000000,526113.000000,0.009070
826,640,88,0.012009,0.011640,58087207.000000,521215.000000,0.008973
827,641,88,0.012013,0.011634,58298390.000000,523920.000000,0.008987
828,642,88,0.012084,0.011703,58485804.000000,528236.000000,0.009032
829,643,88,0.012106,0.011764,58716083.000000,526646.000000,0.008969
830,644,88,0.012186,0.011813,58845967.000000,525920.000000,0.008937
831,645,87,0.012201,0.011843,59149103.000000,527393.000000,0.008916
832,646,87,0.012251,0.011840,59242583.000000,531726.000000,0.008975
833,647,87,0.013431,0.012925,59468726.000000,544012.000000,0.009148
834,648,87,0.012440,0.011938,59385828.000000,532582.000000,0.008968
835,649,86,0.012493,0.012002,59512931.000000,534914.000000,0.008988
836,650,86,0.012644,0.012078,59697444.000000,540833.000000,0.009060
837,651,86,0.012711,0.012177,60067478.000000,541600.000000,0.009017
838,652,86,0.012723,0.012209,60205772.000000,538429.000000,0.008943
839,653,85,0.012746,0.012217,60429592.000000,541584.000000,0.008962
840,654,85,0.012652,0.012119,60188375.000000,540319.000000,0.008977
841,655,85,0.012753,0.012229,60438220.000000,546213.000000,0.009038
842,656,85,0.012732,0.012217,60543807.000000,542124.000000,0.008954
843,657,84,0.012847,0.012320,60803906.000000,545213.000000,0.008967
844,658,84,0.012976,0.012425,61004204.000000,549056.000000,0.009000
845,659,84,0.012967,0.012429,61419769.000000,553235.000000,0.009007
846,660,84,0.012871,0.012322,61151707.000000,548306.000000,0.008966
847,661,83,0.012953,0.012425,61536432.000000,548464.000000,0.008913
848,661,83,0.012925,0.012419,61524163.000000,548951.000000,0.008923
849,662,83,0.013317,0.012796,61565951.000000,556850.000000,0.009045
850,663,83,0.012874,0.012488,61508812.000000,552456.000000,0.008982
851,663,82,0.012876,0.012480,61972856.000000,550358.000000,0.008881
852,664,82,0.012890,0.012513,62305096.000000,553001.000000,0.008876
853,665,82,0.012984,0.012623,62588410.000000,553715.000000,0.008847
854,665,82,0.013013,0.012612,62710581.000000,558471.000000,0.008906
855,666,82,0.013027,0.012642,62898552.000000,556673.000000,0.008850
856,667,81,0.012991,0.012590,62731309.000000,556208.000000,0.008867
857,668,81,0.013281,0.012886,63244926.000000,561387.000000,0.008876
858,668,81,0.013143,0.012722,63194814.000000,562206.000000,0.008896
859,669,81,0.013141,0.012792,63210911.000000,559920.000000,0.008858
860,670,81,0.013187,0.012808,63326972.000000,560945.000000,0.008858
861,671,80,0.013297,0.012883,63594360.000000,563539.000000,0.008861
862,672,80,0.013310,0.012924,63743951.000000,565135.000000,0.008866
863,673,80,0.013341,0.012961,63882867.000000,571354.000000,0.008944
864,673,80,0.013474,0.013105,63937672.000000,569646.000000,0.008909
865,673,80,0.013326,0.012932,63948366.000000,565818.000000,0.008848
866,673,79,0.013560,0.013158,64424777.000000,570100.000000,0.008849
867,674,79,0.013336,0.012949,64305699.000000,568991.000000,0.008848
868,674,79,0.013403,0.012990,64353388.000000,572419.000000,0.008895
869,675,79,0.013518,0.013120,64563983.000000,571117.000000,0.008846
870,676,79,0.013390,0.012994,64332081.000000,570440.000000,0.008867
871,676,78,0.013580,0.013177,64786393.000000,573927.000000,0.008859
872,676,78,0.013791,0.013421,64996370.000000,574301.000000,0.008836
873,677,78,0.013584,0.013191,65006613.000000,572687.000000,0.008810
874,678,78,0.013656,0.013217,65223181.000000,579199.000000,0.008880
875,679,78,0.013773,0.013388,65588534.000000,576041.000000,0.008783
876,680,77,0.013622,0.013237,65507566.000000,573202.000000,0.008750
877,681,77,0.013806,0.013289,65891285.000000,591179.000000,0.008972
878,682,77,0.013669,0.013308,65885391.000000,580405.000000,0.008809
879,683,77,0.013791,0.013379,66200951.000000,586884.000000,0.008865
880,684,77,0.013848,0.013472,66320505.000000,581878.000000,0.008774
881,685,76,0.013833,0.013443,66563014.000000,580320.000000,0.008718
882,685,76,0.013828,0.013428,66714319.000000,583968.000000,0.008753
883,686,76,0.013739,0.013392,66381919.000000,582504.000000,0.008775
884,687,76,0.013750,0.013380,66480305.000000,580317.000000,0.008729
885,688,76,0.013916,0.013504,66969788.000000,589701.000000,0.008805
886,689,76,0.014088,0.013682,67184931.000000,589515.000000,0.008775
887,690,75,0.013930,0.013530,67330910.000000,589986.000000,0.008762
888,691,75,0.014298,0.013813,67589690.000000,593853.000000,0.008786
889,692,75,0.014078,0.013586,67554081.000000,590781.000000,0.008745
890,693,75,0.014137,0.013621,67614592.000000,591747.000000,0.008752
891,694,75,0.014344,0.013611,67898258.000000,596738.000000,0.008789
892,695,74,0.014184,0.013672,68039414.000000,595672.000000,0.008755
893,695,74,0.014727,0.014331,68340711.000000,600797.000000,0.008791
894,695,74,0.014090,0.013697,68301075.000000,594914.000000,0.008710
895,696,74,0.014241,0.013864,68747236.000000,598597.000000,0.008707
896,697,74,0.014213,0.013841,68533893.000000,599046.000000,0.008741
897,698,74,0.014257,0.013889,68650378.000000,599868.000000,0.008738
898,699,74,0.014329,0.013891,68825878.000000,603491.000000,0.008768
899,700,73,0.014391,0.014006,69395427.000000,604376.000000,0.008709
900,701,73,0.014315,0.013961,69058265.000000,606575.000000,0.008784
901,702,73,0.014374,0.013977,69200955.000000,603615.000000,0.008723
902,703,73,0.014624,0.014095,69326539.000000,606870.000000,0.008754
903,704,73,0.014494,0.014002,69564877.000000,607833.000000,0.008738
904,705,73,0.014534,0.014026,69682141.000000,607550.000000,0.008719
905,706,72,0.014664,0.014152,70122963.000000,610003.000000,0.008699
906,707,72,0.014732,0.014301,70404477.000000,620201.000000,0.008809
907,708,72,0.014789,0.014385,70906233.000000,618511.000000,0.008723
908,708,72,0.014782,0.014378,71068874.000000,617664.000000,0.008691
909,709,72,0.014733,0.014349,71233337.000000,616807.000000,0.008659
910,710,72,0.014779,0.014385,71394942.000000,619289.000000,0.008674
911,711,72,0.014736,0.014380,71479726.000000,618336.000000,0.008651
912,712,71,0.014759,0.014378,71575859.000000,618393.000000,0.008640
913,713,71,0.014834,0.014473,71709675.000000,619045.000000,0.008633
914,714,71,0.015019,0.014626,71873864.000000,621617.000000,0.008649
915,715,71,0.015071,0.014633,72184934.000000,627735.000000,0.008696
916,715,71,0.014950,0.014577,72157404.000000,620304.000000,0.008597
917,716,71,0.014911,0.014535,72146277.000000,621400.000000,0.008613
918,716,70,0.014901,0.014492,72233660.000000,621367.000000,0.008602
919,717,70,0.015220,0.014717,72318135.000000,624996.000000,0.008642
920,718,70,0.015147,0.014617,72432616.000000,625499.000000,0.008636
921,719,70,0.015272,0.014777,72757517.000000,627011.000000,0.008618
922,720,70,0.015193,0.014663,72832689.000000,631639.000000,0.008672
923,720,70,0.015162,0.014674,72893169.000000,620712.000000,0.008515
924,720,69,0.015164,0.014673,72878011.000000,620880.000000,0.008519
925,720,69,0.015128,0.014631,72835016.000000,618232.000000,0.008488
926,721,69,0.015235,0.014677,73021859.000000,624105.000000,0.008547
927,722,69,0.015346,0.014828,73269638.000000,625544.000000,0.008538
928,722,69,0.015307,0.014800,73448573.000000,624637.000000,0.008504
929,723,69,0.015298,0.014780,73636530.000000,623549.000000,0.008468
930,724,69,0.015401,0.014886,74064153.000000,627339.000000,0.008470
931,724,68,0.015600,0.015054,74691340.000000,628122.000000,0.008410
932,725,68,0.015471,0.014966,74445481.000000,629955.000000,0.008462
933,726,68,0.015720,0.015229,74598708.000000,632800.000000,0.008483
934,727,68,0.016066,0.015541,74893692.000000,637326.000000,0.008510
935,728,68,0.015700,0.015170,75365490.000000,636246.000000,0.008442
936,729,68,0.015648,0.015107,75349813.000000,635782.000000,0.008438
937,730,67,0.015794,0.015261,76004415.000000,638319.000000,0.008398
938,731,67,0.015777,0.015375,75854670.000000,638336.000000,0.008415
939,732,67,0.015738,0.015373,76169929.000000,639225.000000,0.008392
940,733,67,0.015890,0.015483,76379224.000000,641140.000000,0.008394
941,734,67,0.015955,0.015541,76892878.000000,646185.000000,0.008404
942,734,67,0.015940,0.015524,76955546.000000,642316.000000,0.008347
943,735,67,0.015964,0.015554,77365977.000000,646494.000000,0.008356
944,736,66,0.015811,0.015429,77059162.000000,645595.000000,0.008378
945,736,66,0.015991,0.015472,77480135.000000,657930.000000,0.008492
946,737,66,0.016190,0.015770,77864090.000000,654378.000000,0.008404
947,738,66,0.016100,0.015736,77915809.000000,654064.000000,0.008394
948,738,66,0.016077,0.015685,78007030.000000,650883.000000,0.008344
949,739,66,0.016095,0.015736,78061509.000000,651750.000000,0.008349
950,740,65,0.016084,0.015699,78150469.000000,650491.000000,0.008324
951,740,65,0.016063,0.015698,78249849.000000,652555.000000,0.008339
952,741,65,0.016212,0.015761,78442286.000000,654339.000000,0.008342
953,742,65,0.016850,0.016227,79078692.000000,662125.000000,0.008373
954,743,65,0.016443,0.015889,79021447.000000,659973.000000,0.008352
955,743,65,0.016480,0.015990,79321098.000000,660258.000000,0.008324
956,744,65,0.016542,0.016013,79455747.000000,663141.000000,0.008346
957,745,64,0.016817,0.016093,79700657.000000,663332.000000,0.008323
958,745,64,0.016638,0.016110,79945970.000000,665710.000000,0.008327
959,746,64,0.016759,0.016379,79761860.000000,668815.000000,0.008385
960,747,64,0.016437,0.016041,79764273.000000,663739.000000,0.008321
961,747,64,0.016490,0.016081,79985823.000000,665089.000000,0.008315
962,748,64,0.016538,0.016151,80167202.000000,663760.000000,0.008280
963,749,63,0.016605,0.016232,80322935.000000,667444.000000,0.008310
964,750,63,0.016472,0.016084,80345940.000000,665620.000000,0.008284
965,751,63,0.017119,0.016741,80652748.000000,673480.000000,0.008350
966,752,63,0.016616,0.016228,80538842.000000,667349.000000,0.008286
967,753,63,0.016617,0.016218,80774697.000000,669039.000000,0.008283
968,754,63,0.017721,0.017315,81633149.000000,681635.000000,0.008350
969,755,63,0.016689,0.016292,81468160.000000,672016.000000,0.008249
970,756,62,0.016818,0.016359,81288871.000000,675936.000000,0.008315
971,757,62,0.017177,0.016669,81434735.000000,675930.000000,0.008300
972,758,62,0.016814,0.016387,81466165.000000,675229.000000,0.008288
973,759,62,0.016885,0.016482,81941608.000000,679733.000000,0.008295
974,760,62,0.017010,0.016609,82155975.000000,679536.000000,0.008271
975,761,62,0.016861,0.016464,82180477.000000,677832.000000,0.008248
976,762,62,0.017144,0.016747,82520509.000000,687633.000000,0.008333
977,762,62,0.017028,0.016659,82752077.000000,686569.000000,0.008297
978,763,61,0.017073,0.016681,82885916.000000,687760.000000,0.008298
979,764,61,0.017162,0.016772,83332287.000000,688436.000000,0.008261
980,765,61,0.016989,0.016592,83226567.000000,682002.000000,0.008195
981,766,61,0.017046,0.016670,83349278.000000,685512.000000,0.008225
982,767,61,0.017296,0.016890,83559619.000000,687746.000000,0.008231
983,767,61,0.017240,0.016841,83678254.000000,688323.000000,0.008226
984,768,61,0.017376,0.016977,83959109.000000,691545.000000,0.008237
985,768,61,0.017345,0.016925,83964195.000000,693208.000000,0.008256
986,769,60,0.017414,0.017019,84381060.000000,697255.000000,0.008263
987,770,60,0.017505,0.017086,84678991.000000,701275.000000,0.008282
988,771,60,0.017888,0.017466,85281116.000000,704878.000000,0.008265
989,772,60,0.017491,0.017107,85060400.000000,701158.000000,0.008243
990,772,60,0.017469,0.017028,85103393.000000,699076.000000,0.008214
991,772,60,0.017430,0.017035,85277351.000000,699897.000000,0.008207
992,772,60,0.017459,0.017059,85302074.000000,699844.000000,0.008204
993,772,59,0.017547,0.017146,85491730.000000,702005.000000,0.008211
