frame,nb of entities,FPS,frame length,physics length,L1-dcache-loads,L1-dcache-load-misses,L1-dcache-load-miss-ratio
0,3,302,0.001464,0.000038,617013.000000,36634.000000,0.059373
1,4,302,0.003321,0.000026,767825.000000,38293.000000,0.049872
2,5,302,0.003317,0.000031,736868.000000,36763.000000,0.049891
3,6,302,0.003327,0.000031,735135.000000,37048.000000,0.050396
4,7,302,0.003321,0.000033,739010.000000,37093.000000,0.050193
5,8,302,0.003321,0.000035,710911.000000,33563.000000,0.047211
6,9,302,0.003322,0.000035,740075.000000,37781.000000,0.051050
7,10,302,0.003322,0.000036,765173.000000,37943.000000,0.049587
8,11,302,0.003323,0.000033,749924.000000,38120.000000,0.050832
9,12,302,0.003327,0.000037,750805.000000,37534.000000,0.049992
10,13,303,0.003321,0.000039,722851.000000,34000.000000,0.047036
11,14,303,0.003323,0.000039,791739.000000,38320.000000,0.048400
12,15,303,0.003321,0.000037,801094.000000,38002.000000,0.047438
13,16,303,0.003333,0.000045,820955.000000,39726.000000,0.048390
14,16,303,0.003313,0.000058,830798.000000,44694.000000,0.053796
15,17,303,0.003322,0.000048,770664.000000,36281.000000,0.047078
16,18,303,0.003318,0.000049,794618.000000,38483.000000,0.048430
17,19,303,0.003330,0.000043,819532.000000,38893.000000,0.047458
18,20,303,0.003315,0.000049,838215.000000,40671.000000,0.048521
19,21,303,0.003356,0.000056,755317.000000,40685.000000,0.053865
20,22,303,0.003318,0.000055,699129.000000,35350.000000,0.050563
21,23,303,0.003333,0.000066,750236.000000,45274.000000,0.060346
22,24,303,0.003330,0.000073,748670.000000,44289.000000,0.059157
23,25,302,0.003472,0.000071,750195.000000,42886.000000,0.057166
24,26,302,0.003322,0.000073,880858.000000,44379.000000,0.050382
25,27,302,0.003321,0.000073,831303.000000,38276.000000,0.046043
26,28,302,0.003321,0.000077,870096.000000,45258.000000,0.052015
27,29,302,0.003323,0.000077,876822.000000,44920.000000,0.051230
28,30,303,0.003322,0.000082,879394.000000,44944.000000,0.051108
29,31,303,0.003323,0.000081,902181.000000,45706.000000,0.050662
30,32,303,0.003322,0.000084,879108.000000,42063.000000,0.047847
31,33,303,0.003319,0.000082,895923.000000,45140.000000,0.050384
32,34,303,0.003324,0.000107,899902.000000,45733.000000,0.050820
33,34,303,0.003319,0.000074,886208.000000,39810.000000,0.044922
34,35,303,0.003323,0.000078,884731.000000,39804.000000,0.044990
35,36,303,0.003319,0.000075,846568.000000,36528.000000,0.043148
36,36,303,0.003322,0.000099,891333.000000,43292.000000,0.048570
37,37,303,0.003320,0.000125,930902.000000,45467.000000,0.048842
38,38,303,0.003328,0.000065,927286.000000,40600.000000,0.043784
39,39,303,0.003323,0.000064,893253.000000,42730.000000,0.047836
40,40,303,0.003315,0.000082,895015.000000,35215.000000,0.039346
41,40,303,0.003321,0.000097,925398.000000,46816.000000,0.050590
42,41,303,0.003324,0.000068,933639.000000,43602.000000,0.046701
43,42,303,0.003320,0.000085,895671.000000,41330.000000,0.046144
44,43,303,0.003324,0.000108,952824.000000,46416.000000,0.048714
45,44,303,0.003319,0.000117,927445.000000,38904.000000,0.041948
46,45,303,0.003321,0.000090,944925.000000,41716.000000,0.044147
47,46,303,0.003324,0.000072,935208.000000,41324.000000,0.044187
48,47,303,0.003324,0.000096,945273.000000,41790.000000,0.044209
49,47,303,0.003321,0.000078,934406.000000,40483.000000,0.043325
50,48,303,0.003338,0.000082,817258.000000,37125.000000,0.045426
51,48,303,0.003318,0.000087,940062.000000,40974.000000,0.043586
52,49,303,0.003325,0.000081,943949.000000,40479.000000,0.042883
53,50,303,0.003325,0.000082,949541.000000,41724.000000,0.043941
54,50,303,0.003321,0.000092,969993.000000,41391.000000,0.042671
55,51,303,0.003327,0.000087,928947.000000,37626.000000,0.040504
56,52,303,0.003318,0.000099,982911.000000,41571.000000,0.042294
57,53,303,0.003326,0.000089,998418.000000,42213.000000,0.042280
58,54,303,0.003322,0.000104,1008753.000000,41959.000000,0.041595
59,55,303,0.003324,0.000107,1031403.000000,42913.000000,0.041606
60,56,300,0.003323,0.000098,988529.000000,38673.000000,0.039122
61,57,300,0.003327,0.000099,1017774.000000,42376.000000,0.041636
62,58,300,0.003320,0.000097,989177.000000,41292.000000,0.041744
63,58,300,0.003325,0.000101,982336.000000,41101.000000,0.041840
64,59,300,0.003319,0.000105,994514.000000,40874.000000,0.041099
65,59,300,0.003324,0.000090,984014.000000,37457.000000,0.038066
66,60,300,0.003324,0.000090,1006237.000000,41759.000000,0.041500
67,61,300,0.003330,0.000098,1000872.000000,42612.000000,0.042575
68,62,300,0.003312,0.000088,1031515.000000,41660.000000,0.040387
69,63,300,0.003329,0.000124,1047105.000000,43214.000000,0.041270
70,64,300,0.003319,0.000113,996855.000000,38028.000000,0.038148
71,65,300,0.003327,0.000102,1031903.000000,42206.000000,0.040901
72,66,300,0.003317,0.000127,1062830.000000,42536.000000,0.040021
73,66,300,0.003331,0.000106,1058892.000000,41890.000000,0.039560
74,67,300,0.003317,0.000265,1094342.000000,52109.000000,0.047617
75,68,300,0.003320,0.000157,1053345.000000,40072.000000,0.038043
76,69,300,0.003323,0.000112,1087282.000000,42397.000000,0.038994
77,70,300,0.003327,0.000111,1091101.000000,43393.000000,0.039770
78,70,300,0.003312,0.000141,1125672.000000,43709.000000,0.038829
79,71,300,0.003326,0.000124,1122315.000000,43664.000000,0.038905
80,71,300,0.003327,0.000126,1076446.000000,39498.000000,0.036693
81,72,300,0.003320,0.000136,1104785.000000,43143.000000,0.039051
82,73,300,0.003324,0.000151,1148039.000000,43649.000000,0.038020
83,74,300,0.003323,0.000130,1133784.000000,43294.000000,0.038185
84,75,300,0.003352,0.000286,1097430.000000,45633.000000,0.041582
85,76,300,0.003341,0.000138,1077647.000000,41555.000000,0.038561
86,77,300,0.003352,0.000139,1085853.000000,45095.000000,0.041530
87,78,300,0.003344,0.000158,1076236.000000,45736.000000,0.042496
88,78,300,0.003348,0.000147,1074504.000000,44158.000000,0.041096
89,78,300,0.003338,0.000129,1071809.000000,43632.000000,0.040709
90,79,300,0.003341,0.000123,1051298.000000,40010.000000,0.038058
91,80,300,0.003345,0.000153,1101243.000000,44719.000000,0.040608
92,81,300,0.003345,0.000161,1128433.000000,45353.000000,0.040191
93,81,300,0.003356,0.000166,1130490.000000,45446.000000,0.040200
94,82,300,0.003349,0.000190,1133993.000000,46034.000000,0.040595
95,82,300,0.003322,0.000169,1097235.000000,41860.000000,0.038150
96,83,300,0.003354,0.000162,1151471.000000,45164.000000,0.039223
97,84,300,0.003341,0.000203,1171138.000000,45951.000000,0.039236
98,85,300,0.003356,0.000179,1204780.000000,46905.000000,0.038932
99,86,300,0.003344,0.000181,1184406.000000,45472.000000,0.038392
100,87,300,0.003355,0.000175,1226453.000000,43364.000000,0.035357
101,88,300,0.003349,0.000194,1238309.000000,46345.000000,0.037426
102,89,300,0.003351,0.000194,1248759.000000,46763.000000,0.037448
103,90,300,0.003362,0.000199,1252591.000000,47406.000000,0.037846
104,91,300,0.003308,0.000166,1375362.000000,48239.000000,0.035074
105,92,300,0.003317,0.000201,1344499.000000,42774.000000,0.031814
106,92,300,0.003332,0.000188,1402113.000000,47986.000000,0.034224
107,93,300,0.003318,0.000187,1408544.000000,47592.000000,0.033788
108,94,300,0.003324,0.000218,1416666.000000,47207.000000,0.033323
109,95,300,0.003334,0.000204,1430977.000000,48387.000000,0.033814
110,96,300,0.003314,0.000199,1397051.000000,43384.000000,0.031054
111,97,300,0.003325,0.000219,1442776.000000,47040.000000,0.032604
112,98,300,0.003330,0.000220,1476634.000000,49164.000000,0.033295
113,98,300,0.003320,0.000203,1472332.000000,47655.000000,0.032367
114,99,300,0.003321,0.000231,1470699.000000,47572.000000,0.032347
115,100,300,0.003332,0.000205,1463353.000000,45672.000000,0.031211
116,101,300,0.003315,0.000231,1540721.000000,49757.000000,0.032295
117,101,300,0.003323,0.000241,1530423.000000,48713.000000,0.031830
118,101,300,0.003329,0.000208,1556262.000000,50755.000000,0.032613
119,102,300,0.003318,0.000219,1569306.000000,49638.000000,0.031631
120,103,300,0.003322,0.000202,1503932.000000,45989.000000,0.030579
121,104,300,0.003333,0.000228,1593778.000000,51065.000000,0.032040
122,105,300,0.003315,0.000272,1626203.000000,50708.000000,0.031182
123,106,300,0.003324,0.000309,1621109.000000,50720.000000,0.031287
124,106,300,0.003326,0.000251,1653452.000000,51699.000000,0.031267
125,107,300,0.003320,0.000252,1636652.000000,47534.000000,0.029043
126,108,300,0.003319,0.000329,1779122.000000,53737.000000,0.030204
127,109,300,0.003329,0.000277,1797388.000000,53922.000000,0.030000
128,109,300,0.003318,0.000312,1774052.000000,52494.000000,0.029590
129,110,300,0.003321,0.000312,1795595.000000,52720.000000,0.029361
130,110,300,0.003328,0.000291,1797342.000000,50189.000000,0.027924
131,111,300,0.003322,0.000302,1857926.000000,53278.000000,0.028676
132,111,300,0.003320,0.000401,1873448.000000,54241.000000,0.028952
133,111,300,0.003338,0.000302,1879144.000000,54585.000000,0.029048
134,112,300,0.003312,0.000354,1903315.000000,59303.000000,0.031158
135,113,300,0.003320,0.000335,1880734.000000,50221.000000,0.026703
136,114,300,0.003335,0.000332,1949396.000000,56399.000000,0.028932
137,115,300,0.003308,0.000314,1945517.000000,53860.000000,0.027684
138,116,300,0.003329,0.000291,1961149.000000,54604.000000,0.027843
139,116,300,0.003326,0.000348,1971778.000000,57255.000000,0.029037
140,117,300,0.003318,0.000324,1968802.000000,50833.000000,0.025819
141,118,300,0.003323,0.000291,2014938.000000,55061.000000,0.027326
142,118,300,0.003328,0.000383,2112844.000000,58079.000000,0.027489
143,119,300,0.003314,0.000362,2139013.000000,56820.000000,0.026564
144,120,300,0.003327,0.000335,2127369.000000,58949.000000,0.027710
145,121,300,0.003328,0.000339,2079506.000000,56069.000000,0.026963
146,121,300,0.003317,0.000358,2126039.000000,56482.000000,0.026567
147,122,300,0.003325,0.000339,2167707.000000,58421.000000,0.026951
148,123,300,0.003328,0.000397,2231382.000000,60155.000000,0.026959
149,123,300,0.003315,0.000431,2276306.000000,58494.000000,0.025697
150,124,300,0.003329,0.000385,2274237.000000,57902.000000,0.025460
151,125,300,0.003326,0.000421,2272891.000000,59733.000000,0.026281
152,125,300,0.003316,0.000415,2300721.000000,59515.000000,0.025868
153,126,300,0.003321,0.000463,2319880.000000,59940.000000,0.025838
154,126,300,0.003334,0.000431,2399426.000000,61101.000000,0.025465
155,126,300,0.003308,0.000460,2321593.000000,55315.000000,0.023826
156,126,300,0.003324,0.000464,2369215.000000,59648.000000,0.025176
157,127,300,0.003328,0.000436,2390594.000000,61441.000000,0.025701
158,128,300,0.003318,0.000426,2431375.000000,60084.000000,0.024712
159,129,300,0.003325,0.000450,2482068.000000,62724.000000,0.025271
160,130,300,0.003331,0.000487,2558172.000000,60236.000000,0.023547
161,131,300,0.003314,0.000488,2507874.000000,60923.000000,0.024293
162,132,300,0.003324,0.000455,2561863.000000,61387.000000,0.023962
163,133,300,0.003336,0.000497,2626533.000000,65165.000000,0.024810
164,134,300,0.003305,0.000620,2729049.000000,67551.000000,0.024753
165,135,300,0.003328,0.000433,2654024.000000,59514.000000,0.022424
166,136,300,0.003328,0.000542,2703777.000000,65136.000000,0.024091
167,137,300,0.003314,0.000549,2696801.000000,63073.000000,0.023388
168,138,300,0.003323,0.000603,2730490.000000,66057.000000,0.024192
169,139,300,0.003335,0.000548,2769891.000000,66038.000000,0.023841
170,139,300,0.003306,0.000532,2789825.000000,60403.000000,0.021651
171,140,300,0.003328,0.000511,2800202.000000,64349.000000,0.022980
172,141,300,0.003328,0.000591,2865490.000000,67365.000000,0.023509
173,142,300,0.003314,0.000521,2871877.000000,66421.000000,0.023128
174,143,300,0.003323,0.000672,2935312.000000,67100.000000,0.022860
175,144,300,0.003334,0.000591,2926862.000000,64638.000000,0.022084
176,145,300,0.003312,0.000531,2950603.000000,66667.000000,0.022594
177,146,300,0.003328,0.000572,2953731.000000,68152.000000,0.023073
178,147,300,0.003328,0.000598,2998992.000000,68020.000000,0.022681
179,148,300,0.003317,0.000541,2988944.000000,67440.000000,0.022563
180,149,300,0.003319,0.000518,3003234.000000,63207.000000,0.021046
181,150,300,0.003330,0.000613,3080074.000000,68400.000000,0.022207
182,151,300,0.003322,0.000568,3147061.000000,67572.000000,0.021471
183,151,300,0.003326,0.000615,3129456.000000,68967.000000,0.022038
184,152,300,0.003321,0.000712,3158163.000000,71014.000000,0.022486
185,153,300,0.003320,0.000900,3321205.000000,93647.000000,0.028197
186,154,300,0.003322,0.000846,3301502.000000,88782.000000,0.026891
187,155,300,0.003324,0.000855,3371855.000000,93357.000000,0.027687
188,156,300,0.003320,0.000961,3431751.000000,98760.000000,0.028778
189,156,300,0.003322,0.000561,3274999.000000,69597.000000,0.021251
190,156,300,0.003325,0.000567,3275721.000000,66295.000000,0.020238
191,157,300,0.003318,0.000618,3372612.000000,69483.000000,0.020602
192,158,300,0.003326,0.000743,3380090.000000,69737.000000,0.020632
193,159,300,0.003347,0.000717,3411402.000000,72030.000000,0.021114
194,160,300,0.003295,0.000775,3544667.000000,81900.000000,0.023105
195,161,300,0.003319,0.001051,3637898.000000,92092.000000,0.025315
196,162,300,0.003322,0.000883,3699197.000000,88050.000000,0.023802
197,163,300,0.003320,0.000633,3558695.000000,71425.000000,0.020071
198,164,300,0.003450,0.001094,3751265.000000,95475.000000,0.025451
199,165,300,0.003323,0.000633,3610365.000000,72030.000000,0.019951
200,166,300,0.003329,0.000636,3651190.000000,68741.000000,0.018827
201,166,300,0.003319,0.000845,3810308.000000,73638.000000,0.019326
202,167,300,0.003325,0.000786,3772955.000000,72993.000000,0.019346
203,167,300,0.003322,0.000693,3797767.000000,72316.000000,0.019042
204,168,300,0.003343,0.000863,3872181.000000,75266.000000,0.019438
205,169,300,0.003303,0.000813,3895358.000000,71705.000000,0.018408
206,170,300,0.003317,0.000894,4125559.000000,87293.000000,0.021159
207,171,300,0.003326,0.000894,4046193.000000,76387.000000,0.018879
208,172,300,0.003324,0.000872,4095514.000000,79071.000000,0.019307
209,173,300,0.003318,0.001076,4281515.000000,85375.000000,0.019940
210,174,300,0.003326,0.000843,4156063.000000,77773.000000,0.018713
211,174,300,0.003321,0.000911,4158889.000000,79400.000000,0.019092
212,174,300,0.003323,0.000788,4157284.000000,76111.000000,0.018308
213,175,300,0.003324,0.000989,4240496.000000,82237.000000,0.019393
214,176,300,0.003322,0.000911,4276967.000000,79171.000000,0.018511
215,177,300,0.003328,0.000831,4258713.000000,75776.000000,0.017793
216,178,300,0.003316,0.000791,4394361.000000,80235.000000,0.018259
217,178,300,0.003329,0.000904,4336913.000000,77187.000000,0.017798
218,179,300,0.003319,0.000901,4369631.000000,83939.000000,0.019210
219,180,300,0.003328,0.000976,4346861.000000,78282.000000,0.018009
220,181,300,0.003314,0.001010,4419193.000000,80417.000000,0.018197
221,182,300,0.003325,0.000801,4439399.000000,79261.000000,0.017854
222,183,300,0.003324,0.001111,4604043.000000,93927.000000,0.020401
223,184,300,0.003322,0.000937,4484901.000000,79221.000000,0.017664
224,184,300,0.003323,0.001061,4713554.000000,92530.000000,0.019631
225,185,300,0.003325,0.000843,4638109.000000,78268.000000,0.016875
226,186,300,0.003322,0.000838,4655497.000000,81454.000000,0.017496
227,187,300,0.003328,0.000871,4670121.000000,82853.000000,0.017741
228,188,300,0.003320,0.001109,4741745.000000,85816.000000,0.018098
229,189,300,0.003327,0.001008,4751838.000000,82975.000000,0.017462
230,190,300,0.003319,0.000967,4838083.000000,81110.000000,0.016765
231,191,300,0.003322,0.001106,4892841.000000,84738.000000,0.017319
232,192,300,0.003323,0.001048,4901317.000000,84855.000000,0.017313
233,192,300,0.003326,0.000980,4923552.000000,83662.000000,0.016992
234,193,300,0.003322,0.001150,4943097.000000,85127.000000,0.017221
235,194,300,0.003322,0.001056,4899402.000000,80907.000000,0.016514
236,195,300,0.003324,0.001031,4990655.000000,86206.000000,0.017273
237,196,300,0.003358,0.001128,4997470.000000,85052.000000,0.017019
238,197,300,0.003286,0.001109,5101957.000000,87972.000000,0.017243
239,198,300,0.003325,0.001021,5090371.000000,85018.000000,0.016702
240,199,300,0.003323,0.001509,5302205.000000,102481.000000,0.019328
241,200,300,0.003322,0.001135,5213991.000000,88843.000000,0.017039
242,201,300,0.003323,0.001067,5263731.000000,88309.000000,0.016777
243,202,300,0.003324,0.001182,5259376.000000,88015.000000,0.016735
244,203,300,0.003325,0.001157,5298935.000000,89569.000000,0.016903
245,204,300,0.003320,0.001078,5319588.000000,85327.000000,0.016040
246,204,300,0.003325,0.001245,5438788.000000,90183.000000,0.016581
247,205,300,0.003320,0.001190,5470838.000000,91664.000000,0.016755
248,206,300,0.003324,0.001122,5516475.000000,91533.000000,0.016593
249,207,300,0.003325,0.001030,5528461.000000,90339.000000,0.016341
250,207,300,0.003325,0.001237,5507995.000000,87946.000000,0.015967
251,207,300,0.003318,0.001134,5593383.000000,90882.000000,0.016248
252,207,300,0.003329,0.001202,5620820.000000,92073.000000,0.016381
253,208,300,0.003318,0.001236,5642277.000000,92504.000000,0.016395
254,209,300,0.003326,0.001306,5760880.000000,99583.000000,0.017286
255,210,300,0.003322,0.001058,5669568.000000,87459.000000,0.015426
256,211,300,0.003324,0.001222,5815284.000000,93778.000000,0.016126
257,212,300,0.003322,0.001170,5846278.000000,94304.000000,0.016131
258,213,300,0.003325,0.001119,5872239.000000,94194.000000,0.016041
259,214,300,0.003324,0.001310,5922819.000000,96602.000000,0.016310
260,214,300,0.003327,0.001202,5938554.000000,91888.000000,0.015473
261,215,300,0.003320,0.001239,6017095.000000,96713.000000,0.016073
262,216,300,0.003326,0.001264,6045794.000000,97034.000000,0.016050
263,217,300,0.003323,0.001260,6072972.000000,97263.000000,0.016016
264,217,300,0.003324,0.001142,6120053.000000,96510.000000,0.015769
265,218,300,0.003328,0.001315,6111920.000000,94223.000000,0.015416
266,219,300,0.003323,0.001239,6248521.000000,97568.000000,0.015615
267,220,300,0.003321,0.001249,6350453.000000,99788.000000,0.015714
268,221,300,0.003321,0.001319,6395196.000000,100070.000000,0.015648
269,221,300,0.003324,0.001438,6357515.000000,99377.000000,0.015631
270,222,300,0.003322,0.001196,6397454.000000,95220.000000,0.014884
271,223,300,0.003329,0.001337,6496204.000000,100896.000000,0.015532
272,224,300,0.003319,0.001361,6593674.000000,101515.000000,0.015396
273,225,300,0.003326,0.001300,6669510.000000,103278.000000,0.015485
274,226,300,0.003324,0.001474,6668525.000000,102604.000000,0.015386
275,226,300,0.003327,0.001349,6628202.000000,98601.000000,0.014876
276,227,300,0.003321,0.001268,6691932.000000,103000.000000,0.015392
277,228,300,0.003328,0.001468,6680837.000000,102915.000000,0.015405
278,229,300,0.003320,0.001423,6724899.000000,103248.000000,0.015353
279,229,300,0.003356,0.001302,6738293.000000,105991.000000,0.015730
280,230,300,0.003288,0.001699,7012447.000000,121265.000000,0.017293
281,231,300,0.003337,0.001474,7115928.000000,121649.000000,0.017095
282,232,300,0.003326,0.001357,7054939.000000,107962.000000,0.015303
283,233,300,0.003319,0.001512,7152654.000000,115200.000000,0.016106
284,234,300,0.003349,0.002031,7433322.000000,125701.000000,0.016910
285,235,300,0.003359,0.002403,7799507.000000,164240.000000,0.021058
286,235,300,0.003366,0.002339,7780615.000000,168913.000000,0.021709
287,236,300,0.003371,0.002396,7857247.000000,156483.000000,0.019916
288,236,300,0.003316,0.002273,7820158.000000,144711.000000,0.018505
289,237,300,0.003330,0.001398,7375774.000000,111548.000000,0.015124
290,238,300,0.003351,0.002295,8039577.000000,177530.000000,0.022082
291,239,300,0.003329,0.001478,7515022.000000,114233.000000,0.015201
292,240,300,0.003321,0.001597,7539640.000000,109910.000000,0.014578
293,241,300,0.003325,0.001434,7556086.000000,110666.000000,0.014646
294,242,300,0.003326,0.001488,7725670.000000,111422.000000,0.014422
295,242,300,0.003324,0.001647,7734259.000000,107462.000000,0.013894
296,243,300,0.003330,0.001484,7668917.000000,111200.000000,0.014500
297,244,300,0.003320,0.001468,7771974.000000,111878.000000,0.014395
298,244,300,0.003330,0.001736,7800844.000000,120103.000000,0.015396
299,245,300,0.003321,0.001685,7910541.000000,129142.000000,0.016325
300,246,300,0.003327,0.001780,7910851.000000,111376.000000,0.014079
301,247,300,0.003321,0.001504,7897705.000000,112456.000000,0.014239
302,248,300,0.003323,0.001637,7930022.000000,113422.000000,0.014303
303,249,300,0.003325,0.001516,7985598.000000,112756.000000,0.014120
304,249,300,0.003341,0.001723,7976367.000000,113918.000000,0.014282
305,250,299,0.003715,0.002682,8608442.000000,169435.000000,0.019682
306,250,299,0.003375,0.002356,8531093.000000,147948.000000,0.017342
307,251,299,0.003369,0.002687,8783983.000000,187328.000000,0.021326
308,252,299,0.003329,0.001595,8283160.000000,117378.000000,0.014171
309,253,299,0.003334,0.001732,8142217.000000,114674.000000,0.014084
310,253,299,0.003330,0.001944,8531323.000000,132077.000000,0.015481
311,254,299,0.003330,0.001884,8530554.000000,121131.000000,0.014200
312,255,299,0.003325,0.001642,8581373.000000,120460.000000,0.014037
313,256,299,0.003333,0.001655,8644329.000000,119847.000000,0.013864
314,257,299,0.003410,0.001865,8822317.000000,122209.000000,0.013852
315,257,299,0.003426,0.001745,8870614.000000,127650.000000,0.014390
316,258,299,0.003421,0.001784,8911601.000000,125352.000000,0.014066
317,259,299,0.003424,0.001786,8857837.000000,126135.000000,0.014240
318,260,299,0.003417,0.001767,8943144.000000,124111.000000,0.013878
319,261,298,0.003440,0.002042,9055668.000000,123705.000000,0.013661
320,262,298,0.003364,0.002375,9323175.000000,136446.000000,0.014635
321,263,298,0.003438,0.001810,9194176.000000,128021.000000,0.013924
322,264,298,0.003411,0.001868,9352673.000000,130079.000000,0.013908
323,265,298,0.003427,0.001872,9396608.000000,130229.000000,0.013859
324,266,298,0.003428,0.001918,9447871.000000,128428.000000,0.013593
325,267,298,0.003431,0.001854,9498607.000000,129253.000000,0.013608
326,268,297,0.003439,0.001900,9618833.000000,130973.000000,0.013616
327,269,297,0.003431,0.001937,9651103.000000,130525.000000,0.013524
328,269,297,0.003359,0.001869,9750256.000000,130165.000000,0.013350
329,270,297,0.003337,0.002136,9981753.000000,133260.000000,0.013350
330,270,297,0.003436,0.002074,10010835.000000,139692.000000,0.013954
331,271,297,0.003434,0.001958,10005386.000000,132438.000000,0.013237
332,272,297,0.003347,0.001960,10143310.000000,134661.000000,0.013276
333,273,297,0.003338,0.002037,10117181.000000,135577.000000,0.013401
334,274,297,0.003373,0.002693,10556354.000000,162657.000000,0.015408
335,275,297,0.003323,0.002318,10391644.000000,145005.000000,0.013954
336,276,297,0.003355,0.002117,10306930.000000,137060.000000,0.013298
337,277,297,0.003360,0.002474,10569131.000000,156335.000000,0.014792
338,278,297,0.003356,0.002295,10489145.000000,151243.000000,0.014419
339,278,297,0.003367,0.002481,10582813.000000,155519.000000,0.014695
340,279,296,0.003678,0.003242,11032554.000000,185440.000000,0.016808
341,280,295,0.003805,0.003307,11044328.000000,185708.000000,0.016815
342,281,295,0.003373,0.002881,10895395.000000,160169.000000,0.014701
343,282,295,0.003377,0.002751,10865455.000000,167170.000000,0.015385
344,283,295,0.003348,0.002279,10667518.000000,155305.000000,0.014559
345,283,295,0.003355,0.002112,10552105.000000,138821.000000,0.013156
346,284,295,0.003711,0.003298,11293805.000000,178612.000000,0.015815
347,285,295,0.003347,0.002106,10571747.000000,139821.000000,0.013226
348,286,295,0.003339,0.002059,10559683.000000,132684.000000,0.012565
349,286,295,0.003344,0.002152,10674182.000000,140126.000000,0.013128
350,287,295,0.003342,0.002075,10669836.000000,138195.000000,0.012952
351,288,295,0.003345,0.002127,10737546.000000,139440.000000,0.012986
352,289,295,0.003352,0.002336,11009452.000000,146424.000000,0.013300
353,289,295,0.003346,0.002128,10882602.000000,138308.000000,0.012709
354,290,294,0.003361,0.002137,11016791.000000,143081.000000,0.012988
355,291,294,0.003345,0.002695,11417632.000000,166578.000000,0.014590
356,292,294,0.003348,0.002182,11177204.000000,142872.000000,0.012782
357,292,294,0.003351,0.002203,11171534.000000,142908.000000,0.012792
358,293,294,0.003355,0.002512,11274552.000000,143798.000000,0.012754
359,293,294,0.003350,0.002190,11221864.000000,143440.000000,0.012782
360,294,294,0.003348,0.002301,11394764.000000,146912.000000,0.012893
361,295,294,0.003361,0.002324,11452591.000000,153207.000000,0.013377
362,296,294,0.003346,0.002257,11508191.000000,148631.000000,0.012915
363,297,294,0.003369,0.002272,11597422.000000,143864.000000,0.012405
364,297,294,0.003360,0.002476,11770378.000000,149326.000000,0.012687
365,298,294,0.003464,0.002585,11824028.000000,151169.000000,0.012785
366,299,294,0.003450,0.002342,11856768.000000,150753.000000,0.012715
367,300,294,0.003460,0.002364,11895711.000000,152737.000000,0.012840
368,301,294,0.003450,0.002382,11900399.000000,148916.000000,0.012514
369,301,294,0.003458,0.002389,11924754.000000,151719.000000,0.012723
370,302,294,0.003454,0.002341,11923942.000000,152163.000000,0.012761
371,303,293,0.003452,0.002414,11939059.000000,152123.000000,0.012742
372,303,293,0.003466,0.002357,12059922.000000,154277.000000,0.012793
373,303,293,0.003281,0.002462,12126939.000000,150070.000000,0.012375
374,304,293,0.003367,0.002489,12194417.000000,155965.000000,0.012790
375,305,294,0.003358,0.002454,12257371.000000,155898.000000,0.012719
376,306,294,0.003360,0.002536,12346300.000000,156451.000000,0.012672
377,307,294,0.003360,0.002493,12373554.000000,157973.000000,0.012767
378,307,294,0.003363,0.002501,12373678.000000,154373.000000,0.012476
379,308,294,0.003358,0.002476,12451448.000000,157471.000000,0.012647
380,309,294,0.003362,0.002535,12503585.000000,156861.000000,0.012545
381,310,294,0.003364,0.002487,12530208.000000,157692.000000,0.012585
382,311,294,0.003342,0.002551,12607038.000000,158632.000000,0.012583
383,312,294,0.003364,0.002556,12636148.000000,156089.000000,0.012353
384,313,294,0.003368,0.002650,12928288.000000,162622.000000,0.012579
385,313,294,0.003371,0.002545,12846492.000000,162341.000000,0.012637
386,314,294,0.003359,0.002575,12835098.000000,160094.000000,0.012473
387,315,295,0.003363,0.002505,12888557.000000,160105.000000,0.012422
388,316,295,0.003362,0.002546,12970428.000000,158628.000000,0.012230
389,317,295,0.003365,0.002539,13029254.000000,161954.000000,0.012430
390,318,295,0.003366,0.002572,13101212.000000,163178.000000,0.012455
391,319,295,0.003363,0.002557,13114307.000000,162206.000000,0.012369
392,320,295,0.003378,0.002832,13199186.000000,166969.000000,0.012650
393,320,295,0.003378,0.002676,13226755.000000,164392.000000,0.012429
394,321,295,0.003376,0.002674,13355161.000000,167625.000000,0.012551
395,322,295,0.003375,0.002663,13410889.000000,164745.000000,0.012284
396,323,295,0.003358,0.002973,13599505.000000,172573.000000,0.012690
397,324,295,0.003376,0.002749,13594176.000000,169526.000000,0.012470
398,325,294,0.003387,0.002880,13822578.000000,171025.000000,0.012373
399,325,294,0.003372,0.002681,13766352.000000,169568.000000,0.012318
400,326,295,0.003371,0.002704,13811685.000000,170733.000000,0.012361
401,326,296,0.003386,0.002875,13888422.000000,172207.000000,0.012399
402,327,295,0.003680,0.003323,14221905.000000,184145.000000,0.012948
403,328,295,0.003374,0.002725,13918762.000000,167208.000000,0.012013
404,329,295,0.003382,0.002873,14239540.000000,180454.000000,0.012673
405,330,295,0.003376,0.002811,14236594.000000,173896.000000,0.012215
406,331,295,0.003383,0.002826,14327051.000000,174714.000000,0.012195
407,332,295,0.003374,0.002813,14332904.000000,169280.000000,0.011811
408,333,295,0.003387,0.002874,14531379.000000,177412.000000,0.012209
409,333,295,0.003376,0.002880,14657217.000000,176685.000000,0.012054
410,334,295,0.003377,0.002882,14655798.000000,177149.000000,0.012087
411,335,295,0.003381,0.002918,14692888.000000,177015.000000,0.012048
412,336,295,0.003381,0.002931,14767812.000000,176319.000000,0.011939
413,337,295,0.003383,0.002936,14873696.000000,179447.000000,0.012065
414,338,295,0.003384,0.002976,14993935.000000,180457.000000,0.012035
415,338,295,0.003384,0.002978,14987545.000000,179798.000000,0.011996
416,339,295,0.003383,0.002957,14980071.000000,180189.000000,0.012029
417,339,295,0.003383,0.002977,14955522.000000,175675.000000,0.011746
418,340,295,0.003384,0.002966,14991044.000000,180247.000000,0.012024
419,340,295,0.003379,0.003045,15040247.000000,180942.000000,0.012031
420,341,295,0.003404,0.003005,15086142.000000,182338.000000,0.012086
421,342,295,0.003355,0.002987,15174176.000000,180687.000000,0.011908
422,343,295,0.003349,0.003017,15327259.000000,178372.000000,0.011638
423,344,295,0.003425,0.003063,15479150.000000,184908.000000,0.011946
424,345,295,0.003348,0.003024,15363838.000000,182167.000000,0.011857
425,346,295,0.003595,0.003244,15426072.000000,184105.000000,0.011935
426,347,295,0.003434,0.003058,15540375.000000,183753.000000,0.011824
427,348,295,0.003409,0.003083,15569518.000000,181584.000000,0.011663
428,348,295,0.003449,0.003095,15661126.000000,185032.000000,0.011815
429,349,295,0.003443,0.003107,15705032.000000,186074.000000,0.011848
430,350,295,0.003472,0.003125,15818931.000000,188094.000000,0.011890
431,351,294,0.003931,0.003557,16066597.000000,197351.000000,0.012283
432,352,294,0.003551,0.003186,16178322.000000,186641.000000,0.011536
433,353,293,0.003540,0.003198,16194866.000000,191426.000000,0.011820
434,354,293,0.003551,0.003193,16315063.000000,190161.000000,0.011656
435,355,293,0.003543,0.003208,16315015.000000,190205.000000,0.011658
436,355,292,0.004184,0.003576,16335705.000000,189701.000000,0.011613
437,356,291,0.003931,0.003285,16468364.000000,193879.000000,0.011773
438,357,290,0.003846,0.003493,16674366.000000,197455.000000,0.011842
439,358,290,0.003698,0.003313,16698005.000000,194769.000000,0.011664
440,359,289,0.003734,0.003355,16780710.000000,196943.000000,0.011736
441,359,289,0.003696,0.003337,16830395.000000,193156.000000,0.011477
442,360,288,0.004136,0.003765,17406403.000000,204317.000000,0.011738
443,361,287,0.003741,0.003382,17025762.000000,197688.000000,0.011611
444,362,286,0.004291,0.003937,17368682.000000,205799.000000,0.011849
445,363,285,0.003775,0.003420,17229253.000000,196726.000000,0.011418
446,364,285,0.003796,0.003458,17446635.000000,200582.000000,0.011497
447,365,284,0.003946,0.003591,17624275.000000,202998.000000,0.011518
448,366,283,0.003878,0.003537,17828711.000000,205299.000000,0.011515
449,367,283,0.003872,0.003521,17808381.000000,200828.000000,0.011277
450,368,282,0.003912,0.003559,18010720.000000,206586.000000,0.011470
451,368,281,0.003931,0.003570,18055033.000000,205073.000000,0.011358
452,369,280,0.004024,0.003639,18348360.000000,208212.000000,0.011348
453,370,279,0.003989,0.003654,18380037.000000,206902.000000,0.011257
454,371,279,0.004029,0.003690,18487689.000000,209183.000000,0.011315
455,371,278,0.004018,0.003648,18530990.000000,208240.000000,0.011237
456,372,277,0.004076,0.003725,18761229.000000,211252.000000,0.011260
457,372,276,0.004406,0.004053,18901472.000000,218521.000000,0.011561
458,373,275,0.004176,0.003840,18781139.000000,209528.000000,0.011156
459,373,273,0.004208,0.003854,18859461.000000,214064.000000,0.011350
460,374,273,0.004136,0.003783,18888562.000000,214291.000000,0.011345
461,375,272,0.004133,0.003781,18948264.000000,211961.000000,0.011186
462,376,271,0.004193,0.003864,19069426.000000,211478.000000,0.011090
463,376,270,0.004178,0.003848,19079539.000000,214044.000000,0.011219
464,377,269,0.004240,0.003894,19163878.000000,214819.000000,0.011210
465,378,268,0.004174,0.003844,19203775.000000,213329.000000,0.011109
466,379,267,0.004246,0.003889,19395705.000000,219236.000000,0.011303
467,380,266,0.004318,0.003914,19453638.000000,218919.000000,0.011253
468,381,265,0.004220,0.003858,19523457.000000,217422.000000,0.011136
469,382,264,0.004320,0.003981,19546433.000000,216826.000000,0.011093
470,383,263,0.004294,0.003962,19658833.000000,220569.000000,0.011220
471,383,262,0.004347,0.003994,19714908.000000,221667.000000,0.011244
472,384,260,0.004347,0.004008,19771146.000000,221941.000000,0.011226
473,385,259,0.004253,0.003933,19760846.000000,218152.000000,0.011040
474,386,258,0.004423,0.004043,19893335.000000,223149.000000,0.011217
475,386,257,0.004388,0.003959,19931032.000000,223006.000000,0.011189
476,387,256,0.004382,0.004036,20002742.000000,224164.000000,0.011207
477,387,255,0.004402,0.004061,20018795.000000,219966.000000,0.010988
478,388,254,0.004381,0.004045,20090786.000000,223827.000000,0.011141
479,389,253,0.004420,0.004073,20150450.000000,224367.000000,0.011135
480,390,251,0.004669,0.004324,20344130.000000,235673.000000,0.011584
481,391,250,0.004403,0.004057,20238275.000000,222503.000000,0.010994
482,392,249,0.004463,0.004101,20406000.000000,228197.000000,0.011183
483,393,248,0.004562,0.004203,20544310.000000,230862.000000,0.011237
484,394,247,0.004458,0.004119,20634237.000000,229391.000000,0.011117
485,394,246,0.004571,0.004214,20602885.000000,228845.000000,0.011107
486,394,245,0.004561,0.004203,20660073.000000,231179.000000,0.011190
487,395,243,0.004763,0.004402,20847146.000000,235701.000000,0.011306
488,396,242,0.004613,0.004254,20935458.000000,229945.000000,0.010984
489,397,241,0.004653,0.004295,20962363.000000,234777.000000,0.011200
490,398,240,0.004624,0.004268,21112989.000000,237190.000000,0.011234
491,399,239,0.004640,0.004292,21169291.000000,235012.000000,0.011102
492,400,238,0.004670,0.004337,21267713.000000,231426.000000,0.010882
493,401,237,0.004706,0.004332,21394317.000000,240270.000000,0.011231
494,402,236,0.004848,0.004476,21665875.000000,239993.000000,0.011077
495,402,235,0.004743,0.004352,21597016.000000,235260.000000,0.010893
496,402,234,0.004669,0.004322,21611048.000000,238418.000000,0.011032
497,403,234,0.004689,0.004335,21698150.000000,238883.000000,0.011009
498,403,233,0.004877,0.004506,21957663.000000,244893.000000,0.011153
499,404,232,0.004726,0.004384,22034257.000000,239579.000000,0.010873
500,405,231,0.004884,0.004489,22010264.000000,244438.000000,0.011106
501,406,230,0.004793,0.004401,22055174.000000,244094.000000,0.011067
502,407,229,0.005108,0.004752,22433316.000000,246922.000000,0.011007
503,408,228,0.004895,0.004519,22202298.000000,247505.000000,0.011148
504,409,227,0.004893,0.004525,22293922.000000,246066.000000,0.011037
505,409,226,0.004816,0.004473,22319977.000000,246714.000000,0.011054
506,410,226,0.004851,0.004498,22370660.000000,242924.000000,0.010859
507,411,225,0.004908,0.004539,22519199.000000,248655.000000,0.011042
508,412,224,0.004983,0.004630,22587783.000000,249829.000000,0.011060
509,413,223,0.004863,0.004516,22576690.000000,246334.000000,0.010911
510,414,222,0.005003,0.004629,22782832.000000,250594.000000,0.010999
511,415,221,0.005015,0.004596,22869383.000000,252385.000000,0.011036
512,415,220,0.005003,0.004636,22976619.000000,249966.000000,0.010879
513,415,220,0.005050,0.004611,23122173.000000,252380.000000,0.010915
514,416,219,0.005010,0.004657,22944008.000000,252232.000000,0.010993
515,417,218,0.004996,0.004614,22962684.000000,251941.000000,0.010972
516,418,217,0.005001,0.004653,23059862.000000,248614.000000,0.010781
517,418,217,0.005044,0.004692,23134504.000000,253419.000000,0.010954
518,419,216,0.005159,0.004779,23302842.000000,255547.000000,0.010966
519,419,215,0.005118,0.004761,23551212.000000,253363.000000,0.010758
520,420,215,0.005088,0.004714,23476839.000000,255990.000000,0.010904
521,421,214,0.005126,0.004746,23490116.000000,257332.000000,0.010955
522,422,213,0.005346,0.004995,23609526.000000,256523.000000,0.010865
523,423,212,0.005094,0.004725,23594676.000000,256878.000000,0.010887
524,424,212,0.005089,0.004734,23669499.000000,257154.000000,0.010864
525,425,211,0.005089,0.004748,23665936.000000,254622.000000,0.010759
526,426,210,0.005111,0.004754,23844751.000000,257981.000000,0.010819
527,426,210,0.005080,0.004729,23838703.000000,256042.000000,0.010741
528,427,209,0.005090,0.004761,23864685.000000,255647.000000,0.010712
529,428,208,0.005110,0.004753,23873251.000000,253852.000000,0.010633
530,429,208,0.005146,0.004786,24006449.000000,259208.000000,0.010797
531,430,207,0.005150,0.004785,24053733.000000,261255.000000,0.010861
532,430,207,0.005160,0.004813,24123563.000000,254517.000000,0.010551
533,431,206,0.005188,0.004838,24282112.000000,262504.000000,0.010811
534,431,205,0.005207,0.004859,24352589.000000,261346.000000,0.010732
535,432,205,0.005253,0.004892,24423758.000000,259545.000000,0.010627
536,432,204,0.005314,0.004943,24702013.000000,263865.000000,0.010682
537,433,204,0.005321,0.004958,24812404.000000,265029.000000,0.010681
538,434,203,0.005296,0.004955,24810694.000000,260925.000000,0.010517
539,434,202,0.005341,0.004978,24907703.000000,267021.000000,0.010720
540,435,202,0.005315,0.004961,25014643.000000,263641.000000,0.010539
541,436,201,0.005516,0.005146,25228712.000000,265886.000000,0.010539
542,437,200,0.005369,0.005014,25088951.000000,267075.000000,0.010645
543,438,200,0.005412,0.005041,25159026.000000,268070.000000,0.010655
544,438,199,0.005347,0.004999,25247132.000000,268133.000000,0.010620
545,439,199,0.005551,0.005083,25561172.000000,279876.000000,0.010949
546,440,198,0.005491,0.005124,25687160.000000,273757.000000,0.010657
547,441,198,0.005473,0.005122,25762761.000000,270687.000000,0.010507
548,442,197,0.005508,0.005168,25812961.000000,269644.000000,0.010446
549,443,196,0.005497,0.005136,25912479.000000,272471.000000,0.010515
550,444,196,0.005573,0.005221,26098550.000000,276289.000000,0.010586
551,445,195,0.005565,0.005192,26133912.000000,272202.000000,0.010416
552,446,195,0.005660,0.005293,26566734.000000,277677.000000,0.010452
553,447,194,0.005697,0.005306,26684497.000000,278889.000000,0.010451
554,448,193,0.005746,0.005374,26688103.000000,275210.000000,0.010312
555,449,193,0.005758,0.005371,26800705.000000,280947.000000,0.010483
556,450,192,0.005717,0.005373,26819221.000000,276036.000000,0.010292
557,451,191,0.005720,0.005362,26896845.000000,282896.000000,0.010518
558,452,191,0.005770,0.005387,27055773.000000,282263.000000,0.010433
559,453,190,0.006006,0.005638,27245130.000000,282563.000000,0.010371
560,454,190,0.005854,0.005396,27177215.000000,282577.000000,0.010398
561,455,189,0.006168,0.005724,27423518.000000,291036.000000,0.010613
562,456,188,0.005922,0.005551,27687137.000000,285372.000000,0.010307
563,457,188,0.005889,0.005519,27767624.000000,287606.000000,0.010358
564,458,187,0.006285,0.005886,28029609.000000,289898.000000,0.010343
565,459,186,0.006045,0.005657,28104778.000000,289807.000000,0.010312
566,459,185,0.006590,0.006205,28482839.000000,293816.000000,0.010316
567,460,184,0.006129,0.005751,28458384.000000,293615.000000,0.010317
568,461,184,0.006155,0.005801,28693340.000000,293508.000000,0.010229
569,461,183,0.006163,0.005804,28741141.000000,294664.000000,0.010252
570,461,182,0.006177,0.005837,28703240.000000,291786.000000,0.010166
571,461,182,0.006230,0.005831,28858909.000000,296321.000000,0.010268
572,462,181,0.006262,0.005876,28989024.000000,297706.000000,0.010270
573,463,180,0.006194,0.005835,28818887.000000,292480.000000,0.010149
574,464,180,0.006244,0.005869,29268098.000000,298836.000000,0.010210
575,465,179,0.006459,0.006035,29256956.000000,302159.000000,0.010328
576,466,178,0.006280,0.005911,29427944.000000,298556.000000,0.010145
577,467,178,0.006395,0.006014,29848871.000000,303502.000000,0.010168
578,468,177,0.006430,0.006061,30202606.000000,300471.000000,0.009949
579,469,176,0.006388,0.006019,30085274.000000,305139.000000,0.010142
580,470,176,0.006402,0.006010,30110649.000000,305285.000000,0.010139
581,471,175,0.006995,0.006595,30707010.000000,306944.000000,0.009996
582,471,174,0.006471,0.006073,30614645.000000,307964.000000,0.010059
583,472,173,0.006412,0.006052,30311003.000000,301769.000000,0.009956
584,473,173,0.006505,0.006128,30726813.000000,310904.000000,0.010118
585,474,172,0.006492,0.006116,30736665.000000,308197.000000,0.010027
586,475,171,0.006583,0.006210,31019858.000000,311634.000000,0.010046
587,475,170,0.006620,0.006235,31307355.000000,316203.000000,0.010100
588,476,170,0.006628,0.006288,31458340.000000,313180.000000,0.009955
589,477,169,0.006724,0.006341,31586666.000000,319351.000000,0.010110
590,478,168,0.006993,0.006605,31976355.000000,331761.000000,0.010375
591,479,167,0.006859,0.006490,32133948.000000,318481.000000,0.009911
592,479,166,0.006944,0.006567,32153244.000000,322131.000000,0.010019
593,479,166,0.006858,0.006513,32119884.000000,318851.000000,0.009927
594,479,165,0.006840,0.006476,32136552.000000,320561.000000,0.009975
595,479,164,0.006876,0.006520,32125967.000000,321646.000000,0.010012
596,480,163,0.006843,0.006494,32110809.000000,318405.000000,0.009916
597,481,163,0.006851,0.006453,32199540.000000,321770.000000,0.009993
598,482,162,0.006926,0.006518,32341345.000000,318874.000000,0.009860
599,483,161,0.006970,0.006564,32650549.000000,325677.000000,0.009975
600,484,161,0.006965,0.006584,32555581.000000,326904.000000,0.010041
601,485,160,0.006917,0.006534,32571761.000000,321489.000000,0.009870
602,486,159,0.007029,0.006650,32804660.000000,329969.000000,0.010059
603,486,159,0.007081,0.006739,32853468.000000,325412.000000,0.009905
604,487,158,0.007003,0.006618,32942442.000000,328182.000000,0.009962
605,488,157,0.007404,0.007011,33353517.000000,329059.000000,0.009866
606,489,156,0.007036,0.006641,33164135.000000,328245.000000,0.009898
607,489,156,0.007393,0.006935,33447678.000000,336272.000000,0.010054
608,490,155,0.007042,0.006696,33282918.000000,324776.000000,0.009758
609,490,154,0.007064,0.006710,33304732.000000,330079.000000,0.009911
610,491,154,0.007042,0.006703,33264963.000000,324416.000000,0.009752
611,492,153,0.007084,0.006711,33372329.000000,329629.000000,0.009877
612,492,153,0.007165,0.006796,33557958.000000,329192.000000,0.009810
613,493,152,0.007206,0.006796,33996264.000000,335525.000000,0.009869
614,494,152,0.007201,0.006840,33773704.000000,335400.000000,0.009931
615,495,151,0.007151,0.006791,33765828.000000,330799.000000,0.009797
616,496,150,0.007208,0.006840,33901075.000000,335562.000000,0.009898
617,497,150,0.007187,0.006812,33898839.000000,330536.000000,0.009751
618,497,149,0.007216,0.006822,34013970.000000,333763.000000,0.009813
619,498,149,0.007593,0.007210,34358119.000000,335940.000000,0.009778
620,499,148,0.007301,0.006911,34410753.000000,338777.000000,0.009845
621,500,148,0.007261,0.006873,34386352.000000,337970.000000,0.009829
622,501,147,0.007315,0.006947,34654172.000000,335898.000000,0.009693
623,502,147,0.007358,0.006975,34799652.000000,340852.000000,0.009795
624,503,146,0.007389,0.007048,34862329.000000,337050.000000,0.009668
625,504,146,0.007538,0.007145,35042216.000000,344903.000000,0.009842
626,505,146,0.007468,0.007070,35118272.000000,341519.000000,0.009725
627,506,145,0.007513,0.007131,35279663.000000,343960.000000,0.009750
628,507,145,0.007567,0.007166,35444962.000000,344006.000000,0.009705
629,507,144,0.007609,0.007189,35581773.000000,348755.000000,0.009802
630,507,144,0.007630,0.007244,35583974.000000,345137.000000,0.009699
631,508,143,0.007625,0.007206,35466838.000000,348393.000000,0.009823
632,509,142,0.008161,0.007776,36084176.000000,357409.000000,0.009905
633,510,142,0.007562,0.007172,35710221.000000,346001.000000,0.009689
634,511,141,0.007595,0.007179,35735602.000000,349075.000000,0.009768
635,512,141,0.007582,0.007190,35816816.000000,347733.000000,0.009709
636,512,141,0.007691,0.007290,36171643.000000,354108.000000,0.009790
637,513,140,0.007694,0.007327,36208459.000000,349946.000000,0.009665
638,514,140,0.007732,0.007358,36257090.000000,355072.000000,0.009793
639,514,139,0.007679,0.007302,36272613.000000,349181.000000,0.009627
640,515,139,0.007679,0.007319,36362776.000000,355641.000000,0.009780
641,516,139,0.007676,0.007300,36422729.000000,350496.000000,0.009623
642,517,138,0.007807,0.007416,36777054.000000,359059.000000,0.009763
643,518,138,0.007788,0.007416,36841019.000000,352212.000000,0.009560
644,519,137,0.007851,0.007452,37049520.000000,359064.000000,0.009691
645,519,137,0.008059,0.007653,37334713.000000,363873.000000,0.009746
646,519,137,0.007817,0.007450,37141243.000000,354272.000000,0.009539
647,519,136,0.007891,0.007477,37216122.000000,356011.000000,0.009566
648,520,136,0.007896,0.007521,37327510.000000,357086.000000,0.009566
649,520,135,0.007926,0.007547,37404108.000000,359368.000000,0.009608
650,520,135,0.007914,0.007533,37459644.000000,355285.000000,0.009484
651,521,135,0.008015,0.007608,37681729.000000,361507.000000,0.009594
652,522,134,0.007963,0.007564,37651692.000000,358193.000000,0.009513
653,523,134,0.007976,0.007582,37788286.000000,360786.000000,0.009548
654,524,134,0.008021,0.007639,37929616.000000,359062.000000,0.009467
655,524,133,0.008025,0.007633,38068432.000000,364455.000000,0.009574
656,525,133,0.008031,0.007626,38072775.000000,361542.000000,0.009496
657,526,133,0.008011,0.007609,37967646.000000,365324.000000,0.009622
658,526,132,0.008263,0.007879,38352819.000000,365670.000000,0.009534
659,527,132,0.008100,0.007674,38287756.000000,368192.000000,0.009616
660,528,132,0.008148,0.007757,38699048.000000,367469.000000,0.009496
661,529,131,0.008121,0.007718,38435280.000000,366904.000000,0.009546
662,530,131,0.008227,0.007842,39134783.000000,372002.000000,0.009506
663,531,131,0.008269,0.007855,39060244.000000,378026.000000,0.009678
664,532,130,0.008389,0.007994,39779114.000000,377237.000000,0.009483
665,533,130,0.008457,0.008060,39989527.000000,382659.000000,0.009569
666,534,129,0.008436,0.008070,39983337.000000,379186.000000,0.009484
667,535,129,0.008473,0.008065,40124976.000000,384621.000000,0.009586
668,536,129,0.008667,0.008252,40772526.000000,386698.000000,0.009484
669,536,128,0.008783,0.008210,40519560.000000,386656.000000,0.009542
670,537,128,0.009168,0.008771,40701325.000000,389202.000000,0.009562
671,538,127,0.009077,0.008630,40902860.000000,394194.000000,0.009637
672,539,127,0.009018,0.008614,41033335.000000,388057.000000,0.009457
673,539,126,0.009112,0.008650,41178118.000000,393465.000000,0.009555
674,539,126,0.008887,0.008444,41127547.000000,388791.000000,0.009453
675,540,125,0.009442,0.008709,41038457.000000,389939.000000,0.009502
676,540,125,0.009052,0.008377,41187181.000000,388520.000000,0.009433
677,540,124,0.008947,0.008255,41282321.000000,387842.000000,0.009395
678,541,124,0.008970,0.008299,41105400.000000,390385.000000,0.009497
679,541,123,0.008797,0.008310,41154389.000000,388557.000000,0.009441
680,542,123,0.008846,0.008352,41477499.000000,393507.000000,0.009487
681,542,122,0.009249,0.008759,41555704.000000,392346.000000,0.009441
682,543,122,0.008887,0.008370,41559109.000000,394842.000000,0.009501
683,544,122,0.009052,0.008427,41984031.000000,404163.000000,0.009627
684,545,121,0.008901,0.008403,41821389.000000,396537.000000,0.009482
685,546,121,0.008985,0.008508,42095157.000000,394543.000000,0.009373
686,546,121,0.009156,0.008663,42102145.000000,395848.000000,0.009402
687,547,120,0.008935,0.008468,42194007.000000,397280.000000,0.009416
688,548,120,0.009047,0.008506,42454785.000000,400464.000000,0.009433
689,549,119,0.009047,0.008571,42533917.000000,398906.000000,0.009379
690,550,119,0.009275,0.008594,42693916.000000,397491.000000,0.009310
691,551,119,0.009129,0.008626,42873544.000000,404114.000000,0.009426
692,552,118,0.009198,0.008827,43154696.000000,400438.000000,0.009279
693,553,118,0.009087,0.008710,43305381.000000,406429.000000,0.009385
694,554,118,0.009069,0.008705,43277392.000000,400948.000000,0.009265
695,555,117,0.009105,0.008743,43432646.000000,402829.000000,0.009275
696,556,117,0.009101,0.008769,43459928.000000,401597.000000,0.009241
697,557,117,0.009167,0.008804,43603669.000000,405670.000000,0.009304
698,558,116,0.009224,0.008831,43777209.000000,410591.000000,0.009379
699,559,116,0.009344,0.008968,44133408.000000,413562.000000,0.009371
700,560,116,0.009342,0.008958,44300036.000000,418946.000000,0.009457
701,561,115,0.009435,0.009033,44628014.000000,417572.000000,0.009357
702,562,115,0.009727,0.009172,45047899.000000,422252.000000,0.009373
703,563,114,0.009464,0.009029,44725689.000000,415541.000000,0.009291
704,563,114,0.009434,0.009067,44840845.000000,419648.000000,0.009359
705,564,114,0.009394,0.009049,44868438.000000,414700.000000,0.009243
706,564,113,0.009405,0.009062,44966923.000000,417434.000000,0.009283
707,565,113,0.009423,0.009059,45066121.000000,416908.000000,0.009251
708,566,113,0.009594,0.009221,45454485.000000,417846.000000,0.009193
709,567,112,0.009545,0.009149,45319421.000000,425105.000000,0.009380
710,568,112,0.009653,0.009275,45628746.000000,422237.000000,0.009254
711,568,112,0.009627,0.009261,45795031.000000,426313.000000,0.009309
712,568,111,0.009566,0.009216,45568630.000000,418966.000000,0.009194
713,568,111,0.009818,0.009432,45855755.000000,428135.000000,0.009337
714,569,111,0.009580,0.009244,45713225.000000,421152.000000,0.009213
715,569,110,0.009569,0.009237,45699967.000000,421270.000000,0.009218
716,570,110,0.009635,0.009263,45893985.000000,425412.000000,0.009269
717,571,110,0.009610,0.009239,46038377.000000,421977.000000,0.009166
718,572,109,0.009693,0.009338,46170271.000000,429431.000000,0.009301
719,573,109,0.009984,0.009617,46221622.000000,425665.000000,0.009209
720,574,109,0.009872,0.009462,46418864.000000,425827.000000,0.009174
721,574,108,0.009723,0.009362,46485746.000000,428481.000000,0.009217
722,574,108,0.009708,0.009332,46537526.000000,427221.000000,0.009180
723,574,108,0.010033,0.009643,46923845.000000,435595.000000,0.009283
724,575,107,0.009736,0.009397,46461719.000000,428340.000000,0.009219
725,576,107,0.009718,0.009331,46543084.000000,428228.000000,0.009201
726,577,107,0.009868,0.009473,46956185.000000,433926.000000,0.009241
727,577,107,0.009773,0.009415,47015758.000000,428829.000000,0.009121
728,578,106,0.009957,0.009549,47439650.000000,435208.000000,0.009174
729,578,106,0.009858,0.009499,47101407.000000,429376.000000,0.009116
730,579,106,0.009774,0.009425,47087631.000000,434670.000000,0.009231
731,580,106,0.009835,0.009470,47185216.000000,429900.000000,0.009111
732,581,106,0.009850,0.009505,47433805.000000,434305.000000,0.009156
733,581,106,0.010006,0.009642,47555404.000000,446793.000000,0.009395
734,582,105,0.009876,0.009507,47533059.000000,437289.000000,0.009200
735,582,105,0.009927,0.009557,47851414.000000,439776.000000,0.009190
736,582,105,0.009908,0.009564,47726981.000000,433957.000000,0.009092
737,583,105,0.009934,0.009584,47812356.000000,432799.000000,0.009052
738,584,105,0.009963,0.009612,47953100.000000,441146.000000,0.009200
739,584,105,0.009959,0.009626,47912084.000000,435869.000000,0.009097
740,585,104,0.009961,0.009606,47956581.000000,440739.000000,0.009190
741,585,104,0.009983,0.009624,48014363.000000,435711.000000,0.009075
742,586,104,0.010087,0.009702,48235713.000000,441531.000000,0.009154
743,587,104,0.010113,0.009721,48411949.000000,447173.000000,0.009237
744,588,104,0.010162,0.009756,48435071.000000,443986.000000,0.009167
745,589,103,0.010182,0.009800,48625822.000000,448114.000000,0.009216
746,590,103,0.010182,0.009827,48658483.000000,447124.000000,0.009189
747,591,103,0.010214,0.009843,48746310.000000,447300.000000,0.009176
748,592,103,0.010417,0.010008,49061688.000000,452962.000000,0.009232
749,592,103,0.010363,0.009983,49157666.000000,450085.000000,0.009156
750,593,102,0.010644,0.010117,49293804.000000,449732.000000,0.009123
751,594,102,0.010382,0.009883,49068683.000000,452794.000000,0.009228
752,595,102,0.010367,0.009902,49116782.000000,448153.000000,0.009124
753,595,102,0.010490,0.010099,49365517.000000,455752.000000,0.009232
754,596,101,0.010380,0.010022,49501852.000000,449730.000000,0.009085
755,597,101,0.010317,0.009951,49451185.000000,449012.000000,0.009080
756,598,101,0.010391,0.010017,49686393.000000,453475.000000,0.009127
757,598,101,0.010370,0.010011,49650438.000000,449347.000000,0.009050
758,598,101,0.010485,0.010125,49861210.000000,450048.000000,0.009026
759,599,100,0.010472,0.010097,49875039.000000,452470.000000,0.009072
760,600,100,0.010459,0.010101,49998274.000000,452536.000000,0.009051
761,601,100,0.010760,0.010336,50368680.000000,459206.000000,0.009117
762,601,100,0.010806,0.010413,50684986.000000,453728.000000,0.008952
763,601,100,0.010939,0.010559,50774778.000000,455755.000000,0.008976
764,601,99,0.011154,0.010628,50906242.000000,463488.000000,0.009105
765,601,99,0.010790,0.010410,51025619.000000,460747.000000,0.009030
766,602,99,0.010684,0.010316,51203907.000000,460457.000000,0.008993
767,602,99,0.010754,0.010378,51340894.000000,464961.000000,0.009056
768,602,98,0.010685,0.010344,51245784.000000,460551.000000,0.008987
769,602,98,0.010729,0.010386,51263116.000000,459882.000000,0.008971
770,603,98,0.010737,0.010385,51319347.000000,465442.000000,0.009070
771,604,98,0.010782,0.010402,51422395.000000,462939.000000,0.009003
772,605,98,0.010966,0.010585,52024579.000000,465515.000000,0.008948
773,605,97,0.010936,0.010544,52166564.000000,470286.000000,0.009015
774,606,97,0.010756,0.010415,51774882.000000,462088.000000,0.008925
775,607,97,0.010793,0.010410,51853909.000000,462802.000000,0.008925
776,607,97,0.010885,0.010529,52008937.000000,468995.000000,0.009018
777,608,97,0.010829,0.010463,52064896.000000,464587.000000,0.008923
778,609,96,0.010985,0.010628,52726398.000000,474801.000000,0.009005
779,610,96,0.010982,0.010607,52793175.000000,470488.000000,0.008912
780,610,96,0.011120,0.010762,53293088.000000,471346.000000,0.008844
781,611,96,0.011514,0.011004,53458788.000000,477631.000000,0.008935
782,612,96,0.011497,0.011023,53704279.000000,473328.000000,0.008814
783,613,95,0.011463,0.010867,53956875.000000,488451.000000,0.009053
784,614,95,0.011376,0.010870,54018881.000000,476450.000000,0.008820
785,615,95,0.011513,0.010963,54216993.000000,481851.000000,0.008887
786,616,95,0.011461,0.010965,54377337.000000,480450.000000,0.008835
787,617,94,0.011616,0.011140,54364394.000000,480751.000000,0.008843
788,618,94,0.011559,0.011031,54622759.000000,485621.000000,0.008890
789,619,94,0.011568,0.011035,54736753.000000,483647.000000,0.008836
790,619,94,0.011868,0.011339,54844799.000000,482467.000000,0.008797
791,620,93,0.011621,0.011078,54916192.000000,488990.000000,0.008904
792,621,93,0.011699,0.011100,55120868.000000,486840.000000,0.008832
793,622,93,0.011685,0.011150,55452905.000000,488046.000000,0.008801
794,623,92,0.011700,0.011187,55396152.000000,491410.000000,0.008871
795,624,92,0.011712,0.011195,55437851.000000,488372.000000,0.008809
796,625,92,0.011756,0.011254,55542059.000000,487787.000000,0.008782
797,626,92,0.011771,0.011214,55617767.000000,492192.000000,0.008850
798,627,91,0.011924,0.011505,55859623.000000,500957.000000,0.008968
799,628,91,0.011631,0.011256,55855541.000000,492629.000000,0.008820
800,629,91,0.011696,0.011351,56000633.000000,494173.000000,0.008824
801,630,91,0.011738,0.011349,56138587.000000,498855.000000,0.008886
802,630,90,0.011702,0.011358,56143048.000000,494492.000000,0.008808
803,631,90,0.011687,0.011316,56264104.000000,495324.000000,0.008804
804,632,90,0.011805,0.011442,56637193.000000,496706.000000,0.008770
805,633,90,0.011839,0.011461,56688077.000000,500993.000000,0.008838
806,634,90,0.011785,0.011444,56708456.000000,496593.000000,0.008757
807,634,89,0.012086,0.011691,56874833.000000,498179.000000,0.008759
808,635,89,0.011882,0.011473,57064194.000000,501339.000000,0.008786
809,636,89,0.011830,0.011425,56839798.000000,496009.000000,0.008726
810,637,89,0.011976,0.011583,57280056.000000,500830.000000,0.008744
811,638,89,0.011879,0.011510,57019239.000000,498770.000000,0.008747
812,639,88,0.011944,0.011550,57298269.000000,505574.000000,0.008824
813,640,88,0.012096,0.011719,57669885.000000,504876.000000,0.008755
814,641,88,0.012055,0.011661,57651991.000000,504031.000000,0.008743
815,642,88,0.012264,0.011861,58289621.000000,511557.000000,0.008776
816,643,87,0.012327,0.011966,58144982.000000,509442.000000,0.008762
817,644,87,0.012113,0.011728,58049528.000000,505044.000000,0.008700
818,645,87,0.012112,0.011756,58129981.000000,506832.000000,0.008719
819,646,87,0.012108,0.011726,58259190.000000,511507.000000,0.008780
820,647,87,0.012152,0.011799,58325662.000000,508075.000000,0.008711
821,647,86,0.012822,0.012221,58604209.000000,522774.000000,0.008920
822,648,86,0.012698,0.011841,58563456.000000,510933.000000,0.008724
823,649,86,0.012466,0.012049,58749591.000000,519522.000000,0.008843
824,650,86,0.012285,0.011878,58930999.000000,515356.000000,0.008745
825,651,86,0.012288,0.011918,59068085.000000,515582.000000,0.008729
826,652,85,0.013570,0.013186,60296626.000000,523749.000000,0.008686
827,653,85,0.012498,0.012100,59738259.000000,523017.000000,0.008755
828,653,85,0.012289,0.011941,59459988.000000,515373.000000,0.008668
829,654,85,0.012381,0.011986,59651543.000000,519321.000000,0.008706
830,655,84,0.012414,0.012051,60153687.000000,523081.000000,0.008696
831,655,84,0.013730,0.013315,61065121.000000,538439.000000,0.008817
832,656,84,0.012571,0.012178,60277380.000000,521813.000000,0.008657
833,657,84,0.012467,0.012091,60343815.000000,523481.000000,0.008675
834,658,83,0.012577,0.012199,60581257.000000,525981.000000,0.008682
835,659,83,0.012622,0.012225,60690340.000000,529582.000000,0.008726
836,660,83,0.014572,0.014169,61946426.000000,565933.000000,0.009136
837,660,83,0.012864,0.012465,60843571.000000,527367.000000,0.008668
838,661,82,0.012660,0.012266,60942090.000000,526444.000000,0.008638
839,661,82,0.012783,0.012403,61334849.000000,529986.000000,0.008641
840,662,82,0.012803,0.012389,61194528.000000,533630.000000,0.008720
841,662,82,0.012863,0.012450,61311547.000000,528739.000000,0.008624
842,663,82,0.012782,0.012399,61671900.000000,531998.000000,0.008626
843,664,82,0.012833,0.012456,61879315.000000,532985.000000,0.008613
844,665,81,0.012849,0.012435,61927406.000000,539849.000000,0.008717
845,666,81,0.012937,0.012538,62037506.000000,537239.000000,0.008660
846,667,81,0.012896,0.012516,62265147.000000,539103.000000,0.008658
847,668,81,0.013053,0.012677,62498487.000000,541625.000000,0.008666
848,668,81,0.012989,0.012604,62641552.000000,538685.000000,0.008599
849,669,81,0.013082,0.012689,62887301.000000,545058.000000,0.008667
850,669,80,0.013077,0.012704,63088852.000000,541875.000000,0.008589
851,669,80,0.013053,0.012698,63088698.000000,541917.000000,0.008590
852,670,80,0.013169,0.012775,63257431.000000,544317.000000,0.008605
853,671,80,0.013165,0.012774,63458529.000000,548037.000000,0.008636
854,671,80,0.013302,0.012944,63380283.000000,548820.000000,0.008659
855,672,80,0.013059,0.012680,63452217.000000,544407.000000,0.008580
856,673,79,0.013169,0.012790,63871303.000000,545472.000000,0.008540
857,674,79,0.013200,0.012823,64216860.000000,547464.000000,0.008525
858,675,79,0.013214,0.012809,64258513.000000,551952.000000,0.008590
859,676,79,0.013195,0.012816,64232926.000000,549617.000000,0.008557
860,677,79,0.013341,0.012973,64808449.000000,554264.000000,0.008552
861,677,79,0.013344,0.012958,64829133.000000,553155.000000,0.008533
862,678,79,0.013494,0.013139,65008641.000000,555840.000000,0.008550
863,678,78,0.013394,0.013012,64971379.000000,560150.000000,0.008621
864,679,78,0.013424,0.012972,65075276.000000,566314.000000,0.008702
865,679,78,0.013373,0.012997,65033792.000000,555506.000000,0.008542
866,680,78,0.013432,0.013052,65226789.000000,557963.000000,0.008554
867,681,78,0.013498,0.013130,65272383.000000,558158.000000,0.008551
868,682,78,0.013497,0.013096,65491422.000000,562617.000000,0.008591
869,683,77,0.013740,0.013340,65769141.000000,565718.000000,0.008602
870,684,77,0.013511,0.013152,65745953.000000,559505.000000,0.008510
871,685,77,0.013529,0.013141,65871206.000000,561376.000000,0.008522
872,686,77,0.013626,0.013271,66163055.000000,563406.000000,0.008515
873,687,77,0.013660,0.013287,66248153.000000,564828.000000,0.008526
874,688,77,0.013671,0.013298,66399195.000000,572604.000000,0.008624
875,689,76,0.013652,0.013284,66405174.000000,567473.000000,0.008546
876,690,76,0.013728,0.013347,66654954.000000,566290.000000,0.008496
877,690,76,0.013986,0.013617,66912384.000000,572756.000000,0.008560
878,690,76,0.013773,0.013417,66732365.000000,566585.000000,0.008490
879,691,76,0.013746,0.013341,66862237.000000,572831.000000,0.008567
880,692,76,0.013832,0.013478,67128035.000000,569437.000000,0.008483
881,693,76,0.013794,0.013417,67197650.000000,571438.000000,0.008504
882,694,75,0.013881,0.013506,67431068.000000,572137.000000,0.008485
883,695,75,0.013875,0.013498,67630147.000000,574516.000000,0.008495
884,696,75,0.014000,0.013635,67609365.000000,574684.000000,0.008500
885,697,75,0.013914,0.013515,67681058.000000,581940.000000,0.008598
886,698,75,0.014002,0.013646,68144628.000000,579035.000000,0.008497
887,698,75,0.013986,0.013632,68112000.000000,578110.000000,0.008488
888,699,75,0.014057,0.013673,68279682.000000,579287.000000,0.008484
889,700,74,0.014077,0.013693,68459094.000000,580983.000000,0.008487
890,701,74,0.014154,0.013774,68870680.000000,583101.000000,0.008467
891,702,74,0.014226,0.013850,68722504.000000,583437.000000,0.008490
892,703,74,0.014155,0.013770,68791228.000000,587926.000000,0.008547
893,703,74,0.014259,0.013857,68856191.000000,585843.000000,0.008508
894,704,74,0.014310,0.013939,69134214.000000,585870.000000,0.008474
895,705,74,0.014322,0.013934,69206679.000000,586516.000000,0.008475
896,706,74,0.014359,0.013968,69471134.000000,588307.000000,0.008468
897,707,73,0.014469,0.014074,69912333.000000,592164.000000,0.008470
898,708,73,0.014622,0.014255,69785497.000000,594275.000000,0.008516
899,709,73,0.014315,0.013906,69740395.000000,593511.000000,0.008510
900,710,73,0.014544,0.014149,70199767.000000,593101.000000,0.008449
901,711,73,0.014411,0.014017,69875805.000000,593025.000000,0.008487
902,712,73,0.014485,0.014093,70249004.000000,591097.000000,0.008414
903,712,73,0.014518,0.014125,70452318.000000,594568.000000,0.008439
904,713,72,0.014619,0.014230,70881297.000000,596073.000000,0.008409
905,714,72,0.015102,0.014701,71239152.000000,603813.000000,0.008476
906,714,72,0.015038,0.014617,71331825.000000,601329.000000,0.008430
907,715,72,0.015338,0.014935,71718753.000000,607925.000000,0.008477
908,716,72,0.014754,0.014358,71515670.000000,600303.000000,0.008394
909,717,72,0.014814,0.014435,71695483.000000,602445.000000,0.008403
910,717,71,0.015007,0.014635,71930908.000000,604462.000000,0.008403
911,717,71,0.014876,0.014494,71901111.000000,606743.000000,0.008439
912,718,71,0.015085,0.014705,72057527.000000,605851.000000,0.008408
913,719,71,0.014926,0.014542,72032536.000000,606662.000000,0.008422
914,720,71,0.014894,0.014499,72205354.000000,603860.000000,0.008363
915,720,71,0.014851,0.014452,72386240.000000,606404.000000,0.008377
916,720,70,0.014850,0.014491,72429004.000000,606682.000000,0.008376
917,720,70,0.015008,0.014567,72644867.000000,612733.000000,0.008435
918,721,70,0.015292,0.014887,73056457.000000,615302.000000,0.008422
919,722,70,0.015012,0.014614,73047808.000000,611735.000000,0.008374
920,722,70,0.015018,0.014659,73268462.000000,609103.000000,0.008313
921,722,70,0.015020,0.014658,73280582.000000,613643.000000,0.008374
922,723,69,0.015953,0.015588,73984773.000000,623391.000000,0.008426
923,724,69,0.015472,0.015067,73509063.000000,615873.000000,0.008378
924,725,69,0.015204,0.014773,74097611.000000,616901.000000,0.008326
925,726,69,0.015626,0.015234,74021250.000000,622750.000000,0.008413
926,727,69,0.015295,0.014910,74022530.000000,619939.000000,0.008375
927,728,69,0.015547,0.015144,74284766.000000,626982.000000,0.008440
928,729,69,0.015457,0.015082,74479509.000000,622565.000000,0.008359
929,729,68,0.015354,0.014964,74465431.000000,624677.000000,0.008389
930,730,68,0.015317,0.014950,74429024.000000,621152.000000,0.008346
931,730,68,0.016034,0.015646,74745976.000000,627919.000000,0.008401
932,731,68,0.015649,0.015251,74529789.000000,625448.000000,0.008392
933,732,68,0.015481,0.014990,74697763.000000,634082.000000,0.008489
934,733,68,0.015638,0.015252,74818150.000000,628785.000000,0.008404
935,734,67,0.015458,0.015038,74821842.000000,629342.000000,0.008411
936,735,67,0.015728,0.015317,75990419.000000,634747.000000,0.008353
937,735,67,0.015688,0.015322,75210108.000000,631365.000000,0.008395
938,735,67,0.015711,0.015323,75180702.000000,628952.000000,0.008366
939,736,67,0.015619,0.015221,75273454.000000,630160.000000,0.008372
940,737,67,0.015736,0.015338,75759416.000000,632653.000000,0.008351
941,737,67,0.015643,0.015239,75878171.000000,628940.000000,0.008289
942,737,66,0.015793,0.015393,76324651.000000,635433.000000,0.008325
943,737,66,0.015676,0.015288,75838626.000000,622266.000000,0.008205
944,738,66,0.016067,0.015665,76316579.000000,631202.000000,0.008271
945,739,66,0.015737,0.015301,76299216.000000,631570.000000,0.008278
946,740,66,0.015817,0.015409,76533992.000000,630796.000000,0.008242
947,741,66,0.016220,0.015807,76986246.000000,637927.000000,0.008286
948,742,66,0.015837,0.015438,76571890.000000,631618.000000,0.008249
949,742,65,0.016037,0.015644,77206889.000000,633267.000000,0.008202
950,742,65,0.016360,0.015959,77646307.000000,641951.000000,0.008268
951,743,65,0.016107,0.015714,77823018.000000,638052.000000,0.008199
952,744,65,0.016296,0.015776,77638254.000000,642087.000000,0.008270
953,744,65,0.016187,0.015659,77755145.000000,643305.000000,0.008273
954,744,65,0.016344,0.015820,78616631.000000,647847.000000,0.008241
955,745,65,0.016227,0.015706,78171579.000000,645407.000000,0.008256
956,746,64,0.016461,0.016048,78667567.000000,651897.000000,0.008287
957,747,64,0.016115,0.015716,78594182.000000,644160.000000,0.008196
958,748,64,0.016273,0.015860,79085549.000000,645990.000000,0.008168
959,749,64,0.016685,0.016160,79504798.000000,651349.000000,0.008193
960,750,64,0.016502,0.016006,79544152.000000,649370.000000,0.008164
961,750,64,0.016593,0.016069,79685518.000000,654939.000000,0.008219
962,751,64,0.016707,0.016188,80248250.000000,657291.000000,0.008191
963,752,63,0.016973,0.016425,80048683.000000,657188.000000,0.008210
964,753,63,0.016750,0.016233,80293746.000000,659482.000000,0.008213
965,754,63,0.016754,0.016227,80412053.000000,660939.000000,0.008219
966,755,63,0.016841,0.016342,80730605.000000,662860.000000,0.008211
967,756,63,0.016831,0.016302,80812450.000000,663416.000000,0.008209
968,756,63,0.016962,0.016435,81141595.000000,667552.000000,0.008227
969,757,63,0.016943,0.016416,81476382.000000,667390.000000,0.008191
970,757,63,0.016958,0.016417,81670440.000000,665379.000000,0.008147
971,758,62,0.017274,0.016863,81997363.000000,673276.000000,0.008211
972,759,62,0.017037,0.016629,82219787.000000,668932.000000,0.008136
973,760,62,0.017452,0.017023,82447114.000000,675142.000000,0.008189
974,760,62,0.017193,0.016794,82646130.000000,675528.000000,0.008174
975,761,62,0.016961,0.016561,82603527.000000,669624.000000,0.008106
976,762,62,0.017066,0.016669,82872908.000000,670317.000000,0.008088
977,763,62,0.016979,0.016585,83054598.000000,670078.000000,0.008068
978,764,61,0.017270,0.016855,83976745.000000,676994.000000,0.008062
979,765,61,0.017257,0.016853,84207955.000000,676393.000000,0.008032
980,765,61,0.017377,0.017000,84145439.000000,678501.000000,0.008063
981,765,61,0.017291,0.016891,84223818.000000,679227.000000,0.008065
982,765,61,0.017402,0.016994,84471749.000000,679596.000000,0.008045
983,766,61,0.017227,0.016825,84184595.000000,680249.000000,0.008080
984,767,61,0.017336,0.016933,84490547.000000,678162.000000,0.008026
985,768,61,0.017398,0.016961,84634377.000000,679410.000000,0.008028
986,769,60,0.017924,0.017455,85087270.000000,687107.000000,0.008075
987,770,60,0.017605,0.017204,85175283.000000,682247.000000,0.008010
988,770,60,0.017625,0.017250,85277162.000000,683709.000000,0.008017
989,771,60,0.017758,0.017355,85461454.000000,685901.000000,0.008026
990,772,60,0.017725,0.017342,85544819.000000,688016.000000,0.008043
991,772,60,0.017841,0.017438,85726398.000000,689699.000000,0.008045
992,773,60,0.018066,0.017682,85986695.000000,694781.000000,0.008080
993,774,59,0.017771,0.017263,85969933.000000,701400.000000,0.008159
