frame,nb of entities,FPS,frame length,physics length,L1-dcache-loads,L1-dcache-load-misses,L1-dcache-load-miss-ratio
0,3,302,0.001872,0.000025,676258.000000,35805.000000,0.052946
1,4,302,0.003321,0.000030,780845.000000,37694.000000,0.048273
2,5,302,0.003328,0.000025,726686.000000,37171.000000,0.051151
3,6,302,0.003320,0.000051,765812.000000,42672.000000,0.055721
4,7,302,0.003319,0.000043,757683.000000,41710.000000,0.055049
5,8,302,0.003319,0.000035,744847.000000,33954.000000,0.045585
6,9,302,0.003326,0.000028,756745.000000,38188.000000,0.050463
7,10,302,0.003323,0.000029,758953.000000,37308.000000,0.049157
8,11,302,0.003321,0.000035,752144.000000,37751.000000,0.050191
9,12,302,0.003324,0.000034,750088.000000,38361.000000,0.051142
10,13,302,0.003319,0.000039,742347.000000,34517.000000,0.046497
11,14,302,0.003325,0.000038,778862.000000,38395.000000,0.049296
12,15,302,0.003327,0.000037,805046.000000,39411.000000,0.048955
13,16,302,0.003317,0.000046,831150.000000,39585.000000,0.047627
14,17,302,0.003327,0.000035,792468.000000,38261.000000,0.048281
15,18,302,0.003322,0.000043,748473.000000,34828.000000,0.046532
16,19,302,0.003328,0.000035,786730.000000,38346.000000,0.048741
17,20,302,0.003315,0.000045,779885.000000,38237.000000,0.049029
18,20,302,0.003323,0.000042,804752.000000,38717.000000,0.048110
19,21,302,0.003318,0.000047,791224.000000,38199.000000,0.048278
20,22,302,0.003327,0.000045,750582.000000,34184.000000,0.045543
21,23,302,0.003323,0.000054,828373.000000,41746.000000,0.050395
22,23,302,0.003323,0.000070,844369.000000,45700.000000,0.054123
23,24,302,0.003317,0.000052,842378.000000,38515.000000,0.045722
24,25,302,0.003327,0.000057,836739.000000,41614.000000,0.049734
25,26,302,0.003320,0.000063,738151.000000,39314.000000,0.053260
26,27,302,0.003320,0.000066,853105.000000,43421.000000,0.050898
27,28,302,0.003322,0.000046,849790.000000,39710.000000,0.046729
28,29,302,0.003329,0.000054,851297.000000,39689.000000,0.046622
29,30,302,0.003319,0.000089,888509.000000,45504.000000,0.051214
30,31,302,0.003324,0.000077,846028.000000,41244.000000,0.048750
31,32,302,0.003321,0.000080,873239.000000,44849.000000,0.051359
32,33,302,0.003322,0.000075,869366.000000,44486.000000,0.051171
33,34,302,0.003319,0.000078,874592.000000,44888.000000,0.051325
34,35,302,0.003324,0.000079,879818.000000,44130.000000,0.050158
35,36,302,0.003367,0.000083,769986.000000,42495.000000,0.055189
36,37,302,0.003316,0.000086,892990.000000,46083.000000,0.051605
37,38,302,0.003321,0.000088,913468.000000,46361.000000,0.050753
38,39,302,0.003328,0.000085,902741.000000,45621.000000,0.050536
39,40,302,0.003318,0.000088,920645.000000,45235.000000,0.049134
40,41,302,0.003320,0.000060,862202.000000,36592.000000,0.042440
41,42,302,0.003336,0.000074,895802.000000,41316.000000,0.046122
42,43,302,0.003312,0.000074,889570.000000,40670.000000,0.045719
43,43,302,0.003325,0.000071,898819.000000,40603.000000,0.045174
44,44,302,0.003328,0.000104,931367.000000,47953.000000,0.051487
45,45,302,0.003316,0.000106,913933.000000,44148.000000,0.048306
46,46,302,0.003318,0.000103,925616.000000,47311.000000,0.051113
47,47,302,0.003330,0.000082,923797.000000,41708.000000,0.045148
48,48,302,0.003320,0.000082,907393.000000,41023.000000,0.045210
49,49,302,0.003324,0.000087,931417.000000,41473.000000,0.044527
50,50,302,0.003331,0.000086,893480.000000,38441.000000,0.043024
51,50,303,0.003313,0.000084,947785.000000,41291.000000,0.043566
52,51,303,0.003324,0.000100,953401.000000,44264.000000,0.046427
53,52,303,0.003328,0.000094,1008470.000000,42897.000000,0.042537
54,53,303,0.003316,0.000074,964536.000000,42118.000000,0.043667
55,54,303,0.003321,0.000114,953226.000000,39133.000000,0.041053
56,55,303,0.003330,0.000101,998419.000000,43619.000000,0.043688
57,56,303,0.003289,0.000111,1006344.000000,43101.000000,0.042829
58,57,303,0.003321,0.000106,1016591.000000,43184.000000,0.042479
59,58,303,0.003328,0.000106,989056.000000,43186.000000,0.043664
60,59,300,0.003316,0.000105,954559.000000,39116.000000,0.040978
61,60,300,0.003324,0.000109,1017680.000000,43460.000000,0.042705
62,61,300,0.003324,0.000113,1013807.000000,43681.000000,0.043086
63,62,300,0.003322,0.000191,1059308.000000,54294.000000,0.051254
64,62,300,0.003319,0.000115,1041143.000000,43506.000000,0.041787
65,63,300,0.003328,0.000118,1004901.000000,40484.000000,0.040287
66,64,300,0.003321,0.000117,1038287.000000,44163.000000,0.042534
67,64,300,0.003321,0.000124,1044348.000000,43862.000000,0.041999
68,65,300,0.003330,0.000119,1032318.000000,43973.000000,0.042596
69,66,300,0.003314,0.000115,1060743.000000,45062.000000,0.042482
70,66,300,0.003325,0.000099,1011494.000000,40041.000000,0.039586
71,66,300,0.003328,0.000098,1032915.000000,43345.000000,0.041964
72,66,301,0.003232,0.000104,964230.000000,44094.000000,0.045730
73,66,301,0.003339,0.000100,942915.000000,43649.000000,0.046292
74,67,301,0.003342,0.000105,957205.000000,44514.000000,0.046504
75,68,301,0.003340,0.000118,934977.000000,40948.000000,0.043796
76,68,301,0.003330,0.000107,1028001.000000,43921.000000,0.042725
77,69,300,0.003345,0.000240,1003338.000000,46551.000000,0.046396
78,70,300,0.003346,0.000112,974224.000000,44799.000000,0.045984
79,71,300,0.003341,0.000134,993309.000000,45636.000000,0.045943
80,72,300,0.003350,0.000122,947192.000000,41542.000000,0.043858
81,73,300,0.003340,0.000130,983120.000000,44761.000000,0.045530
82,74,300,0.003330,0.000114,1094146.000000,48977.000000,0.044763
83,74,300,0.003316,0.000130,1134872.000000,45681.000000,0.040252
84,75,300,0.003327,0.000120,1123292.000000,45131.000000,0.040177
85,76,300,0.003320,0.000124,1108363.000000,43033.000000,0.038826
86,76,300,0.003327,0.000119,1121719.000000,45485.000000,0.040549
87,76,300,0.003328,0.000118,1106361.000000,44972.000000,0.040649
88,77,300,0.003322,0.000196,1151618.000000,54820.000000,0.047603
89,78,300,0.003314,0.000149,1151009.000000,46933.000000,0.040776
90,79,300,0.003324,0.000132,1125714.000000,42807.000000,0.038027
91,80,300,0.003327,0.000135,1183669.000000,47192.000000,0.039869
92,81,300,0.003352,0.000270,1123539.000000,48919.000000,0.043540
93,82,300,0.003345,0.000149,1121760.000000,47732.000000,0.042551
94,83,300,0.003343,0.000146,1126612.000000,47814.000000,0.042441
95,84,300,0.003347,0.000158,1109794.000000,45072.000000,0.040613
96,84,300,0.003342,0.000148,1126185.000000,48641.000000,0.043191
97,85,300,0.003360,0.000152,1158577.000000,48244.000000,0.041641
98,85,300,0.003336,0.000153,1145117.000000,48608.000000,0.042448
99,86,300,0.003348,0.000214,1167106.000000,53053.000000,0.045457
100,87,300,0.003336,0.000157,1150055.000000,46121.000000,0.040103
101,88,300,0.003349,0.000165,1184997.000000,49243.000000,0.041555
102,89,300,0.003343,0.000173,1189176.000000,49981.000000,0.042030
103,90,300,0.003334,0.000179,1202582.000000,49866.000000,0.041466
104,91,300,0.003345,0.000169,1204395.000000,49742.000000,0.041300
105,92,300,0.003352,0.000183,1192291.000000,47903.000000,0.040177
106,93,300,0.003342,0.000182,1233191.000000,50714.000000,0.041124
107,93,300,0.003349,0.000182,1244111.000000,50714.000000,0.040763
108,94,300,0.003341,0.000163,1273222.000000,51895.000000,0.040759
109,95,300,0.003353,0.000195,1290112.000000,51976.000000,0.040288
110,96,300,0.003386,0.000210,1251802.000000,47207.000000,0.037711
111,97,300,0.003334,0.000191,1412655.000000,51622.000000,0.036543
112,97,300,0.003326,0.000236,1332469.000000,56157.000000,0.042145
113,98,300,0.003337,0.000188,1335733.000000,53001.000000,0.039679
114,99,300,0.003339,0.000192,1302618.000000,48909.000000,0.037547
115,100,300,0.003355,0.000254,1374582.000000,54222.000000,0.039446
116,100,300,0.003334,0.000201,1344111.000000,53474.000000,0.039784
117,101,299,0.003345,0.000219,1364651.000000,54394.000000,0.039859
118,102,299,0.003337,0.000227,1352569.000000,53256.000000,0.039374
119,103,299,0.003347,0.000210,1341086.000000,49626.000000,0.037004
120,104,299,0.003354,0.000234,1379325.000000,55474.000000,0.040218
121,105,299,0.003374,0.000235,1435409.000000,54895.000000,0.038243
122,106,299,0.003329,0.000363,1492942.000000,69735.000000,0.046710
123,106,299,0.003341,0.000250,1458941.000000,54892.000000,0.037625
124,106,299,0.003347,0.000227,1449532.000000,52012.000000,0.035882
125,107,299,0.003350,0.000237,1517496.000000,56910.000000,0.037503
126,108,299,0.003352,0.000269,1530608.000000,57142.000000,0.037333
127,109,299,0.003357,0.000258,1583937.000000,58715.000000,0.037069
128,110,299,0.003359,0.000292,1607697.000000,59668.000000,0.037114
129,111,299,0.003348,0.000302,1612904.000000,55887.000000,0.034650
130,112,299,0.003354,0.000286,1712099.000000,61829.000000,0.036113
131,113,299,0.003352,0.000297,1705495.000000,61688.000000,0.036170
132,114,299,0.003356,0.000320,1744773.000000,61982.000000,0.035524
133,115,299,0.003344,0.000309,1771086.000000,63082.000000,0.035618
134,116,299,0.003362,0.000311,1736162.000000,59898.000000,0.034500
135,117,299,0.003351,0.000350,1824824.000000,63828.000000,0.034978
136,118,299,0.003358,0.000325,1826812.000000,64110.000000,0.035094
137,118,299,0.003359,0.000334,1899044.000000,65227.000000,0.034347
138,118,299,0.003360,0.000360,1901399.000000,65265.000000,0.034325
139,118,299,0.003356,0.000372,1890806.000000,62193.000000,0.032892
140,119,299,0.003363,0.000419,1937644.000000,66856.000000,0.034504
141,120,299,0.003325,0.000383,2036002.000000,67039.000000,0.032927
142,121,299,0.003321,0.000364,2074273.000000,69909.000000,0.033703
143,121,299,0.003319,0.000414,2066362.000000,68185.000000,0.032998
144,122,299,0.003326,0.000412,2070048.000000,65447.000000,0.031616
145,123,299,0.003320,0.000406,2166736.000000,69713.000000,0.032174
146,124,299,0.003326,0.000405,2170833.000000,72403.000000,0.033353
147,125,299,0.003320,0.000438,2194507.000000,69913.000000,0.031858
148,126,299,0.003324,0.000419,2206219.000000,70313.000000,0.031870
149,127,299,0.003326,0.000485,2236871.000000,69672.000000,0.031147
150,127,299,0.003322,0.000478,2272290.000000,73076.000000,0.032160
151,127,299,0.003324,0.000436,2265026.000000,73200.000000,0.032318
152,128,299,0.003327,0.000416,2250237.000000,72098.000000,0.032040
153,129,299,0.003321,0.000479,2304223.000000,73271.000000,0.031799
154,130,299,0.003325,0.000421,2269438.000000,68408.000000,0.030143
155,130,299,0.003329,0.000427,2338106.000000,73688.000000,0.031516
156,131,299,0.003319,0.000480,2351245.000000,74042.000000,0.031491
157,132,299,0.003330,0.000442,2364352.000000,73678.000000,0.031162
158,133,299,0.003321,0.000454,2361598.000000,74640.000000,0.031606
159,134,299,0.003322,0.000488,2334506.000000,70725.000000,0.030295
160,135,299,0.003322,0.000440,2418979.000000,74862.000000,0.030948
161,136,299,0.003330,0.000463,2430352.000000,75419.000000,0.031032
162,137,299,0.003318,0.000505,2469269.000000,76306.000000,0.030902
163,137,299,0.003328,0.000460,2507671.000000,76509.000000,0.030510
164,137,299,0.003321,0.000487,2486248.000000,73706.000000,0.029645
165,137,299,0.003325,0.000530,2515969.000000,77963.000000,0.030987
166,138,299,0.003321,0.000516,2565612.000000,78017.000000,0.030409
167,139,299,0.003328,0.000508,2622439.000000,79608.000000,0.030356
168,140,299,0.003319,0.000560,2623004.000000,79833.000000,0.030436
169,140,299,0.003330,0.000543,2616600.000000,77172.000000,0.029493
170,141,299,0.003320,0.000479,2675259.000000,80914.000000,0.030245
171,142,299,0.003330,0.000586,2682017.000000,82191.000000,0.030645
172,142,299,0.003311,0.000558,2748364.000000,83310.000000,0.030313
173,143,299,0.003325,0.000497,2781242.000000,82092.000000,0.029516
174,144,299,0.003323,0.000594,2739713.000000,79610.000000,0.029058
175,145,299,0.003325,0.000550,2805990.000000,83688.000000,0.029825
176,145,299,0.003325,0.000530,2836852.000000,85794.000000,0.030243
177,146,299,0.003324,0.000612,2814086.000000,83755.000000,0.029763
178,147,299,0.003323,0.000613,2837665.000000,86357.000000,0.030432
179,147,299,0.003326,0.000528,2885817.000000,82400.000000,0.028553
180,148,299,0.003322,0.000644,2958263.000000,88345.000000,0.029864
181,149,300,0.003325,0.000609,3054730.000000,89744.000000,0.029379
182,150,300,0.003329,0.000561,3017437.000000,88531.000000,0.029340
183,150,300,0.003319,0.000679,3053744.000000,89603.000000,0.029342
184,151,300,0.003328,0.000608,3037372.000000,86868.000000,0.028600
185,152,300,0.003320,0.000602,3173638.000000,91104.000000,0.028706
186,153,300,0.003326,0.000727,3265502.000000,93713.000000,0.028698
187,154,300,0.003321,0.000704,3218171.000000,93139.000000,0.028942
188,155,300,0.003326,0.000659,3289877.000000,95294.000000,0.028966
189,156,300,0.003320,0.000767,3321581.000000,91961.000000,0.027686
190,157,300,0.003327,0.000724,3358599.000000,95109.000000,0.028318
191,158,300,0.003320,0.000663,3431265.000000,97509.000000,0.028418
192,158,300,0.003326,0.000773,3449854.000000,98164.000000,0.028455
193,159,300,0.003320,0.000728,3375704.000000,95100.000000,0.028172
194,160,300,0.003327,0.000660,3372931.000000,93618.000000,0.027756
195,160,300,0.003321,0.000780,3471889.000000,98170.000000,0.028276
196,160,300,0.003328,0.000709,3506037.000000,99016.000000,0.028242
197,161,300,0.003322,0.000686,3523021.000000,100012.000000,0.028388
198,162,300,0.003322,0.000808,3522716.000000,100541.000000,0.028541
199,162,300,0.003326,0.000738,3543832.000000,96727.000000,0.027294
200,163,300,0.003325,0.000724,3649503.000000,101733.000000,0.027876
201,164,300,0.003325,0.000933,3791542.000000,109584.000000,0.028902
202,165,300,0.003322,0.000830,3827025.000000,107289.000000,0.028035
203,166,300,0.003325,0.000722,3856118.000000,107161.000000,0.027790
204,167,300,0.003323,0.000880,3821545.000000,101607.000000,0.026588
205,167,300,0.003324,0.000800,3885094.000000,104737.000000,0.026959
206,167,300,0.003326,0.000760,3928877.000000,106320.000000,0.027061
207,168,300,0.003324,0.000928,4021435.000000,110557.000000,0.027492
208,169,300,0.003321,0.000902,4123950.000000,111722.000000,0.027091
209,170,300,0.003329,0.000852,4189351.000000,112596.000000,0.026877
210,171,300,0.003318,0.000993,4228718.000000,114584.000000,0.027097
211,171,300,0.003328,0.000891,4252904.000000,114552.000000,0.026935
212,172,300,0.003322,0.000897,4319358.000000,116560.000000,0.026985
213,173,300,0.003324,0.001036,4406734.000000,117196.000000,0.026595
214,174,300,0.003320,0.000960,4308522.000000,113584.000000,0.026363
215,174,300,0.003328,0.000902,4425669.000000,119554.000000,0.027014
216,175,300,0.003319,0.000854,4415959.000000,117861.000000,0.026690
217,176,300,0.003328,0.000940,4443195.000000,118914.000000,0.026763
218,176,300,0.003321,0.000932,4416152.000000,118241.000000,0.026775
219,177,300,0.003326,0.001063,4431438.000000,116058.000000,0.026190
220,178,300,0.003319,0.001016,4568478.000000,119920.000000,0.026249
221,179,300,0.003328,0.000962,4635823.000000,124347.000000,0.026823
222,180,300,0.003319,0.000896,4662047.000000,121750.000000,0.026115
223,181,300,0.003325,0.001021,4773948.000000,126824.000000,0.026566
224,182,300,0.003326,0.000987,4752648.000000,123576.000000,0.026002
225,183,300,0.003322,0.000948,4802840.000000,127366.000000,0.026519
226,184,300,0.003325,0.001039,4847138.000000,127869.000000,0.026380
227,185,300,0.003324,0.001053,4926192.000000,130395.000000,0.026470
228,185,300,0.003322,0.000970,4896651.000000,128767.000000,0.026297
229,186,300,0.003323,0.001113,4936124.000000,125475.000000,0.025420
230,187,300,0.003326,0.001030,4930076.000000,131901.000000,0.026754
231,188,300,0.003322,0.000988,4981666.000000,129614.000000,0.026018
232,189,300,0.003324,0.001320,5137603.000000,139088.000000,0.027073
233,190,300,0.003326,0.001104,5034521.000000,132553.000000,0.026329
234,191,300,0.003322,0.000995,5020109.000000,127979.000000,0.025493
235,192,300,0.003323,0.001077,5174402.000000,132936.000000,0.025691
236,193,300,0.003327,0.001084,5184603.000000,136156.000000,0.026262
237,194,300,0.003317,0.001045,5255177.000000,136950.000000,0.026060
238,194,300,0.003329,0.001162,5155723.000000,133591.000000,0.025911
239,195,300,0.003322,0.001131,5090393.000000,130805.000000,0.025696
240,196,300,0.003322,0.001024,5187809.000000,133763.000000,0.025784
241,197,300,0.003324,0.001196,5299075.000000,138790.000000,0.026191
242,198,300,0.003328,0.001113,5306811.000000,139420.000000,0.026272
243,199,300,0.003316,0.001080,5400594.000000,140508.000000,0.026017
244,200,300,0.003332,0.001187,5420566.000000,138095.000000,0.025476
245,201,300,0.003320,0.001197,5440857.000000,142540.000000,0.026198
246,202,300,0.003322,0.001138,5475406.000000,142888.000000,0.026096
247,203,300,0.003322,0.001266,5503786.000000,143420.000000,0.026058
248,204,300,0.003327,0.001199,5531589.000000,144450.000000,0.026114
249,205,300,0.003319,0.001127,5548883.000000,140960.000000,0.025403
250,206,300,0.003326,0.001236,5598742.000000,145566.000000,0.026000
251,207,300,0.003328,0.001263,5613303.000000,146581.000000,0.026113
252,208,300,0.003319,0.001142,5637474.000000,145047.000000,0.025729
253,209,300,0.003327,0.001292,5690711.000000,149466.000000,0.026265
254,210,300,0.003327,0.001210,5679097.000000,144328.000000,0.025414
255,210,300,0.003319,0.001342,5815702.000000,154868.000000,0.026629
256,211,300,0.003326,0.001249,5856156.000000,149505.000000,0.025530
257,212,300,0.003325,0.001260,5854875.000000,152099.000000,0.025978
258,212,300,0.003320,0.001203,5839856.000000,148448.000000,0.025420
259,212,300,0.003326,0.001346,5912151.000000,147095.000000,0.024880
260,213,300,0.003326,0.001251,5925666.000000,150777.000000,0.025445
261,214,300,0.003325,0.001232,5956901.000000,150581.000000,0.025278
262,214,300,0.003321,0.001471,6046121.000000,156051.000000,0.025810
263,214,300,0.003327,0.001267,6010151.000000,153339.000000,0.025513
264,214,300,0.003316,0.001248,5973689.000000,147372.000000,0.024670
265,215,300,0.003330,0.001387,6014638.000000,153191.000000,0.025470
266,216,300,0.003321,0.001331,6035955.000000,154200.000000,0.025547
267,217,300,0.003322,0.001267,6080623.000000,154104.000000,0.025343
268,218,300,0.003323,0.001398,6097612.000000,156172.000000,0.025612
269,219,300,0.003329,0.001312,6152710.000000,154629.000000,0.025132
270,220,300,0.003318,0.001290,6215381.000000,158437.000000,0.025491
271,221,300,0.003331,0.001360,6261085.000000,158553.000000,0.025324
272,221,300,0.003321,0.001389,6242740.000000,158711.000000,0.025423
273,222,300,0.003320,0.001324,6265303.000000,159067.000000,0.025389
274,223,300,0.003326,0.001455,6283836.000000,157030.000000,0.024990
275,223,300,0.003327,0.001378,6421133.000000,164239.000000,0.025578
276,223,300,0.003323,0.001372,6476128.000000,163704.000000,0.025278
277,223,300,0.003323,0.001286,6532707.000000,166712.000000,0.025520
278,224,300,0.003326,0.001426,6610552.000000,166953.000000,0.025256
279,224,300,0.003320,0.001388,6629095.000000,162936.000000,0.024579
280,224,300,0.003326,0.001472,6732028.000000,170503.000000,0.025327
281,225,300,0.003327,0.001438,6772207.000000,170788.000000,0.025219
282,226,300,0.003320,0.001472,6841097.000000,172949.000000,0.025281
283,227,300,0.003326,0.001495,6959746.000000,173987.000000,0.024999
284,227,300,0.003329,0.001480,6794921.000000,170845.000000,0.025143
285,228,300,0.003320,0.001460,6881997.000000,173569.000000,0.025221
286,229,300,0.003328,0.001372,6962731.000000,174600.000000,0.025076
287,229,300,0.003325,0.001497,7050977.000000,177561.000000,0.025182
288,229,300,0.003322,0.001519,7085574.000000,179284.000000,0.025303
289,230,300,0.003323,0.001412,7283604.000000,191501.000000,0.026292
290,231,300,0.003328,0.001522,7127414.000000,178509.000000,0.025045
291,232,300,0.003323,0.001423,7248308.000000,179610.000000,0.024780
292,233,300,0.003328,0.001623,7495481.000000,190843.000000,0.025461
293,234,300,0.003322,0.001652,7411594.000000,184553.000000,0.024901
294,235,300,0.003326,0.001495,7453359.000000,180837.000000,0.024262
295,235,300,0.003322,0.001457,7394202.000000,184259.000000,0.024919
296,235,300,0.003330,0.001600,7465944.000000,184836.000000,0.024757
297,236,300,0.003320,0.001459,7411402.000000,183627.000000,0.024776
298,237,300,0.003326,0.001482,7471625.000000,185056.000000,0.024768
299,238,300,0.003326,0.001750,7574065.000000,187764.000000,0.024790
300,239,300,0.003323,0.001522,7604288.000000,189402.000000,0.024907
301,240,300,0.003326,0.001574,7766307.000000,192586.000000,0.024798
302,240,300,0.003329,0.001658,7721662.000000,190522.000000,0.024674
303,241,300,0.003320,0.001672,7652146.000000,189694.000000,0.024790
304,242,300,0.003326,0.001541,7699187.000000,186464.000000,0.024219
305,243,300,0.003329,0.001707,7858109.000000,194758.000000,0.024784
306,244,300,0.003319,0.001720,7884936.000000,195174.000000,0.024753
307,245,300,0.003326,0.001610,7947522.000000,196753.000000,0.024757
308,246,300,0.003327,0.001704,7943118.000000,196228.000000,0.024704
309,247,300,0.003323,0.001613,7963781.000000,195241.000000,0.024516
310,248,300,0.003327,0.001587,8008627.000000,195481.000000,0.024409
311,249,300,0.003324,0.001763,8077694.000000,203178.000000,0.025153
312,249,300,0.003324,0.001612,8069075.000000,200812.000000,0.024887
313,250,300,0.003329,0.001604,8053390.000000,199366.000000,0.024756
314,251,300,0.003321,0.001766,8066823.000000,196261.000000,0.024329
315,252,300,0.003326,0.001620,8122942.000000,201053.000000,0.024751
316,253,300,0.003323,0.001615,8147372.000000,200847.000000,0.024652
317,253,300,0.003331,0.001844,8173056.000000,202502.000000,0.024777
318,253,300,0.003321,0.001637,8186867.000000,202689.000000,0.024758
319,253,300,0.003327,0.001637,8147058.000000,197664.000000,0.024262
320,254,300,0.003328,0.001856,8219004.000000,203834.000000,0.024800
321,255,300,0.003325,0.001677,8279881.000000,203618.000000,0.024592
322,256,300,0.003323,0.001773,8360403.000000,208048.000000,0.024885
323,257,300,0.003328,0.001806,8379284.000000,205473.000000,0.024522
324,258,300,0.003322,0.001687,8395458.000000,203470.000000,0.024236
325,259,300,0.003326,0.001717,8472321.000000,208624.000000,0.024624
326,260,300,0.003329,0.001852,8523952.000000,210094.000000,0.024647
327,261,300,0.003323,0.001715,8595211.000000,210190.000000,0.024454
328,262,300,0.003325,0.001746,8662384.000000,211207.000000,0.024382
329,263,300,0.003329,0.001861,8631006.000000,207591.000000,0.024052
330,264,300,0.003324,0.001751,8724851.000000,212109.000000,0.024311
331,265,300,0.003326,0.001763,8862228.000000,213540.000000,0.024096
332,265,300,0.003332,0.001897,8799163.000000,214343.000000,0.024359
333,266,300,0.003323,0.001756,8836539.000000,213849.000000,0.024201
334,267,300,0.003326,0.001817,8858723.000000,212893.000000,0.024032
335,267,300,0.003335,0.001932,9083656.000000,219876.000000,0.024206
336,268,300,0.003325,0.001825,9017759.000000,222628.000000,0.024688
337,269,300,0.003328,0.001827,9177158.000000,221497.000000,0.024136
338,270,300,0.003332,0.001870,9249616.000000,225502.000000,0.024380
339,270,300,0.003328,0.001859,9343457.000000,220760.000000,0.023627
340,271,300,0.003335,0.001898,9515287.000000,227685.000000,0.023928
341,272,300,0.003336,0.002043,9544530.000000,228576.000000,0.023948
342,273,300,0.003333,0.001911,9594562.000000,227804.000000,0.023743
343,274,300,0.003332,0.001966,9751146.000000,232751.000000,0.023869
344,274,300,0.003343,0.002090,9733416.000000,229276.000000,0.023556
345,275,300,0.003331,0.001970,9782754.000000,233818.000000,0.023901
346,275,300,0.003338,0.001970,9833423.000000,233646.000000,0.023760
347,276,300,0.003344,0.002208,9931821.000000,234999.000000,0.023661
348,277,300,0.003341,0.002007,9963037.000000,236481.000000,0.023736
349,278,300,0.003330,0.002014,10048878.000000,236880.000000,0.023573
350,279,300,0.003346,0.002181,10247516.000000,241505.000000,0.023567
351,280,300,0.003339,0.002070,10178110.000000,241387.000000,0.023716
352,280,300,0.003348,0.002199,10248416.000000,245150.000000,0.023921
353,281,300,0.003342,0.002078,10171887.000000,240865.000000,0.023679
354,282,300,0.003346,0.002069,10210996.000000,239387.000000,0.023444
355,283,300,0.003340,0.002107,10385167.000000,247418.000000,0.023824
356,283,300,0.003341,0.002111,10393368.000000,248388.000000,0.023899
357,284,300,0.003325,0.002125,10455567.000000,248703.000000,0.023787
358,285,300,0.003341,0.002102,10457527.000000,249124.000000,0.023822
359,285,300,0.003352,0.002303,10630833.000000,250942.000000,0.023605
360,286,300,0.003344,0.002174,10751283.000000,255141.000000,0.023731
361,287,300,0.003345,0.002201,10797117.000000,256321.000000,0.023740
362,287,300,0.003346,0.002186,10833784.000000,257087.000000,0.023730
363,288,300,0.003347,0.002236,10868070.000000,257910.000000,0.023731
364,289,300,0.003344,0.002177,10824824.000000,251931.000000,0.023273
365,290,300,0.003349,0.002252,11014077.000000,262579.000000,0.023840
366,291,300,0.003347,0.002208,11050063.000000,259195.000000,0.023456
367,292,300,0.003350,0.002283,11257031.000000,266044.000000,0.023634
368,293,299,0.003354,0.002338,11356147.000000,268469.000000,0.023641
369,294,299,0.003352,0.002326,11456284.000000,265975.000000,0.023217
370,295,299,0.003350,0.002295,11430743.000000,267251.000000,0.023380
371,296,299,0.003336,0.002354,11558186.000000,270437.000000,0.023398
372,297,299,0.003351,0.002333,11605117.000000,270140.000000,0.023278
373,298,299,0.003367,0.002370,11729297.000000,273438.000000,0.023312
374,298,299,0.003355,0.002576,11738446.000000,275008.000000,0.023428
375,298,299,0.003362,0.002373,11742052.000000,274555.000000,0.023382
376,299,299,0.003349,0.002415,11792021.000000,276086.000000,0.023413
377,300,299,0.003362,0.002458,11857129.000000,277201.000000,0.023378
378,300,299,0.003465,0.002626,11885605.000000,277981.000000,0.023388
379,301,299,0.003456,0.002516,11988104.000000,278171.000000,0.023204
380,302,298,0.003455,0.002442,11986600.000000,279873.000000,0.023349
381,302,298,0.003653,0.002513,12228014.000000,285728.000000,0.023367
382,303,298,0.003252,0.002619,12377405.000000,291358.000000,0.023540
383,304,298,0.003466,0.002650,12568938.000000,296057.000000,0.023555
384,305,298,0.003456,0.002507,12327958.000000,285686.000000,0.023174
385,306,298,0.003461,0.002641,12523554.000000,294617.000000,0.023525
386,306,297,0.003463,0.002610,12516986.000000,294512.000000,0.023529
387,307,297,0.003462,0.002597,12573780.000000,293604.000000,0.023350
388,308,297,0.003415,0.002627,12672969.000000,297420.000000,0.023469
389,309,297,0.003361,0.002647,12579577.000000,292052.000000,0.023216
390,309,297,0.003364,0.002551,12657701.000000,294425.000000,0.023261
391,310,297,0.003366,0.002608,12831244.000000,298401.000000,0.023256
392,311,297,0.003367,0.002608,12756447.000000,297303.000000,0.023306
393,312,297,0.003365,0.002577,12729182.000000,295922.000000,0.023248
394,312,297,0.003368,0.002611,12771236.000000,294078.000000,0.023027
395,313,297,0.003368,0.002607,12831248.000000,299441.000000,0.023337
396,314,297,0.003366,0.002615,12804449.000000,297140.000000,0.023206
397,315,296,0.003374,0.002628,12860586.000000,301732.000000,0.023462
398,316,296,0.003361,0.002630,12852805.000000,298745.000000,0.023244
399,317,296,0.003368,0.002656,12952497.000000,302263.000000,0.023336
400,317,296,0.003370,0.002652,12936256.000000,302804.000000,0.023407
401,318,296,0.003366,0.002627,12930810.000000,302257.000000,0.023375
402,319,296,0.003368,0.002640,13005145.000000,302789.000000,0.023282
403,320,296,0.003373,0.002699,13209397.000000,303481.000000,0.022975
404,321,296,0.003370,0.002687,13261633.000000,308502.000000,0.023263
405,322,296,0.003372,0.002728,13447694.000000,313467.000000,0.023310
406,322,296,0.003375,0.002756,13531587.000000,313526.000000,0.023170
407,323,296,0.003372,0.002719,13436588.000000,310763.000000,0.023128
408,324,296,0.003374,0.002775,13545860.000000,311306.000000,0.022982
409,324,296,0.003376,0.002814,13637932.000000,318210.000000,0.023333
410,324,296,0.003375,0.002793,13627741.000000,316103.000000,0.023196
411,325,296,0.003381,0.002975,13740003.000000,320405.000000,0.023319
412,326,296,0.003379,0.002809,13743611.000000,318811.000000,0.023197
413,327,296,0.003378,0.002851,14036546.000000,322158.000000,0.022951
414,328,296,0.003379,0.002868,13970267.000000,323143.000000,0.023131
415,328,296,0.003377,0.002875,14002252.000000,324473.000000,0.023173
416,329,295,0.003381,0.002865,14089058.000000,325076.000000,0.023073
417,330,295,0.003384,0.002882,14254445.000000,330298.000000,0.023172
418,331,295,0.003382,0.002961,14309749.000000,329598.000000,0.023033
419,332,295,0.003382,0.002927,14431240.000000,332550.000000,0.023044
420,333,295,0.003383,0.002970,14501685.000000,335978.000000,0.023168
421,334,295,0.003336,0.002987,14617839.000000,336007.000000,0.022986
422,335,295,0.003364,0.003023,14721464.000000,341089.000000,0.023170
423,336,295,0.003380,0.003041,14967310.000000,340671.000000,0.022761
424,337,295,0.003465,0.003115,15106700.000000,348848.000000,0.023092
425,338,295,0.003390,0.003059,15068053.000000,344807.000000,0.022883
426,339,295,0.003466,0.003100,15182954.000000,347425.000000,0.022883
427,339,295,0.003470,0.003137,15288207.000000,349386.000000,0.022853
428,340,294,0.003461,0.003125,15296282.000000,345858.000000,0.022611
429,341,294,0.003475,0.003143,15381428.000000,352638.000000,0.022926
430,342,294,0.003838,0.003488,15467254.000000,356145.000000,0.023026
431,343,292,0.004159,0.003423,15585789.000000,355726.000000,0.022824
432,344,291,0.004048,0.003369,15721410.000000,359545.000000,0.022870
433,345,291,0.003629,0.003281,15822638.000000,361861.000000,0.022870
434,346,291,0.003616,0.003261,15846967.000000,361835.000000,0.022833
435,346,290,0.003645,0.003295,15975051.000000,363906.000000,0.022780
436,347,290,0.003654,0.003301,16057381.000000,363952.000000,0.022666
437,348,289,0.003710,0.003382,16220594.000000,365573.000000,0.022538
438,348,289,0.003693,0.003367,16272695.000000,368913.000000,0.022671
439,349,288,0.003879,0.003520,16433784.000000,375900.000000,0.022874
440,349,288,0.003741,0.003392,16384319.000000,370827.000000,0.022633
441,350,288,0.003778,0.003442,16454486.000000,370713.000000,0.022530
442,351,287,0.003761,0.003377,16529100.000000,373377.000000,0.022589
443,352,287,0.003854,0.003500,16623473.000000,377426.000000,0.022704
444,353,286,0.003792,0.003435,16622226.000000,376108.000000,0.022627
445,354,286,0.003882,0.003546,16727654.000000,382241.000000,0.022851
446,354,285,0.003870,0.003529,16674249.000000,373732.000000,0.022414
447,355,285,0.003789,0.003441,16732041.000000,378083.000000,0.022596
448,356,284,0.003864,0.003490,16835757.000000,378769.000000,0.022498
449,357,283,0.004094,0.003705,17030498.000000,384092.000000,0.022553
450,357,282,0.003828,0.003505,16948724.000000,380673.000000,0.022460
451,358,282,0.003850,0.003505,17065699.000000,385542.000000,0.022592
452,359,281,0.003926,0.003580,17277361.000000,391746.000000,0.022674
453,360,280,0.003894,0.003557,17246101.000000,389743.000000,0.022599
454,361,280,0.003895,0.003567,17316175.000000,385891.000000,0.022285
455,361,279,0.003960,0.003621,17649359.000000,396454.000000,0.022463
456,361,278,0.003984,0.003653,17703705.000000,395876.000000,0.022361
457,362,277,0.004024,0.003670,17756321.000000,398348.000000,0.022434
458,363,276,0.004016,0.003685,17849892.000000,398160.000000,0.022306
459,364,275,0.004054,0.003705,18083333.000000,403614.000000,0.022320
460,365,275,0.004008,0.003676,17923105.000000,402442.000000,0.022454
461,365,274,0.004051,0.003710,18056107.000000,402776.000000,0.022307
462,365,273,0.004043,0.003709,18136234.000000,404691.000000,0.022314
463,366,272,0.004078,0.003723,18134532.000000,402236.000000,0.022181
464,367,271,0.004124,0.003751,18226503.000000,409198.000000,0.022451
465,368,270,0.004198,0.003831,18309715.000000,411136.000000,0.022455
466,368,269,0.004102,0.003764,18277601.000000,407418.000000,0.022291
467,368,268,0.004061,0.003727,18221072.000000,402520.000000,0.022091
468,369,268,0.004126,0.003789,18343242.000000,409699.000000,0.022335
469,370,267,0.004122,0.003792,18396056.000000,412562.000000,0.022427
470,371,266,0.004122,0.003780,18453018.000000,412685.000000,0.022364
471,372,265,0.004181,0.003827,18638550.000000,413347.000000,0.022177
472,372,264,0.004150,0.003803,18574545.000000,416154.000000,0.022405
473,373,263,0.004259,0.003881,18823392.000000,420451.000000,0.022337
474,374,262,0.004194,0.003853,18674474.000000,418711.000000,0.022422
475,375,261,0.004283,0.003920,18798312.000000,419892.000000,0.022337
476,376,260,0.004295,0.003932,19007186.000000,425747.000000,0.022399
477,377,259,0.004281,0.003933,19051475.000000,429258.000000,0.022531
478,378,258,0.004289,0.003931,19078167.000000,429927.000000,0.022535
479,378,257,0.004340,0.004016,19124999.000000,427390.000000,0.022347
480,378,256,0.004279,0.003938,19126354.000000,429002.000000,0.022430
481,379,255,0.004303,0.003963,19143036.000000,428473.000000,0.022383
482,380,254,0.004304,0.003962,19162866.000000,426910.000000,0.022278
483,381,253,0.004365,0.004028,19269213.000000,433817.000000,0.022513
484,382,252,0.004318,0.003972,19278913.000000,432876.000000,0.022453
485,383,251,0.004371,0.003991,19433515.000000,434696.000000,0.022368
486,383,250,0.004391,0.004039,19709542.000000,438833.000000,0.022265
487,383,249,0.004385,0.004053,19561943.000000,437188.000000,0.022349
488,384,247,0.004714,0.004347,19795192.000000,446422.000000,0.022552
489,385,247,0.004401,0.004050,19678912.000000,441976.000000,0.022459
490,386,246,0.004430,0.004076,19745762.000000,438575.000000,0.022211
491,387,246,0.004473,0.004117,20083614.000000,450260.000000,0.022419
492,387,245,0.004505,0.004168,20113303.000000,453082.000000,0.022526
493,388,244,0.004528,0.004173,20203080.000000,453100.000000,0.022427
494,389,243,0.004538,0.004181,20283083.000000,450975.000000,0.022234
495,390,242,0.004616,0.004256,20650971.000000,462088.000000,0.022376
496,391,241,0.004650,0.004292,20764529.000000,464747.000000,0.022382
497,392,241,0.004604,0.004264,20697202.000000,459811.000000,0.022216
498,393,240,0.004658,0.004299,20934405.000000,465984.000000,0.022259
499,394,239,0.004666,0.004302,20963338.000000,467048.000000,0.022279
500,395,238,0.004646,0.004310,21017977.000000,468360.000000,0.022284
501,396,237,0.004706,0.004365,21141126.000000,467876.000000,0.022131
502,396,236,0.004729,0.004386,21208361.000000,472469.000000,0.022277
503,397,235,0.004806,0.004432,21335713.000000,473953.000000,0.022214
504,397,234,0.004742,0.004395,21364413.000000,471195.000000,0.022055
505,398,234,0.004775,0.004392,21285556.000000,474026.000000,0.022270
506,399,233,0.004740,0.004386,21374002.000000,475033.000000,0.022225
507,399,232,0.004766,0.004412,21330332.000000,476382.000000,0.022334
508,400,231,0.004734,0.004405,21344774.000000,472890.000000,0.022155
509,401,230,0.004881,0.004433,21565239.000000,482436.000000,0.022371
510,402,229,0.004967,0.004533,21796602.000000,487590.000000,0.022370
511,403,229,0.004878,0.004503,21752513.000000,482595.000000,0.022186
512,404,228,0.004831,0.004483,21816160.000000,484929.000000,0.022228
513,404,227,0.004907,0.004558,21909000.000000,489191.000000,0.022328
514,405,226,0.005004,0.004607,22016542.000000,493504.000000,0.022415
515,406,225,0.005004,0.004661,22237647.000000,492837.000000,0.022162
516,407,224,0.004891,0.004538,22088816.000000,492437.000000,0.022293
517,408,223,0.004988,0.004647,22272137.000000,497155.000000,0.022322
518,409,223,0.004997,0.004657,22261484.000000,493961.000000,0.022189
519,410,222,0.005027,0.004668,22354492.000000,498303.000000,0.022291
520,410,221,0.005010,0.004645,22456790.000000,497601.000000,0.022158
521,411,220,0.005043,0.004685,22541526.000000,495969.000000,0.022002
522,412,219,0.004995,0.004634,22558188.000000,498877.000000,0.022115
523,413,219,0.005065,0.004723,22713312.000000,505686.000000,0.022264
524,414,218,0.005076,0.004703,22782464.000000,505171.000000,0.022174
525,415,217,0.005116,0.004759,22990081.000000,506446.000000,0.022029
526,416,216,0.005096,0.004749,22997208.000000,511653.000000,0.022248
527,417,216,0.005109,0.004766,23047134.000000,511685.000000,0.022202
528,418,215,0.005111,0.004765,23078939.000000,509362.000000,0.022070
529,418,214,0.005332,0.004934,23431285.000000,526975.000000,0.022490
530,419,213,0.005235,0.004858,23495423.000000,524131.000000,0.022308
531,420,212,0.005214,0.004860,23589296.000000,518863.000000,0.021996
532,421,211,0.005526,0.005151,24088026.000000,532923.000000,0.022124
533,422,210,0.005388,0.005031,24149308.000000,532379.000000,0.022045
534,423,210,0.005329,0.004994,24133253.000000,529115.000000,0.021925
535,424,209,0.005379,0.005019,24332333.000000,536511.000000,0.022049
536,424,208,0.005645,0.005219,24454193.000000,540205.000000,0.022090
537,425,206,0.006171,0.005501,24606602.000000,543205.000000,0.022076
538,426,205,0.005905,0.005258,24758303.000000,550129.000000,0.022220
539,427,204,0.005859,0.005216,24788915.000000,550482.000000,0.022207
540,427,203,0.005819,0.005200,24736216.000000,547236.000000,0.022123
541,428,202,0.005853,0.005200,24765557.000000,548569.000000,0.022150
542,429,201,0.005815,0.005182,24790928.000000,548653.000000,0.022131
543,430,200,0.005902,0.005263,24976525.000000,549629.000000,0.022006
544,431,199,0.005970,0.005316,25238532.000000,557079.000000,0.022073
545,432,198,0.005923,0.005261,25133131.000000,557321.000000,0.022175
546,433,197,0.006013,0.005269,25359428.000000,567188.000000,0.022366
547,433,196,0.006009,0.005618,25793843.000000,572225.000000,0.022185
548,434,195,0.005719,0.005319,25703062.000000,568320.000000,0.022111
549,435,194,0.005810,0.005431,25969475.000000,571890.000000,0.022022
550,436,193,0.005687,0.005313,25651260.000000,567574.000000,0.022127
551,437,193,0.005768,0.005397,25835769.000000,575777.000000,0.022286
552,438,192,0.005737,0.005375,25876260.000000,571581.000000,0.022089
553,439,191,0.005845,0.005500,26113591.000000,582366.000000,0.022301
554,440,190,0.005793,0.005438,26109329.000000,577936.000000,0.022135
555,441,189,0.005935,0.005579,26278611.000000,585688.000000,0.022288
556,442,189,0.006106,0.005729,26432953.000000,589165.000000,0.022289
557,442,188,0.005942,0.005579,26442334.000000,585630.000000,0.022147
558,443,187,0.005939,0.005563,26559629.000000,590303.000000,0.022226
559,444,186,0.005969,0.005584,26714398.000000,593714.000000,0.022224
560,444,186,0.006025,0.005662,26829829.000000,592821.000000,0.022096
561,445,185,0.005957,0.005569,26611340.000000,590478.000000,0.022189
562,446,184,0.005895,0.005534,26651229.000000,591439.000000,0.022192
563,446,183,0.005974,0.005600,26794489.000000,591879.000000,0.022090
564,447,182,0.006663,0.005996,27065719.000000,603537.000000,0.022299
565,448,182,0.006262,0.005635,26939991.000000,596843.000000,0.022155
566,449,181,0.006383,0.005720,27097122.000000,602094.000000,0.022220
567,450,180,0.006446,0.005751,27375055.000000,611636.000000,0.022343
568,451,179,0.006323,0.005673,27166508.000000,603437.000000,0.022213
569,451,178,0.006400,0.005771,27246655.000000,610172.000000,0.022394
570,451,177,0.006432,0.005797,27258453.000000,611871.000000,0.022447
571,452,177,0.006388,0.005776,27229365.000000,610673.000000,0.022427
572,453,176,0.006380,0.005726,27324752.000000,611607.000000,0.022383
573,454,175,0.006421,0.005771,27552115.000000,610946.000000,0.022174
574,454,174,0.006538,0.005863,27744186.000000,619018.000000,0.022312
575,455,173,0.006505,0.005861,27761456.000000,618909.000000,0.022294
576,455,173,0.006525,0.005887,27835014.000000,616816.000000,0.022160
577,455,172,0.006625,0.005966,28142918.000000,628273.000000,0.022324
578,456,171,0.006515,0.005877,27819067.000000,616764.000000,0.022171
579,457,170,0.006515,0.006158,28116601.000000,636460.000000,0.022636
580,458,170,0.006265,0.005863,28140003.000000,624365.000000,0.022188
581,459,169,0.006319,0.005931,28513115.000000,629818.000000,0.022089
582,460,168,0.006248,0.005894,28332010.000000,628291.000000,0.022176
583,461,168,0.006322,0.005954,28506915.000000,632012.000000,0.022170
584,462,167,0.006344,0.005981,28610852.000000,630476.000000,0.022036
585,462,167,0.006372,0.006006,28888879.000000,639359.000000,0.022132
586,462,166,0.006351,0.006018,28872693.000000,636621.000000,0.022049
587,462,165,0.006403,0.006039,28916007.000000,642431.000000,0.022217
588,463,165,0.006414,0.006052,29019110.000000,641178.000000,0.022095
589,464,164,0.006488,0.006123,29390163.000000,645609.000000,0.021967
590,465,164,0.006550,0.006186,29671070.000000,656025.000000,0.022110
591,466,163,0.006582,0.006226,29799445.000000,656655.000000,0.022036
592,467,163,0.006543,0.006187,29633102.000000,654632.000000,0.022091
593,468,162,0.006550,0.006196,29714372.000000,659150.000000,0.022183
594,469,162,0.006557,0.006189,29767541.000000,655710.000000,0.022028
595,469,161,0.006862,0.006473,30312364.000000,670044.000000,0.022105
596,470,161,0.006607,0.006234,30036485.000000,663125.000000,0.022077
597,471,160,0.006745,0.006361,30494260.000000,675151.000000,0.022140
598,472,160,0.006743,0.006364,30612766.000000,675869.000000,0.022078
599,473,160,0.006758,0.006372,30583408.000000,671614.000000,0.021960
600,474,159,0.006828,0.006437,30870748.000000,679771.000000,0.022020
601,475,159,0.006799,0.006428,30851034.000000,676288.000000,0.021921
602,475,158,0.006806,0.006423,30755860.000000,677213.000000,0.022019
603,476,158,0.006835,0.006435,30893131.000000,681237.000000,0.022051
604,477,158,0.006862,0.006487,31110032.000000,680759.000000,0.021882
605,478,157,0.006949,0.006574,31365441.000000,694652.000000,0.022147
606,479,157,0.006915,0.006548,31397401.000000,688927.000000,0.021942
607,479,156,0.007421,0.006630,31716542.000000,699790.000000,0.022064
608,479,156,0.007383,0.006684,31968038.000000,703517.000000,0.022007
609,479,155,0.007269,0.006799,32123399.000000,713558.000000,0.022213
610,480,154,0.007049,0.006657,32007960.000000,701614.000000,0.021920
611,481,154,0.007174,0.006805,32407331.000000,708965.000000,0.021877
612,482,153,0.007119,0.006736,32289140.000000,709947.000000,0.021987
613,482,153,0.007133,0.006766,32514148.000000,712775.000000,0.021922
614,483,152,0.007126,0.006760,32391564.000000,713502.000000,0.022027
615,484,152,0.007198,0.006824,32585992.000000,716080.000000,0.021975
616,485,151,0.007200,0.006840,32675163.000000,716465.000000,0.021927
617,486,151,0.007291,0.006920,33002990.000000,727202.000000,0.022034
618,487,150,0.007234,0.006887,32799584.000000,719545.000000,0.021938
619,488,150,0.007278,0.006907,33004898.000000,725373.000000,0.021978
620,489,149,0.007296,0.006928,33086065.000000,724867.000000,0.021909
621,490,149,0.007350,0.006986,33390182.000000,733513.000000,0.021968
622,491,148,0.007339,0.006975,33374964.000000,727618.000000,0.021801
623,491,147,0.008472,0.007798,34238373.000000,747731.000000,0.021839
624,491,147,0.007791,0.007129,34215624.000000,747704.000000,0.021853
625,492,146,0.007849,0.007165,34197611.000000,744352.000000,0.021766
626,493,146,0.007844,0.007176,34366505.000000,752696.000000,0.021902
627,494,145,0.007829,0.007212,34383187.000000,748980.000000,0.021783
628,494,145,0.007873,0.007214,34519596.000000,754750.000000,0.021864
629,495,144,0.007894,0.007243,34786885.000000,756957.000000,0.021760
630,496,144,0.007882,0.007230,34638647.000000,758716.000000,0.021904
631,497,143,0.007925,0.007293,34803275.000000,758843.000000,0.021804
632,498,143,0.008192,0.007493,34935692.000000,765056.000000,0.021899
633,499,142,0.007994,0.007348,35003400.000000,767179.000000,0.021917
634,499,142,0.007944,0.007302,35014957.000000,766336.000000,0.021886
635,500,141,0.007997,0.007375,34995863.000000,765415.000000,0.021872
636,501,141,0.007880,0.007510,35102360.000000,770048.000000,0.021937
637,502,140,0.007691,0.007342,35032035.000000,762293.000000,0.021760
638,502,140,0.007690,0.007300,35118464.000000,766162.000000,0.021817
639,502,140,0.007743,0.007371,35253753.000000,766404.000000,0.021740
640,503,139,0.007858,0.007452,35626660.000000,776916.000000,0.021807
641,504,138,0.008023,0.007643,35810599.000000,779451.000000,0.021766
642,504,138,0.007891,0.007511,35611776.000000,776805.000000,0.021813
643,505,137,0.008098,0.007727,35778889.000000,782235.000000,0.021863
644,506,137,0.007949,0.007583,35715982.000000,783672.000000,0.021942
645,506,136,0.007892,0.007502,35889017.000000,782274.000000,0.021797
646,507,136,0.007960,0.007585,36038879.000000,781449.000000,0.021683
647,508,135,0.007974,0.007562,36044614.000000,785862.000000,0.021802
648,508,135,0.008417,0.008035,36191306.000000,803237.000000,0.022194
649,509,134,0.008117,0.007718,36163098.000000,790845.000000,0.021869
650,510,134,0.007951,0.007577,36144348.000000,786276.000000,0.021754
651,510,133,0.008041,0.007649,36469709.000000,793379.000000,0.021754
652,511,133,0.008029,0.007642,36275409.000000,789140.000000,0.021754
653,512,133,0.008089,0.007660,36500425.000000,795357.000000,0.021790
654,512,132,0.007994,0.007621,36450084.000000,793398.000000,0.021767
655,513,132,0.008087,0.007679,36631588.000000,795881.000000,0.021727
656,514,131,0.008070,0.007685,36690819.000000,796456.000000,0.021707
657,515,131,0.008205,0.007825,36865778.000000,803681.000000,0.021800
658,516,131,0.008142,0.007758,36889794.000000,804050.000000,0.021796
659,517,130,0.008220,0.007821,37352399.000000,814049.000000,0.021794
660,518,130,0.008319,0.007944,37521792.000000,815380.000000,0.021731
661,518,129,0.008472,0.008092,37553586.000000,818328.000000,0.021791
662,519,129,0.008245,0.007881,37466732.000000,814365.000000,0.021736
663,520,128,0.008246,0.007868,37561063.000000,821659.000000,0.021875
664,521,128,0.008422,0.008032,37684216.000000,820318.000000,0.021768
665,522,128,0.008294,0.007904,37814735.000000,823957.000000,0.021789
666,523,127,0.008372,0.007991,38080678.000000,826990.000000,0.021717
667,523,127,0.008344,0.007959,38091711.000000,830109.000000,0.021792
668,524,127,0.008432,0.008055,38106630.000000,826579.000000,0.021691
669,525,126,0.008525,0.008134,38370903.000000,837541.000000,0.021828
670,526,126,0.008513,0.008126,38433854.000000,833116.000000,0.021677
671,527,126,0.008729,0.008303,38982308.000000,847088.000000,0.021730
672,528,125,0.008558,0.008162,38968153.000000,845392.000000,0.021694
673,529,125,0.008814,0.008403,39307241.000000,852994.000000,0.021701
674,530,124,0.008604,0.008215,39289001.000000,849519.000000,0.021622
675,531,124,0.008762,0.008373,39708340.000000,863386.000000,0.021743
676,532,124,0.008679,0.008290,39446865.000000,854124.000000,0.021653
677,533,123,0.008752,0.008335,39690989.000000,860975.000000,0.021692
678,534,123,0.008856,0.008448,39989685.000000,865361.000000,0.021640
679,535,122,0.008749,0.008381,39854634.000000,866859.000000,0.021751
680,536,122,0.008792,0.008408,39906890.000000,864948.000000,0.021674
681,537,122,0.008944,0.008565,40182697.000000,870863.000000,0.021673
682,538,121,0.008880,0.008476,40303226.000000,873362.000000,0.021670
683,539,121,0.009071,0.008551,40752009.000000,889396.000000,0.021825
684,540,121,0.009755,0.009056,41021729.000000,891318.000000,0.021728
685,541,120,0.009239,0.008578,41010503.000000,884714.000000,0.021573
686,542,120,0.009155,0.008654,41341934.000000,897313.000000,0.021705
687,543,120,0.009208,0.008684,41467204.000000,894809.000000,0.021579
688,543,119,0.009340,0.008847,41463372.000000,897565.000000,0.021647
689,543,119,0.009153,0.008669,41560292.000000,899184.000000,0.021636
690,544,119,0.009239,0.008742,41614934.000000,903299.000000,0.021706
691,544,118,0.009219,0.008721,41768038.000000,906208.000000,0.021696
692,544,118,0.009183,0.008694,41889521.000000,904626.000000,0.021596
693,544,118,0.009377,0.008872,42250430.000000,918559.000000,0.021741
694,545,117,0.009294,0.008807,42075006.000000,908891.000000,0.021602
695,546,117,0.009513,0.009146,42613909.000000,923415.000000,0.021669
696,547,117,0.009229,0.008884,42544990.000000,914632.000000,0.021498
697,548,116,0.009313,0.008953,42792504.000000,923787.000000,0.021588
698,549,116,0.009358,0.009014,42890398.000000,923444.000000,0.021530
699,550,116,0.009370,0.009009,43006386.000000,929540.000000,0.021614
700,550,115,0.009336,0.009005,42936454.000000,924266.000000,0.021526
701,550,115,0.009349,0.008995,43046048.000000,924652.000000,0.021481
702,551,115,0.009428,0.009062,43404113.000000,935310.000000,0.021549
703,552,114,0.009410,0.009084,43274988.000000,928976.000000,0.021467
704,553,114,0.009440,0.009063,43410897.000000,935600.000000,0.021552
705,554,114,0.009679,0.009316,43808322.000000,945592.000000,0.021585
706,555,113,0.009520,0.009131,43783497.000000,946066.000000,0.021608
707,556,113,0.009592,0.009254,44245423.000000,947694.000000,0.021419
708,556,113,0.009598,0.009229,44332284.000000,944904.000000,0.021314
709,556,112,0.009609,0.009267,44407790.000000,954853.000000,0.021502
710,557,112,0.009650,0.009287,44506512.000000,947341.000000,0.021285
711,558,112,0.009718,0.009345,44892036.000000,961467.000000,0.021417
712,559,111,0.009795,0.009432,45054291.000000,961100.000000,0.021332
713,560,111,0.009770,0.009414,44860589.000000,958490.000000,0.021366
714,560,111,0.009723,0.009372,44912191.000000,958761.000000,0.021347
715,561,110,0.009715,0.009379,44876406.000000,957750.000000,0.021342
716,561,110,0.010158,0.009778,45101196.000000,964495.000000,0.021385
717,562,110,0.009881,0.009509,45155200.000000,965122.000000,0.021373
718,563,109,0.009786,0.009409,45007961.000000,963442.000000,0.021406
719,563,109,0.009896,0.009547,45459913.000000,971754.000000,0.021376
720,564,109,0.009934,0.009573,45486723.000000,971810.000000,0.021365
721,564,108,0.009935,0.009563,45669611.000000,978232.000000,0.021420
722,565,108,0.009985,0.009633,45930109.000000,979513.000000,0.021326
723,566,108,0.010026,0.009678,46079595.000000,990742.000000,0.021501
724,567,107,0.010021,0.009670,46103917.000000,986641.000000,0.021400
725,568,107,0.010114,0.009773,46246404.000000,989983.000000,0.021407
726,569,107,0.010408,0.010036,46437747.000000,998332.000000,0.021498
727,570,106,0.010107,0.009747,46481600.000000,992278.000000,0.021348
728,570,106,0.010176,0.009800,46578250.000000,997021.000000,0.021405
729,571,106,0.010195,0.009799,46665023.000000,996187.000000,0.021348
730,572,105,0.010224,0.009854,46844342.000000,998247.000000,0.021310
731,573,105,0.010237,0.009881,46774848.000000,1003477.000000,0.021453
732,573,105,0.010223,0.009853,46819430.000000,998705.000000,0.021331
733,574,104,0.010192,0.009855,46882650.000000,1002452.000000,0.021382
734,575,104,0.010326,0.009894,47024002.000000,1005349.000000,0.021379
735,576,104,0.010500,0.010068,47286331.000000,1016135.000000,0.021489
736,577,103,0.011053,0.010487,47563306.000000,1015936.000000,0.021360
737,578,103,0.010970,0.010480,47879585.000000,1021830.000000,0.021342
738,579,103,0.011076,0.010567,48022566.000000,1025100.000000,0.021346
739,580,102,0.011004,0.010495,48091914.000000,1030512.000000,0.021428
740,581,102,0.010984,0.010489,48117078.000000,1026408.000000,0.021331
741,582,101,0.011037,0.010518,48337267.000000,1031249.000000,0.021334
742,583,101,0.011213,0.010687,48946263.000000,1049683.000000,0.021446
743,583,101,0.011075,0.010595,48522400.000000,1037234.000000,0.021376
744,584,100,0.011117,0.010553,48661126.000000,1036925.000000,0.021309
745,585,100,0.010931,0.010429,48863546.000000,1044341.000000,0.021373
746,585,100,0.011892,0.011407,49022671.000000,1044717.000000,0.021311
747,586,99,0.011272,0.010784,49099893.000000,1045043.000000,0.021284
748,587,99,0.011243,0.010735,49172016.000000,1049761.000000,0.021349
749,588,99,0.010967,0.010454,49169656.000000,1051395.000000,0.021383
750,589,98,0.011066,0.010691,49402142.000000,1053250.000000,0.021320
751,590,98,0.010733,0.010331,49224460.000000,1053285.000000,0.021398
752,591,98,0.010667,0.010301,49285218.000000,1050156.000000,0.021308
753,592,98,0.010914,0.010558,49757939.000000,1061297.000000,0.021329
754,592,97,0.010983,0.010626,49843585.000000,1061319.000000,0.021293
755,593,97,0.010774,0.010403,49792860.000000,1059087.000000,0.021270
756,594,97,0.010811,0.010444,49955172.000000,1058674.000000,0.021192
757,595,97,0.010951,0.010571,50362082.000000,1075654.000000,0.021358
758,596,96,0.010850,0.010484,50104399.000000,1066891.000000,0.021293
759,597,96,0.010856,0.010502,50193417.000000,1067529.000000,0.021268
760,598,96,0.010880,0.010509,50318017.000000,1070927.000000,0.021283
761,599,96,0.010855,0.010480,50445927.000000,1069403.000000,0.021199
762,600,96,0.010858,0.010501,50604690.000000,1079474.000000,0.021332
763,601,95,0.011186,0.010794,50788958.000000,1083822.000000,0.021340
764,602,95,0.011081,0.010719,50914509.000000,1083119.000000,0.021273
765,603,95,0.011101,0.010739,51025633.000000,1084967.000000,0.021263
766,604,95,0.011114,0.010723,51170019.000000,1090791.000000,0.021317
767,605,94,0.011123,0.010770,51373493.000000,1092288.000000,0.021262
768,606,94,0.011142,0.010774,51470864.000000,1092411.000000,0.021224
769,607,94,0.011238,0.010854,51886950.000000,1106629.000000,0.021328
770,608,94,0.011173,0.010803,51643739.000000,1097486.000000,0.021251
771,609,93,0.011328,0.010967,52521533.000000,1115035.000000,0.021230
772,610,93,0.011915,0.011524,52853575.000000,1127534.000000,0.021333
773,611,93,0.011387,0.011018,52937358.000000,1121712.000000,0.021189
774,612,93,0.011406,0.011033,52771118.000000,1120003.000000,0.021224
775,612,92,0.011384,0.011020,53018648.000000,1130834.000000,0.021329
776,613,92,0.011498,0.011129,53180529.000000,1130369.000000,0.021255
777,613,92,0.011538,0.011171,53515997.000000,1137111.000000,0.021248
778,614,92,0.011482,0.011103,53346870.000000,1137735.000000,0.021327
779,615,91,0.011551,0.011214,53574340.000000,1141043.000000,0.021298
780,615,91,0.011834,0.011361,53928036.000000,1156173.000000,0.021439
781,616,91,0.011535,0.011193,53723613.000000,1143684.000000,0.021288
782,616,91,0.011548,0.011187,53742050.000000,1147478.000000,0.021352
783,617,91,0.011527,0.011163,53799914.000000,1141569.000000,0.021219
784,617,90,0.011545,0.011204,53871112.000000,1145413.000000,0.021262
785,617,90,0.011631,0.011238,54038240.000000,1151037.000000,0.021300
786,618,90,0.011634,0.011264,54190878.000000,1150696.000000,0.021234
787,619,90,0.011630,0.011288,54079907.000000,1152828.000000,0.021317
788,620,90,0.011655,0.011274,54200000.000000,1156941.000000,0.021346
789,620,89,0.011784,0.011435,54332653.000000,1157577.000000,0.021305
790,621,89,0.011682,0.011305,54420430.000000,1157236.000000,0.021265
791,622,89,0.011759,0.011387,54773841.000000,1162943.000000,0.021232
792,623,89,0.011791,0.011391,54663854.000000,1163721.000000,0.021289
793,624,89,0.011915,0.011541,55485821.000000,1175217.000000,0.021180
794,624,88,0.011844,0.011478,55261107.000000,1170898.000000,0.021188
795,625,88,0.012060,0.011670,55519882.000000,1180021.000000,0.021254
796,626,88,0.011959,0.011555,55390915.000000,1172616.000000,0.021170
797,627,88,0.012194,0.011828,55607401.000000,1186547.000000,0.021338
798,628,88,0.012218,0.011793,55768740.000000,1182871.000000,0.021210
799,628,88,0.012298,0.011835,56282533.000000,1192569.000000,0.021189
800,628,87,0.012605,0.012192,56310829.000000,1192857.000000,0.021183
801,629,87,0.012119,0.011762,56307108.000000,1189772.000000,0.021130
802,630,87,0.012113,0.011729,56397529.000000,1192384.000000,0.021142
803,631,87,0.012139,0.011765,56568943.000000,1190413.000000,0.021044
804,631,87,0.012242,0.011871,56787523.000000,1200216.000000,0.021135
805,632,87,0.012145,0.011781,56469123.000000,1192369.000000,0.021115
806,633,87,0.012296,0.011908,56710362.000000,1198879.000000,0.021140
807,634,86,0.012179,0.011828,56852461.000000,1201905.000000,0.021141
808,634,86,0.012225,0.011877,56860064.000000,1201993.000000,0.021139
809,635,86,0.012291,0.011908,56995225.000000,1206319.000000,0.021165
810,635,86,0.012350,0.011950,57237308.000000,1212951.000000,0.021192
811,635,86,0.012449,0.012065,57739392.000000,1216448.000000,0.021068
812,636,86,0.012485,0.012116,57883408.000000,1223677.000000,0.021140
813,637,85,0.012540,0.012193,57998806.000000,1224602.000000,0.021114
814,637,85,0.012669,0.012276,58217850.000000,1231046.000000,0.021146
815,637,85,0.012617,0.012256,58370415.000000,1229077.000000,0.021057
816,638,85,0.012666,0.012298,58505063.000000,1231004.000000,0.021041
817,639,85,0.012665,0.012312,58578628.000000,1236320.000000,0.021105
818,640,84,0.012699,0.012313,58707920.000000,1239474.000000,0.021113
819,641,84,0.012963,0.012607,58737662.000000,1236800.000000,0.021056
820,642,84,0.012679,0.012298,58812128.000000,1238234.000000,0.021054
821,642,84,0.012876,0.012474,59118173.000000,1242871.000000,0.021024
822,643,83,0.013239,0.012819,59591587.000000,1257186.000000,0.021097
823,644,83,0.012762,0.012406,59232177.000000,1247181.000000,0.021056
824,645,83,0.012753,0.012382,59305814.000000,1251328.000000,0.021100
825,646,83,0.012853,0.012443,59514213.000000,1251378.000000,0.021027
826,647,83,0.012865,0.012486,59730214.000000,1256731.000000,0.021040
827,648,82,0.012886,0.012507,59925995.000000,1262839.000000,0.021073
828,649,82,0.012965,0.012555,59980075.000000,1261587.000000,0.021033
829,650,82,0.013281,0.012886,60191044.000000,1270851.000000,0.021114
830,650,82,0.013276,0.012888,60212786.000000,1264391.000000,0.020999
831,651,81,0.013250,0.012848,60527601.000000,1274669.000000,0.021059
832,652,81,0.013110,0.012717,60230504.000000,1264303.000000,0.020991
833,653,81,0.014342,0.013960,61469009.000000,1299868.000000,0.021147
834,654,81,0.013166,0.012761,60767587.000000,1280036.000000,0.021064
835,655,81,0.013202,0.012808,60877846.000000,1284411.000000,0.021098
836,656,80,0.013246,0.012797,61027337.000000,1289177.000000,0.021125
837,657,80,0.013584,0.013161,61541135.000000,1296375.000000,0.021065
838,658,80,0.013546,0.013137,61538109.000000,1295298.000000,0.021049
839,659,80,0.013330,0.012953,61590365.000000,1296355.000000,0.021048
840,660,80,0.013411,0.013042,61777451.000000,1299785.000000,0.021040
841,661,79,0.013392,0.013021,61956610.000000,1302235.000000,0.021018
842,662,79,0.013584,0.013150,62232805.000000,1311728.000000,0.021078
843,663,79,0.013565,0.013144,62392807.000000,1310949.000000,0.021011
844,663,79,0.013709,0.013309,62127644.000000,1309262.000000,0.021074
845,664,79,0.013457,0.013063,62159711.000000,1308603.000000,0.021052
846,665,78,0.013542,0.013094,62297009.000000,1312020.000000,0.021061
847,666,78,0.014289,0.013690,62907949.000000,1324517.000000,0.021055
848,667,78,0.013706,0.013203,63051059.000000,1329560.000000,0.021087
849,668,78,0.013899,0.013411,63135319.000000,1332338.000000,0.021103
850,668,77,0.013823,0.013330,63166121.000000,1330937.000000,0.021070
851,669,77,0.013854,0.013474,63207015.000000,1341427.000000,0.021223
852,670,77,0.013608,0.013182,63282884.000000,1327352.000000,0.020975
853,670,77,0.013627,0.013228,63677953.000000,1339382.000000,0.021034
854,671,77,0.013735,0.013356,63870576.000000,1339636.000000,0.020974
855,672,76,0.013754,0.013391,63809708.000000,1341960.000000,0.021031
856,673,76,0.013671,0.013303,63818260.000000,1339778.000000,0.020994
857,673,76,0.013660,0.013304,63899666.000000,1341748.000000,0.020998
858,673,76,0.013845,0.013360,64225891.000000,1355304.000000,0.021102
859,674,76,0.014140,0.013703,64824883.000000,1355356.000000,0.020908
860,675,76,0.013742,0.013362,64235117.000000,1346203.000000,0.020957
861,676,76,0.013894,0.013540,64744451.000000,1357135.000000,0.020961
862,677,75,0.013872,0.013486,64812010.000000,1358768.000000,0.020965
863,678,75,0.013976,0.013556,65066746.000000,1363867.000000,0.020961
864,678,75,0.013941,0.013567,65234143.000000,1365528.000000,0.020933
865,678,75,0.013977,0.013575,65105785.000000,1366001.000000,0.020981
866,679,75,0.014183,0.013797,65561808.000000,1373077.000000,0.020943
867,680,75,0.014126,0.013748,66049894.000000,1383920.000000,0.020953
868,681,74,0.014247,0.013860,66263480.000000,1388558.000000,0.020955
869,682,74,0.014229,0.013845,66461185.000000,1391690.000000,0.020940
870,683,74,0.014248,0.013879,66600929.000000,1394092.000000,0.020932
871,684,74,0.014342,0.013948,66780075.000000,1403268.000000,0.021013
872,685,74,0.014428,0.014009,66886203.000000,1401729.000000,0.020957
873,686,73,0.014567,0.014170,67057920.000000,1406521.000000,0.020975
874,687,73,0.014338,0.013946,67006041.000000,1403767.000000,0.020950
875,688,73,0.014434,0.014069,67157197.000000,1407914.000000,0.020964
876,689,73,0.014429,0.014042,67240375.000000,1407606.000000,0.020934
877,690,73,0.014499,0.014143,67377341.000000,1411682.000000,0.020952
878,691,73,0.014403,0.014024,67414923.000000,1411928.000000,0.020944
879,692,73,0.014509,0.014122,67606192.000000,1419402.000000,0.020995
880,693,72,0.015038,0.014649,67950023.000000,1428394.000000,0.021021
881,694,72,0.014636,0.014273,67790392.000000,1419598.000000,0.020941
882,694,72,0.014525,0.014158,67757403.000000,1417573.000000,0.020921
883,695,72,0.014532,0.014174,67733323.000000,1415461.000000,0.020898
884,696,72,0.014477,0.014103,67805656.000000,1416691.000000,0.020893
885,697,72,0.014552,0.014199,67947942.000000,1421473.000000,0.020920
886,698,71,0.014584,0.014191,68042913.000000,1420296.000000,0.020874
887,699,71,0.015190,0.014733,68377036.000000,1434641.000000,0.020981
888,700,71,0.014764,0.014323,68288891.000000,1425331.000000,0.020872
889,701,71,0.015015,0.014590,68520226.000000,1435461.000000,0.020949
890,702,71,0.014806,0.014418,68641328.000000,1439605.000000,0.020973
891,702,71,0.015088,0.014704,68600646.000000,1438857.000000,0.020974
892,703,70,0.015245,0.014804,68920147.000000,1438516.000000,0.020872
893,703,70,0.015794,0.015389,69770135.000000,1459243.000000,0.020915
894,704,70,0.015174,0.014767,70150676.000000,1466799.000000,0.020909
895,705,70,0.015415,0.014969,70090659.000000,1464350.000000,0.020892
896,705,70,0.015917,0.015373,70523193.000000,1471622.000000,0.020867
897,705,70,0.015317,0.014795,70516677.000000,1471131.000000,0.020862
898,705,69,0.015384,0.014817,70783025.000000,1481612.000000,0.020932
899,705,69,0.015456,0.014966,70825635.000000,1477893.000000,0.020867
900,705,69,0.015545,0.015120,71040130.000000,1481686.000000,0.020857
901,706,69,0.015913,0.015489,71854061.000000,1490972.000000,0.020750
902,707,69,0.016160,0.015769,71602943.000000,1489408.000000,0.020801
903,708,69,0.015349,0.014984,71469453.000000,1483761.000000,0.020761
904,709,68,0.015431,0.015024,71599545.000000,1487911.000000,0.020781
905,710,68,0.015388,0.015032,71691061.000000,1490770.000000,0.020794
906,711,68,0.015881,0.015361,71912189.000000,1495208.000000,0.020792
907,712,68,0.015630,0.015137,71886152.000000,1494937.000000,0.020796
908,712,68,0.015516,0.015027,71792317.000000,1494059.000000,0.020811
909,713,68,0.015669,0.015155,71866462.000000,1495538.000000,0.020810
910,714,68,0.015621,0.015087,71946214.000000,1495334.000000,0.020784
911,715,67,0.015736,0.015198,72400151.000000,1507878.000000,0.020827
912,716,67,0.015699,0.015154,72364665.000000,1507775.000000,0.020836
913,717,67,0.015866,0.015484,72813482.000000,1515459.000000,0.020813
914,717,67,0.015663,0.015242,72908196.000000,1516857.000000,0.020805
915,718,67,0.015729,0.015330,73295515.000000,1519683.000000,0.020734
916,719,67,0.015755,0.015361,73456657.000000,1522700.000000,0.020729
917,720,66,0.015814,0.015444,73764357.000000,1532673.000000,0.020778
918,721,66,0.015822,0.015426,73847016.000000,1532924.000000,0.020758
919,722,66,0.016209,0.015818,74331144.000000,1543490.000000,0.020765
920,723,66,0.015987,0.015583,74345983.000000,1541034.000000,0.020728
921,724,66,0.015996,0.015628,74614555.000000,1547427.000000,0.020739
922,724,66,0.016122,0.015757,74684383.000000,1548057.000000,0.020728
923,725,66,0.016086,0.015690,74789778.000000,1548252.000000,0.020701
924,726,65,0.016140,0.015763,74963686.000000,1550252.000000,0.020680
925,727,65,0.016625,0.016110,75452536.000000,1575032.000000,0.020874
926,728,65,0.016140,0.015752,75176031.000000,1556646.000000,0.020707
927,729,65,0.016257,0.015899,75311836.000000,1560803.000000,0.020725
928,729,65,0.016373,0.015973,75435611.000000,1562390.000000,0.020712
929,729,65,0.016281,0.015909,75482460.000000,1560198.000000,0.020670
930,730,64,0.016305,0.015904,75622975.000000,1566517.000000,0.020715
931,731,64,0.016888,0.016482,76409131.000000,1580316.000000,0.020682
932,732,64,0.016553,0.016029,75709937.000000,1564537.000000,0.020665
933,733,64,0.016375,0.015877,75864427.000000,1577256.000000,0.020790
934,734,64,0.016601,0.016074,75971891.000000,1576829.000000,0.020755
935,735,64,0.016515,0.015994,76425968.000000,1585784.000000,0.020749
936,736,64,0.016556,0.016017,76595377.000000,1587849.000000,0.020730
937,737,63,0.017336,0.016963,77350120.000000,1607393.000000,0.020781
938,738,63,0.017288,0.016725,77176124.000000,1601542.000000,0.020752
939,739,63,0.017077,0.016325,77580516.000000,1608659.000000,0.020735
940,740,63,0.017236,0.016662,77335399.000000,1605385.000000,0.020759
941,741,63,0.016869,0.016348,77576725.000000,1609254.000000,0.020744
942,741,63,0.016913,0.016511,78006731.000000,1613786.000000,0.020688
943,741,62,0.017016,0.016503,78071530.000000,1614719.000000,0.020683
944,742,62,0.016820,0.016296,78085447.000000,1613892.000000,0.020668
945,743,62,0.016882,0.016390,78221968.000000,1617934.000000,0.020684
946,743,62,0.017042,0.016554,78186558.000000,1616809.000000,0.020679
947,744,62,0.016854,0.016340,78316408.000000,1614939.000000,0.020621
948,745,62,0.016920,0.016407,78520685.000000,1622916.000000,0.020669
949,746,62,0.017635,0.017110,78975749.000000,1634203.000000,0.020692
950,746,61,0.016993,0.016486,78848187.000000,1632947.000000,0.020710
951,747,61,0.016952,0.016460,78835918.000000,1628224.000000,0.020653
952,747,61,0.017000,0.016464,78949287.000000,1632432.000000,0.020677
953,748,61,0.017032,0.016654,79093051.000000,1634005.000000,0.020659
954,749,61,0.016940,0.016538,79256672.000000,1638724.000000,0.020676
955,749,61,0.017176,0.016780,79986730.000000,1647857.000000,0.020602
956,750,61,0.017028,0.016637,79704714.000000,1639854.000000,0.020574
957,751,61,0.017090,0.016722,80006859.000000,1646724.000000,0.020582
958,752,61,0.017066,0.016681,80119521.000000,1648663.000000,0.020578
959,753,60,0.017159,0.016766,80381093.000000,1655633.000000,0.020597
960,754,60,0.017219,0.016834,80567685.000000,1658689.000000,0.020588
961,755,60,0.017419,0.017007,80776682.000000,1666848.000000,0.020635
962,756,60,0.017310,0.016921,80814335.000000,1667471.000000,0.020633
963,757,60,0.017817,0.017446,81224342.000000,1674992.000000,0.020622
964,758,60,0.017608,0.017193,81200602.000000,1672799.000000,0.020601
965,759,60,0.017512,0.017145,81636825.000000,1681612.000000,0.020599
966,760,60,0.017951,0.017416,81881811.000000,1687774.000000,0.020612
967,761,60,0.017832,0.017328,82466909.000000,1701792.000000,0.020636
968,762,59,0.017799,0.017398,82597790.000000,1698967.000000,0.020569
