frame,nb of entities,FPS,frame length,physics length,L1-dcache-loads,L1-dcache-load-misses,L1-dcache-load-miss-ratio
0,3,302,0.001746,0.000037,676648.000000,38476.000000,0.056863
1,4,302,0.003319,0.000026,779595.000000,38630.000000,0.049551
2,5,302,0.003328,0.000030,741061.000000,38017.000000,0.051301
3,6,302,0.003324,0.000041,769532.000000,43545.000000,0.056586
4,7,302,0.003317,0.000040,778759.000000,40171.000000,0.051583
5,8,302,0.003325,0.000035,714876.000000,34314.000000,0.048000
6,9,302,0.003326,0.000036,745357.000000,38762.000000,0.052005
7,10,302,0.003315,0.000054,759481.000000,42160.000000,0.055512
8,11,302,0.003321,0.000035,760164.000000,38394.000000,0.050508
9,12,302,0.003324,0.000049,773827.000000,38966.000000,0.050355
10,13,302,0.003324,0.000042,733341.000000,35138.000000,0.047915
11,14,302,0.003319,0.000044,787961.000000,39847.000000,0.050570
12,15,302,0.003326,0.000044,780519.000000,38679.000000,0.049555
13,16,302,0.003321,0.000046,785522.000000,39483.000000,0.050263
14,17,302,0.003330,0.000047,788116.000000,39798.000000,0.050498
15,17,302,0.003316,0.000055,806828.000000,39819.000000,0.049353
16,18,302,0.003333,0.000043,823003.000000,39850.000000,0.048420
17,19,302,0.003314,0.000065,819743.000000,43314.000000,0.052839
18,20,302,0.003325,0.000065,830715.000000,43562.000000,0.052439
19,21,302,0.003317,0.000068,844097.000000,44079.000000,0.052220
20,22,302,0.003329,0.000046,792904.000000,36399.000000,0.045906
21,23,302,0.003318,0.000084,876113.000000,45561.000000,0.052004
22,24,302,0.003323,0.000074,860044.000000,44503.000000,0.051745
23,25,302,0.003320,0.000078,857628.000000,45946.000000,0.053573
24,26,302,0.003327,0.000082,889062.000000,45875.000000,0.051599
25,27,302,0.003319,0.000083,858386.000000,42454.000000,0.049458
26,28,302,0.003323,0.000083,875915.000000,46637.000000,0.053244
27,28,302,0.003319,0.000079,876366.000000,45353.000000,0.051751
28,29,302,0.003325,0.000082,885558.000000,45774.000000,0.051689
29,30,302,0.003320,0.000089,911165.000000,47528.000000,0.052162
30,31,302,0.003320,0.000088,873569.000000,41855.000000,0.047913
31,32,302,0.003323,0.000062,885153.000000,40532.000000,0.045791
32,33,302,0.003325,0.000069,888595.000000,41521.000000,0.046727
33,34,302,0.003317,0.000086,919510.000000,41366.000000,0.044987
34,35,302,0.003327,0.000065,910393.000000,41146.000000,0.045196
35,36,302,0.003323,0.000109,895974.000000,42737.000000,0.047699
36,37,303,0.003317,0.000109,942970.000000,48519.000000,0.051453
37,38,303,0.003332,0.000066,928312.000000,42793.000000,0.046098
38,39,303,0.003313,0.000103,915345.000000,45336.000000,0.049529
39,40,303,0.003325,0.000081,906680.000000,41073.000000,0.045300
40,40,303,0.003319,0.000076,860227.000000,36711.000000,0.042676
41,41,303,0.003325,0.000080,900963.000000,41215.000000,0.045745
42,41,303,0.003323,0.000074,881291.000000,39815.000000,0.045178
43,41,303,0.003323,0.000074,905030.000000,39880.000000,0.044065
44,41,303,0.003325,0.000060,888015.000000,40410.000000,0.045506
45,42,303,0.003330,0.000080,869856.000000,37868.000000,0.043534
46,43,303,0.003313,0.000081,903373.000000,41351.000000,0.045774
47,44,303,0.003325,0.000083,907001.000000,41210.000000,0.045435
48,45,303,0.003322,0.000083,914797.000000,40856.000000,0.044661
49,46,303,0.003325,0.000086,921911.000000,41522.000000,0.045039
50,46,303,0.003322,0.000082,879410.000000,37422.000000,0.042554
51,46,303,0.003326,0.000081,913581.000000,40560.000000,0.044397
52,47,303,0.003322,0.000086,916926.000000,41274.000000,0.045013
53,48,303,0.003327,0.000089,942218.000000,42377.000000,0.044976
54,49,303,0.003323,0.000089,925869.000000,41352.000000,0.044663
55,50,303,0.003325,0.000094,916649.000000,38082.000000,0.041545
56,51,303,0.003318,0.000099,982431.000000,43037.000000,0.043807
57,52,303,0.003323,0.000090,997114.000000,42772.000000,0.042896
58,53,303,0.003321,0.000099,971017.000000,42081.000000,0.043337
59,54,303,0.003320,0.000102,976531.000000,43453.000000,0.044497
60,55,300,0.003321,0.000101,943524.000000,38210.000000,0.040497
61,56,300,0.003327,0.000104,1026926.000000,44683.000000,0.043511
62,57,300,0.003320,0.000107,1010215.000000,44009.000000,0.043564
63,58,300,0.003325,0.000112,1013363.000000,42826.000000,0.042261
64,59,300,0.003328,0.000109,1012327.000000,42988.000000,0.042465
65,59,300,0.003317,0.000108,972812.000000,39317.000000,0.040416
66,60,300,0.003325,0.000113,1021130.000000,42940.000000,0.042051
67,61,300,0.003322,0.000130,1049121.000000,43859.000000,0.041805
68,62,300,0.003327,0.000124,1055774.000000,44521.000000,0.042169
69,63,300,0.003323,0.000130,1092065.000000,45299.000000,0.041480
70,64,300,0.003321,0.000127,1035937.000000,39916.000000,0.038531
71,65,300,0.003323,0.000131,1077793.000000,44480.000000,0.041270
72,66,300,0.003324,0.000133,1088601.000000,44569.000000,0.040942
73,67,300,0.003322,0.000132,1079893.000000,44154.000000,0.040887
74,68,300,0.003332,0.000133,1078668.000000,45834.000000,0.042491
75,68,300,0.003324,0.000142,1099626.000000,40832.000000,0.037133
76,68,300,0.003320,0.000138,1143066.000000,44598.000000,0.039016
77,68,300,0.003326,0.000110,1125066.000000,45571.000000,0.040505
78,69,300,0.003321,0.000111,1144403.000000,44812.000000,0.039158
79,69,300,0.003325,0.000117,1134626.000000,45272.000000,0.039900
80,70,300,0.003325,0.000144,1101092.000000,41272.000000,0.037483
81,71,300,0.003320,0.000131,1185438.000000,46310.000000,0.039066
82,72,300,0.003324,0.000153,1165993.000000,45547.000000,0.039063
83,73,300,0.003321,0.000174,1187415.000000,46700.000000,0.039329
84,73,300,0.003325,0.000149,1154674.000000,45198.000000,0.039144
85,74,300,0.003321,0.000154,1145182.000000,42334.000000,0.036967
86,75,300,0.003321,0.000175,1172096.000000,48111.000000,0.041047
87,76,300,0.003323,0.000201,1205438.000000,49160.000000,0.040782
88,77,300,0.003321,0.000159,1207857.000000,46703.000000,0.038666
89,78,300,0.003325,0.000172,1208193.000000,47561.000000,0.039365
90,79,300,0.003321,0.000166,1182245.000000,42000.000000,0.035526
91,80,300,0.003327,0.000174,1252816.000000,47216.000000,0.037688
92,81,300,0.003318,0.000196,1252205.000000,49469.000000,0.039506
93,82,300,0.003323,0.000184,1271242.000000,46918.000000,0.036907
94,83,300,0.003322,0.000186,1285814.000000,47352.000000,0.036826
95,84,300,0.003328,0.000240,1277659.000000,44753.000000,0.035027
96,84,300,0.003319,0.000184,1305784.000000,47547.000000,0.036413
97,85,300,0.003324,0.000188,1298593.000000,47159.000000,0.036315
98,86,300,0.003320,0.000195,1304795.000000,48172.000000,0.036919
99,87,300,0.003325,0.000181,1310252.000000,47656.000000,0.036372
100,88,300,0.003320,0.000202,1283132.000000,44898.000000,0.034991
101,89,300,0.003321,0.000205,1406422.000000,49273.000000,0.035034
102,89,300,0.003325,0.000164,1393443.000000,48000.000000,0.034447
103,90,300,0.003321,0.000209,1395899.000000,48629.000000,0.034837
104,91,300,0.003325,0.000175,1390354.000000,49149.000000,0.035350
105,91,300,0.003321,0.000204,1374266.000000,44375.000000,0.032290
106,92,300,0.003325,0.000171,1407167.000000,49267.000000,0.035011
107,93,300,0.003325,0.000231,1448869.000000,51097.000000,0.035267
108,94,300,0.003318,0.000219,1494343.000000,50244.000000,0.033623
109,95,300,0.003330,0.000240,1481252.000000,50710.000000,0.034235
110,95,300,0.003315,0.000236,1434883.000000,46917.000000,0.032697
111,95,300,0.003321,0.000224,1464997.000000,48801.000000,0.033311
112,96,300,0.003324,0.000258,1484308.000000,51202.000000,0.034496
113,97,300,0.003325,0.000246,1458627.000000,50862.000000,0.034870
114,98,300,0.003322,0.000237,1541731.000000,51851.000000,0.033632
115,99,300,0.003322,0.000268,1549966.000000,49124.000000,0.031694
116,100,300,0.003324,0.000261,1589293.000000,52424.000000,0.032986
117,101,300,0.003321,0.000271,1607996.000000,52174.000000,0.032447
118,101,300,0.003326,0.000266,1590010.000000,51072.000000,0.032121
119,102,300,0.003319,0.000275,1613430.000000,52543.000000,0.032566
120,102,300,0.003325,0.000263,1624733.000000,47622.000000,0.029311
121,103,300,0.003323,0.000275,1627942.000000,51366.000000,0.031553
122,104,300,0.003327,0.000280,1633284.000000,52178.000000,0.031947
123,105,300,0.003320,0.000280,1645966.000000,51714.000000,0.031419
124,105,300,0.003326,0.000276,1637044.000000,50789.000000,0.031025
125,105,300,0.003321,0.000283,1643549.000000,48576.000000,0.029556
126,106,300,0.003323,0.000287,1701789.000000,52875.000000,0.031070
127,107,300,0.003324,0.000300,1704709.000000,53047.000000,0.031118
128,108,300,0.003328,0.000304,1740933.000000,54803.000000,0.031479
129,108,300,0.003318,0.000301,1737363.000000,53800.000000,0.030966
130,108,300,0.003325,0.000301,1700960.000000,48865.000000,0.028728
131,109,300,0.003321,0.000314,1740553.000000,54604.000000,0.031372
132,110,300,0.003327,0.000306,1779286.000000,54084.000000,0.030396
133,110,300,0.003320,0.000314,1783297.000000,53296.000000,0.029886
134,110,300,0.003327,0.000324,1781413.000000,55286.000000,0.031035
135,111,300,0.003321,0.000319,1793855.000000,50563.000000,0.028187
136,112,300,0.003322,0.000341,1831265.000000,55335.000000,0.030217
137,113,300,0.003325,0.000379,1875960.000000,57630.000000,0.030720
138,114,300,0.003325,0.000338,1869540.000000,55975.000000,0.029941
139,115,300,0.003324,0.000396,1887831.000000,59931.000000,0.031746
140,116,300,0.003320,0.000347,1854440.000000,52064.000000,0.028075
141,116,300,0.003328,0.000343,1900442.000000,55674.000000,0.029295
142,117,300,0.003319,0.000347,1923986.000000,56943.000000,0.029596
143,117,300,0.003327,0.000355,1919237.000000,56443.000000,0.029409
144,118,300,0.003323,0.000355,1931305.000000,55810.000000,0.028898
145,119,300,0.003322,0.000377,2007264.000000,54401.000000,0.027102
146,120,300,0.003321,0.000382,2021640.000000,58133.000000,0.028755
147,121,300,0.003324,0.000383,2047050.000000,58590.000000,0.028622
148,122,300,0.003321,0.000323,2035079.000000,57277.000000,0.028145
149,123,300,0.003324,0.000402,2096184.000000,58769.000000,0.028036
150,124,300,0.003324,0.000395,2093878.000000,52953.000000,0.025289
151,124,300,0.003326,0.000352,2170343.000000,59691.000000,0.027503
152,124,300,0.003314,0.000418,2144458.000000,59618.000000,0.027801
153,124,300,0.003323,0.000406,2135102.000000,57839.000000,0.027090
154,125,300,0.003355,0.000376,2089760.000000,60029.000000,0.028725
155,126,300,0.003352,0.000455,2113252.000000,58032.000000,0.027461
156,127,300,0.003356,0.000420,2125273.000000,59696.000000,0.028089
157,127,300,0.003363,0.000446,2133997.000000,60695.000000,0.028442
158,127,300,0.003354,0.000430,2116001.000000,59764.000000,0.028244
159,127,300,0.003358,0.000417,2173757.000000,59886.000000,0.027550
160,127,300,0.003397,0.000434,2152446.000000,56453.000000,0.026227
161,128,300,0.003362,0.000447,2241334.000000,61076.000000,0.027250
162,129,300,0.003355,0.000390,2198459.000000,59902.000000,0.027247
163,130,300,0.003369,0.000478,2308172.000000,63518.000000,0.027519
164,130,300,0.003368,0.000480,2295614.000000,63130.000000,0.027500
165,131,300,0.003364,0.000549,2274499.000000,60426.000000,0.026567
166,131,300,0.003361,0.000474,2281043.000000,63034.000000,0.027634
167,132,300,0.003365,0.000491,2328079.000000,62514.000000,0.026852
168,132,300,0.003357,0.000486,2370201.000000,65388.000000,0.027588
169,133,299,0.003369,0.000504,2393920.000000,65319.000000,0.027285
170,134,299,0.003352,0.000465,2380106.000000,59754.000000,0.025106
171,135,299,0.003350,0.000538,2459991.000000,66763.000000,0.027140
172,136,299,0.003357,0.000505,2443517.000000,63339.000000,0.025921
173,137,299,0.003361,0.000528,2554081.000000,68620.000000,0.026867
174,137,299,0.003369,0.000555,2614604.000000,75649.000000,0.028933
175,138,299,0.003376,0.000779,2606050.000000,68775.000000,0.026391
176,139,299,0.003366,0.000619,2598768.000000,67705.000000,0.026053
177,140,299,0.003351,0.000557,2587175.000000,66520.000000,0.025711
178,140,299,0.003362,0.000428,2573400.000000,64063.000000,0.024894
179,141,299,0.003326,0.000593,2670762.000000,65218.000000,0.024419
180,142,299,0.003322,0.000584,2699810.000000,62650.000000,0.023205
181,143,299,0.003320,0.000529,2743914.000000,66261.000000,0.024148
182,144,299,0.003350,0.000588,2760859.000000,67238.000000,0.024354
183,145,299,0.003317,0.000623,2847163.000000,69680.000000,0.024473
184,145,299,0.003326,0.000533,2804323.000000,65706.000000,0.023430
185,146,299,0.003320,0.000627,2778810.000000,63313.000000,0.022784
186,147,299,0.003322,0.000631,2863197.000000,69164.000000,0.024156
187,148,299,0.003323,0.000474,2911816.000000,67780.000000,0.023278
188,149,299,0.003321,0.000494,2917684.000000,69774.000000,0.023914
189,150,299,0.003323,0.000523,2932063.000000,68986.000000,0.023528
190,151,299,0.003326,0.000572,2928991.000000,65460.000000,0.022349
191,152,299,0.003319,0.000528,2998179.000000,70384.000000,0.023476
192,153,299,0.003327,0.000645,2995288.000000,69499.000000,0.023203
193,154,299,0.003320,0.000599,3035787.000000,70695.000000,0.023287
194,155,299,0.003323,0.000646,3052444.000000,70329.000000,0.023040
195,156,299,0.003322,0.000659,3070169.000000,66086.000000,0.021525
196,157,299,0.003326,0.000529,3129232.000000,70781.000000,0.022619
197,158,299,0.003324,0.000736,3213484.000000,76220.000000,0.023719
198,159,299,0.003323,0.000690,3244359.000000,71836.000000,0.022142
199,159,299,0.003323,0.000657,3277937.000000,71976.000000,0.021958
200,159,299,0.003324,0.000712,3272100.000000,68808.000000,0.021029
201,160,299,0.003327,0.000725,3373445.000000,72368.000000,0.021452
202,161,299,0.003320,0.000684,3385931.000000,73296.000000,0.021647
203,162,299,0.003327,0.000824,3439461.000000,76213.000000,0.022158
204,163,299,0.003319,0.000881,3563270.000000,82000.000000,0.023013
205,164,299,0.003324,0.000793,3599668.000000,76667.000000,0.021298
206,164,299,0.003321,0.000783,3561416.000000,75169.000000,0.021106
207,165,299,0.003326,0.000777,3561567.000000,75455.000000,0.021186
208,165,299,0.003323,0.000751,3612974.000000,78081.000000,0.021611
209,166,299,0.003326,0.000672,3607347.000000,75471.000000,0.020921
210,167,299,0.003322,0.000785,3573940.000000,70376.000000,0.019691
211,168,299,0.003326,0.000750,3644458.000000,75802.000000,0.020799
212,169,299,0.003323,0.000684,3651792.000000,76170.000000,0.020858
213,169,299,0.003325,0.000802,3728345.000000,76391.000000,0.020489
214,170,299,0.003323,0.000767,3792187.000000,76891.000000,0.020276
215,171,299,0.003327,0.000741,3845770.000000,75441.000000,0.019617
216,172,299,0.003324,0.000862,3878599.000000,77716.000000,0.020037
217,173,299,0.003321,0.000817,3920927.000000,79375.000000,0.020244
218,174,299,0.003324,0.000747,3923719.000000,79525.000000,0.020268
219,175,299,0.003326,0.000893,4011447.000000,80061.000000,0.019958
220,176,299,0.003321,0.000838,4007160.000000,77307.000000,0.019292
221,176,299,0.003327,0.000732,4065440.000000,80797.000000,0.019874
222,177,299,0.003324,0.000720,4114729.000000,78868.000000,0.019167
223,178,299,0.003321,0.000865,4155693.000000,79703.000000,0.019179
224,179,300,0.003322,0.000862,4190175.000000,87317.000000,0.020839
225,179,300,0.003322,0.000751,4202436.000000,76990.000000,0.018320
226,180,300,0.003325,0.000893,4266188.000000,82018.000000,0.019225
227,181,300,0.003322,0.000840,4291340.000000,82613.000000,0.019251
228,182,300,0.003326,0.001037,4336332.000000,86709.000000,0.019996
229,183,300,0.003320,0.000914,4338687.000000,81680.000000,0.018826
230,184,300,0.003326,0.000858,4335332.000000,79689.000000,0.018381
231,185,300,0.003323,0.000994,4430886.000000,83397.000000,0.018822
232,186,300,0.003327,0.000949,4537166.000000,85195.000000,0.018777
233,187,300,0.003321,0.000931,4595775.000000,86013.000000,0.018716
234,188,300,0.003328,0.001108,4695871.000000,91996.000000,0.019591
235,189,300,0.003317,0.001498,4995966.000000,120679.000000,0.024155
236,189,300,0.003325,0.001500,5058738.000000,124425.000000,0.024596
237,190,300,0.003321,0.001486,4993591.000000,123424.000000,0.024716
238,191,300,0.003322,0.001484,5012327.000000,123900.000000,0.024719
239,192,300,0.003320,0.000941,4765992.000000,91110.000000,0.019117
240,193,300,0.003328,0.001196,4872448.000000,89164.000000,0.018300
241,193,300,0.003318,0.001025,4854399.000000,87774.000000,0.018081
242,194,300,0.003328,0.001001,4893741.000000,87988.000000,0.017980
243,195,300,0.003313,0.000923,4952895.000000,92456.000000,0.018667
244,196,300,0.003326,0.001172,4969584.000000,89178.000000,0.017945
245,197,300,0.003313,0.001080,5100078.000000,89499.000000,0.017549
246,197,300,0.003327,0.001172,5080268.000000,90972.000000,0.017907
247,198,300,0.003323,0.001111,5120304.000000,91043.000000,0.017781
248,199,300,0.003325,0.001025,5067029.000000,90186.000000,0.017799
249,200,300,0.003324,0.001221,5176485.000000,93672.000000,0.018096
250,201,300,0.003322,0.001126,5174614.000000,90174.000000,0.017426
251,202,300,0.003321,0.001319,5294205.000000,96143.000000,0.018160
252,203,300,0.003325,0.001197,5301630.000000,94430.000000,0.017812
253,204,300,0.003324,0.001275,5332610.000000,93440.000000,0.017522
254,205,300,0.003325,0.001097,5393654.000000,94601.000000,0.017539
255,206,300,0.003319,0.001561,5520115.000000,111128.000000,0.020131
256,207,300,0.003321,0.001162,5448543.000000,95574.000000,0.017541
257,208,300,0.003321,0.001148,5587715.000000,97010.000000,0.017361
258,209,300,0.003325,0.001284,5474028.000000,96421.000000,0.017614
259,210,300,0.003327,0.001185,5543707.000000,94733.000000,0.017088
260,210,300,0.003321,0.001325,5540086.000000,93995.000000,0.016966
261,211,300,0.003322,0.001066,5621346.000000,97697.000000,0.017380
262,211,300,0.003321,0.001217,5629211.000000,97369.000000,0.017297
263,212,300,0.003326,0.001153,5607263.000000,98058.000000,0.017488
264,213,300,0.003323,0.001311,5699318.000000,103348.000000,0.018133
265,214,300,0.003320,0.001370,5705292.000000,99919.000000,0.017513
266,214,300,0.003320,0.001171,5665681.000000,99077.000000,0.017487
267,215,300,0.003324,0.001102,5711560.000000,98314.000000,0.017213
268,216,300,0.003322,0.001239,5725013.000000,98213.000000,0.017155
269,217,300,0.003322,0.001198,5810156.000000,101022.000000,0.017387
270,218,300,0.003322,0.001153,5863238.000000,96500.000000,0.016458
271,219,300,0.003328,0.001328,5994618.000000,100981.000000,0.016845
272,219,300,0.003322,0.001262,6053480.000000,103940.000000,0.017170
273,220,300,0.003323,0.001192,6057536.000000,101159.000000,0.016700
274,220,300,0.003326,0.001327,6034136.000000,101909.000000,0.016889
275,221,300,0.003323,0.001266,6022124.000000,98901.000000,0.016423
276,221,300,0.003324,0.001204,6116057.000000,103207.000000,0.016875
277,222,300,0.003326,0.001341,6146182.000000,104287.000000,0.016968
278,222,300,0.003323,0.001269,6096184.000000,101255.000000,0.016610
279,222,300,0.003323,0.001199,6162700.000000,102001.000000,0.016551
280,223,300,0.003332,0.001384,6285946.000000,100895.000000,0.016051
281,224,300,0.003316,0.001369,6480157.000000,108837.000000,0.016795
282,224,300,0.003328,0.001216,6462208.000000,103778.000000,0.016059
283,225,300,0.003325,0.001423,6516194.000000,107714.000000,0.016530
284,226,300,0.003327,0.001413,6695412.000000,108158.000000,0.016154
285,227,300,0.003315,0.001318,6597905.000000,106647.000000,0.016164
286,228,300,0.003326,0.001475,6623199.000000,108549.000000,0.016389
287,229,300,0.003326,0.001289,6680460.000000,108078.000000,0.016178
288,229,300,0.003320,0.001316,6699993.000000,106976.000000,0.015967
289,230,300,0.003326,0.001469,6760674.000000,108493.000000,0.016048
290,231,300,0.003322,0.001407,7067214.000000,121627.000000,0.017210
291,232,300,0.003326,0.001333,6965375.000000,110949.000000,0.015929
292,233,300,0.003327,0.001613,7040279.000000,117356.000000,0.016669
293,234,300,0.003327,0.001335,7007941.000000,112403.000000,0.016039
294,235,300,0.003319,0.001544,7085144.000000,121272.000000,0.017116
295,236,300,0.003326,0.001694,7140807.000000,115675.000000,0.016199
296,237,300,0.003319,0.001524,7226883.000000,116293.000000,0.016092
297,237,300,0.003329,0.001472,7316847.000000,117170.000000,0.016014
298,238,300,0.003330,0.001965,7546935.000000,133628.000000,0.017706
299,238,300,0.003326,0.001570,7427596.000000,119287.000000,0.016060
300,239,300,0.003325,0.001436,7361538.000000,114038.000000,0.015491
301,240,300,0.003327,0.001650,7479013.000000,120317.000000,0.016087
302,241,300,0.003321,0.001602,7554102.000000,118570.000000,0.015696
303,242,300,0.003327,0.001475,7558164.000000,119507.000000,0.015812
304,243,300,0.003324,0.001445,7577436.000000,120368.000000,0.015885
305,244,300,0.003321,0.001625,7630952.000000,116358.000000,0.015248
306,245,300,0.003326,0.001455,7623324.000000,119192.000000,0.015635
307,245,300,0.003332,0.001682,7718041.000000,122997.000000,0.015936
308,246,300,0.003316,0.001661,7862175.000000,122715.000000,0.015608
309,246,300,0.003328,0.001492,7844036.000000,120434.000000,0.015354
310,247,300,0.003325,0.001752,7854746.000000,119448.000000,0.015207
311,248,300,0.003323,0.001698,7930586.000000,122796.000000,0.015484
312,248,300,0.003324,0.001515,7980778.000000,120463.000000,0.015094
313,249,300,0.003331,0.001768,8076512.000000,124367.000000,0.015399
314,250,300,0.003319,0.001688,7973682.000000,120896.000000,0.015162
315,251,300,0.003328,0.001558,8027228.000000,119417.000000,0.014876
316,252,300,0.003328,0.001770,8118309.000000,125972.000000,0.015517
317,253,300,0.003327,0.001781,8338461.000000,127453.000000,0.015285
318,254,300,0.003320,0.001579,8245453.000000,125334.000000,0.015200
319,255,300,0.003331,0.001828,8400955.000000,127462.000000,0.015172
320,256,300,0.003326,0.001876,8584297.000000,126674.000000,0.014756
321,257,300,0.003326,0.001676,8669848.000000,128673.000000,0.014841
322,257,300,0.003335,0.001925,8703950.000000,129802.000000,0.014913
323,258,300,0.003326,0.001852,8659300.000000,128428.000000,0.014831
324,259,300,0.003326,0.001782,8755467.000000,134275.000000,0.015336
325,260,300,0.003332,0.001970,8763669.000000,129320.000000,0.014756
326,261,300,0.003325,0.001690,8775728.000000,130294.000000,0.014847
327,261,300,0.003328,0.001692,8792738.000000,128761.000000,0.014644
328,262,300,0.003322,0.001761,8903492.000000,133379.000000,0.014981
329,262,300,0.003331,0.001909,9011550.000000,131503.000000,0.014593
330,262,300,0.003325,0.001761,8997542.000000,130072.000000,0.014456
331,263,300,0.003325,0.001747,9024184.000000,131544.000000,0.014577
332,264,300,0.003341,0.001976,9080603.000000,134979.000000,0.014865
333,265,300,0.003323,0.001780,9170916.000000,133297.000000,0.014535
334,265,300,0.003327,0.001776,9167074.000000,133513.000000,0.014564
335,266,300,0.003330,0.001962,9190950.000000,128591.000000,0.013991
336,267,300,0.003334,0.001793,9323637.000000,135094.000000,0.014489
337,268,300,0.003326,0.001859,9448158.000000,138432.000000,0.014652
338,269,300,0.003342,0.002052,9462799.000000,135798.000000,0.014351
339,269,300,0.003327,0.001834,9470807.000000,137386.000000,0.014506
340,269,300,0.003330,0.001837,9443335.000000,132813.000000,0.014064
341,269,300,0.003323,0.001835,9474297.000000,136590.000000,0.014417
342,269,300,0.003328,0.001839,9480910.000000,135963.000000,0.014341
343,270,300,0.003328,0.001849,9485016.000000,137349.000000,0.014481
344,271,300,0.003341,0.002029,9526343.000000,137306.000000,0.014413
345,272,300,0.003334,0.001993,9637908.000000,137284.000000,0.014244
346,272,300,0.003331,0.001920,9653349.000000,138401.000000,0.014337
347,273,300,0.003345,0.002152,9669488.000000,141646.000000,0.014649
348,273,300,0.003335,0.001967,9696394.000000,139520.000000,0.014389
349,274,300,0.003334,0.001959,9796805.000000,140138.000000,0.014304
350,274,300,0.003334,0.001969,9833415.000000,138601.000000,0.014095
351,274,300,0.003336,0.002007,9753614.000000,139175.000000,0.014269
352,275,300,0.003343,0.002147,9823515.000000,140637.000000,0.014316
353,276,300,0.003336,0.001981,9857303.000000,140907.000000,0.014295
354,277,300,0.003345,0.002064,9964568.000000,144751.000000,0.014527
355,278,300,0.003350,0.002095,10041195.000000,140863.000000,0.014029
356,278,300,0.003327,0.001955,10089320.000000,142138.000000,0.014088
357,278,300,0.003336,0.002005,10244708.000000,142851.000000,0.013944
358,279,300,0.003326,0.002212,10333211.000000,143042.000000,0.013843
359,280,300,0.003335,0.001991,10229759.000000,142456.000000,0.013926
360,281,300,0.003335,0.002006,10239893.000000,139987.000000,0.013671
361,282,300,0.003350,0.002270,10419733.000000,146416.000000,0.014052
362,283,300,0.003337,0.002035,10458679.000000,145453.000000,0.013907
363,283,300,0.003343,0.002064,10594241.000000,146992.000000,0.013875
364,284,300,0.003343,0.002079,10685698.000000,146356.000000,0.013696
365,284,300,0.003351,0.002249,10605208.000000,144865.000000,0.013660
366,284,300,0.003340,0.002167,10608975.000000,147116.000000,0.013867
367,285,300,0.003341,0.002088,10606350.000000,146724.000000,0.013834
368,286,300,0.003340,0.002099,10645230.000000,149005.000000,0.013997
369,287,300,0.003351,0.002097,10682681.000000,148861.000000,0.013935
370,288,300,0.003335,0.002138,10781006.000000,147947.000000,0.013723
371,288,300,0.003342,0.002163,11099901.000000,150668.000000,0.013574
372,289,299,0.003341,0.002134,10880536.000000,150357.000000,0.013819
373,290,299,0.003342,0.002140,10909983.000000,150822.000000,0.013824
374,290,299,0.003349,0.002174,11008438.000000,150306.000000,0.013654
375,290,299,0.003353,0.002202,11079287.000000,148024.000000,0.013360
376,291,299,0.003340,0.002250,11203765.000000,153679.000000,0.013717
377,291,299,0.003350,0.002206,11383861.000000,151828.000000,0.013337
378,291,299,0.003354,0.002396,11514908.000000,158211.000000,0.013740
379,292,299,0.003346,0.002231,11439488.000000,151171.000000,0.013215
380,293,299,0.003354,0.002336,11609147.000000,155535.000000,0.013398
381,293,299,0.003348,0.002256,11609958.000000,155632.000000,0.013405
382,294,299,0.003355,0.002360,11762087.000000,158211.000000,0.013451
383,295,299,0.003351,0.002271,11691964.000000,156178.000000,0.013358
384,296,299,0.003376,0.002582,11947863.000000,157809.000000,0.013208
385,297,299,0.003359,0.002527,12103100.000000,159999.000000,0.013220
386,298,299,0.003365,0.002349,11949601.000000,159434.000000,0.013342
387,299,299,0.003349,0.002364,12077450.000000,159363.000000,0.013195
388,300,299,0.003357,0.002411,12146130.000000,160390.000000,0.013205
389,300,299,0.003359,0.002397,12129547.000000,155933.000000,0.012856
390,301,299,0.003355,0.002409,12205164.000000,160488.000000,0.013149
391,302,299,0.003355,0.002401,12230460.000000,158330.000000,0.012946
392,303,299,0.003357,0.002412,12282587.000000,162146.000000,0.013201
393,304,299,0.003357,0.002425,12314798.000000,165020.000000,0.013400
394,304,299,0.003355,0.002431,12348341.000000,162158.000000,0.013132
395,305,299,0.003364,0.002521,12589445.000000,167650.000000,0.013317
396,305,299,0.003360,0.002457,12556754.000000,166808.000000,0.013284
397,306,298,0.003350,0.002584,12734737.000000,171415.000000,0.013460
398,307,298,0.003367,0.002546,12853045.000000,170520.000000,0.013267
399,308,298,0.003361,0.002518,12776186.000000,164369.000000,0.012865
400,309,298,0.003384,0.002632,12903937.000000,169242.000000,0.013116
401,310,298,0.003355,0.002536,12915882.000000,167936.000000,0.013002
402,310,298,0.003361,0.002523,12899500.000000,168076.000000,0.013030
403,311,298,0.003362,0.002528,12976019.000000,169132.000000,0.013034
404,312,298,0.003362,0.002543,13028758.000000,167273.000000,0.012839
405,312,298,0.003371,0.002600,13318258.000000,173858.000000,0.013054
406,313,298,0.003364,0.002573,13212377.000000,170379.000000,0.012895
407,314,298,0.003366,0.002624,13341571.000000,173575.000000,0.013010
408,314,298,0.003365,0.002613,13324678.000000,172378.000000,0.012937
409,315,298,0.003365,0.002615,13295734.000000,168912.000000,0.012704
410,316,298,0.003366,0.002616,13367790.000000,175146.000000,0.013102
411,316,298,0.003367,0.002628,13468439.000000,173435.000000,0.012877
412,317,298,0.003368,0.002664,13620615.000000,173941.000000,0.012770
413,317,298,0.003337,0.002679,13727096.000000,174664.000000,0.012724
414,318,298,0.003389,0.003013,13860704.000000,175389.000000,0.012654
415,318,298,0.003375,0.002745,13978550.000000,177457.000000,0.012695
416,319,298,0.003372,0.002727,13883506.000000,178448.000000,0.012853
417,319,298,0.003376,0.002816,14149622.000000,178685.000000,0.012628
418,319,297,0.003375,0.002780,14207191.000000,179700.000000,0.012649
419,320,297,0.003376,0.002809,14212500.000000,175875.000000,0.012375
420,321,297,0.003376,0.002801,14314081.000000,179290.000000,0.012525
421,322,297,0.003378,0.002840,14361198.000000,182948.000000,0.012739
422,323,297,0.003380,0.002890,14522384.000000,185303.000000,0.012760
423,324,297,0.003379,0.002886,14624690.000000,185641.000000,0.012694
424,325,297,0.003377,0.002834,14479733.000000,179200.000000,0.012376
425,326,297,0.003384,0.002953,14905246.000000,188696.000000,0.012660
426,326,297,0.003366,0.002904,14708014.000000,185018.000000,0.012579
427,327,297,0.003381,0.002914,14801564.000000,185949.000000,0.012563
428,328,297,0.003382,0.002936,14846786.000000,188906.000000,0.012724
429,329,297,0.003383,0.002962,14884786.000000,186579.000000,0.012535
430,330,297,0.003381,0.002926,14921410.000000,187352.000000,0.012556
431,331,297,0.003344,0.003009,15078332.000000,189590.000000,0.012574
432,332,297,0.003387,0.002966,15156511.000000,188618.000000,0.012445
433,333,297,0.003381,0.003069,15470620.000000,190981.000000,0.012345
434,334,297,0.003395,0.003061,15496748.000000,188038.000000,0.012134
435,335,296,0.003837,0.003214,15682355.000000,194132.000000,0.012379
436,336,295,0.003760,0.003166,15772527.000000,195748.000000,0.012411
437,336,295,0.003808,0.003174,15846480.000000,195353.000000,0.012328
438,337,294,0.003831,0.003222,15863219.000000,191444.000000,0.012068
439,338,293,0.003804,0.003162,16062546.000000,196300.000000,0.012221
440,339,292,0.003941,0.003303,16377797.000000,197704.000000,0.012071
441,340,292,0.003891,0.003274,16269117.000000,199347.000000,0.012253
442,341,290,0.004317,0.003686,16388195.000000,204143.000000,0.012457
443,342,289,0.004074,0.003434,16513076.000000,202035.000000,0.012235
444,343,289,0.003926,0.003289,16626666.000000,202137.000000,0.012157
445,344,288,0.004004,0.003365,16763473.000000,201859.000000,0.012042
446,345,287,0.003982,0.003362,16784448.000000,203355.000000,0.012116
447,346,286,0.003973,0.003367,16805668.000000,199494.000000,0.011871
448,346,285,0.004047,0.003392,16853494.000000,203119.000000,0.012052
449,347,284,0.004041,0.003408,16971606.000000,206176.000000,0.012148
450,347,283,0.004064,0.003442,17028864.000000,205423.000000,0.012063
451,348,282,0.003982,0.003387,16900285.000000,200930.000000,0.011889
452,349,281,0.004008,0.003391,16968495.000000,201751.000000,0.011890
453,349,280,0.004119,0.003489,17131962.000000,207155.000000,0.012092
454,350,279,0.004070,0.003447,17217404.000000,205901.000000,0.011959
455,350,279,0.004037,0.003442,17095519.000000,200488.000000,0.011728
456,351,278,0.004090,0.003445,17194921.000000,205842.000000,0.011971
457,352,277,0.004064,0.003452,17228546.000000,203921.000000,0.011836
458,353,276,0.004093,0.003471,17284549.000000,205162.000000,0.011870
459,354,275,0.004074,0.003468,17290518.000000,201725.000000,0.011667
460,355,274,0.004120,0.003414,17367177.000000,204433.000000,0.011771
461,356,273,0.004126,0.003497,17541838.000000,209080.000000,0.011919
462,357,272,0.004162,0.003538,17709016.000000,209613.000000,0.011837
463,358,271,0.004185,0.003575,17779971.000000,206973.000000,0.011641
464,358,270,0.004164,0.003542,17734572.000000,209465.000000,0.011811
465,359,269,0.004209,0.003585,17759663.000000,208958.000000,0.011766
466,360,268,0.004321,0.003567,17867745.000000,212167.000000,0.011874
467,361,267,0.004331,0.003726,17976883.000000,210338.000000,0.011700
468,361,266,0.004253,0.003628,18056590.000000,215187.000000,0.011917
469,361,265,0.004229,0.003596,18051292.000000,212274.000000,0.011759
470,361,264,0.004253,0.003646,18050779.000000,212388.000000,0.011766
471,362,263,0.004054,0.003736,18059921.000000,211460.000000,0.011709
472,363,262,0.003996,0.003638,18170083.000000,213879.000000,0.011771
473,363,261,0.004070,0.003719,18322206.000000,216096.000000,0.011794
474,364,261,0.004020,0.003666,18343810.000000,213984.000000,0.011665
475,365,260,0.004029,0.003710,18392932.000000,212065.000000,0.011530
476,366,259,0.004061,0.003702,18490877.000000,216479.000000,0.011707
477,367,258,0.004111,0.003754,18718535.000000,217787.000000,0.011635
478,368,257,0.004089,0.003730,18742636.000000,219182.000000,0.011694
479,369,257,0.004125,0.003773,18855413.000000,214811.000000,0.011393
480,370,256,0.004195,0.003855,18991539.000000,221148.000000,0.011645
481,371,255,0.004232,0.003872,19131749.000000,224062.000000,0.011712
482,371,254,0.004228,0.003861,19207380.000000,222002.000000,0.011558
483,372,253,0.004250,0.003885,19303954.000000,218982.000000,0.011344
484,373,252,0.004286,0.003904,19445594.000000,225678.000000,0.011606
485,374,251,0.004276,0.003925,19375038.000000,225083.000000,0.011617
486,375,250,0.004254,0.003891,19427502.000000,225832.000000,0.011624
487,376,249,0.004299,0.003940,19628502.000000,222637.000000,0.011343
488,377,248,0.004298,0.003929,19744142.000000,227113.000000,0.011503
489,377,247,0.004364,0.004013,19916363.000000,228290.000000,0.011462
490,378,246,0.004965,0.004306,20055206.000000,233706.000000,0.011653
491,379,244,0.004787,0.004108,20113612.000000,229113.000000,0.011391
492,379,243,0.004619,0.003997,20089321.000000,229621.000000,0.011430
493,379,241,0.004771,0.004148,20120795.000000,233913.000000,0.011625
494,380,240,0.004500,0.004004,20085118.000000,227491.000000,0.011326
495,381,240,0.004712,0.004001,20268314.000000,234384.000000,0.011564
496,381,239,0.004758,0.004123,20380714.000000,233498.000000,0.011457
497,382,238,0.004717,0.004045,20297298.000000,232007.000000,0.011430
498,383,237,0.004718,0.004110,20319820.000000,230330.000000,0.011335
499,384,236,0.004717,0.004099,20386422.000000,232116.000000,0.011386
500,385,235,0.004841,0.004211,20478838.000000,236233.000000,0.011535
501,386,234,0.004722,0.004098,20567747.000000,231213.000000,0.011242
502,387,234,0.004901,0.004260,20819673.000000,238670.000000,0.011464
503,388,233,0.004824,0.004211,20855353.000000,237861.000000,0.011405
504,389,232,0.004865,0.004215,20941818.000000,239656.000000,0.011444
505,390,232,0.004885,0.004236,21038664.000000,237079.000000,0.011269
506,390,231,0.004875,0.004263,21061943.000000,238329.000000,0.011316
507,391,230,0.005135,0.004432,21178797.000000,243256.000000,0.011486
508,392,229,0.004893,0.004269,21210888.000000,237847.000000,0.011213
509,392,228,0.004941,0.004329,21310128.000000,243006.000000,0.011403
510,392,227,0.004955,0.004334,21289988.000000,241593.000000,0.011348
511,393,227,0.005052,0.004406,21484043.000000,246826.000000,0.011489
512,394,226,0.005019,0.004370,21448692.000000,241976.000000,0.011282
513,395,225,0.005024,0.004391,21571697.000000,247932.000000,0.011493
514,396,224,0.005040,0.004401,21612170.000000,248092.000000,0.011479
515,396,222,0.006360,0.005941,22742628.000000,277352.000000,0.012195
516,397,220,0.006177,0.005739,22455679.000000,269328.000000,0.011994
517,397,220,0.004709,0.004354,21782484.000000,247145.000000,0.011346
518,397,219,0.004659,0.004310,21771189.000000,243594.000000,0.011189
519,398,219,0.004778,0.004404,21981031.000000,247437.000000,0.011257
520,399,218,0.004730,0.004358,21831959.000000,247666.000000,0.011344
521,400,218,0.004759,0.004389,21956231.000000,244112.000000,0.011118
522,401,217,0.004796,0.004434,22190846.000000,250157.000000,0.011273
523,402,217,0.004791,0.004428,22195093.000000,248893.000000,0.011214
524,403,216,0.004784,0.004431,22396576.000000,249637.000000,0.011146
525,404,215,0.005590,0.004923,22778162.000000,253482.000000,0.011128
526,405,215,0.005254,0.004582,22701047.000000,256477.000000,0.011298
527,405,214,0.005346,0.004640,22951534.000000,259983.000000,0.011327
528,406,213,0.005221,0.004600,22941657.000000,252639.000000,0.011012
529,407,212,0.005322,0.004700,23060735.000000,258093.000000,0.011192
530,408,211,0.005421,0.004685,23153259.000000,266921.000000,0.011528
531,408,210,0.005331,0.004716,23161605.000000,256298.000000,0.011066
532,409,209,0.005310,0.004667,23228395.000000,260487.000000,0.011214
533,410,209,0.005337,0.004679,23333835.000000,258572.000000,0.011081
534,411,208,0.005281,0.004873,23471811.000000,267279.000000,0.011387
535,412,207,0.005481,0.005062,23762791.000000,265725.000000,0.011182
536,413,206,0.005101,0.004703,23603218.000000,262323.000000,0.011114
537,414,205,0.005102,0.004762,23691571.000000,258920.000000,0.010929
538,415,204,0.005158,0.004809,23836994.000000,264599.000000,0.011100
539,416,204,0.005143,0.004799,23892407.000000,266293.000000,0.011146
540,416,203,0.005134,0.004794,23875982.000000,265880.000000,0.011136
541,416,202,0.005116,0.004797,23841166.000000,260749.000000,0.010937
542,417,202,0.005166,0.004807,23937693.000000,265731.000000,0.011101
543,417,201,0.005179,0.004801,24093539.000000,264616.000000,0.010983
544,418,201,0.005215,0.004863,24176504.000000,265846.000000,0.010996
545,418,200,0.005209,0.004848,24191265.000000,267468.000000,0.011056
546,419,199,0.005242,0.004882,24321070.000000,268048.000000,0.011021
547,420,199,0.005345,0.004895,24593231.000000,277231.000000,0.011273
548,421,198,0.005328,0.004956,24590676.000000,270995.000000,0.011020
549,422,197,0.005442,0.005007,24748511.000000,274532.000000,0.011093
550,423,197,0.005370,0.005008,24772714.000000,269250.000000,0.010869
551,424,197,0.005367,0.005020,24865404.000000,273584.000000,0.011003
552,425,196,0.005389,0.005029,24921470.000000,275179.000000,0.011042
553,426,196,0.005387,0.005058,24969376.000000,269754.000000,0.010803
554,427,195,0.005359,0.005013,25014219.000000,273648.000000,0.010940
555,428,195,0.005439,0.005071,25178183.000000,275614.000000,0.010947
556,429,194,0.005500,0.005133,25315144.000000,276283.000000,0.010914
557,430,194,0.005475,0.005110,25578580.000000,282045.000000,0.011027
558,431,193,0.005554,0.005158,25687432.000000,281083.000000,0.010942
559,432,193,0.005549,0.005208,25809007.000000,279122.000000,0.010815
560,433,192,0.005534,0.005162,25889007.000000,280815.000000,0.010847
561,434,192,0.005617,0.005254,26184004.000000,284386.000000,0.010861
562,435,191,0.005658,0.005312,26259284.000000,282312.000000,0.010751
563,436,191,0.005640,0.005296,26340219.000000,285248.000000,0.010829
564,436,190,0.005652,0.005287,26399740.000000,286470.000000,0.010851
565,437,190,0.005667,0.005330,26425877.000000,283079.000000,0.010712
566,437,189,0.005641,0.005297,26420538.000000,283982.000000,0.010749
567,438,189,0.005717,0.005332,26540868.000000,287984.000000,0.010851
568,438,188,0.006541,0.005846,26707898.000000,287567.000000,0.010767
569,439,187,0.005993,0.005333,26683980.000000,288574.000000,0.010815
570,439,187,0.006046,0.005424,26490480.000000,287193.000000,0.010841
571,439,186,0.005965,0.005303,26380022.000000,280173.000000,0.010621
572,440,186,0.005961,0.005302,26490988.000000,287061.000000,0.010836
573,441,185,0.005978,0.005332,26579938.000000,287707.000000,0.010824
574,441,185,0.005956,0.005284,26595707.000000,284307.000000,0.010690
575,441,185,0.006040,0.005378,26760118.000000,287403.000000,0.010740
576,442,185,0.006007,0.005327,26613243.000000,284077.000000,0.010674
577,442,184,0.006025,0.005403,26932209.000000,289969.000000,0.010767
578,443,183,0.006083,0.005443,26992746.000000,290603.000000,0.010766
579,444,183,0.006070,0.005454,27038887.000000,289748.000000,0.010716
580,445,182,0.006119,0.005476,27145733.000000,293337.000000,0.010806
581,446,181,0.006113,0.005469,27298966.000000,293831.000000,0.010763
582,446,180,0.006125,0.005504,27387696.000000,291697.000000,0.010651
583,447,180,0.006183,0.005526,27443074.000000,294602.000000,0.010735
584,448,179,0.006267,0.005628,27364519.000000,299401.000000,0.010941
585,449,178,0.006141,0.005523,27313709.000000,290785.000000,0.010646
586,450,178,0.006199,0.005547,27452704.000000,296551.000000,0.010802
587,451,178,0.006160,0.005549,27563053.000000,294871.000000,0.010698
588,452,177,0.006213,0.005578,27644585.000000,297453.000000,0.010760
589,453,177,0.006239,0.005562,27802821.000000,297433.000000,0.010698
590,454,176,0.006241,0.005564,27923839.000000,296497.000000,0.010618
591,455,176,0.006240,0.005591,27947189.000000,301426.000000,0.010786
592,456,175,0.006297,0.005656,28171598.000000,301300.000000,0.010695
593,457,175,0.006365,0.005737,28226819.000000,300488.000000,0.010645
594,458,174,0.006366,0.005726,28335841.000000,302165.000000,0.010664
595,459,174,0.006378,0.005732,28589536.000000,302311.000000,0.010574
596,459,173,0.006429,0.005805,28746953.000000,305737.000000,0.010635
597,460,172,0.006536,0.005886,28887719.000000,307844.000000,0.010657
598,460,171,0.006679,0.006042,28947384.000000,306045.000000,0.010572
599,461,171,0.006515,0.005878,29147542.000000,307292.000000,0.010543
600,461,170,0.006464,0.006113,29223657.000000,306722.000000,0.010496
601,462,170,0.006232,0.005856,29186655.000000,306814.000000,0.010512
602,463,169,0.006213,0.005851,29231071.000000,308459.000000,0.010552
603,464,169,0.006207,0.005874,29257263.000000,305014.000000,0.010425
604,464,168,0.006234,0.005887,29291460.000000,308061.000000,0.010517
605,465,168,0.006250,0.005894,29336875.000000,307974.000000,0.010498
606,465,167,0.006218,0.005874,29252723.000000,304898.000000,0.010423
607,466,167,0.006244,0.005893,29320485.000000,308888.000000,0.010535
608,466,166,0.006233,0.005907,29272792.000000,304780.000000,0.010412
609,467,166,0.006254,0.005881,29398031.000000,308193.000000,0.010483
610,468,165,0.006288,0.005930,29528883.000000,310460.000000,0.010514
611,469,165,0.006274,0.005947,29540000.000000,308240.000000,0.010435
612,469,165,0.006299,0.005937,29640470.000000,310153.000000,0.010464
613,470,164,0.006314,0.005959,29700928.000000,310951.000000,0.010469
614,471,164,0.006325,0.005954,29742640.000000,309569.000000,0.010408
615,472,163,0.006557,0.006200,30102784.000000,320991.000000,0.010663
616,473,163,0.006611,0.006240,30195166.000000,317196.000000,0.010505
617,474,162,0.006430,0.006062,30258346.000000,318389.000000,0.010522
618,475,162,0.006472,0.006101,30263270.000000,318409.000000,0.010521
619,475,162,0.006473,0.006106,30314256.000000,315052.000000,0.010393
620,475,161,0.006461,0.006111,30387578.000000,317525.000000,0.010449
621,475,161,0.006478,0.006107,30443712.000000,313424.000000,0.010295
622,476,160,0.006542,0.006182,30621144.000000,320703.000000,0.010473
623,476,160,0.006507,0.006153,30660522.000000,318487.000000,0.010388
624,477,160,0.006517,0.006169,30695244.000000,317526.000000,0.010344
625,478,159,0.006594,0.006215,30925431.000000,322403.000000,0.010425
626,479,159,0.006589,0.006246,31127291.000000,319656.000000,0.010269
627,480,158,0.006696,0.006317,31467443.000000,327113.000000,0.010395
628,481,158,0.006696,0.006297,31307097.000000,326002.000000,0.010413
629,482,158,0.006676,0.006324,31543480.000000,323394.000000,0.010252
630,482,158,0.006685,0.006268,31411066.000000,325734.000000,0.010370
631,483,157,0.007293,0.006887,31828683.000000,335058.000000,0.010527
632,484,157,0.006685,0.006301,31540920.000000,326160.000000,0.010341
633,485,157,0.006742,0.006350,31728897.000000,329166.000000,0.010374
634,486,156,0.006741,0.006372,31804066.000000,325335.000000,0.010229
635,487,156,0.006738,0.006355,31867582.000000,328363.000000,0.010304
636,488,156,0.006850,0.006479,32256134.000000,329212.000000,0.010206
637,489,155,0.006858,0.006480,32278051.000000,334622.000000,0.010367
638,490,155,0.006865,0.006496,32375463.000000,334101.000000,0.010320
639,490,155,0.006867,0.006528,32413445.000000,331424.000000,0.010225
640,491,154,0.006890,0.006528,32518074.000000,334945.000000,0.010300
641,492,154,0.006895,0.006545,32559030.000000,330284.000000,0.010144
642,492,154,0.006912,0.006552,32587860.000000,336645.000000,0.010330
643,493,154,0.006936,0.006551,32700583.000000,335925.000000,0.010273
644,494,153,0.006944,0.006568,32799022.000000,334224.000000,0.010190
645,494,153,0.007090,0.006710,33045200.000000,343326.000000,0.010390
646,494,153,0.007068,0.006709,33030635.000000,333997.000000,0.010112
647,495,152,0.007045,0.006642,33146877.000000,339335.000000,0.010237
648,496,152,0.007085,0.006719,33500476.000000,338962.000000,0.010118
649,497,152,0.007103,0.006707,33527661.000000,342329.000000,0.010210
650,497,151,0.007194,0.006812,33825240.000000,345219.000000,0.010206
651,498,151,0.007213,0.006856,34065614.000000,342434.000000,0.010052
652,498,150,0.007235,0.006835,34109657.000000,345214.000000,0.010121
653,499,150,0.007244,0.006874,34244771.000000,341657.000000,0.009977
654,499,150,0.007327,0.006951,34683451.000000,348506.000000,0.010048
655,499,149,0.007347,0.006977,34787430.000000,345954.000000,0.009945
656,500,149,0.007347,0.006962,34689325.000000,350124.000000,0.010093
657,501,149,0.007405,0.007032,34971317.000000,351012.000000,0.010037
658,502,148,0.007461,0.007107,35199615.000000,348204.000000,0.009892
659,503,148,0.007892,0.007492,35457296.000000,356619.000000,0.010058
660,504,148,0.007535,0.007139,35405867.000000,353495.000000,0.009984
661,505,147,0.007683,0.007320,35586345.000000,355280.000000,0.009984
662,506,147,0.007513,0.007136,35649751.000000,351068.000000,0.009848
663,507,146,0.007847,0.007400,36070329.000000,360735.000000,0.010001
664,507,145,0.008402,0.007707,35896935.000000,357344.000000,0.009955
665,507,145,0.007931,0.007268,36025739.000000,359823.000000,0.009988
666,508,144,0.007907,0.007275,36087441.000000,357323.000000,0.009902
667,508,143,0.007949,0.007309,36177742.000000,362547.000000,0.010021
668,509,143,0.007889,0.007250,36205074.000000,361510.000000,0.009985
669,510,142,0.007993,0.007347,36351914.000000,364319.000000,0.010022
670,511,142,0.007994,0.007354,36363675.000000,360312.000000,0.009909
671,512,141,0.008034,0.007389,36622582.000000,365114.000000,0.009970
672,513,140,0.008604,0.008222,36808257.000000,366625.000000,0.009960
673,513,140,0.007785,0.007401,36793226.000000,365331.000000,0.009929
674,514,139,0.007810,0.007427,36833124.000000,363208.000000,0.009861
675,515,139,0.008335,0.007927,37247043.000000,372535.000000,0.010002
676,516,138,0.008002,0.007556,37018467.000000,369124.000000,0.009971
677,517,138,0.007917,0.007558,37170371.000000,365903.000000,0.009844
678,518,137,0.008165,0.007768,37409835.000000,375979.000000,0.010050
679,519,137,0.007944,0.007584,37494855.000000,364667.000000,0.009726
680,520,136,0.007891,0.007520,37573513.000000,369584.000000,0.009836
681,521,136,0.007899,0.007554,37660177.000000,366909.000000,0.009743
682,521,135,0.008196,0.007818,37705314.000000,373529.000000,0.009907
683,522,135,0.008033,0.007657,37747371.000000,369768.000000,0.009796
684,522,134,0.008281,0.007896,38028083.000000,377046.000000,0.009915
685,523,134,0.007959,0.007589,37817575.000000,366793.000000,0.009699
686,524,134,0.007934,0.007546,37870708.000000,370463.000000,0.009782
687,525,133,0.007995,0.007628,38036957.000000,367596.000000,0.009664
688,525,133,0.008306,0.007907,38240013.000000,374379.000000,0.009790
689,526,132,0.007995,0.007614,38197570.000000,368652.000000,0.009651
690,526,132,0.008126,0.007729,38675472.000000,375136.000000,0.009700
691,527,132,0.008080,0.007706,38651421.000000,370838.000000,0.009594
692,528,131,0.008160,0.007776,38857385.000000,375642.000000,0.009667
693,529,131,0.008206,0.007838,39160311.000000,376703.000000,0.009620
694,529,130,0.008159,0.007793,38900872.000000,378336.000000,0.009726
695,530,130,0.008250,0.007780,39028441.000000,385525.000000,0.009878
696,530,130,0.008278,0.007869,39037625.000000,378144.000000,0.009687
697,531,129,0.008818,0.008438,39372321.000000,382199.000000,0.009707
698,532,129,0.008158,0.007780,38970320.000000,378398.000000,0.009710
699,532,128,0.008181,0.007828,39003998.000000,376833.000000,0.009661
700,532,128,0.008179,0.007794,39116590.000000,378554.000000,0.009678
701,533,128,0.008216,0.007874,39311956.000000,376690.000000,0.009582
702,534,127,0.008219,0.007848,39420182.000000,378347.000000,0.009598
703,535,127,0.008298,0.007925,39568551.000000,379868.000000,0.009600
704,536,126,0.008604,0.008172,39986915.000000,387294.000000,0.009686
705,537,126,0.008353,0.008000,39808826.000000,382734.000000,0.009614
706,538,126,0.008365,0.007984,39902400.000000,385836.000000,0.009669
707,539,125,0.008433,0.008058,40085427.000000,385610.000000,0.009620
708,540,125,0.008644,0.008252,40248401.000000,393302.000000,0.009772
709,541,125,0.008555,0.008130,40403959.000000,391018.000000,0.009678
710,541,124,0.008499,0.008101,40536778.000000,392855.000000,0.009691
711,542,124,0.008581,0.008205,40467091.000000,386954.000000,0.009562
712,543,124,0.008476,0.008085,40544342.000000,390864.000000,0.009640
713,544,123,0.008510,0.008134,40688565.000000,388902.000000,0.009558
714,545,123,0.008548,0.008178,40846579.000000,392733.000000,0.009615
715,545,123,0.008556,0.008171,40960513.000000,388808.000000,0.009492
716,545,122,0.008657,0.008271,41180352.000000,394349.000000,0.009576
717,545,122,0.008534,0.008174,40845722.000000,387824.000000,0.009495
718,545,122,0.008539,0.008177,40888328.000000,394338.000000,0.009644
719,546,122,0.008685,0.008309,40945914.000000,392978.000000,0.009597
720,547,121,0.008948,0.008521,41274422.000000,403680.000000,0.009780
721,548,121,0.008664,0.008284,41214269.000000,393705.000000,0.009553
722,549,121,0.008735,0.008348,41401756.000000,399975.000000,0.009661
723,550,120,0.008753,0.008397,41640932.000000,396392.000000,0.009519
724,550,120,0.008811,0.008428,41560946.000000,401477.000000,0.009660
725,551,120,0.008754,0.008381,41701617.000000,396976.000000,0.009519
726,552,120,0.008755,0.008400,41788673.000000,398069.000000,0.009526
727,553,120,0.008801,0.008453,41887240.000000,401741.000000,0.009591
728,554,120,0.008783,0.008419,41932777.000000,399258.000000,0.009521
729,555,119,0.008830,0.008482,42205310.000000,405178.000000,0.009600
730,556,119,0.008875,0.008504,42254656.000000,400923.000000,0.009488
731,557,119,0.008922,0.008535,42435679.000000,408317.000000,0.009622
732,558,119,0.009086,0.008686,42614763.000000,404755.000000,0.009498
733,559,118,0.009062,0.008703,42841079.000000,409618.000000,0.009561
734,560,118,0.009031,0.008667,42860968.000000,406368.000000,0.009481
735,561,118,0.009076,0.008727,43118224.000000,410485.000000,0.009520
736,562,118,0.009119,0.008766,43176733.000000,406890.000000,0.009424
737,563,117,0.009165,0.008814,43448432.000000,413919.000000,0.009527
738,564,117,0.009144,0.008795,43473491.000000,408670.000000,0.009400
739,565,117,0.009133,0.008799,43556731.000000,410740.000000,0.009430
740,566,117,0.009300,0.008914,43737283.000000,416192.000000,0.009516
741,567,116,0.009279,0.008905,44040382.000000,417756.000000,0.009486
742,568,116,0.009470,0.009048,44430477.000000,426740.000000,0.009605
743,569,116,0.009395,0.008995,44571666.000000,421297.000000,0.009452
744,569,115,0.009374,0.008982,44692619.000000,425123.000000,0.009512
745,570,115,0.009442,0.009096,44869053.000000,423830.000000,0.009446
746,571,115,0.009467,0.009100,44996981.000000,425799.000000,0.009463
747,572,114,0.009465,0.009124,45032539.000000,428139.000000,0.009507
748,573,114,0.009453,0.009105,45084883.000000,422924.000000,0.009381
749,574,114,0.009509,0.009153,45224217.000000,429164.000000,0.009490
750,575,114,0.009537,0.009172,45308376.000000,424888.000000,0.009378
751,575,113,0.009580,0.009214,45648738.000000,429921.000000,0.009418
752,576,113,0.009646,0.009285,45687581.000000,430833.000000,0.009430
753,577,113,0.010005,0.009639,45855169.000000,438904.000000,0.009572
754,578,112,0.010257,0.009874,45990804.000000,434462.000000,0.009447
755,579,112,0.009624,0.009251,45830374.000000,429915.000000,0.009381
756,579,112,0.009733,0.009356,46198538.000000,437436.000000,0.009469
757,580,111,0.009697,0.009310,46145428.000000,433170.000000,0.009387
758,581,111,0.009649,0.009266,46016014.000000,433427.000000,0.009419
759,582,111,0.009737,0.009356,46683813.000000,434844.000000,0.009315
760,583,110,0.009649,0.009283,46499967.000000,433822.000000,0.009330
761,584,110,0.009733,0.009347,46882414.000000,439562.000000,0.009376
762,585,110,0.009733,0.009367,46965378.000000,433900.000000,0.009239
763,586,109,0.009995,0.009631,47382002.000000,451081.000000,0.009520
764,587,109,0.009870,0.009474,47338168.000000,438267.000000,0.009258
765,588,109,0.009910,0.009550,47684794.000000,443569.000000,0.009302
766,589,109,0.009873,0.009490,47538806.000000,445543.000000,0.009372
767,590,108,0.010000,0.009621,48071614.000000,443752.000000,0.009231
768,591,108,0.010082,0.009712,48554220.000000,451024.000000,0.009289
769,591,108,0.010083,0.009723,48696550.000000,446542.000000,0.009170
770,592,107,0.010064,0.009702,48538272.000000,447215.000000,0.009214
771,593,107,0.010154,0.009775,48943201.000000,453938.000000,0.009275
772,594,107,0.010094,0.009717,48713717.000000,446375.000000,0.009163
773,595,106,0.010533,0.010133,49237473.000000,460291.000000,0.009348
774,596,106,0.010217,0.009844,49252865.000000,452548.000000,0.009188
775,597,106,0.010280,0.009896,49618312.000000,457043.000000,0.009211
776,598,105,0.010431,0.010050,49983803.000000,461919.000000,0.009241
777,599,105,0.010372,0.010033,50032942.000000,458705.000000,0.009168
778,599,105,0.010365,0.010009,50031294.000000,462125.000000,0.009237
779,599,104,0.010476,0.010141,50010783.000000,457596.000000,0.009150
780,600,104,0.010394,0.010033,50089142.000000,458802.000000,0.009160
781,601,104,0.010390,0.010044,50224049.000000,465844.000000,0.009275
782,602,104,0.010394,0.010039,50281565.000000,461236.000000,0.009173
783,602,103,0.010742,0.010360,50792057.000000,468023.000000,0.009214
784,602,103,0.011503,0.011033,51094943.000000,494388.000000,0.009676
785,603,102,0.012081,0.011735,51537755.000000,480637.000000,0.009326
786,604,102,0.010461,0.010097,50568263.000000,461731.000000,0.009131
787,605,101,0.011228,0.010857,51068029.000000,478390.000000,0.009368
788,606,101,0.010950,0.010574,51117795.000000,470566.000000,0.009206
789,607,101,0.011067,0.010676,51645437.000000,475497.000000,0.009207
790,608,100,0.011044,0.010666,51479982.000000,476578.000000,0.009258
791,608,100,0.011007,0.010655,51497016.000000,474899.000000,0.009222
792,609,100,0.011217,0.010830,51639391.000000,475213.000000,0.009203
793,610,99,0.010798,0.010409,52119127.000000,480393.000000,0.009217
794,611,99,0.010650,0.010280,51830209.000000,472438.000000,0.009115
795,612,99,0.010850,0.010483,52430403.000000,474689.000000,0.009054
796,613,98,0.010915,0.010540,52790247.000000,480916.000000,0.009110
797,614,98,0.010834,0.010476,52717360.000000,476962.000000,0.009048
798,615,98,0.010849,0.010493,52864539.000000,475494.000000,0.008995
799,616,98,0.011247,0.010871,52904403.000000,482411.000000,0.009119
800,617,97,0.011183,0.010708,53229360.000000,493563.000000,0.009272
801,618,97,0.011170,0.010790,53591254.000000,484458.000000,0.009040
802,618,97,0.011161,0.010742,53711126.000000,486626.000000,0.009060
803,618,96,0.011250,0.010853,53434540.000000,481794.000000,0.009017
804,618,96,0.011246,0.010869,53686468.000000,487126.000000,0.009074
805,619,96,0.011167,0.010796,53879872.000000,488025.000000,0.009058
806,619,96,0.011092,0.010757,53713413.000000,483581.000000,0.009003
807,619,95,0.011108,0.010740,53857424.000000,484472.000000,0.008995
808,620,95,0.011382,0.010996,54507244.000000,496805.000000,0.009114
809,620,95,0.011278,0.010898,54178091.000000,489587.000000,0.009037
810,621,94,0.011635,0.011256,54892639.000000,495723.000000,0.009031
811,622,94,0.011466,0.011063,54823481.000000,497386.000000,0.009072
812,623,94,0.011448,0.011089,54831469.000000,496032.000000,0.009046
813,624,94,0.011572,0.011196,55015038.000000,497209.000000,0.009038
814,625,93,0.011630,0.011250,55328781.000000,504313.000000,0.009115
815,626,93,0.011639,0.011279,55399794.000000,500224.000000,0.009029
816,627,93,0.011622,0.011257,55471457.000000,500600.000000,0.009024
817,628,93,0.011658,0.011266,55710075.000000,508414.000000,0.009126
818,629,92,0.011720,0.011328,55865600.000000,509010.000000,0.009111
819,629,92,0.011652,0.011303,55700668.000000,502241.000000,0.009017
820,630,92,0.011703,0.011335,55832671.000000,507483.000000,0.009089
821,631,91,0.011810,0.011444,56012963.000000,511629.000000,0.009134
822,632,91,0.011809,0.011428,56081135.000000,508198.000000,0.009062
823,633,91,0.011803,0.011453,56310953.000000,508517.000000,0.009031
824,634,91,0.011879,0.011480,56469614.000000,512275.000000,0.009072
825,635,90,0.011916,0.011567,56845869.000000,509550.000000,0.008964
826,636,90,0.011926,0.011553,56958511.000000,509969.000000,0.008953
827,637,90,0.012164,0.011784,57475478.000000,516092.000000,0.008979
828,637,90,0.011872,0.011497,57459664.000000,513378.000000,0.008935
829,637,89,0.011800,0.011459,57367672.000000,508612.000000,0.008866
830,637,89,0.011911,0.011567,57434909.000000,511412.000000,0.008904
831,638,89,0.011839,0.011481,57437551.000000,512508.000000,0.008923
832,639,89,0.011864,0.011498,57517728.000000,512120.000000,0.008904
833,640,88,0.012495,0.012106,57988599.000000,515511.000000,0.008890
834,641,88,0.012003,0.011625,58266164.000000,517099.000000,0.008875
835,642,88,0.013185,0.012668,58186452.000000,526509.000000,0.009049
836,643,87,0.012694,0.012182,58462925.000000,522529.000000,0.008938
837,644,87,0.012623,0.012222,58676696.000000,525346.000000,0.008953
838,645,87,0.012591,0.012205,58865835.000000,527415.000000,0.008960
839,646,87,0.012653,0.012237,58898500.000000,531562.000000,0.009025
840,647,86,0.012808,0.012256,58770331.000000,525406.000000,0.008940
841,648,86,0.012378,0.011865,59040487.000000,526435.000000,0.008917
842,649,86,0.012351,0.011846,58831279.000000,525102.000000,0.008926
843,650,86,0.012594,0.012067,59362828.000000,537402.000000,0.009053
844,651,85,0.012498,0.011987,59410586.000000,530224.000000,0.008925
845,651,85,0.012476,0.011974,59552428.000000,528158.000000,0.008869
846,652,85,0.012561,0.012054,59595563.000000,529847.000000,0.008891
847,653,85,0.012561,0.012034,59817558.000000,535033.000000,0.008944
848,654,85,0.012538,0.012040,59910504.000000,529968.000000,0.008846
849,655,85,0.012573,0.012090,60020225.000000,534391.000000,0.008904
850,655,84,0.012597,0.012097,60011603.000000,534342.000000,0.008904
851,656,84,0.012690,0.012162,60243757.000000,538970.000000,0.008946
852,657,84,0.012659,0.012153,60357502.000000,535759.000000,0.008876
853,658,84,0.012640,0.012139,60343483.000000,536113.000000,0.008884
854,659,84,0.012695,0.012184,60538421.000000,537319.000000,0.008876
855,660,83,0.012788,0.012260,60985528.000000,542873.000000,0.008902
856,661,83,0.012859,0.012357,61484146.000000,542312.000000,0.008820
857,662,83,0.012971,0.012457,61892307.000000,547022.000000,0.008838
858,662,83,0.012981,0.012450,62087169.000000,548787.000000,0.008839
859,663,82,0.013004,0.012624,61984520.000000,546957.000000,0.008824
860,664,82,0.012911,0.012512,62160641.000000,548407.000000,0.008822
861,665,82,0.012848,0.012499,62193052.000000,544233.000000,0.008751
862,666,82,0.012987,0.012618,62341045.000000,546401.000000,0.008765
863,667,82,0.012993,0.012642,62436393.000000,550224.000000,0.008813
864,667,81,0.012954,0.012584,62415062.000000,553085.000000,0.008861
865,667,81,0.012978,0.012604,62501356.000000,549243.000000,0.008788
866,667,81,0.012995,0.012617,62719527.000000,549965.000000,0.008769
867,668,81,0.013140,0.012753,62983203.000000,551265.000000,0.008753
868,668,81,0.013008,0.012660,62599274.000000,548097.000000,0.008756
869,669,80,0.013474,0.013094,62985434.000000,556816.000000,0.008840
870,670,80,0.013672,0.013275,63063511.000000,555677.000000,0.008811
871,670,80,0.013221,0.012812,63263439.000000,553083.000000,0.008743
872,670,80,0.013084,0.012690,63496288.000000,552229.000000,0.008697
873,670,80,0.013061,0.012679,63821568.000000,553364.000000,0.008670
874,670,79,0.013816,0.013343,63729767.000000,565703.000000,0.008877
875,671,79,0.013257,0.012838,63722755.000000,557287.000000,0.008745
876,672,79,0.013830,0.013413,64283587.000000,564387.000000,0.008780
877,673,79,0.013710,0.013295,64272203.000000,562098.000000,0.008746
878,674,79,0.013863,0.013462,64827924.000000,570580.000000,0.008801
879,674,78,0.013555,0.013152,64713353.000000,571171.000000,0.008826
880,675,78,0.013784,0.013261,64757084.000000,565419.000000,0.008731
881,676,78,0.013817,0.013081,65437459.000000,585445.000000,0.008947
882,676,78,0.013695,0.013290,65582423.000000,573497.000000,0.008745
883,676,77,0.014028,0.013642,65823830.000000,575522.000000,0.008743
884,677,77,0.014084,0.013705,65656312.000000,576598.000000,0.008782
885,678,77,0.014070,0.013669,65890729.000000,581628.000000,0.008827
886,679,77,0.014019,0.013611,65964347.000000,577927.000000,0.008761
887,679,77,0.014255,0.013840,66454325.000000,580775.000000,0.008739
888,680,76,0.014114,0.013722,66587100.000000,577240.000000,0.008669
889,681,76,0.014373,0.013961,66961272.000000,584918.000000,0.008735
890,681,76,0.013981,0.013579,66917262.000000,578516.000000,0.008645
891,681,76,0.013923,0.013510,66542898.000000,580811.000000,0.008728
892,682,76,0.013871,0.013480,66661882.000000,577784.000000,0.008667
893,682,75,0.013859,0.013501,66872833.000000,577942.000000,0.008642
894,683,75,0.013835,0.013460,66964105.000000,579304.000000,0.008651
895,684,75,0.013946,0.013567,67236346.000000,580010.000000,0.008626
896,685,75,0.014290,0.013882,67605955.000000,585639.000000,0.008663
897,686,75,0.014092,0.013727,67575496.000000,581701.000000,0.008608
898,687,75,0.013886,0.013490,67651565.000000,584492.000000,0.008640
899,687,75,0.013919,0.013560,67723531.000000,580422.000000,0.008570
900,688,75,0.013963,0.013585,67868577.000000,580193.000000,0.008549
901,688,74,0.014043,0.013666,68121675.000000,582274.000000,0.008548
902,689,74,0.013990,0.013612,68234768.000000,582991.000000,0.008544
903,690,74,0.014193,0.013838,68598900.000000,585768.000000,0.008539
904,691,74,0.014140,0.013752,68678119.000000,589886.000000,0.008589
905,691,74,0.014108,0.013757,68693020.000000,586409.000000,0.008537
906,692,74,0.014182,0.013779,68817396.000000,588083.000000,0.008546
907,692,73,0.014418,0.013956,68944141.000000,587989.000000,0.008528
908,693,73,0.014547,0.014109,69137448.000000,589405.000000,0.008525
909,694,73,0.014403,0.014041,69466544.000000,593849.000000,0.008549
910,694,73,0.014364,0.013974,69553863.000000,592858.000000,0.008524
911,695,73,0.014361,0.013971,69634934.000000,600025.000000,0.008617
912,695,73,0.014312,0.013963,69573224.000000,591013.000000,0.008495
913,696,73,0.014288,0.013934,69581038.000000,596313.000000,0.008570
914,697,72,0.014313,0.013938,69664768.000000,594378.000000,0.008532
915,698,72,0.014300,0.013946,69762540.000000,592358.000000,0.008491
916,698,72,0.014343,0.013999,69755314.000000,594951.000000,0.008529
917,699,72,0.014443,0.014080,69861208.000000,596813.000000,0.008543
918,700,72,0.015317,0.014768,70070449.000000,604625.000000,0.008629
919,701,72,0.015257,0.014728,71083243.000000,610910.000000,0.008594
920,701,71,0.015140,0.014595,70805447.000000,608689.000000,0.008597
921,702,71,0.015234,0.014683,70896231.000000,606332.000000,0.008552
922,703,71,0.015141,0.014618,70964492.000000,609063.000000,0.008583
923,704,71,0.015356,0.014823,71257410.000000,607632.000000,0.008527
924,705,71,0.015299,0.014728,71224140.000000,601895.000000,0.008451
925,706,70,0.014717,0.014328,71407077.000000,601878.000000,0.008429
926,707,70,0.014714,0.014324,71789099.000000,606008.000000,0.008442
927,708,70,0.014686,0.014322,71631387.000000,604468.000000,0.008439
928,709,70,0.014753,0.014333,71785167.000000,608052.000000,0.008470
929,709,70,0.014821,0.014458,72034764.000000,605948.000000,0.008412
930,709,70,0.014970,0.014575,72272584.000000,611850.000000,0.008466
931,710,70,0.014921,0.014532,72387253.000000,610568.000000,0.008435
932,711,70,0.014874,0.014493,72121064.000000,609818.000000,0.008455
933,712,69,0.014906,0.014546,72240366.000000,608652.000000,0.008425
934,712,69,0.014928,0.014537,72379705.000000,610942.000000,0.008441
935,713,69,0.015071,0.014712,72726654.000000,610478.000000,0.008394
936,714,69,0.015126,0.014748,72827874.000000,611602.000000,0.008398
937,715,69,0.015315,0.014924,73143388.000000,618091.000000,0.008450
938,716,69,0.015193,0.014774,73248239.000000,618276.000000,0.008441
939,717,69,0.015128,0.014739,73297768.000000,616762.000000,0.008414
940,718,69,0.015216,0.014824,73494001.000000,619084.000000,0.008424
941,719,68,0.015326,0.014944,74083375.000000,620288.000000,0.008373
942,720,68,0.015334,0.014948,74078777.000000,620083.000000,0.008371
943,721,68,0.015364,0.014976,74152405.000000,626754.000000,0.008452
944,722,68,0.015393,0.014988,74350060.000000,621231.000000,0.008355
945,722,68,0.015272,0.014899,74572193.000000,622172.000000,0.008343
946,723,68,0.015313,0.014926,74717238.000000,627339.000000,0.008396
947,723,68,0.015305,0.014922,74890045.000000,622946.000000,0.008318
948,723,68,0.015422,0.015032,75166993.000000,623992.000000,0.008301
949,724,68,0.015423,0.014946,75066227.000000,636059.000000,0.008473
950,725,68,0.015624,0.015227,75311476.000000,631551.000000,0.008386
951,726,67,0.015531,0.015101,75639252.000000,636645.000000,0.008417
952,727,67,0.015501,0.015107,75766748.000000,630714.000000,0.008324
953,728,67,0.015537,0.015152,75986932.000000,631013.000000,0.008304
954,729,67,0.015615,0.015221,76218780.000000,633252.000000,0.008308
955,730,67,0.015743,0.015356,76886214.000000,639658.000000,0.008320
956,731,67,0.015765,0.015372,76706630.000000,640237.000000,0.008347
957,732,67,0.015838,0.015445,77107967.000000,639472.000000,0.008293
958,733,66,0.015881,0.015486,77493208.000000,640674.000000,0.008267
959,734,66,0.015973,0.015613,77631982.000000,642929.000000,0.008282
960,735,66,0.015872,0.015494,77678962.000000,643005.000000,0.008278
961,736,66,0.015915,0.015559,77801947.000000,642951.000000,0.008264
962,737,66,0.015979,0.015589,77948637.000000,643080.000000,0.008250
963,738,66,0.016355,0.015955,78543591.000000,653341.000000,0.008318
964,738,66,0.016225,0.015834,78094291.000000,650525.000000,0.008330
965,739,65,0.016258,0.015865,78237039.000000,648545.000000,0.008289
966,740,65,0.016202,0.015802,78369049.000000,650761.000000,0.008304
967,741,65,0.016176,0.015783,78382725.000000,649975.000000,0.008292
968,741,65,0.016169,0.015778,78570039.000000,652089.000000,0.008299
969,742,65,0.016375,0.015983,78503902.000000,652864.000000,0.008316
970,743,65,0.016160,0.015765,78570626.000000,652997.000000,0.008311
971,744,65,0.016204,0.015844,78863251.000000,655350.000000,0.008310
972,745,65,0.016254,0.015856,79005209.000000,658038.000000,0.008329
973,746,64,0.016323,0.015955,79328612.000000,657685.000000,0.008291
974,747,64,0.016510,0.016120,79521138.000000,660724.000000,0.008309
975,748,64,0.016644,0.016211,80033942.000000,665615.000000,0.008317
976,748,64,0.016611,0.016208,80549058.000000,663150.000000,0.008233
977,748,64,0.016537,0.016138,80350698.000000,660785.000000,0.008224
978,748,64,0.016722,0.016327,80819248.000000,666104.000000,0.008242
979,749,64,0.016585,0.016218,80435599.000000,662058.000000,0.008231
980,750,63,0.016618,0.016234,80562197.000000,662433.000000,0.008223
981,750,63,0.016672,0.016303,80687563.000000,666518.000000,0.008260
982,751,63,0.016604,0.016202,80773944.000000,663345.000000,0.008212
983,752,63,0.016747,0.016341,81267462.000000,668316.000000,0.008224
984,752,63,0.016639,0.016241,80990078.000000,665498.000000,0.008217
985,753,63,0.016685,0.016310,81292125.000000,665664.000000,0.008189
986,754,63,0.016808,0.016423,81447824.000000,666470.000000,0.008183
987,755,63,0.016929,0.016526,81753837.000000,675004.000000,0.008257
988,755,63,0.016879,0.016482,82109264.000000,675481.000000,0.008227
989,756,62,0.016975,0.016609,82033713.000000,676413.000000,0.008246
990,756,62,0.016818,0.016452,81961447.000000,674332.000000,0.008227
991,757,62,0.016845,0.016473,81983552.000000,675212.000000,0.008236
992,758,62,0.016938,0.016539,82160773.000000,675021.000000,0.008216
993,759,62,0.017079,0.016678,82669709.000000,678848.000000,0.008212
994,760,62,0.017053,0.016665,82578260.000000,678458.000000,0.008216
995,761,62,0.017111,0.016705,82871173.000000,680753.000000,0.008215
996,762,61,0.017144,0.016750,83482002.000000,683511.000000,0.008188
997,762,61,0.017283,0.016886,83521659.000000,684117.000000,0.008191
998,762,61,0.017668,0.017295,83833565.000000,696706.000000,0.008311
999,762,61,0.017254,0.016876,83604731.000000,684201.000000,0.008184
1000,763,61,0.017246,0.016836,83777086.000000,686253.000000,0.008191
1001,764,61,0.017219,0.016818,84012272.000000,687424.000000,0.008182
1002,764,61,0.017181,0.016807,84040106.000000,684659.000000,0.008147
1003,765,61,0.017222,0.016824,84154686.000000,685452.000000,0.008145
1004,765,60,0.017341,0.016945,84413960.000000,684796.000000,0.008112
1005,765,60,0.017338,0.016938,84464843.000000,687438.000000,0.008139
1006,766,60,0.017198,0.016799,84183943.000000,684009.000000,0.008125
1007,767,60,0.017341,0.016935,84685817.000000,688770.000000,0.008133
1008,768,60,0.017360,0.016973,84856068.000000,692097.000000,0.008156
1009,769,60,0.017422,0.017024,85128496.000000,697715.000000,0.008196
1010,770,60,0.017665,0.017178,85545282.000000,712019.000000,0.008323
1011,771,60,0.017645,0.017233,85624436.000000,702456.000000,0.008204
1012,772,59,0.017715,0.017318,86109224.000000,703456.000000,0.008169
