frame,nb of entities,FPS,frame length,physics length,L1-dcache-loads,L1-dcache-load-misses,L1-dcache-load-miss-ratio
0,3,302,0.001595,0.000029,654882.000000,35921.000000,0.054851
1,4,302,0.003324,0.000025,757395.000000,37437.000000,0.049429
2,5,302,0.003316,0.000044,685025.000000,38179.000000,0.055734
3,6,302,0.003339,0.000026,645130.000000,37127.000000,0.057550
4,7,302,0.003329,0.000031,643652.000000,37237.000000,0.057853
5,8,302,0.003325,0.000039,721707.000000,33612.000000,0.046573
6,9,302,0.003321,0.000030,774167.000000,37721.000000,0.048725
7,10,302,0.003331,0.000035,745542.000000,37547.000000,0.050362
8,11,302,0.003314,0.000045,767921.000000,42284.000000,0.055063
9,12,302,0.003321,0.000038,765850.000000,37361.000000,0.048784
10,13,302,0.003323,0.000037,726914.000000,33519.000000,0.046111
11,14,302,0.003323,0.000046,773240.000000,37981.000000,0.049119
12,15,302,0.003324,0.000038,753323.000000,37181.000000,0.049356
13,16,302,0.003329,0.000042,772954.000000,38726.000000,0.050101
14,17,302,0.003317,0.000087,804511.000000,39014.000000,0.048494
15,18,302,0.003324,0.000047,762090.000000,34023.000000,0.044644
16,19,302,0.003321,0.000045,781935.000000,37424.000000,0.047861
17,20,302,0.003324,0.000055,782098.000000,38049.000000,0.048650
18,21,302,0.003321,0.000047,780809.000000,37690.000000,0.048270
19,22,302,0.003326,0.000049,807658.000000,38236.000000,0.047342
20,23,302,0.003322,0.000068,802000.000000,39039.000000,0.048677
21,24,302,0.003340,0.000068,772106.000000,44354.000000,0.057445
22,24,302,0.003326,0.000061,759048.000000,44380.000000,0.058468
23,24,302,0.003331,0.000059,747385.000000,43361.000000,0.058017
24,25,302,0.003328,0.000069,739060.000000,43026.000000,0.058217
25,26,302,0.003330,0.000072,718739.000000,39294.000000,0.054671
26,27,302,0.003328,0.000069,764689.000000,44777.000000,0.058556
27,28,302,0.003336,0.000074,767963.000000,43806.000000,0.057042
28,28,302,0.003326,0.000067,758429.000000,44503.000000,0.058678
29,29,302,0.003326,0.000076,778386.000000,45611.000000,0.058597
30,30,302,0.003327,0.000082,726403.000000,40520.000000,0.055782
31,31,302,0.003329,0.000078,770356.000000,44538.000000,0.057815
32,32,302,0.003328,0.000082,786188.000000,44959.000000,0.057186
33,33,302,0.003329,0.000095,791519.000000,45301.000000,0.057233
34,34,303,0.003326,0.000089,873242.000000,44707.000000,0.051197
35,35,303,0.003314,0.000070,841353.000000,35819.000000,0.042573
36,35,303,0.003327,0.000061,852376.000000,38767.000000,0.045481
37,36,303,0.003318,0.000068,898565.000000,40613.000000,0.045198
38,37,303,0.003329,0.000055,879180.000000,40219.000000,0.045746
39,38,303,0.003318,0.000088,909829.000000,40141.000000,0.044119
40,39,303,0.003325,0.000098,883150.000000,43028.000000,0.048721
41,40,303,0.003316,0.000111,947728.000000,47221.000000,0.049825
42,40,303,0.003327,0.000062,908999.000000,39543.000000,0.043502
43,41,303,0.003321,0.000078,891386.000000,39331.000000,0.044123
44,42,303,0.003327,0.000084,938047.000000,40576.000000,0.043256
45,43,303,0.003319,0.000082,888156.000000,37569.000000,0.042300
46,44,303,0.003321,0.000081,934406.000000,40387.000000,0.043222
47,45,303,0.003323,0.000069,924564.000000,40169.000000,0.043446
48,46,303,0.003324,0.000084,909339.000000,39722.000000,0.043682
49,47,303,0.003321,0.000086,911186.000000,39689.000000,0.043558
50,48,303,0.003324,0.000087,892282.000000,36550.000000,0.040962
51,49,303,0.003324,0.000079,952945.000000,40705.000000,0.042715
52,49,303,0.003325,0.000080,939861.000000,40478.000000,0.043068
53,50,303,0.003321,0.000093,954175.000000,40983.000000,0.042951
54,50,303,0.003321,0.000066,918386.000000,38924.000000,0.042383
55,51,303,0.003322,0.000088,888103.000000,35833.000000,0.040348
56,52,303,0.003325,0.000087,927498.000000,40242.000000,0.043388
57,53,303,0.003319,0.000119,992826.000000,44855.000000,0.045179
58,54,303,0.003321,0.000097,978286.000000,41513.000000,0.042434
59,55,303,0.003328,0.000099,966990.000000,41216.000000,0.042623
60,56,300,0.003317,0.000094,935012.000000,36367.000000,0.038895
61,57,300,0.003327,0.000102,1018727.000000,41592.000000,0.040827
62,58,300,0.003320,0.000099,1030632.000000,41792.000000,0.040550
63,58,300,0.003325,0.000095,1014542.000000,40608.000000,0.040026
64,59,300,0.003333,0.000093,908039.000000,40927.000000,0.045072
65,60,300,0.003343,0.000109,917891.000000,38411.000000,0.041847
66,60,300,0.003337,0.000096,920258.000000,41048.000000,0.044605
67,61,300,0.003353,0.000103,925909.000000,41446.000000,0.044762
68,62,300,0.003338,0.000110,924067.000000,41719.000000,0.045147
69,63,300,0.003347,0.000099,950880.000000,42340.000000,0.044527
70,63,300,0.003336,0.000104,884517.000000,37926.000000,0.042878
71,64,300,0.003344,0.000099,919124.000000,40399.000000,0.043954
72,65,300,0.003343,0.000109,922824.000000,40814.000000,0.044227
73,66,300,0.003327,0.000112,945582.000000,41732.000000,0.044134
74,67,300,0.003337,0.000113,935173.000000,40658.000000,0.043476
75,68,300,0.003352,0.000127,940799.000000,38782.000000,0.041222
76,69,300,0.003343,0.000131,969329.000000,42397.000000,0.043739
77,70,300,0.003355,0.000137,1030378.000000,43689.000000,0.042401
78,71,300,0.003322,0.000130,1064074.000000,42359.000000,0.039808
79,72,300,0.003320,0.000141,1125086.000000,43556.000000,0.038713
80,73,300,0.003345,0.000130,979270.000000,38548.000000,0.039364
81,74,300,0.003322,0.000134,1089879.000000,42765.000000,0.039238
82,74,300,0.003318,0.000132,1115739.000000,42443.000000,0.038040
83,75,300,0.003320,0.000131,1120444.000000,41735.000000,0.037249
84,76,300,0.003323,0.000132,1113555.000000,41852.000000,0.037584
85,77,300,0.003325,0.000136,1096211.000000,38605.000000,0.035217
86,77,300,0.003325,0.000131,1104887.000000,42151.000000,0.038150
87,78,300,0.003322,0.000138,1127001.000000,42499.000000,0.037710
88,78,300,0.003321,0.000118,1123825.000000,42261.000000,0.037605
89,78,300,0.003327,0.000117,1122156.000000,41400.000000,0.036893
90,79,300,0.003325,0.000123,1122615.000000,38472.000000,0.034270
91,80,300,0.003321,0.000137,1194997.000000,43283.000000,0.036220
92,81,300,0.003328,0.000138,1170373.000000,42611.000000,0.036408
93,81,300,0.003321,0.000145,1197213.000000,42278.000000,0.035314
94,82,300,0.003327,0.000146,1222251.000000,43431.000000,0.035534
95,83,300,0.003319,0.000163,1182851.000000,39543.000000,0.033430
96,84,300,0.003328,0.000147,1219497.000000,42950.000000,0.035219
97,85,300,0.003321,0.000167,1237133.000000,43779.000000,0.035387
98,85,300,0.003326,0.000179,1229640.000000,44661.000000,0.036320
99,86,300,0.003320,0.000169,1237003.000000,44150.000000,0.035691
100,87,300,0.003326,0.000152,1205145.000000,40343.000000,0.033476
101,88,300,0.003320,0.000180,1264767.000000,43914.000000,0.034721
102,89,300,0.003330,0.000188,1295602.000000,45824.000000,0.035369
103,89,300,0.003317,0.000182,1308993.000000,44295.000000,0.033839
104,90,300,0.003329,0.000169,1309210.000000,44192.000000,0.033755
105,90,300,0.003319,0.000194,1325654.000000,41856.000000,0.031574
106,91,300,0.003326,0.000181,1368846.000000,45627.000000,0.033332
107,91,300,0.003322,0.000187,1376551.000000,45162.000000,0.032808
108,92,300,0.003327,0.000185,1368395.000000,45074.000000,0.032939
109,93,300,0.003323,0.000244,1436151.000000,49300.000000,0.034328
110,94,300,0.003323,0.000192,1377712.000000,42325.000000,0.030721
111,94,300,0.003347,0.000192,1335827.000000,45759.000000,0.034255
112,94,300,0.003336,0.000217,1360731.000000,45962.000000,0.033777
113,95,300,0.003345,0.000200,1354923.000000,46323.000000,0.034189
114,95,300,0.003337,0.000172,1345048.000000,45723.000000,0.033994
115,96,300,0.003339,0.000198,1322294.000000,42106.000000,0.031843
116,97,300,0.003337,0.000198,1379415.000000,46204.000000,0.033495
117,98,300,0.003344,0.000222,1398741.000000,47790.000000,0.034166
118,98,300,0.003338,0.000206,1377296.000000,46240.000000,0.033573
119,99,300,0.003344,0.000211,1425009.000000,47842.000000,0.033573
120,99,300,0.003328,0.000215,1365318.000000,42797.000000,0.031346
121,100,300,0.003345,0.000213,1402712.000000,46065.000000,0.032840
122,101,300,0.003336,0.000226,1410654.000000,46874.000000,0.033229
123,102,300,0.003346,0.000226,1424352.000000,47665.000000,0.033464
124,103,300,0.003339,0.000239,1439882.000000,46587.000000,0.032355
125,104,300,0.003353,0.000236,1478588.000000,44922.000000,0.030382
126,104,300,0.003387,0.000251,1480708.000000,47871.000000,0.032330
127,104,300,0.003362,0.000223,1466172.000000,47443.000000,0.032358
128,105,300,0.003339,0.000252,1475315.000000,47164.000000,0.031969
129,106,300,0.003361,0.000285,1549689.000000,49808.000000,0.032141
130,107,300,0.003337,0.000280,1537554.000000,45589.000000,0.029650
131,108,299,0.003360,0.000301,1601559.000000,49850.000000,0.031126
132,109,299,0.003351,0.000288,1615477.000000,50008.000000,0.030956
133,109,299,0.003354,0.000266,1671482.000000,50098.000000,0.029972
134,110,299,0.003345,0.000294,1594724.000000,45844.000000,0.028747
135,110,299,0.003345,0.000272,1644292.000000,50563.000000,0.030751
136,111,299,0.003350,0.000266,1635146.000000,49876.000000,0.030502
137,112,299,0.003352,0.000281,1696427.000000,51936.000000,0.030615
138,112,299,0.003365,0.000286,1679801.000000,51801.000000,0.030838
139,113,299,0.003353,0.000289,1640776.000000,46419.000000,0.028291
140,114,299,0.003353,0.000287,1691174.000000,51372.000000,0.030377
141,115,299,0.003351,0.000300,1717914.000000,52599.000000,0.030618
142,116,299,0.003356,0.000260,1748173.000000,52587.000000,0.030081
143,117,299,0.003347,0.000289,1746830.000000,51134.000000,0.029272
144,118,299,0.003349,0.000297,1718074.000000,48464.000000,0.028208
145,119,299,0.003351,0.000313,1804562.000000,53698.000000,0.029757
146,119,299,0.003330,0.000339,1854591.000000,52446.000000,0.028279
147,119,299,0.003312,0.000313,1950766.000000,53425.000000,0.027387
148,120,299,0.003330,0.000336,2003573.000000,54807.000000,0.027355
149,121,299,0.003320,0.000283,1900282.000000,48783.000000,0.025671
150,122,299,0.003319,0.000353,1941701.000000,53460.000000,0.027533
151,122,299,0.003319,0.000366,1995804.000000,53941.000000,0.027027
152,123,299,0.003328,0.000385,2079951.000000,54843.000000,0.026367
153,124,299,0.003318,0.000404,2109869.000000,56279.000000,0.026674
154,125,299,0.003323,0.000375,2077255.000000,52593.000000,0.025319
155,126,299,0.003321,0.000430,2156583.000000,56853.000000,0.026363
156,126,299,0.003329,0.000361,2166068.000000,56112.000000,0.025905
157,127,299,0.003321,0.000422,2149287.000000,56342.000000,0.026214
158,128,299,0.003324,0.000420,2194524.000000,56353.000000,0.025679
159,129,299,0.003323,0.000340,2272308.000000,53005.000000,0.023327
160,130,299,0.003325,0.000403,2261103.000000,58068.000000,0.025681
161,131,299,0.003320,0.000447,2278345.000000,58082.000000,0.025493
162,132,299,0.003322,0.000391,2306185.000000,57600.000000,0.024976
163,132,299,0.003325,0.000442,2303985.000000,57845.000000,0.025107
164,133,299,0.003323,0.000404,2284482.000000,53316.000000,0.023338
165,134,299,0.003323,0.000414,2384535.000000,58816.000000,0.024666
166,135,299,0.003326,0.000478,2428221.000000,61017.000000,0.025128
167,136,299,0.003321,0.000454,2502847.000000,59168.000000,0.023640
168,137,299,0.003325,0.000456,2500168.000000,59745.000000,0.023896
169,138,299,0.003329,0.000495,2484185.000000,56150.000000,0.022603
170,139,299,0.003320,0.000454,2522768.000000,59847.000000,0.023723
171,140,299,0.003328,0.000477,2604656.000000,61202.000000,0.023497
172,141,299,0.003340,0.000550,2565998.000000,62523.000000,0.024366
173,142,299,0.003366,0.000462,2651259.000000,65605.000000,0.024745
174,143,299,0.003357,0.000506,2628351.000000,60218.000000,0.022911
175,144,299,0.003362,0.000521,2687030.000000,63427.000000,0.023605
176,145,299,0.003324,0.000511,2760208.000000,63046.000000,0.022841
177,146,299,0.003318,0.000524,2846378.000000,64133.000000,0.022531
178,146,299,0.003319,0.000535,2846631.000000,63099.000000,0.022166
179,147,299,0.003341,0.000567,2663121.000000,58770.000000,0.022068
180,148,299,0.003348,0.000462,2707409.000000,63094.000000,0.023304
181,149,299,0.003373,0.000517,2731345.000000,63409.000000,0.023215
182,150,299,0.003404,0.000642,2747745.000000,64908.000000,0.023622
183,151,299,0.003365,0.000536,2838416.000000,68229.000000,0.024038
184,151,299,0.003360,0.000599,2823720.000000,60261.000000,0.021341
185,152,299,0.003374,0.000595,2920796.000000,66291.000000,0.022696
186,153,299,0.003361,0.000533,2899193.000000,63784.000000,0.022001
187,154,299,0.003366,0.000610,2973106.000000,65708.000000,0.022101
188,155,299,0.003372,0.000638,3020147.000000,67700.000000,0.022416
189,156,299,0.003379,0.000707,3076962.000000,65205.000000,0.021191
190,156,299,0.003365,0.000681,3050793.000000,66775.000000,0.021888
191,157,299,0.003330,0.000660,3135160.000000,68155.000000,0.021739
192,157,299,0.003317,0.000526,3193866.000000,65046.000000,0.020366
193,158,299,0.003348,0.000631,3224225.000000,67966.000000,0.021080
194,159,299,0.003335,0.000577,3113660.000000,63933.000000,0.020533
195,159,299,0.003330,0.000696,3256005.000000,66264.000000,0.020351
196,160,299,0.003317,0.000755,3368428.000000,72709.000000,0.021585
197,161,299,0.003324,0.000597,3379994.000000,69004.000000,0.020415
198,161,299,0.003322,0.000802,3424497.000000,73102.000000,0.021347
199,162,299,0.003325,0.000666,3395856.000000,65590.000000,0.019315
200,162,299,0.003325,0.000656,3401941.000000,69867.000000,0.020537
201,162,299,0.003322,0.000731,3428064.000000,67519.000000,0.019696
202,163,299,0.003330,0.000599,3494131.000000,69462.000000,0.019880
203,164,299,0.003318,0.000682,3545821.000000,69712.000000,0.019660
204,165,299,0.003323,0.000621,3546382.000000,64126.000000,0.018082
205,166,299,0.003321,0.000723,3630982.000000,70583.000000,0.019439
206,167,299,0.003328,0.000695,3648064.000000,70677.000000,0.019374
207,168,299,0.003319,0.000812,3666593.000000,69846.000000,0.019049
208,168,299,0.003328,0.000726,3654170.000000,69768.000000,0.019093
209,169,299,0.003321,0.000732,3673970.000000,66198.000000,0.018018
210,170,299,0.003327,0.000669,3748422.000000,70777.000000,0.018882
211,170,299,0.003319,0.000805,3744317.000000,70983.000000,0.018958
212,171,299,0.003328,0.000732,3814322.000000,71560.000000,0.018761
213,172,299,0.003320,0.000700,3878428.000000,73599.000000,0.018977
214,172,299,0.003328,0.000785,3824083.000000,69254.000000,0.018110
215,172,299,0.003321,0.000767,3900244.000000,73713.000000,0.018900
216,173,299,0.003326,0.000721,3970904.000000,74181.000000,0.018681
217,173,299,0.003319,0.000880,4092146.000000,77981.000000,0.019056
218,174,299,0.003372,0.000770,3902999.000000,76517.000000,0.019605
219,175,299,0.003377,0.000907,3936458.000000,75154.000000,0.019092
220,176,299,0.003407,0.000797,3976118.000000,77878.000000,0.019586
221,176,299,0.003370,0.000757,4017790.000000,77936.000000,0.019398
222,176,299,0.003381,0.000910,4064091.000000,76977.000000,0.018941
223,177,299,0.003363,0.000818,4117041.000000,78822.000000,0.019145
224,178,299,0.003375,0.000746,3994887.000000,73568.000000,0.018416
225,179,299,0.003324,0.000913,4179373.000000,82055.000000,0.019633
226,180,299,0.003397,0.001253,4280495.000000,83163.000000,0.019428
227,181,299,0.003385,0.000861,4242992.000000,80914.000000,0.019070
228,182,298,0.003387,0.000936,4370734.000000,84020.000000,0.019223
229,183,298,0.003374,0.000842,4385668.000000,77949.000000,0.017774
230,184,298,0.003392,0.000888,4327865.000000,80986.000000,0.018713
231,185,298,0.003322,0.000924,4452951.000000,84886.000000,0.019063
232,185,298,0.003325,0.000888,4517027.000000,81642.000000,0.018074
233,186,298,0.003325,0.001020,4594476.000000,84047.000000,0.018293
234,187,298,0.003321,0.000910,4676803.000000,80605.000000,0.017235
235,188,299,0.003324,0.000890,4775748.000000,85221.000000,0.017845
236,189,299,0.003320,0.000979,4821360.000000,85542.000000,0.017742
237,190,299,0.003325,0.000874,4760476.000000,85654.000000,0.017993
238,191,299,0.003324,0.000868,4767318.000000,84465.000000,0.017718
239,192,299,0.003323,0.000991,4772315.000000,82048.000000,0.017192
240,193,299,0.003322,0.000882,4830560.000000,84513.000000,0.017495
241,194,299,0.003327,0.000928,4861380.000000,87071.000000,0.017911
242,194,299,0.003319,0.000889,4917425.000000,86909.000000,0.017674
243,195,299,0.003327,0.000926,5016707.000000,86190.000000,0.017181
244,196,299,0.003321,0.000935,4918245.000000,82919.000000,0.016859
245,197,299,0.003326,0.001114,5013298.000000,88882.000000,0.017729
246,198,299,0.003318,0.001047,5023987.000000,86598.000000,0.017237
247,199,299,0.003328,0.000986,5069814.000000,89731.000000,0.017699
248,200,299,0.003320,0.001123,5104270.000000,89088.000000,0.017454
249,201,299,0.003324,0.000959,5134662.000000,85906.000000,0.016731
250,202,299,0.003323,0.001020,5203225.000000,92348.000000,0.017748
251,203,299,0.003328,0.001086,5209431.000000,90939.000000,0.017457
252,204,299,0.003321,0.001147,5230087.000000,91791.000000,0.017551
253,205,299,0.003324,0.001006,5209623.000000,89920.000000,0.017260
254,206,299,0.003326,0.001218,5204701.000000,88335.000000,0.016972
255,207,299,0.003321,0.001111,5299667.000000,91224.000000,0.017213
256,208,299,0.003322,0.001100,5371788.000000,94957.000000,0.017677
257,209,299,0.003326,0.001131,5409735.000000,91834.000000,0.016976
258,210,299,0.003321,0.001181,5489276.000000,98658.000000,0.017973
259,211,299,0.003324,0.001089,5567714.000000,91609.000000,0.016454
260,212,299,0.003330,0.001140,5491434.000000,92998.000000,0.016935
261,213,299,0.003318,0.001199,5570572.000000,100312.000000,0.018007
262,214,299,0.003326,0.001065,5623580.000000,94416.000000,0.016789
263,215,299,0.003323,0.001217,5612666.000000,94811.000000,0.016892
264,216,299,0.003324,0.001199,5601407.000000,91840.000000,0.016396
265,217,299,0.003321,0.001170,5783272.000000,96240.000000,0.016641
266,217,299,0.003327,0.001236,5803095.000000,95636.000000,0.016480
267,218,299,0.003320,0.001257,5853787.000000,96559.000000,0.016495
268,219,299,0.003325,0.001150,5870714.000000,96621.000000,0.016458
269,219,299,0.003329,0.001316,5853599.000000,94648.000000,0.016169
270,220,299,0.003321,0.001295,6028156.000000,100388.000000,0.016653
271,220,299,0.003319,0.001209,6114327.000000,100005.000000,0.016356
272,221,299,0.003330,0.001298,6141787.000000,101754.000000,0.016567
273,222,299,0.003317,0.001326,6189936.000000,102833.000000,0.016613
274,222,299,0.003321,0.001252,6121773.000000,96612.000000,0.015782
275,223,299,0.003327,0.001399,6165395.000000,101912.000000,0.016530
276,224,299,0.003322,0.001252,6169429.000000,100006.000000,0.016210
277,225,299,0.003323,0.001292,6257133.000000,103140.000000,0.016484
278,225,299,0.003329,0.001282,6243643.000000,102540.000000,0.016423
279,226,299,0.003321,0.001346,6326914.000000,102397.000000,0.016184
280,226,300,0.003323,0.001221,6239200.000000,100395.000000,0.016091
281,226,300,0.003326,0.001244,6343474.000000,104921.000000,0.016540
282,227,300,0.003323,0.001269,6228730.000000,100368.000000,0.016114
283,227,300,0.003325,0.001330,6358912.000000,108365.000000,0.017041
284,228,300,0.003325,0.001252,6467591.000000,103364.000000,0.015982
285,229,300,0.003323,0.001345,6570951.000000,106633.000000,0.016228
286,229,300,0.003322,0.001324,6494747.000000,104107.000000,0.016029
287,230,300,0.003330,0.001234,6510000.000000,103810.000000,0.015946
288,231,300,0.003318,0.001400,6556073.000000,105351.000000,0.016069
289,231,300,0.003324,0.001339,6885402.000000,120705.000000,0.017531
290,232,300,0.003323,0.001246,6658554.000000,106342.000000,0.015971
291,233,300,0.003326,0.001709,6825738.000000,125002.000000,0.018313
292,234,300,0.003324,0.001289,6827200.000000,106756.000000,0.015637
293,235,300,0.003321,0.001343,6782943.000000,108416.000000,0.015984
294,236,300,0.003324,0.001499,6765695.000000,105178.000000,0.015546
295,236,300,0.003324,0.001446,6889525.000000,109718.000000,0.015925
296,236,300,0.003319,0.001308,6920923.000000,110195.000000,0.015922
297,237,300,0.003328,0.001458,7009191.000000,111075.000000,0.015847
298,238,300,0.003319,0.001429,7106310.000000,111731.000000,0.015723
299,239,300,0.003325,0.001382,7149173.000000,108655.000000,0.015198
300,240,300,0.003326,0.001550,7195380.000000,117803.000000,0.016372
301,241,300,0.003323,0.001480,7243457.000000,112302.000000,0.015504
302,241,300,0.003327,0.001406,7238228.000000,111326.000000,0.015380
303,241,300,0.003323,0.001399,7229443.000000,111863.000000,0.015473
304,242,300,0.003323,0.001467,7225065.000000,108573.000000,0.015027
305,243,300,0.003325,0.001414,7318660.000000,112871.000000,0.015422
306,244,300,0.003327,0.001529,7374816.000000,113102.000000,0.015336
307,245,300,0.003321,0.001599,7577054.000000,116385.000000,0.015360
308,246,300,0.003325,0.001446,7475029.000000,114778.000000,0.015355
309,247,300,0.003327,0.001571,7528605.000000,111576.000000,0.014820
310,248,300,0.003322,0.001537,7616584.000000,114213.000000,0.014995
311,249,300,0.003329,0.001499,7765079.000000,118299.000000,0.015235
312,250,300,0.003326,0.001827,7920867.000000,123531.000000,0.015596
313,251,300,0.003325,0.001515,7914857.000000,118136.000000,0.014926
314,251,300,0.003327,0.001554,8081715.000000,116216.000000,0.014380
315,252,300,0.003329,0.001804,8234599.000000,121402.000000,0.014743
316,253,300,0.003324,0.001617,8316135.000000,120760.000000,0.014521
317,254,300,0.003323,0.001647,8309908.000000,121620.000000,0.014636
318,255,300,0.003328,0.001827,8307604.000000,120937.000000,0.014557
319,256,300,0.003324,0.001623,8313534.000000,117325.000000,0.014113
320,257,300,0.003328,0.001649,8431517.000000,121391.000000,0.014397
321,257,300,0.003337,0.002028,8584648.000000,136946.000000,0.015952
322,257,300,0.003328,0.001738,8618151.000000,126653.000000,0.014696
323,258,300,0.003318,0.001716,8730806.000000,126947.000000,0.014540
324,259,300,0.003332,0.001922,8664636.000000,120271.000000,0.013881
325,260,300,0.003324,0.001749,8810382.000000,128434.000000,0.014578
326,260,300,0.003326,0.001762,8939562.000000,127311.000000,0.014241
327,261,300,0.003332,0.001950,8873060.000000,128020.000000,0.014428
328,262,300,0.003325,0.001779,8978982.000000,129785.000000,0.014454
329,262,300,0.003329,0.001828,9077507.000000,125094.000000,0.013781
330,263,300,0.003336,0.002044,9152642.000000,130069.000000,0.014211
331,263,300,0.003330,0.001872,9281816.000000,133078.000000,0.014337
332,263,300,0.003327,0.001852,9371647.000000,130114.000000,0.013884
333,264,300,0.003340,0.002084,9341139.000000,132433.000000,0.014177
334,264,300,0.003327,0.001795,9089402.000000,124594.000000,0.013708
335,264,300,0.003326,0.001818,9206049.000000,129354.000000,0.014051
336,264,300,0.003337,0.002027,9266721.000000,132364.000000,0.014284
337,264,300,0.003327,0.001853,9282023.000000,129413.000000,0.013942
338,264,300,0.003332,0.001806,9334357.000000,128573.000000,0.013774
339,265,300,0.003338,0.002084,9480272.000000,131506.000000,0.013872
340,266,300,0.003330,0.001836,9412485.000000,131829.000000,0.014006
341,267,300,0.003333,0.001908,9667107.000000,133782.000000,0.013839
342,268,300,0.003335,0.002056,9566232.000000,130609.000000,0.013653
343,269,300,0.003335,0.001924,9807340.000000,135028.000000,0.013768
344,270,300,0.003330,0.001886,9601327.000000,129262.000000,0.013463
345,271,300,0.003345,0.002178,10007971.000000,137685.000000,0.013758
346,272,300,0.003331,0.001970,10086475.000000,137947.000000,0.013676
347,273,300,0.003339,0.002023,10284858.000000,137792.000000,0.013398
348,274,300,0.003337,0.002035,10400183.000000,137995.000000,0.013269
349,275,300,0.003340,0.002037,10293315.000000,134707.000000,0.013087
350,276,300,0.003319,0.002022,10437833.000000,138159.000000,0.013236
351,277,300,0.003354,0.002331,10790749.000000,155748.000000,0.014433
352,278,300,0.003343,0.002124,10608424.000000,141589.000000,0.013347
353,278,300,0.003344,0.002134,10776924.000000,141904.000000,0.013167
354,279,300,0.003339,0.002121,10762608.000000,139882.000000,0.012997
355,279,300,0.003342,0.002114,10711177.000000,139381.000000,0.013013
356,280,300,0.003343,0.002165,10780158.000000,142359.000000,0.013206
357,281,300,0.003344,0.002145,10858089.000000,142937.000000,0.013164
358,282,300,0.003352,0.002200,10979388.000000,146448.000000,0.013338
359,283,300,0.003344,0.002178,10859957.000000,140676.000000,0.012954
360,283,300,0.003340,0.002118,10913093.000000,141782.000000,0.012992
361,284,300,0.003345,0.002162,11034005.000000,144660.000000,0.013110
362,285,300,0.003345,0.002209,11086845.000000,146505.000000,0.013214
363,285,300,0.003345,0.002193,11111189.000000,144895.000000,0.013040
364,286,300,0.003348,0.002241,11145845.000000,145223.000000,0.013029
365,287,300,0.003341,0.002228,11212334.000000,146744.000000,0.013088
366,288,299,0.003346,0.002230,11247949.000000,146512.000000,0.013026
367,289,299,0.003326,0.002268,11385803.000000,150246.000000,0.013196
368,290,299,0.003348,0.002250,11428985.000000,148543.000000,0.012997
369,291,299,0.003347,0.002244,11318247.000000,142686.000000,0.012607
370,292,299,0.003352,0.002298,11444627.000000,153768.000000,0.013436
371,292,299,0.003351,0.002277,11584583.000000,148664.000000,0.012833
372,292,299,0.003353,0.002308,11694267.000000,150996.000000,0.012912
373,293,299,0.003352,0.002352,11773888.000000,152889.000000,0.012985
374,294,299,0.003352,0.002346,11781717.000000,147131.000000,0.012488
375,295,299,0.003354,0.002396,11892063.000000,154383.000000,0.012982
376,295,299,0.003355,0.002386,11937025.000000,154333.000000,0.012929
377,296,299,0.003357,0.002425,11977233.000000,156475.000000,0.013064
378,296,299,0.003362,0.002399,11965261.000000,154395.000000,0.012904
379,296,299,0.003345,0.002382,11972707.000000,149761.000000,0.012509
380,297,299,0.003355,0.002400,12078825.000000,153157.000000,0.012680
381,298,299,0.003367,0.002595,12332217.000000,159722.000000,0.012952
382,298,299,0.003357,0.002449,12300831.000000,154370.000000,0.012550
383,299,299,0.003357,0.002439,12301272.000000,156541.000000,0.012726
384,300,299,0.003358,0.002444,12288572.000000,154423.000000,0.012566
385,301,299,0.003358,0.002450,12410269.000000,158926.000000,0.012806
386,302,299,0.003359,0.002485,12479532.000000,160372.000000,0.012851
387,303,299,0.003360,0.002467,12568179.000000,160045.000000,0.012734
388,304,299,0.003362,0.002512,12662971.000000,161190.000000,0.012729
389,304,299,0.003344,0.002487,12557344.000000,157416.000000,0.012536
390,304,299,0.003362,0.002488,12588032.000000,160830.000000,0.012776
391,305,298,0.003360,0.002515,12703417.000000,161655.000000,0.012725
392,305,298,0.003364,0.002553,12846672.000000,165327.000000,0.012869
393,306,298,0.003367,0.002518,12842083.000000,160212.000000,0.012476
394,306,298,0.003360,0.002533,12732068.000000,161423.000000,0.012678
395,307,298,0.003364,0.002526,12791431.000000,162946.000000,0.012739
396,307,298,0.003359,0.002508,12771134.000000,162115.000000,0.012694
397,308,298,0.003364,0.002553,12798331.000000,164044.000000,0.012818
398,309,298,0.003362,0.002554,12804748.000000,162667.000000,0.012704
399,310,298,0.003364,0.002567,12888979.000000,164346.000000,0.012751
400,311,298,0.003365,0.002567,12962731.000000,165214.000000,0.012745
401,312,298,0.003367,0.002616,13231179.000000,166513.000000,0.012585
402,313,298,0.003368,0.002585,13040061.000000,163827.000000,0.012563
403,314,298,0.003368,0.002656,13251699.000000,164227.000000,0.012393
404,314,298,0.003366,0.002602,13276919.000000,165948.000000,0.012499
405,315,298,0.003372,0.002690,13473410.000000,170977.000000,0.012690
406,316,298,0.003370,0.002654,13420091.000000,171625.000000,0.012789
407,316,298,0.003373,0.002725,13762665.000000,171974.000000,0.012496
408,316,298,0.003373,0.002730,13571954.000000,169493.000000,0.012488
409,317,298,0.003372,0.002717,13670823.000000,169989.000000,0.012434
410,317,297,0.003388,0.002714,13713220.000000,170623.000000,0.012442
411,318,297,0.003770,0.002783,13861025.000000,176200.000000,0.012712
412,319,297,0.003394,0.002777,13747939.000000,173343.000000,0.012609
413,320,297,0.003385,0.002787,13816786.000000,168474.000000,0.012193
414,321,297,0.003413,0.002785,13931241.000000,175694.000000,0.012612
415,322,297,0.003420,0.002800,14016908.000000,174470.000000,0.012447
416,323,296,0.003408,0.002803,14024247.000000,177960.000000,0.012689
417,323,296,0.003474,0.002833,14013137.000000,175954.000000,0.012556
418,323,296,0.003377,0.002780,13980535.000000,172714.000000,0.012354
419,324,296,0.003450,0.002838,14031216.000000,173977.000000,0.012399
420,324,296,0.003459,0.002839,14030913.000000,176973.000000,0.012613
421,325,296,0.003426,0.002818,14086533.000000,177478.000000,0.012599
422,326,296,0.003443,0.002817,14182969.000000,176897.000000,0.012472
423,327,295,0.003509,0.002874,14166041.000000,174089.000000,0.012289
424,328,295,0.003478,0.002846,14375215.000000,180686.000000,0.012569
425,329,295,0.003579,0.002965,14445302.000000,183639.000000,0.012713
426,329,295,0.003531,0.002903,14457048.000000,180289.000000,0.012471
427,330,294,0.003545,0.002922,14552947.000000,181355.000000,0.012462
428,331,294,0.003509,0.002908,14586713.000000,176382.000000,0.012092
429,332,294,0.003604,0.003000,14676522.000000,182041.000000,0.012404
430,333,293,0.003542,0.002918,14736801.000000,184447.000000,0.012516
431,334,293,0.003626,0.003004,14943133.000000,185268.000000,0.012398
432,335,293,0.003645,0.002966,14822085.000000,180507.000000,0.012178
433,336,292,0.003661,0.003032,15155939.000000,186439.000000,0.012301
434,337,292,0.003715,0.002975,15049383.000000,186526.000000,0.012394
435,338,291,0.003578,0.002976,14950963.000000,185412.000000,0.012401
436,339,291,0.003636,0.003003,15020250.000000,185787.000000,0.012369
437,340,290,0.003702,0.003101,15301126.000000,187218.000000,0.012236
438,341,290,0.003747,0.003111,15382205.000000,189618.000000,0.012327
439,342,289,0.003615,0.003270,15495608.000000,192186.000000,0.012403
440,343,289,0.003466,0.003111,15547037.000000,191322.000000,0.012306
441,344,289,0.003481,0.003143,15793774.000000,189049.000000,0.011970
442,344,289,0.003444,0.003098,15608657.000000,189053.000000,0.012112
443,345,289,0.003461,0.003124,15692802.000000,190618.000000,0.012147
444,346,289,0.003493,0.003140,15794832.000000,192016.000000,0.012157
445,347,288,0.003503,0.003168,15985202.000000,194085.000000,0.012142
446,348,288,0.003559,0.003241,16062656.000000,192460.000000,0.011982
447,349,288,0.003589,0.003247,16274999.000000,197082.000000,0.012109
448,349,288,0.003607,0.003257,16324255.000000,197783.000000,0.012116
449,350,287,0.003584,0.003238,16305480.000000,197051.000000,0.012085
450,351,287,0.003577,0.003250,16345859.000000,196507.000000,0.012022
451,352,287,0.003621,0.003293,16455358.000000,196870.000000,0.011964
452,353,286,0.003667,0.003325,16606403.000000,200727.000000,0.012087
453,354,286,0.003627,0.003281,16503971.000000,198896.000000,0.012051
454,355,285,0.003664,0.003333,16562383.000000,198520.000000,0.011986
455,356,285,0.003649,0.003317,16649645.000000,195382.000000,0.011735
456,357,285,0.003686,0.003341,16769138.000000,201166.000000,0.011996
457,357,284,0.003725,0.003397,16916424.000000,204967.000000,0.012116
458,357,284,0.003707,0.003370,16888747.000000,203669.000000,0.012059
459,358,283,0.003719,0.003393,16908468.000000,202216.000000,0.011959
460,359,283,0.003715,0.003381,16912716.000000,202909.000000,0.011997
461,360,282,0.003724,0.003394,17006248.000000,205735.000000,0.012098
462,361,282,0.003769,0.003423,17063636.000000,206551.000000,0.012105
463,362,281,0.003743,0.003417,17096509.000000,204500.000000,0.011962
464,362,281,0.003782,0.003429,17158894.000000,203383.000000,0.011853
465,363,280,0.003828,0.003480,17390350.000000,207884.000000,0.011954
466,363,279,0.003931,0.003583,17364500.000000,216555.000000,0.012471
467,363,279,0.003822,0.003475,17317285.000000,206674.000000,0.011935
468,364,278,0.003792,0.003437,17373981.000000,205774.000000,0.011844
469,365,278,0.003831,0.003496,17632648.000000,204576.000000,0.011602
470,366,277,0.003935,0.003588,17813878.000000,213776.000000,0.012001
471,367,277,0.003888,0.003543,17788010.000000,211263.000000,0.011877
472,368,276,0.003898,0.003567,17854254.000000,211415.000000,0.011841
473,369,275,0.003892,0.003584,17884171.000000,210466.000000,0.011768
474,370,275,0.003973,0.003612,18008643.000000,216671.000000,0.012032
475,371,274,0.003974,0.003641,18139829.000000,214585.000000,0.011829
476,372,273,0.003963,0.003621,18160417.000000,216476.000000,0.011920
477,372,273,0.004010,0.003686,18208695.000000,213449.000000,0.011722
478,373,272,0.004014,0.003670,18277056.000000,219947.000000,0.012034
479,374,271,0.004016,0.003652,18407086.000000,217524.000000,0.011817
480,374,270,0.004065,0.003705,18619246.000000,220175.000000,0.011825
481,375,270,0.004028,0.003687,18480037.000000,215865.000000,0.011681
482,376,269,0.004128,0.003770,18630821.000000,222503.000000,0.011943
483,377,268,0.004071,0.003735,18654944.000000,221865.000000,0.011893
484,377,267,0.004075,0.003717,18704173.000000,221117.000000,0.011822
485,378,267,0.004098,0.003775,18747105.000000,219517.000000,0.011709
486,379,266,0.004130,0.003761,18808350.000000,223664.000000,0.011892
487,380,265,0.004152,0.003799,18961813.000000,225093.000000,0.011871
488,381,265,0.004142,0.003769,19012324.000000,224932.000000,0.011831
489,382,264,0.004179,0.003832,19048095.000000,222433.000000,0.011677
490,383,263,0.004201,0.003851,19148466.000000,225238.000000,0.011763
491,384,262,0.004345,0.003985,19295339.000000,231008.000000,0.011972
492,384,262,0.004224,0.003867,19282000.000000,227512.000000,0.011799
493,384,261,0.004197,0.003851,19321043.000000,224339.000000,0.011611
494,385,260,0.004312,0.003955,19498950.000000,228119.000000,0.011699
495,386,260,0.004256,0.003884,19573473.000000,227941.000000,0.011645
496,387,259,0.004651,0.004272,19790177.000000,233684.000000,0.011808
497,388,258,0.004327,0.003944,19872710.000000,228810.000000,0.011514
498,389,257,0.004610,0.004212,19988478.000000,233889.000000,0.011701
499,390,255,0.005185,0.004324,20144560.000000,234040.000000,0.011618
500,390,254,0.004702,0.004033,20199668.000000,234714.000000,0.011620
501,391,252,0.004715,0.004078,20319624.000000,232351.000000,0.011435
502,392,251,0.004801,0.004147,20639501.000000,239290.000000,0.011594
503,393,250,0.004852,0.004213,20745182.000000,239226.000000,0.011532
504,394,248,0.004640,0.004139,20805345.000000,236837.000000,0.011383
505,395,247,0.004895,0.004247,21108702.000000,243692.000000,0.011545
506,395,246,0.004911,0.004269,21220740.000000,243524.000000,0.011476
507,396,244,0.005000,0.004349,21369710.000000,245171.000000,0.011473
508,396,243,0.004928,0.004289,21525359.000000,242463.000000,0.011264
509,397,242,0.004948,0.004323,21237025.000000,243735.000000,0.011477
510,398,240,0.004921,0.004280,21290315.000000,244612.000000,0.011489
511,399,239,0.004905,0.004291,21310989.000000,239867.000000,0.011256
512,400,238,0.004987,0.004236,21424599.000000,248599.000000,0.011603
513,401,237,0.004696,0.004309,21585730.000000,245255.000000,0.011362
514,402,236,0.004696,0.004364,21578168.000000,244932.000000,0.011351
515,403,235,0.004746,0.004383,21697543.000000,247087.000000,0.011388
516,404,234,0.004735,0.004370,21787160.000000,247335.000000,0.011352
517,405,233,0.004786,0.004414,22037120.000000,250842.000000,0.011383
518,406,232,0.004778,0.004425,22103284.000000,246558.000000,0.011155
519,407,231,0.004799,0.004432,22162040.000000,252676.000000,0.011401
520,407,230,0.004879,0.004518,22380215.000000,253112.000000,0.011310
521,408,229,0.004799,0.004448,22322231.000000,249710.000000,0.011187
522,408,228,0.004843,0.004473,22494561.000000,253860.000000,0.011285
523,409,227,0.004848,0.004436,22280480.000000,250929.000000,0.011262
524,409,226,0.004826,0.004455,22369049.000000,252115.000000,0.011271
525,410,225,0.004843,0.004480,22550369.000000,249574.000000,0.011067
526,411,224,0.004841,0.004490,22445403.000000,253900.000000,0.011312
527,412,224,0.004866,0.004505,22598771.000000,255125.000000,0.011289
528,413,223,0.004877,0.004526,22681166.000000,252707.000000,0.011142
529,414,222,0.004894,0.004523,22725617.000000,255487.000000,0.011242
530,415,221,0.004922,0.004565,22799785.000000,256335.000000,0.011243
531,416,220,0.004921,0.004573,22851957.000000,257336.000000,0.011261
532,417,219,0.004955,0.004586,22903580.000000,255975.000000,0.011176
533,418,218,0.005171,0.004780,23277830.000000,263348.000000,0.011313
534,419,217,0.005096,0.004732,23347909.000000,264880.000000,0.011345
535,420,217,0.004976,0.004645,23276667.000000,257180.000000,0.011049
536,421,216,0.005013,0.004665,23318301.000000,262021.000000,0.011237
537,422,215,0.004990,0.004652,23312420.000000,260646.000000,0.011181
538,423,214,0.004997,0.004653,23355947.000000,259242.000000,0.011100
539,424,213,0.005072,0.004694,23618781.000000,262927.000000,0.011132
540,425,213,0.005030,0.004681,23477163.000000,260726.000000,0.011106
541,426,212,0.005062,0.004720,23574794.000000,263387.000000,0.011172
542,427,211,0.005073,0.004731,23586689.000000,260388.000000,0.011040
543,428,210,0.005079,0.004721,23734766.000000,265179.000000,0.011173
544,429,210,0.005126,0.004762,23899931.000000,266565.000000,0.011153
545,429,209,0.005259,0.004893,24266938.000000,264660.000000,0.010906
546,430,208,0.005145,0.004776,24097574.000000,266770.000000,0.011070
547,431,207,0.005208,0.004864,24292850.000000,271902.000000,0.011193
548,432,207,0.005189,0.004847,24290707.000000,266784.000000,0.010983
549,433,206,0.005253,0.004885,24495913.000000,272591.000000,0.011128
550,434,205,0.005321,0.004950,24849825.000000,271998.000000,0.010946
551,435,204,0.005470,0.005020,25226193.000000,282756.000000,0.011209
552,436,203,0.005354,0.004961,24947506.000000,274749.000000,0.011013
553,436,203,0.005494,0.005111,25187497.000000,278462.000000,0.011056
554,437,202,0.005387,0.005053,25161999.000000,272750.000000,0.010840
555,437,201,0.005456,0.005074,25372976.000000,278958.000000,0.010994
556,437,200,0.005508,0.005145,25601583.000000,279645.000000,0.010923
557,437,200,0.005484,0.005149,25588850.000000,276869.000000,0.010820
558,438,199,0.005617,0.005243,25756326.000000,282105.000000,0.010953
559,439,199,0.005536,0.005183,25773403.000000,281713.000000,0.010930
560,440,198,0.005505,0.005161,25772589.000000,277388.000000,0.010763
561,441,198,0.005564,0.005219,25873362.000000,284451.000000,0.010994
562,442,197,0.005591,0.005224,25997587.000000,282802.000000,0.010878
563,443,197,0.005651,0.005301,26443900.000000,280282.000000,0.010599
564,444,196,0.005682,0.005320,26341431.000000,288464.000000,0.010951
565,445,195,0.005626,0.005277,26382555.000000,286112.000000,0.010845
566,446,195,0.005690,0.005337,26473753.000000,284747.000000,0.010756
567,447,194,0.006018,0.005622,26902066.000000,305694.000000,0.011363
568,448,194,0.005841,0.005473,27040126.000000,290212.000000,0.010733
569,449,193,0.005854,0.005514,27164879.000000,290367.000000,0.010689
570,449,192,0.006270,0.005865,27521905.000000,299513.000000,0.010883
571,450,192,0.005895,0.005524,27320422.000000,291058.000000,0.010653
572,451,191,0.005899,0.005512,27316234.000000,288488.000000,0.010561
573,451,190,0.005930,0.005576,27451578.000000,295715.000000,0.010772
574,452,190,0.005900,0.005533,27483055.000000,294208.000000,0.010705
575,453,189,0.005937,0.005579,27631536.000000,291828.000000,0.010561
576,453,188,0.005997,0.005612,27784416.000000,294478.000000,0.010599
577,453,187,0.006070,0.005699,28064413.000000,297609.000000,0.010604
578,454,187,0.005989,0.005621,27764072.000000,292687.000000,0.010542
579,455,186,0.006054,0.005662,28045554.000000,299339.000000,0.010673
580,456,185,0.006061,0.005673,28148602.000000,295683.000000,0.010504
581,457,185,0.006181,0.005792,28606312.000000,306496.000000,0.010714
582,457,184,0.006220,0.005875,28888972.000000,302598.000000,0.010475
583,458,183,0.006810,0.006466,29242717.000000,306957.000000,0.010497
584,459,182,0.006157,0.005788,28915538.000000,304020.000000,0.010514
585,460,181,0.006234,0.005886,29019605.000000,305942.000000,0.010543
586,460,180,0.006304,0.005940,29107339.000000,303130.000000,0.010414
587,461,180,0.006442,0.006048,29435448.000000,309097.000000,0.010501
588,462,179,0.006284,0.005909,29198531.000000,304249.000000,0.010420
589,463,178,0.006310,0.005932,29478492.000000,308013.000000,0.010449
590,464,177,0.006401,0.005995,29544080.000000,312183.000000,0.010567
591,465,176,0.006345,0.006002,29627796.000000,305198.000000,0.010301
592,466,176,0.006369,0.005987,29747214.000000,310303.000000,0.010431
593,466,175,0.006492,0.006104,30162254.000000,315895.000000,0.010473
594,467,174,0.006320,0.005959,29910305.000000,308613.000000,0.010318
595,468,174,0.006438,0.006050,30295907.000000,316867.000000,0.010459
596,469,173,0.006483,0.006123,30414417.000000,314264.000000,0.010333
597,470,172,0.006532,0.006161,30834972.000000,318249.000000,0.010321
598,470,171,0.006566,0.006189,30970331.000000,320030.000000,0.010333
599,470,170,0.007046,0.006418,30977525.000000,318273.000000,0.010274
600,470,170,0.006909,0.006237,31087479.000000,322019.000000,0.010358
601,471,169,0.006915,0.006298,31081761.000000,316801.000000,0.010193
602,471,168,0.007284,0.006630,31178986.000000,323443.000000,0.010374
603,472,167,0.006972,0.006311,31103060.000000,317505.000000,0.010208
604,472,166,0.007037,0.006372,31139453.000000,320436.000000,0.010290
605,472,165,0.006976,0.006316,31098033.000000,318411.000000,0.010239
606,472,164,0.006985,0.006293,31078682.000000,316785.000000,0.010193
607,473,163,0.006983,0.006313,31131246.000000,321502.000000,0.010327
608,474,163,0.007178,0.006512,31144001.000000,315759.000000,0.010139
609,474,162,0.007037,0.006349,31337924.000000,322959.000000,0.010306
610,475,161,0.007044,0.006370,31477862.000000,326927.000000,0.010386
611,476,160,0.007058,0.006411,31491157.000000,321305.000000,0.010203
612,476,160,0.006825,0.006437,31514536.000000,324286.000000,0.010290
613,477,159,0.006767,0.006380,31612865.000000,319738.000000,0.010114
614,478,159,0.006825,0.006445,31830348.000000,321800.000000,0.010110
615,479,158,0.006808,0.006458,31799496.000000,317683.000000,0.009990
616,480,157,0.006990,0.006605,32021763.000000,326039.000000,0.010182
617,481,157,0.006899,0.006491,32098538.000000,326410.000000,0.010169
618,482,156,0.006860,0.006497,32329640.000000,324855.000000,0.010048
619,483,156,0.006933,0.006577,32188068.000000,329053.000000,0.010223
620,484,155,0.006924,0.006547,32224225.000000,326130.000000,0.010121
621,485,155,0.006932,0.006572,32525654.000000,330998.000000,0.010177
622,485,154,0.007000,0.006623,32559099.000000,330519.000000,0.010151
623,486,153,0.006896,0.006543,32555656.000000,327704.000000,0.010066
624,487,153,0.007017,0.006627,32800017.000000,335771.000000,0.010237
625,488,152,0.007007,0.006648,33031655.000000,331042.000000,0.010022
626,488,152,0.006995,0.006640,32807265.000000,332201.000000,0.010126
627,488,151,0.007060,0.006689,32887790.000000,330115.000000,0.010038
628,489,151,0.007005,0.006634,32992759.000000,332853.000000,0.010089
629,490,151,0.007040,0.006686,33101488.000000,333956.000000,0.010089
630,490,150,0.007090,0.006655,33146205.000000,332211.000000,0.010023
631,491,150,0.007586,0.006967,33354958.000000,338749.000000,0.010156
632,491,149,0.007349,0.006960,33324600.000000,332299.000000,0.009972
633,492,149,0.007202,0.006809,33675479.000000,342203.000000,0.010162
634,492,148,0.007083,0.006722,33402264.000000,332554.000000,0.009956
635,492,148,0.007537,0.006846,33601446.000000,339361.000000,0.010100
636,493,147,0.007447,0.006785,33703863.000000,340147.000000,0.010092
637,493,147,0.007420,0.006787,33831265.000000,335332.000000,0.009912
638,494,146,0.007578,0.006835,33981456.000000,342447.000000,0.010077
639,495,145,0.007563,0.006889,34109531.000000,339172.000000,0.009944
640,496,145,0.007656,0.006999,34290725.000000,343796.000000,0.010026
641,497,144,0.007632,0.006964,34433488.000000,343956.000000,0.009989
642,498,144,0.007705,0.007018,34732272.000000,350151.000000,0.010081
643,499,144,0.007684,0.007030,34611562.000000,345152.000000,0.009972
644,500,143,0.007671,0.007232,34851011.000000,351511.000000,0.010086
645,501,143,0.007513,0.007102,34975563.000000,342096.000000,0.009781
646,502,142,0.007525,0.007114,34791743.000000,344064.000000,0.009889
647,503,142,0.007402,0.007020,34927080.000000,349738.000000,0.010013
648,504,142,0.007424,0.007058,34978843.000000,343819.000000,0.009829
649,505,141,0.007490,0.007074,35195018.000000,351840.000000,0.009997
650,505,141,0.007529,0.007146,35329328.000000,350361.000000,0.009917
651,506,140,0.007464,0.007060,35188713.000000,352481.000000,0.010017
652,507,140,0.007583,0.007197,35503678.000000,349071.000000,0.009832
653,507,140,0.007538,0.007124,35349307.000000,353165.000000,0.009991
654,507,139,0.007551,0.007180,35454124.000000,349611.000000,0.009861
655,508,139,0.007604,0.007209,35695498.000000,353081.000000,0.009891
656,508,138,0.007622,0.007192,35727851.000000,348426.000000,0.009752
657,508,138,0.008340,0.007884,36103870.000000,357792.000000,0.009910
658,508,138,0.007772,0.007342,36008606.000000,356816.000000,0.009909
659,509,137,0.007702,0.007311,36202274.000000,355049.000000,0.009807
660,510,137,0.007745,0.007357,36394602.000000,358283.000000,0.009844
661,511,137,0.007743,0.007362,36334670.000000,353014.000000,0.009716
662,512,137,0.007788,0.007398,36515014.000000,363034.000000,0.009942
663,513,136,0.007741,0.007387,36655156.000000,357692.000000,0.009758
664,514,136,0.007797,0.007386,36756996.000000,360512.000000,0.009808
665,515,136,0.007830,0.007440,36922180.000000,359788.000000,0.009744
666,515,136,0.007854,0.007469,37082062.000000,365660.000000,0.009861
667,516,135,0.007825,0.007446,37034110.000000,361637.000000,0.009765
668,517,135,0.007833,0.007461,37076071.000000,365380.000000,0.009855
669,518,135,0.007849,0.007469,37223450.000000,363163.000000,0.009756
670,518,135,0.008067,0.007670,37627253.000000,368717.000000,0.009799
671,519,134,0.007981,0.007587,37712158.000000,366334.000000,0.009714
672,520,134,0.008029,0.007620,38000443.000000,371190.000000,0.009768
673,521,134,0.007992,0.007626,37855464.000000,366260.000000,0.009675
674,522,133,0.008019,0.007608,37972526.000000,370496.000000,0.009757
675,522,133,0.008060,0.007711,38146602.000000,369971.000000,0.009699
676,523,133,0.008081,0.007688,38270571.000000,374227.000000,0.009778
677,524,132,0.008111,0.007718,38570115.000000,374814.000000,0.009718
678,525,132,0.008158,0.007786,38712810.000000,374313.000000,0.009669
679,525,131,0.008198,0.007773,38751084.000000,377841.000000,0.009750
680,526,131,0.008211,0.007818,38985043.000000,373573.000000,0.009582
681,527,131,0.008261,0.007893,39146554.000000,380667.000000,0.009724
682,528,130,0.008408,0.008032,39279971.000000,380735.000000,0.009693
683,529,130,0.008291,0.007892,39376266.000000,379674.000000,0.009642
684,530,130,0.008270,0.007890,39172062.000000,377253.000000,0.009631
685,531,129,0.008340,0.007938,39493579.000000,382211.000000,0.009678
686,532,129,0.008322,0.007945,39473149.000000,381078.000000,0.009654
687,533,128,0.008431,0.008041,39860326.000000,384144.000000,0.009637
688,533,128,0.008362,0.008002,39636933.000000,380867.000000,0.009609
689,534,128,0.008368,0.007940,39784513.000000,382735.000000,0.009620
690,535,127,0.008439,0.008052,39947985.000000,381736.000000,0.009556
691,535,127,0.008528,0.008142,40194011.000000,387706.000000,0.009646
692,536,127,0.008460,0.008096,40222377.000000,384884.000000,0.009569
693,537,126,0.008555,0.008187,40376555.000000,390069.000000,0.009661
694,538,126,0.008828,0.008327,40759406.000000,402812.000000,0.009883
695,539,126,0.008575,0.008212,40682837.000000,389670.000000,0.009578
696,540,125,0.008587,0.008200,40790998.000000,394741.000000,0.009677
697,541,125,0.008721,0.008329,41093306.000000,393334.000000,0.009572
698,542,125,0.008703,0.008300,41235295.000000,396996.000000,0.009628
699,543,124,0.008699,0.008336,41400190.000000,395689.000000,0.009558
700,544,124,0.008838,0.008441,41916406.000000,401435.000000,0.009577
701,545,124,0.008794,0.008426,41760966.000000,398391.000000,0.009540
702,546,123,0.008777,0.008409,41844456.000000,403750.000000,0.009649
703,546,123,0.008775,0.008445,41874398.000000,398076.000000,0.009506
704,547,123,0.008837,0.008472,42026566.000000,402907.000000,0.009587
705,548,123,0.008917,0.008547,42236679.000000,405349.000000,0.009597
706,549,122,0.009096,0.008688,42475637.000000,411256.000000,0.009682
707,550,121,0.011657,0.011202,44380237.000000,484930.000000,0.010927
708,551,120,0.010897,0.010460,43806220.000000,432351.000000,0.009870
709,552,120,0.008889,0.008525,42691286.000000,406818.000000,0.009529
710,553,120,0.008930,0.008568,42781688.000000,405570.000000,0.009480
711,553,119,0.009027,0.008652,43208235.000000,411344.000000,0.009520
712,554,119,0.009072,0.008712,43301938.000000,409517.000000,0.009457
713,555,118,0.009118,0.008749,43444443.000000,414294.000000,0.009536
714,555,118,0.009166,0.008801,43531274.000000,412394.000000,0.009474
715,556,118,0.009157,0.008783,43727597.000000,416414.000000,0.009523
716,556,117,0.009287,0.008927,43569198.000000,413523.000000,0.009491
717,557,117,0.009121,0.008763,43596867.000000,411817.000000,0.009446
718,558,117,0.009191,0.008808,43516877.000000,415789.000000,0.009555
719,559,117,0.009116,0.008767,43497575.000000,412991.000000,0.009495
720,560,116,0.009205,0.008813,43683511.000000,417054.000000,0.009547
721,561,116,0.009260,0.008888,43976512.000000,415782.000000,0.009455
722,562,116,0.009208,0.008822,43953871.000000,419043.000000,0.009534
723,563,115,0.009173,0.008809,43958206.000000,414652.000000,0.009433
724,564,115,0.009254,0.008869,44161433.000000,426846.000000,0.009666
725,565,115,0.009334,0.008963,44452002.000000,426375.000000,0.009592
726,566,114,0.009427,0.009045,44527454.000000,427121.000000,0.009592
727,567,114,0.009567,0.009188,45052188.000000,436804.000000,0.009696
728,568,113,0.009433,0.009053,44942113.000000,431091.000000,0.009592
729,569,113,0.009504,0.009132,45449852.000000,436582.000000,0.009606
730,569,113,0.009543,0.009208,45499754.000000,434195.000000,0.009543
731,570,112,0.009517,0.009173,45519267.000000,436899.000000,0.009598
732,570,112,0.009545,0.009208,45494361.000000,435224.000000,0.009567
733,570,112,0.009520,0.009162,45567940.000000,435895.000000,0.009566
734,571,112,0.009580,0.009206,45758599.000000,439002.000000,0.009594
735,572,111,0.009628,0.009278,45846605.000000,438144.000000,0.009557
736,573,111,0.009655,0.009295,45949772.000000,441706.000000,0.009613
737,574,110,0.010384,0.009904,46149387.000000,443675.000000,0.009614
738,575,110,0.009868,0.009360,46106650.000000,443979.000000,0.009629
739,576,110,0.009855,0.009368,46413183.000000,443755.000000,0.009561
740,577,109,0.009787,0.009303,46183518.000000,440465.000000,0.009537
741,577,109,0.009837,0.009347,46297416.000000,445973.000000,0.009633
742,578,109,0.009831,0.009290,46351106.000000,443906.000000,0.009577
743,579,108,0.009902,0.009355,46603328.000000,449927.000000,0.009654
744,580,108,0.009924,0.009397,46880123.000000,447820.000000,0.009552
745,581,108,0.009910,0.009397,46760931.000000,446692.000000,0.009553
746,582,108,0.009933,0.009389,46927984.000000,450386.000000,0.009597
747,583,107,0.010147,0.009763,47521333.000000,456397.000000,0.009604
748,584,107,0.009873,0.009477,47323667.000000,453368.000000,0.009580
749,585,107,0.010046,0.009668,48141975.000000,454080.000000,0.009432
750,586,106,0.009955,0.009583,47776263.000000,450831.000000,0.009436
751,587,106,0.010108,0.009713,48320596.000000,458857.000000,0.009496
752,587,106,0.010168,0.009813,48491410.000000,457309.000000,0.009431
753,588,105,0.010176,0.009806,48670509.000000,461229.000000,0.009477
754,589,105,0.010163,0.009811,48651385.000000,456969.000000,0.009393
755,590,105,0.010338,0.009956,49039914.000000,462365.000000,0.009428
756,591,104,0.010435,0.010055,49572250.000000,466771.000000,0.009416
757,592,104,0.010673,0.010269,49886487.000000,467912.000000,0.009380
758,593,104,0.010420,0.010060,50028383.000000,466400.000000,0.009323
759,594,103,0.010482,0.010097,50089167.000000,468473.000000,0.009353
760,595,103,0.010549,0.010187,50222991.000000,464809.000000,0.009255
761,595,103,0.010629,0.010241,50467948.000000,478226.000000,0.009476
762,595,102,0.010561,0.010198,50570079.000000,471424.000000,0.009322
763,596,102,0.010537,0.010155,50412250.000000,472842.000000,0.009380
764,597,102,0.010699,0.010311,50831811.000000,478510.000000,0.009414
765,597,102,0.010613,0.010252,50641304.000000,471517.000000,0.009311
766,597,101,0.010607,0.010246,50743243.000000,476005.000000,0.009381
767,597,101,0.011260,0.010713,51015240.000000,480981.000000,0.009428
768,597,101,0.010702,0.010210,50676944.000000,476316.000000,0.009399
769,598,101,0.010826,0.010294,50937458.000000,477418.000000,0.009373
770,599,101,0.010788,0.010293,51041641.000000,480964.000000,0.009423
771,600,100,0.010784,0.010315,51092082.000000,477336.000000,0.009343
772,601,100,0.010801,0.010303,51205700.000000,482337.000000,0.009420
773,602,100,0.010825,0.010356,51272698.000000,479972.000000,0.009361
774,603,100,0.010858,0.010377,51341424.000000,479760.000000,0.009345
775,604,99,0.010920,0.010406,51615610.000000,485548.000000,0.009407
776,605,99,0.011192,0.010820,51827087.000000,485504.000000,0.009368
777,606,99,0.010810,0.010468,51877969.000000,482680.000000,0.009304
778,607,98,0.010864,0.010486,52006564.000000,485707.000000,0.009339
779,608,98,0.011217,0.010874,52267250.000000,495428.000000,0.009479
780,609,98,0.011005,0.010628,52175456.000000,485732.000000,0.009310
781,610,98,0.011010,0.010612,52416297.000000,490485.000000,0.009357
782,611,97,0.011006,0.010639,52519957.000000,486705.000000,0.009267
783,612,97,0.011092,0.010715,52765880.000000,489096.000000,0.009269
784,613,97,0.011102,0.010715,52946258.000000,492370.000000,0.009299
785,614,96,0.011322,0.010949,53367826.000000,494671.000000,0.009269
786,614,96,0.011071,0.010688,53034288.000000,487122.000000,0.009185
787,615,96,0.011078,0.010708,53133724.000000,493165.000000,0.009282
788,616,96,0.011070,0.010694,53165806.000000,489630.000000,0.009209
789,617,95,0.011131,0.010757,53374919.000000,490849.000000,0.009196
790,618,95,0.011158,0.010783,53582470.000000,498782.000000,0.009309
791,619,95,0.011190,0.010825,53756660.000000,495389.000000,0.009215
792,620,95,0.011263,0.010893,53940783.000000,496345.000000,0.009202
793,621,94,0.011162,0.010795,53657464.000000,498044.000000,0.009282
794,622,94,0.011652,0.011167,54062656.000000,513596.000000,0.009500
795,623,94,0.011669,0.011159,54160229.000000,500527.000000,0.009242
796,624,93,0.011392,0.010868,53945757.000000,505063.000000,0.009362
797,625,93,0.011416,0.010886,54120250.000000,498813.000000,0.009217
798,625,93,0.011390,0.010915,54087688.000000,498487.000000,0.009216
799,626,93,0.011492,0.011006,54155997.000000,501977.000000,0.009269
800,627,93,0.011456,0.010954,54236955.000000,506143.000000,0.009332
801,627,92,0.011452,0.010974,54306686.000000,501886.000000,0.009242
802,628,92,0.011413,0.010929,54376366.000000,500437.000000,0.009203
803,629,92,0.011822,0.011435,54901599.000000,508330.000000,0.009259
804,630,92,0.011373,0.011007,54805604.000000,501877.000000,0.009157
805,630,91,0.011799,0.011447,55128140.000000,510145.000000,0.009254
806,631,91,0.011455,0.011050,55054379.000000,508952.000000,0.009245
807,632,91,0.011550,0.011178,55415369.000000,504849.000000,0.009110
808,632,91,0.011547,0.011166,55412236.000000,505062.000000,0.009115
809,633,91,0.011560,0.011175,55774262.000000,510428.000000,0.009152
810,633,90,0.011544,0.011192,55442663.000000,506120.000000,0.009129
811,633,90,0.011871,0.011511,55631734.000000,512930.000000,0.009220
812,634,90,0.011588,0.011228,55569116.000000,505206.000000,0.009091
813,634,90,0.011524,0.011167,55635795.000000,509457.000000,0.009157
814,634,90,0.011594,0.011225,55740715.000000,505525.000000,0.009069
815,635,89,0.011723,0.011330,55979959.000000,509371.000000,0.009099
816,636,89,0.011799,0.011406,56383890.000000,518787.000000,0.009201
817,637,89,0.011720,0.011347,56619907.000000,515325.000000,0.009101
818,638,89,0.011756,0.011388,56643341.000000,516398.000000,0.009117
819,638,89,0.011982,0.011562,57139396.000000,520488.000000,0.009109
820,639,88,0.012385,0.011960,57399194.000000,521809.000000,0.009091
821,640,88,0.012062,0.011650,56925566.000000,517606.000000,0.009093
822,641,88,0.011979,0.011589,57090026.000000,518539.000000,0.009083
823,642,88,0.011955,0.011551,57319320.000000,524325.000000,0.009147
824,643,88,0.012017,0.011639,57443936.000000,520385.000000,0.009059
825,644,87,0.012033,0.011651,57637434.000000,525990.000000,0.009126
826,645,87,0.012093,0.011718,58004079.000000,529292.000000,0.009125
827,646,87,0.012142,0.011730,58089600.000000,533666.000000,0.009187
828,647,87,0.012239,0.011846,58284521.000000,529819.000000,0.009090
829,648,87,0.012649,0.012264,59037334.000000,533984.000000,0.009045
830,649,86,0.012717,0.012300,59114741.000000,538610.000000,0.009111
831,650,86,0.012772,0.012370,59442562.000000,537819.000000,0.009048
832,651,86,0.012847,0.012461,59659688.000000,540099.000000,0.009053
833,652,86,0.012913,0.012517,60056973.000000,542713.000000,0.009037
834,653,85,0.012842,0.012462,59846964.000000,541061.000000,0.009041
835,653,85,0.012784,0.012385,60283471.000000,544373.000000,0.009030
836,653,85,0.012574,0.012171,59969932.000000,535660.000000,0.008932
837,654,85,0.012786,0.012274,60260750.000000,542309.000000,0.008999
838,654,85,0.012647,0.012141,60362547.000000,541147.000000,0.008965
839,655,84,0.012733,0.012204,60636109.000000,547799.000000,0.009034
840,656,84,0.012600,0.012089,60198634.000000,538727.000000,0.008949
841,656,84,0.012792,0.012317,61002555.000000,548444.000000,0.008991
842,656,84,0.012762,0.012271,60994665.000000,547498.000000,0.008976
843,657,84,0.012798,0.012277,61182097.000000,554577.000000,0.009064
844,658,83,0.013286,0.012898,61552429.000000,555522.000000,0.009025
845,659,83,0.012791,0.012413,61457307.000000,546373.000000,0.008890
846,660,83,0.012811,0.012421,61646718.000000,550571.000000,0.008931
847,661,83,0.013051,0.012661,62448948.000000,555059.000000,0.008888
848,662,83,0.012990,0.012591,62425593.000000,559927.000000,0.008970
849,663,82,0.012952,0.012569,62407338.000000,556503.000000,0.008917
850,664,82,0.013082,0.012695,62793012.000000,558352.000000,0.008892
851,665,82,0.013493,0.012855,63142814.000000,568281.000000,0.009000
852,666,82,0.013260,0.012730,63114541.000000,564985.000000,0.008952
853,667,81,0.013212,0.012718,63166325.000000,563626.000000,0.008923
854,667,81,0.013209,0.012728,63145719.000000,562914.000000,0.008915
855,668,81,0.013203,0.012729,63141522.000000,561782.000000,0.008897
856,669,81,0.013210,0.012712,63222355.000000,562752.000000,0.008901
857,669,81,0.013352,0.012803,63506571.000000,569790.000000,0.008972
858,670,80,0.013289,0.012800,63651685.000000,567009.000000,0.008908
859,671,80,0.013509,0.013020,63852088.000000,571212.000000,0.008946
860,672,80,0.013398,0.012902,63857663.000000,571072.000000,0.008943
861,673,80,0.013371,0.012899,63944144.000000,570037.000000,0.008915
862,674,80,0.013419,0.012869,64093173.000000,576364.000000,0.008993
863,675,79,0.013467,0.012952,64336901.000000,574747.000000,0.008933
864,675,79,0.013536,0.013019,64716689.000000,577372.000000,0.008922
865,676,79,0.013427,0.012946,64162661.000000,572209.000000,0.008918
866,677,79,0.013675,0.013305,64288122.000000,574042.000000,0.008929
867,678,79,0.013408,0.013018,64556441.000000,572246.000000,0.008864
868,679,78,0.013453,0.013016,64837676.000000,576788.000000,0.008896
869,680,78,0.013558,0.013180,65572628.000000,578590.000000,0.008824
870,681,78,0.013552,0.013179,65344695.000000,576378.000000,0.008821
871,682,78,0.013461,0.013117,65186392.000000,573893.000000,0.008804
872,682,78,0.013511,0.013134,65310268.000000,574381.000000,0.008795
873,682,77,0.013684,0.013278,65777274.000000,584459.000000,0.008885
874,683,77,0.013943,0.013429,65903143.000000,594630.000000,0.009023
875,683,77,0.013719,0.013337,66040498.000000,580588.000000,0.008791
876,683,77,0.013765,0.013400,66082514.000000,582808.000000,0.008819
877,684,77,0.013701,0.013339,66048438.000000,582413.000000,0.008818
878,685,76,0.013665,0.013294,66128038.000000,581850.000000,0.008799
879,686,76,0.013887,0.013476,66652163.000000,590469.000000,0.008859
880,687,76,0.013734,0.013360,66336549.000000,581365.000000,0.008764
881,688,76,0.014022,0.013637,66867080.000000,588289.000000,0.008798
882,689,76,0.013922,0.013543,66975297.000000,587342.000000,0.008770
883,689,75,0.013938,0.013572,67058456.000000,591339.000000,0.008818
884,690,75,0.013958,0.013570,67177149.000000,591945.000000,0.008812
885,690,75,0.014130,0.013725,67681827.000000,600238.000000,0.008869
886,691,75,0.014150,0.013760,67833414.000000,598945.000000,0.008830
887,692,75,0.014014,0.013631,67766671.000000,593118.000000,0.008752
888,693,75,0.014382,0.013966,68342312.000000,599629.000000,0.008774
889,694,74,0.014633,0.014171,69267223.000000,600774.000000,0.008673
890,695,74,0.014589,0.014159,69402521.000000,601899.000000,0.008673
891,696,74,0.014382,0.013982,69446018.000000,602165.000000,0.008671
892,697,74,0.014326,0.013897,69599631.000000,605844.000000,0.008705
893,698,74,0.014411,0.014026,69931759.000000,605267.000000,0.008655
894,699,74,0.014433,0.014040,70129230.000000,601567.000000,0.008578
895,700,73,0.014628,0.014228,70186003.000000,605441.000000,0.008626
896,701,73,0.014488,0.014093,70193338.000000,605901.000000,0.008632
897,701,73,0.014624,0.014254,70661089.000000,609853.000000,0.008631
898,702,73,0.014727,0.014345,70868464.000000,611312.000000,0.008626
899,703,73,0.014692,0.014279,71262295.000000,612588.000000,0.008596
900,704,73,0.014795,0.014386,71317455.000000,613601.000000,0.008604
901,705,72,0.014739,0.014349,71297573.000000,610836.000000,0.008567
902,706,72,0.015236,0.014847,71599167.000000,616292.000000,0.008608
903,707,72,0.014652,0.014280,71447863.000000,612550.000000,0.008573
904,708,72,0.014660,0.014278,71533294.000000,610659.000000,0.008537
905,709,72,0.015055,0.014652,71916678.000000,619480.000000,0.008614
906,710,71,0.014921,0.014531,71975158.000000,618458.000000,0.008593
907,711,71,0.015046,0.014680,72235699.000000,621890.000000,0.008609
908,712,71,0.014980,0.014597,72301984.000000,621207.000000,0.008592
909,713,71,0.015244,0.014818,72584116.000000,630796.000000,0.008691
910,714,71,0.015147,0.014752,72781377.000000,628415.000000,0.008634
911,715,71,0.015163,0.014768,72799837.000000,628299.000000,0.008631
912,716,70,0.015170,0.014763,72969082.000000,627176.000000,0.008595
913,717,70,0.015191,0.014814,73236754.000000,625141.000000,0.008536
914,718,70,0.015281,0.014892,73357737.000000,628371.000000,0.008566
915,719,70,0.015366,0.014967,73704682.000000,633745.000000,0.008598
916,720,70,0.015306,0.014898,73989592.000000,633770.000000,0.008566
917,721,70,0.015327,0.014938,74373613.000000,637639.000000,0.008573
918,721,69,0.015494,0.015106,74169283.000000,633549.000000,0.008542
919,722,69,0.015435,0.015000,74245092.000000,637540.000000,0.008587
920,722,69,0.015426,0.014997,74459907.000000,640030.000000,0.008596
921,723,69,0.015668,0.015260,74762743.000000,640712.000000,0.008570
922,723,69,0.015847,0.015442,75381543.000000,647279.000000,0.008587
923,723,69,0.015453,0.015094,74896958.000000,637479.000000,0.008511
924,724,68,0.015510,0.015098,75052353.000000,642746.000000,0.008564
925,725,68,0.015440,0.015081,75248022.000000,642225.000000,0.008535
926,726,68,0.015576,0.015185,75435841.000000,644559.000000,0.008544
927,727,68,0.015593,0.015196,75632064.000000,646543.000000,0.008549
928,728,68,0.015806,0.015399,75947303.000000,648423.000000,0.008538
929,729,68,0.016079,0.015529,75847304.000000,650944.000000,0.008582
930,730,67,0.015803,0.015265,76015505.000000,651877.000000,0.008576
931,731,67,0.015815,0.015323,76137079.000000,653972.000000,0.008589
932,732,67,0.015872,0.015472,76318112.000000,654658.000000,0.008578
933,732,67,0.015706,0.015347,76361973.000000,649627.000000,0.008507
934,733,67,0.015942,0.015538,76653768.000000,658713.000000,0.008593
935,734,67,0.016027,0.015623,77256592.000000,660094.000000,0.008544
936,735,66,0.016147,0.015624,76900228.000000,658963.000000,0.008569
937,736,66,0.016103,0.015557,77127885.000000,660143.000000,0.008559
938,737,66,0.016066,0.015546,77328143.000000,659439.000000,0.008528
939,738,66,0.016092,0.015523,77378136.000000,665242.000000,0.008597
940,739,66,0.016315,0.015744,77547163.000000,663689.000000,0.008559
941,740,65,0.016580,0.015938,78521480.000000,681366.000000,0.008677
942,741,65,0.016196,0.015673,77980558.000000,667735.000000,0.008563
943,742,65,0.016366,0.015804,78631362.000000,671583.000000,0.008541
944,742,65,0.016262,0.015771,78469068.000000,669098.000000,0.008527
945,743,65,0.016326,0.015807,78627055.000000,670302.000000,0.008525
946,744,65,0.016429,0.015871,78844739.000000,674248.000000,0.008552
947,745,64,0.016694,0.016219,78940521.000000,673138.000000,0.008527
948,746,64,0.016360,0.015854,78721996.000000,673148.000000,0.008551
949,746,64,0.016357,0.015847,78705095.000000,671058.000000,0.008526
950,746,64,0.016372,0.015854,78827191.000000,673904.000000,0.008549
951,747,64,0.016510,0.016099,79141979.000000,681989.000000,0.008617
952,748,64,0.018800,0.018269,80818398.000000,737709.000000,0.009128
953,749,63,0.018377,0.017852,80809991.000000,707136.000000,0.008751
954,750,63,0.019825,0.019371,81591475.000000,736684.000000,0.009029
955,751,63,0.018696,0.018086,80886072.000000,696182.000000,0.008607
956,751,63,0.016827,0.016281,80065154.000000,681461.000000,0.008511
957,752,62,0.016738,0.016201,80066310.000000,680812.000000,0.008503
958,753,62,0.017078,0.016646,80446784.000000,688076.000000,0.008553
959,753,62,0.016899,0.016493,80490014.000000,682140.000000,0.008475
960,754,62,0.016703,0.016293,80486108.000000,681938.000000,0.008473
961,755,62,0.016665,0.016266,80606876.000000,684288.000000,0.008489
962,756,62,0.016720,0.016309,80783758.000000,685361.000000,0.008484
963,757,62,0.016827,0.016418,81390937.000000,685204.000000,0.008419
964,758,61,0.016798,0.016400,81363493.000000,683294.000000,0.008398
965,758,61,0.017050,0.016637,81693623.000000,689149.000000,0.008436
966,759,61,0.016957,0.016552,81884200.000000,688845.000000,0.008412
967,760,61,0.016833,0.016435,81662493.000000,687308.000000,0.008416
968,761,61,0.016921,0.016510,81855794.000000,690155.000000,0.008431
969,762,61,0.017143,0.016740,82770325.000000,698952.000000,0.008444
970,763,61,0.018088,0.017634,82992731.000000,712771.000000,0.008588
971,764,61,0.017706,0.017249,83307634.000000,704268.000000,0.008454
972,764,60,0.017316,0.016882,82904461.000000,698060.000000,0.008420
973,765,60,0.017295,0.016908,83095716.000000,699698.000000,0.008420
974,765,60,0.017242,0.016812,83196279.000000,698139.000000,0.008391
975,766,60,0.019093,0.018534,84175254.000000,718556.000000,0.008536
976,767,60,0.017371,0.016823,83335488.000000,703171.000000,0.008438
977,768,60,0.017362,0.016828,83398980.000000,707279.000000,0.008481
978,768,60,0.017336,0.016820,83368024.000000,703485.000000,0.008438
979,769,59,0.017321,0.016801,83395020.000000,706978.000000,0.008477
