frame,nb of entities,FPS,frame length,physics length,L1-dcache-loads,L1-dcache-load-misses,L1-dcache-load-miss-ratio
0,3,302,0.001810,0.000025,663581.000000,36155.000000,0.054485
1,4,302,0.003316,0.000035,796257.000000,41839.000000,0.052545
2,5,302,0.003320,0.000027,752884.000000,37279.000000,0.049515
3,6,302,0.003325,0.000032,745767.000000,37514.000000,0.050303
4,7,302,0.003321,0.000030,729788.000000,37144.000000,0.050897
5,8,302,0.003328,0.000033,703846.000000,33912.000000,0.048181
6,8,302,0.003313,0.000032,751616.000000,39285.000000,0.052267
7,9,302,0.003325,0.000036,744327.000000,37509.000000,0.050393
8,10,302,0.003315,0.000034,745795.000000,37599.000000,0.050415
9,11,302,0.003321,0.000036,774937.000000,37898.000000,0.048905
10,12,302,0.003326,0.000030,743120.000000,34611.000000,0.046575
11,13,302,0.003323,0.000050,782661.000000,41433.000000,0.052939
12,14,302,0.003329,0.000035,773597.000000,38318.000000,0.049532
13,15,302,0.003317,0.000037,799424.000000,38817.000000,0.048556
14,16,302,0.003327,0.000040,792626.000000,39036.000000,0.049249
15,17,302,0.003320,0.000039,758350.000000,35156.000000,0.046359
16,17,302,0.003327,0.000033,763612.000000,37846.000000,0.049562
17,18,302,0.003330,0.000078,692728.000000,39239.000000,0.056644
18,19,302,0.003335,0.000043,716709.000000,39415.000000,0.054994
19,20,302,0.003360,0.000046,697487.000000,38647.000000,0.055409
20,21,302,0.003334,0.000042,662894.000000,35408.000000,0.053414
21,22,302,0.003344,0.000040,715819.000000,39402.000000,0.055045
22,23,302,0.003340,0.000048,698624.000000,38818.000000,0.055564
23,24,302,0.003329,0.000046,699495.000000,38742.000000,0.055386
24,25,302,0.003348,0.000048,715636.000000,39675.000000,0.055440
25,26,302,0.003339,0.000053,671471.000000,35392.000000,0.052708
26,27,302,0.003325,0.000061,728159.000000,39801.000000,0.054660
27,28,302,0.003336,0.000055,711769.000000,39316.000000,0.055237
28,29,302,0.003349,0.000061,725768.000000,41605.000000,0.057325
29,30,302,0.003337,0.000078,749560.000000,41486.000000,0.055347
30,30,302,0.003344,0.000054,692963.000000,35978.000000,0.051919
31,31,302,0.003334,0.000065,734001.000000,40428.000000,0.055079
32,31,302,0.003331,0.000053,815941.000000,39860.000000,0.048852
33,31,302,0.003316,0.000070,856688.000000,44384.000000,0.051809
34,32,302,0.003327,0.000060,848225.000000,39826.000000,0.046952
35,33,302,0.003319,0.000068,812533.000000,36896.000000,0.045409
36,34,302,0.003324,0.000067,851408.000000,40497.000000,0.047565
37,35,302,0.003329,0.000069,774824.000000,41453.000000,0.053500
38,36,302,0.003339,0.000065,776283.000000,41812.000000,0.053862
39,37,302,0.003339,0.000066,773771.000000,41366.000000,0.053460
40,38,302,0.003339,0.000083,751183.000000,37933.000000,0.050498
41,39,302,0.003346,0.000077,783995.000000,42142.000000,0.053753
42,40,302,0.003339,0.000084,780952.000000,41977.000000,0.053751
43,41,302,0.003342,0.000071,804335.000000,42162.000000,0.052418
44,42,302,0.003338,0.000072,794582.000000,41909.000000,0.052743
45,43,302,0.003344,0.000089,810648.000000,40434.000000,0.049879
46,44,302,0.003344,0.000077,813247.000000,42562.000000,0.052336
47,45,302,0.003343,0.000088,819028.000000,42282.000000,0.051625
48,46,302,0.003339,0.000081,832185.000000,43693.000000,0.052504
49,47,302,0.003332,0.000078,823953.000000,42943.000000,0.052118
50,48,302,0.003326,0.000078,787413.000000,38565.000000,0.048977
51,49,302,0.003341,0.000074,853846.000000,43756.000000,0.051246
52,50,302,0.003322,0.000100,841700.000000,42855.000000,0.050915
53,51,302,0.003353,0.000085,864495.000000,43654.000000,0.050497
54,51,302,0.003342,0.000072,848027.000000,42611.000000,0.050247
55,52,302,0.003335,0.000097,822304.000000,39971.000000,0.048609
56,53,302,0.003336,0.000075,862585.000000,43507.000000,0.050438
57,54,302,0.003347,0.000108,886786.000000,44308.000000,0.049965
58,54,302,0.003335,0.000085,867414.000000,43496.000000,0.050144
59,55,302,0.003332,0.000079,937490.000000,43214.000000,0.046095
60,56,300,0.003316,0.000101,955675.000000,39866.000000,0.041715
61,57,300,0.003333,0.000104,910771.000000,45031.000000,0.049443
62,58,300,0.003324,0.000084,985825.000000,43648.000000,0.044276
63,59,300,0.003336,0.000100,904681.000000,44689.000000,0.049398
64,59,300,0.003333,0.000082,902692.000000,44069.000000,0.048820
65,59,300,0.003325,0.000081,939695.000000,39602.000000,0.042143
66,60,299,0.003321,0.000098,1010127.000000,45329.000000,0.044875
67,61,299,0.003327,0.000100,997100.000000,44318.000000,0.044447
68,61,299,0.003319,0.000105,995713.000000,43623.000000,0.043811
69,62,299,0.003326,0.000100,1018019.000000,45859.000000,0.045047
70,63,299,0.003327,0.000111,974407.000000,40772.000000,0.041843
71,64,299,0.003320,0.000114,1016056.000000,44337.000000,0.043636
72,64,299,0.003326,0.000099,1012172.000000,44262.000000,0.043730
73,65,299,0.003322,0.000103,1019389.000000,44492.000000,0.043646
74,66,299,0.003336,0.000104,920890.000000,44866.000000,0.048720
75,66,299,0.003338,0.000106,927070.000000,41790.000000,0.045078
76,67,299,0.003346,0.000110,965627.000000,45720.000000,0.047347
77,68,299,0.003341,0.000122,994526.000000,47366.000000,0.047627
78,69,299,0.003352,0.000116,972447.000000,45846.000000,0.047145
79,70,299,0.003334,0.000115,959407.000000,45729.000000,0.047664
80,71,299,0.003328,0.000112,1049245.000000,42176.000000,0.040197
81,72,299,0.003337,0.000104,991441.000000,46825.000000,0.047229
82,73,299,0.003349,0.000141,997455.000000,48768.000000,0.048892
83,74,299,0.003345,0.000133,997006.000000,46486.000000,0.046626
84,74,299,0.003349,0.000128,989022.000000,46749.000000,0.047268
85,75,299,0.003339,0.000132,962015.000000,43029.000000,0.044728
86,76,299,0.003352,0.000119,986289.000000,46200.000000,0.046842
87,77,299,0.003337,0.000124,988171.000000,47169.000000,0.047734
88,77,299,0.003343,0.000115,977446.000000,46271.000000,0.047339
89,78,299,0.003340,0.000107,996749.000000,47277.000000,0.047431
90,79,299,0.003349,0.000136,970342.000000,43511.000000,0.044841
91,80,299,0.003343,0.000148,1032081.000000,49143.000000,0.047615
92,81,299,0.003346,0.000128,1045381.000000,48866.000000,0.046745
93,82,299,0.003343,0.000156,1048438.000000,49493.000000,0.047206
94,83,299,0.003347,0.000138,1079581.000000,50168.000000,0.046470
95,84,299,0.003344,0.000150,1048001.000000,46549.000000,0.044417
96,84,299,0.003339,0.000157,1075011.000000,50288.000000,0.046779
97,85,299,0.003357,0.000150,1080252.000000,51095.000000,0.047299
98,86,299,0.003333,0.000165,1082615.000000,50706.000000,0.046837
99,87,299,0.003348,0.000170,1095416.000000,50201.000000,0.045828
100,87,299,0.003347,0.000145,1063220.000000,46723.000000,0.043945
101,88,299,0.003327,0.000157,1139155.000000,51664.000000,0.045353
102,88,299,0.003346,0.000161,1106588.000000,50848.000000,0.045950
103,89,299,0.003346,0.000151,1110776.000000,51063.000000,0.045971
104,90,299,0.003345,0.000159,1110721.000000,51587.000000,0.046445
105,91,299,0.003349,0.000171,1083321.000000,47251.000000,0.043617
106,92,299,0.003344,0.000172,1148507.000000,52138.000000,0.045396
107,93,299,0.003351,0.000164,1186900.000000,53639.000000,0.045193
108,94,299,0.003345,0.000186,1187107.000000,53024.000000,0.044667
109,94,299,0.003350,0.000178,1202271.000000,53710.000000,0.044674
110,95,299,0.003343,0.000187,1189443.000000,50513.000000,0.042468
111,96,299,0.003349,0.000161,1236989.000000,54503.000000,0.044061
112,97,299,0.003348,0.000207,1262825.000000,55259.000000,0.043758
113,98,299,0.003343,0.000192,1286805.000000,54921.000000,0.042680
114,99,299,0.003351,0.000214,1264401.000000,52253.000000,0.041326
115,99,299,0.003324,0.000201,1303102.000000,57244.000000,0.043929
116,100,299,0.003342,0.000221,1305115.000000,55485.000000,0.042513
117,101,299,0.003344,0.000226,1325302.000000,55808.000000,0.042110
118,102,299,0.003342,0.000235,1326485.000000,57230.000000,0.043144
119,103,299,0.003344,0.000227,1319145.000000,53975.000000,0.040917
120,104,299,0.003339,0.000185,1352110.000000,56860.000000,0.042053
121,104,299,0.003340,0.000249,1408923.000000,58583.000000,0.041580
122,105,299,0.003344,0.000248,1405565.000000,58107.000000,0.041341
123,106,299,0.003345,0.000281,1447155.000000,60649.000000,0.041909
124,107,299,0.003347,0.000230,1399544.000000,55587.000000,0.039718
125,108,299,0.003353,0.000236,1475754.000000,60167.000000,0.040770
126,109,299,0.003353,0.000279,1490271.000000,61784.000000,0.041458
127,110,299,0.003352,0.000250,1506466.000000,61353.000000,0.040726
128,110,299,0.003358,0.000288,1517862.000000,65467.000000,0.043131
129,110,299,0.003345,0.000286,1478109.000000,58230.000000,0.039395
130,111,299,0.003351,0.000251,1513449.000000,60830.000000,0.040193
131,112,299,0.003351,0.000310,1588358.000000,62675.000000,0.039459
132,113,299,0.003346,0.000304,1570745.000000,63137.000000,0.040196
133,114,298,0.003349,0.000277,1591951.000000,63347.000000,0.039792
134,115,298,0.003359,0.000281,1541245.000000,60450.000000,0.039222
135,115,298,0.003349,0.000293,1584975.000000,63217.000000,0.039885
136,116,298,0.003353,0.000267,1591735.000000,62812.000000,0.039461
137,117,298,0.003354,0.000285,1637369.000000,64084.000000,0.039138
138,118,298,0.003355,0.000296,1634761.000000,64460.000000,0.039431
139,119,298,0.003346,0.000287,1619298.000000,61506.000000,0.037983
140,119,298,0.003352,0.000290,1691662.000000,66205.000000,0.039136
141,120,298,0.003346,0.000263,1696204.000000,64776.000000,0.038189
142,120,298,0.003360,0.000307,1742113.000000,66258.000000,0.038033
143,121,298,0.003344,0.000345,1742050.000000,66220.000000,0.038013
144,121,298,0.003358,0.000318,1695773.000000,61643.000000,0.036351
145,122,298,0.003356,0.000358,1790102.000000,67727.000000,0.037834
146,123,298,0.003351,0.000343,1837004.000000,68945.000000,0.037531
147,124,298,0.003344,0.000374,1870777.000000,69221.000000,0.037001
148,125,298,0.003362,0.000353,1890205.000000,70547.000000,0.037322
149,126,298,0.003357,0.000381,1910033.000000,66799.000000,0.034973
150,126,298,0.003363,0.000380,1990778.000000,73290.000000,0.036815
151,127,298,0.003350,0.000393,1907985.000000,70386.000000,0.036890
152,127,298,0.003359,0.000339,1892350.000000,69493.000000,0.036723
153,127,298,0.003353,0.000397,1891521.000000,70570.000000,0.037309
154,128,298,0.003353,0.000358,1884090.000000,67590.000000,0.035874
155,129,298,0.003355,0.000342,1977997.000000,72297.000000,0.036551
156,130,298,0.003356,0.000377,1982576.000000,72896.000000,0.036768
157,131,298,0.003365,0.000381,2054292.000000,75398.000000,0.036703
158,132,298,0.003357,0.000393,2084273.000000,75146.000000,0.036054
159,133,298,0.003400,0.000462,2116308.000000,79249.000000,0.037447
160,133,298,0.003352,0.000400,2149436.000000,76974.000000,0.035811
161,134,298,0.003363,0.000486,2214492.000000,83886.000000,0.037880
162,135,298,0.003362,0.000430,2225671.000000,80309.000000,0.036083
163,135,298,0.003363,0.000460,2245782.000000,80798.000000,0.035978
164,136,298,0.003362,0.000504,2249740.000000,79017.000000,0.035123
165,136,298,0.003360,0.000460,2345041.000000,82447.000000,0.035158
166,136,298,0.003361,0.000513,2347684.000000,83292.000000,0.035478
167,137,298,0.003357,0.000476,2347905.000000,83201.000000,0.035436
168,138,298,0.003361,0.000454,2372317.000000,83197.000000,0.035070
169,139,298,0.003366,0.000557,2411224.000000,84237.000000,0.034935
170,140,298,0.003324,0.000605,2556576.000000,89464.000000,0.034994
171,140,298,0.003324,0.000494,2625995.000000,87162.000000,0.033192
172,141,298,0.003357,0.000638,2554380.000000,88996.000000,0.034841
173,142,298,0.003372,0.000537,2647115.000000,90819.000000,0.034309
174,143,298,0.003358,0.000526,2585168.000000,86670.000000,0.033526
175,143,298,0.003363,0.000538,2676327.000000,92283.000000,0.034481
176,144,298,0.003366,0.000610,2734468.000000,94750.000000,0.034650
177,145,298,0.003402,0.000553,2784139.000000,96275.000000,0.034580
178,145,298,0.003361,0.000622,2753598.000000,94861.000000,0.034450
179,146,298,0.003368,0.000570,2734776.000000,91926.000000,0.033614
180,147,297,0.003367,0.000651,2783736.000000,96477.000000,0.034657
181,148,297,0.003374,0.000589,2848011.000000,97391.000000,0.034196
182,149,297,0.003363,0.000601,2896317.000000,97048.000000,0.033507
183,150,297,0.003373,0.000615,2948552.000000,98720.000000,0.033481
184,151,297,0.003367,0.000652,2919742.000000,94389.000000,0.032328
185,151,297,0.003368,0.000602,3078160.000000,102422.000000,0.033274
186,152,297,0.003370,0.000714,3110519.000000,103754.000000,0.033356
187,153,297,0.003356,0.000639,3120642.000000,103109.000000,0.033041
188,154,297,0.003374,0.000716,3150911.000000,105541.000000,0.033495
189,155,297,0.003368,0.000673,3141317.000000,102293.000000,0.032564
190,156,297,0.003325,0.000637,3257851.000000,106538.000000,0.032702
191,157,297,0.003321,0.000767,3361870.000000,108362.000000,0.032233
192,158,297,0.003323,0.000725,3392199.000000,110244.000000,0.032499
193,159,297,0.003323,0.000678,3416117.000000,110090.000000,0.032227
194,160,297,0.003323,0.000810,3395964.000000,108335.000000,0.031901
195,161,297,0.003325,0.000734,3485860.000000,112802.000000,0.032360
196,162,297,0.003329,0.000728,3538073.000000,116361.000000,0.032888
197,163,298,0.003317,0.000846,3575657.000000,115983.000000,0.032437
198,163,298,0.003328,0.000749,3622463.000000,115423.000000,0.031863
199,164,298,0.003325,0.000747,3576607.000000,112777.000000,0.031532
200,165,298,0.003324,0.000711,3657220.000000,117453.000000,0.032115
201,166,298,0.003320,0.000785,3723272.000000,116959.000000,0.031413
202,167,298,0.003328,0.000760,3754018.000000,118184.000000,0.031482
203,167,298,0.003321,0.000864,3742627.000000,118284.000000,0.031605
204,168,298,0.003325,0.000812,3788433.000000,116740.000000,0.030815
205,169,298,0.003324,0.000832,3879844.000000,122215.000000,0.031500
206,170,298,0.003323,0.000904,3873302.000000,122785.000000,0.031700
207,171,298,0.003321,0.000906,3903246.000000,124014.000000,0.031772
208,172,298,0.003326,0.000839,3956356.000000,124858.000000,0.031559
209,172,298,0.003320,0.000809,4010467.000000,127772.000000,0.031860
210,173,298,0.003327,0.000941,4055004.000000,131798.000000,0.032503
211,174,298,0.003320,0.000892,4090678.000000,133524.000000,0.032641
212,174,298,0.003324,0.000824,4097824.000000,132727.000000,0.032390
213,175,298,0.003321,0.000963,4104969.000000,133239.000000,0.032458
214,176,298,0.003325,0.000858,4086561.000000,130226.000000,0.031867
215,177,298,0.003322,0.000865,4248050.000000,138346.000000,0.032567
216,177,298,0.003324,0.000926,4268389.000000,136621.000000,0.032008
217,178,298,0.003325,0.000898,4155691.000000,136671.000000,0.032888
218,179,299,0.003319,0.000837,4159162.000000,135247.000000,0.032518
219,180,299,0.003325,0.000945,4241071.000000,135726.000000,0.032003
220,181,299,0.003327,0.000928,4354255.000000,141611.000000,0.032522
221,182,299,0.003318,0.000907,4386676.000000,144334.000000,0.032903
222,183,299,0.003325,0.000968,4387222.000000,142713.000000,0.032529
223,184,299,0.003325,0.000940,4429891.000000,144462.000000,0.032611
224,184,299,0.003323,0.000934,4400896.000000,140909.000000,0.032018
225,185,299,0.003329,0.000969,4419296.000000,143070.000000,0.032374
226,186,299,0.003323,0.000946,4429021.000000,144252.000000,0.032570
227,187,299,0.003325,0.000911,4456219.000000,143797.000000,0.032269
228,187,299,0.003320,0.000975,4451760.000000,143789.000000,0.032299
229,188,299,0.003331,0.000948,4402568.000000,140903.000000,0.032005
230,188,299,0.003383,0.001030,4520425.000000,147640.000000,0.032661
231,188,299,0.003395,0.001020,4570838.000000,148737.000000,0.032540
232,189,299,0.003377,0.000977,4477206.000000,145597.000000,0.032520
233,190,299,0.003401,0.001107,4599854.000000,150904.000000,0.032806
234,191,299,0.003381,0.001065,4581150.000000,148167.000000,0.032343
235,191,299,0.003379,0.000897,4549363.000000,148179.000000,0.032571
236,192,299,0.003392,0.001093,4627961.000000,149107.000000,0.032219
237,193,299,0.003390,0.001124,4849606.000000,159630.000000,0.032916
238,194,299,0.003386,0.001147,4832337.000000,157029.000000,0.032495
239,195,299,0.003396,0.001131,4900608.000000,155829.000000,0.031798
240,196,299,0.003381,0.001042,4899361.000000,158309.000000,0.032312
241,197,299,0.003333,0.001098,4934465.000000,157825.000000,0.031984
242,198,299,0.003316,0.001111,5004127.000000,159350.000000,0.031844
243,199,299,0.003327,0.001039,5016734.000000,160422.000000,0.031977
244,200,299,0.003321,0.001192,4989609.000000,157244.000000,0.031514
245,201,299,0.003322,0.001133,5100054.000000,161584.000000,0.031683
246,201,299,0.003389,0.001065,5127629.000000,164527.000000,0.032086
247,202,299,0.003397,0.001202,5102468.000000,164425.000000,0.032225
248,203,299,0.003388,0.001156,5122278.000000,162325.000000,0.031690
249,204,299,0.003385,0.001017,5081793.000000,163174.000000,0.032110
250,205,299,0.003417,0.001130,5152267.000000,165818.000000,0.032184
251,206,299,0.003386,0.001063,5252989.000000,167891.000000,0.031961
252,206,299,0.003399,0.001180,5309016.000000,170185.000000,0.032056
253,207,298,0.003390,0.001169,5325361.000000,168092.000000,0.031564
254,208,298,0.003395,0.001216,5426935.000000,174500.000000,0.032154
255,209,298,0.003395,0.001302,5538546.000000,179330.000000,0.032379
256,210,298,0.003389,0.001149,5575947.000000,179470.000000,0.032186
257,210,298,0.003404,0.001301,5681195.000000,181302.000000,0.031913
258,211,298,0.003393,0.001286,5617020.000000,178806.000000,0.031833
259,212,298,0.003328,0.001240,5748682.000000,185877.000000,0.032334
260,213,298,0.003322,0.001150,5796866.000000,180792.000000,0.031188
261,214,298,0.003325,0.001246,5914906.000000,183009.000000,0.030940
262,215,298,0.003322,0.001254,5989568.000000,189581.000000,0.031652
263,216,298,0.003326,0.001346,5977459.000000,185268.000000,0.030994
264,217,298,0.003326,0.001284,6068480.000000,188700.000000,0.031095
265,217,298,0.003322,0.001244,6189458.000000,192677.000000,0.031130
266,218,298,0.003328,0.001358,6232496.000000,193833.000000,0.031100
267,219,298,0.003321,0.001453,6204482.000000,199834.000000,0.032208
268,220,298,0.003327,0.001266,6220722.000000,190624.000000,0.030643
269,221,298,0.003324,0.001480,6348693.000000,198418.000000,0.031253
270,221,298,0.003326,0.001411,6372706.000000,201159.000000,0.031566
271,222,298,0.003322,0.001306,6362444.000000,199210.000000,0.031310
272,223,298,0.003329,0.001409,6396936.000000,199616.000000,0.031205
273,224,298,0.003318,0.001494,6497571.000000,201255.000000,0.030974
274,224,298,0.003337,0.001643,6507114.000000,205425.000000,0.031569
275,224,298,0.003400,0.001539,6553552.000000,204927.000000,0.031270
276,225,298,0.003403,0.001394,6622433.000000,206900.000000,0.031242
277,225,298,0.003411,0.001567,6652689.000000,209948.000000,0.031558
278,226,297,0.003396,0.001364,6603411.000000,203806.000000,0.030864
279,227,297,0.003405,0.001432,6738510.000000,210517.000000,0.031241
280,228,297,0.003409,0.001520,6741873.000000,211193.000000,0.031326
281,229,297,0.003403,0.001398,6835525.000000,214151.000000,0.031329
282,230,297,0.003414,0.001551,6843570.000000,213793.000000,0.031240
283,230,297,0.003408,0.001539,6862165.000000,215024.000000,0.031335
284,231,297,0.003404,0.001404,6898491.000000,215556.000000,0.031247
285,232,297,0.003411,0.001575,6951724.000000,219653.000000,0.031597
286,233,296,0.003382,0.001461,7011675.000000,221255.000000,0.031555
287,234,296,0.003451,0.001584,7074594.000000,222567.000000,0.031460
288,235,296,0.003366,0.001463,7270064.000000,235436.000000,0.032384
289,236,296,0.003338,0.002016,7390531.000000,236358.000000,0.031981
290,237,296,0.003328,0.001540,7374320.000000,227024.000000,0.030786
291,238,296,0.003318,0.001712,7391463.000000,236048.000000,0.031935
292,239,296,0.003353,0.002369,7645068.000000,264461.000000,0.034592
293,240,297,0.003326,0.001797,7554652.000000,240601.000000,0.031848
294,241,297,0.003325,0.001548,7539949.000000,234804.000000,0.031141
295,242,297,0.003322,0.001658,7707618.000000,238511.000000,0.030945
296,243,297,0.003326,0.001675,7588881.000000,235174.000000,0.030989
297,243,297,0.003324,0.001675,7740633.000000,241606.000000,0.031213
298,243,297,0.003429,0.001873,7691397.000000,234467.000000,0.030484
299,244,297,0.003416,0.001645,7859507.000000,242124.000000,0.030807
300,244,297,0.003428,0.001881,7949678.000000,243864.000000,0.030676
301,245,297,0.003429,0.001662,8048774.000000,246193.000000,0.030588
302,246,296,0.003419,0.001713,8080581.000000,248028.000000,0.030694
303,247,296,0.003423,0.001828,8170370.000000,248426.000000,0.030406
304,248,296,0.003414,0.001745,8226061.000000,252392.000000,0.030682
305,249,296,0.003419,0.001729,8260687.000000,252469.000000,0.030563
306,249,296,0.003421,0.001757,8257650.000000,253497.000000,0.030698
307,250,296,0.003418,0.001707,8254735.000000,252757.000000,0.030620
308,251,296,0.003430,0.001903,8282130.000000,251657.000000,0.030386
309,252,296,0.003423,0.001749,8397790.000000,258714.000000,0.030807
310,253,296,0.003421,0.001786,8423050.000000,258183.000000,0.030652
311,254,296,0.003421,0.001773,8545159.000000,260035.000000,0.030431
312,255,296,0.003424,0.001838,8589171.000000,258998.000000,0.030154
313,255,296,0.003426,0.001819,8737913.000000,265476.000000,0.030382
314,256,296,0.003428,0.001914,8783377.000000,269457.000000,0.030678
315,256,296,0.003433,0.001826,8872903.000000,268902.000000,0.030306
316,256,296,0.003427,0.001892,8955738.000000,270514.000000,0.030206
317,257,296,0.003427,0.001872,8765491.000000,265293.000000,0.030266
318,258,296,0.003341,0.001998,8926561.000000,283264.000000,0.031733
319,259,295,0.003433,0.002018,9114678.000000,273726.000000,0.030031
320,260,295,0.003421,0.001909,9021614.000000,273356.000000,0.030300
321,261,295,0.003428,0.001898,9103543.000000,275911.000000,0.030308
322,262,295,0.003438,0.002150,9095704.000000,272895.000000,0.030003
323,263,295,0.003424,0.001975,9178373.000000,279614.000000,0.030464
324,264,295,0.003430,0.001916,9228387.000000,279846.000000,0.030324
325,265,295,0.003428,0.001984,9468830.000000,285904.000000,0.030194
326,266,294,0.003434,0.002036,9550063.000000,287640.000000,0.030119
327,267,294,0.003360,0.002002,9436095.000000,283292.000000,0.030022
328,268,294,0.003345,0.002085,9549438.000000,287397.000000,0.030096
329,269,294,0.003331,0.002040,9563859.000000,290035.000000,0.030326
330,270,294,0.003343,0.002108,9584085.000000,288479.000000,0.030100
331,271,294,0.003334,0.002014,9692748.000000,290305.000000,0.029951
332,272,294,0.003351,0.002256,9769356.000000,293243.000000,0.030017
333,273,294,0.003345,0.002133,9890605.000000,298782.000000,0.030209
334,273,294,0.003340,0.002115,9955546.000000,298022.000000,0.029935
335,274,294,0.003353,0.002322,10017912.000000,301494.000000,0.030095
336,275,294,0.003325,0.002157,9917990.000000,298992.000000,0.030146
337,276,294,0.003339,0.002107,9883387.000000,296406.000000,0.029990
338,277,295,0.003350,0.002275,9951769.000000,300551.000000,0.030201
339,278,295,0.003345,0.002183,10056713.000000,304317.000000,0.030260
340,279,295,0.003344,0.002161,10148695.000000,303498.000000,0.029905
341,279,295,0.003345,0.002205,10273522.000000,308685.000000,0.030047
342,280,295,0.003348,0.002258,10331269.000000,307353.000000,0.029750
343,281,295,0.003350,0.002254,10530309.000000,315049.000000,0.029918
344,282,295,0.003353,0.002297,10593184.000000,317430.000000,0.029965
345,282,295,0.003354,0.002354,10710656.000000,319385.000000,0.029819
346,283,295,0.003352,0.002315,10773681.000000,321003.000000,0.029795
347,284,295,0.003327,0.002366,10842845.000000,321481.000000,0.029649
348,285,295,0.003367,0.002603,11006867.000000,332030.000000,0.030166
349,286,295,0.003355,0.002341,11019801.000000,326488.000000,0.029627
350,287,295,0.003358,0.002346,11161745.000000,329948.000000,0.029561
351,288,295,0.003352,0.002411,11162913.000000,331136.000000,0.029664
352,289,295,0.003360,0.002340,11186720.000000,327177.000000,0.029247
353,290,295,0.003354,0.002429,11427972.000000,337196.000000,0.029506
354,291,295,0.003370,0.002549,11384165.000000,338079.000000,0.029697
355,291,295,0.003358,0.002451,11482259.000000,340104.000000,0.029620
356,291,295,0.003365,0.002389,11386274.000000,335881.000000,0.029499
357,292,295,0.003352,0.002450,11512895.000000,336393.000000,0.029219
358,293,295,0.003359,0.002473,11766729.000000,346221.000000,0.029424
359,294,295,0.003359,0.002479,11592316.000000,342399.000000,0.029537
360,295,295,0.003482,0.002694,11646167.000000,342169.000000,0.029380
361,296,295,0.003464,0.002526,11868285.000000,348638.000000,0.029376
362,297,295,0.003458,0.002496,11868725.000000,345759.000000,0.029132
363,297,295,0.003465,0.002612,12113257.000000,356734.000000,0.029450
364,298,295,0.003476,0.002545,11990864.000000,352180.000000,0.029371
365,298,295,0.003465,0.002603,12088408.000000,357060.000000,0.029537
366,299,295,0.003460,0.002556,12137893.000000,355333.000000,0.029275
367,300,295,0.003466,0.002676,12298849.000000,360010.000000,0.029272
368,301,295,0.003466,0.002619,12401911.000000,364365.000000,0.029380
369,302,294,0.003463,0.002668,12427359.000000,361251.000000,0.029069
370,303,294,0.003461,0.002670,12567419.000000,364593.000000,0.029011
371,304,294,0.003469,0.002704,12486586.000000,362678.000000,0.029045
372,305,294,0.003456,0.002659,12572754.000000,363230.000000,0.028890
373,305,294,0.003354,0.002756,12659498.000000,369257.000000,0.029168
374,306,294,0.003472,0.002678,12705079.000000,369470.000000,0.029080
375,307,294,0.003378,0.002762,12842096.000000,373673.000000,0.029098
376,308,294,0.003389,0.002784,12998850.000000,372504.000000,0.028657
377,309,294,0.003480,0.003127,13033116.000000,383086.000000,0.029393
378,310,294,0.003352,0.002725,12983469.000000,374407.000000,0.028837
379,311,294,0.003375,0.002774,13107159.000000,377194.000000,0.028778
380,311,295,0.003374,0.002785,13111560.000000,378935.000000,0.028901
381,312,295,0.003378,0.002793,13086015.000000,375707.000000,0.028711
382,312,295,0.003372,0.002768,13167116.000000,380096.000000,0.028867
383,313,295,0.003381,0.002839,13298823.000000,383335.000000,0.028825
384,314,295,0.003377,0.002756,13184696.000000,379743.000000,0.028802
385,314,295,0.003381,0.002956,13560808.000000,392950.000000,0.028977
386,315,295,0.003383,0.002920,13393857.000000,384306.000000,0.028693
387,316,295,0.003381,0.002925,13477455.000000,391598.000000,0.029056
388,317,295,0.003382,0.002904,13537194.000000,392429.000000,0.028989
389,318,295,0.003350,0.003003,13727483.000000,397381.000000,0.028948
390,319,295,0.003395,0.002945,13799010.000000,399369.000000,0.028942
391,319,295,0.003361,0.002923,13776178.000000,394603.000000,0.028644
392,320,295,0.003383,0.002954,13900675.000000,400542.000000,0.028815
393,320,295,0.003325,0.002974,13968013.000000,402670.000000,0.028828
394,321,295,0.003387,0.002964,14064255.000000,405685.000000,0.028845
395,322,295,0.003343,0.003002,14094234.000000,405600.000000,0.028778
396,323,295,0.003354,0.003017,14225226.000000,406260.000000,0.028559
397,324,295,0.003425,0.003092,14445945.000000,415458.000000,0.028759
398,325,294,0.003418,0.003075,14459850.000000,415832.000000,0.028758
399,326,292,0.005307,0.003701,14845305.000000,460052.000000,0.030990
400,327,290,0.004277,0.003866,14967191.000000,439852.000000,0.029388
401,328,287,0.005846,0.005378,15761480.000000,526320.000000,0.033393
402,329,283,0.005845,0.005367,15796025.000000,527729.000000,0.033409
403,330,280,0.005861,0.005412,15888674.000000,526017.000000,0.033106
404,331,277,0.005941,0.005470,15995790.000000,537249.000000,0.033587
405,331,273,0.005993,0.005507,16130938.000000,542336.000000,0.033621
406,331,270,0.005968,0.005505,16182018.000000,532894.000000,0.032931
407,332,269,0.004216,0.003763,15311214.000000,451897.000000,0.029514
408,333,268,0.004013,0.003645,15307616.000000,446261.000000,0.029153
409,333,267,0.004166,0.003380,15155190.000000,437009.000000,0.028836
410,334,267,0.003930,0.003292,15172945.000000,434114.000000,0.028611
411,335,266,0.003781,0.003295,15263082.000000,440655.000000,0.028871
412,335,266,0.003897,0.003271,15222974.000000,437302.000000,0.028726
413,336,265,0.003952,0.003273,15257876.000000,440159.000000,0.028848
414,337,264,0.003905,0.003283,15230397.000000,435632.000000,0.028603
415,338,264,0.003929,0.003298,15322680.000000,444171.000000,0.028988
416,339,263,0.003998,0.003313,15378439.000000,443189.000000,0.028819
417,340,262,0.004023,0.003395,15456806.000000,449392.000000,0.029074
418,340,261,0.004043,0.003380,15417778.000000,445272.000000,0.028880
419,341,261,0.003978,0.003319,15489244.000000,445533.000000,0.028764
420,342,260,0.003995,0.003354,15691322.000000,452284.000000,0.028824
421,343,259,0.004178,0.003539,15909271.000000,460127.000000,0.028922
422,344,258,0.004087,0.003418,15842105.000000,454796.000000,0.028708
423,344,258,0.004074,0.003361,15953427.000000,456718.000000,0.028628
424,344,257,0.004079,0.003438,15984414.000000,461484.000000,0.028871
425,345,256,0.004116,0.003467,16076925.000000,463122.000000,0.028807
426,346,256,0.004150,0.003522,16131726.000000,459953.000000,0.028512
427,347,254,0.004650,0.004011,16433783.000000,479451.000000,0.029175
428,347,254,0.004131,0.003505,16287283.000000,468344.000000,0.028755
429,348,253,0.004126,0.003505,16305102.000000,466840.000000,0.028632
430,349,252,0.004224,0.003570,16358491.000000,471730.000000,0.028837
431,350,251,0.004185,0.003567,16490018.000000,473614.000000,0.028721
432,351,251,0.004197,0.003576,16538289.000000,478116.000000,0.028910
433,351,250,0.004167,0.003556,16583092.000000,476715.000000,0.028747
434,351,249,0.004216,0.003598,16571761.000000,474401.000000,0.028627
435,352,248,0.004263,0.003631,16700396.000000,479714.000000,0.028725
436,352,247,0.004282,0.003652,16775285.000000,483377.000000,0.028815
437,352,246,0.004274,0.003633,16863989.000000,480727.000000,0.028506
438,353,245,0.004244,0.003638,16926911.000000,481853.000000,0.028467
439,354,244,0.004313,0.003703,17098004.000000,490522.000000,0.028689
440,355,243,0.004385,0.003714,17153044.000000,492064.000000,0.028687
441,356,243,0.004287,0.003680,17185627.000000,493628.000000,0.028723
442,357,241,0.004463,0.003846,17286138.000000,495086.000000,0.028641
443,357,241,0.004358,0.003740,17379681.000000,499638.000000,0.028748
444,358,240,0.004394,0.003737,17426173.000000,497198.000000,0.028532
445,358,239,0.004436,0.003816,17573005.000000,505735.000000,0.028779
446,359,238,0.004371,0.003770,17598692.000000,502573.000000,0.028557
447,360,237,0.004525,0.003884,17811705.000000,508654.000000,0.028557
448,361,235,0.004527,0.003894,18003463.000000,514630.000000,0.028585
449,362,234,0.004513,0.003869,17981902.000000,510528.000000,0.028391
450,363,233,0.004731,0.004358,18414228.000000,527475.000000,0.028645
451,363,232,0.004346,0.003976,18446048.000000,524629.000000,0.028441
452,363,231,0.004260,0.003925,18138702.000000,520194.000000,0.028679
453,364,231,0.004244,0.003897,18180510.000000,516250.000000,0.028396
454,365,230,0.004346,0.003990,18316793.000000,524575.000000,0.028639
455,366,229,0.004372,0.003989,18439586.000000,525273.000000,0.028486
456,367,228,0.004371,0.004015,18536913.000000,526040.000000,0.028378
457,368,227,0.004335,0.003990,18494507.000000,523180.000000,0.028288
458,368,226,0.004381,0.004030,18725213.000000,532390.000000,0.028432
459,369,227,0.004495,0.004132,19016572.000000,539643.000000,0.028378
460,370,227,0.004421,0.004082,18832100.000000,537967.000000,0.028566
461,371,228,0.004464,0.004117,18937610.000000,535542.000000,0.028279
462,372,229,0.004418,0.004075,19033717.000000,539434.000000,0.028341
463,373,231,0.004457,0.004096,19102196.000000,546561.000000,0.028612
464,374,232,0.004925,0.004289,19151248.000000,542881.000000,0.028347
465,374,233,0.004892,0.004417,19422946.000000,551363.000000,0.028387
466,375,234,0.004533,0.004178,19372853.000000,550355.000000,0.028409
467,376,234,0.004551,0.004222,19438712.000000,551204.000000,0.028356
468,376,233,0.004538,0.004206,19372996.000000,548985.000000,0.028338
469,377,233,0.004541,0.004204,19417621.000000,550881.000000,0.028370
470,377,232,0.004594,0.004235,19517426.000000,551486.000000,0.028256
471,378,231,0.004674,0.004319,19859951.000000,563413.000000,0.028369
472,379,231,0.004776,0.004431,19742117.000000,561595.000000,0.028447
473,380,230,0.004621,0.004281,19747254.000000,559370.000000,0.028326
474,381,229,0.004619,0.004286,19740101.000000,559826.000000,0.028360
475,381,229,0.004597,0.004261,19769470.000000,556994.000000,0.028174
476,382,228,0.004629,0.004275,19873228.000000,564636.000000,0.028412
477,383,228,0.004789,0.004417,20090176.000000,574371.000000,0.028590
478,384,227,0.004729,0.004363,20172192.000000,571410.000000,0.028327
479,385,226,0.004708,0.004356,20106997.000000,567733.000000,0.028236
480,386,226,0.004821,0.004468,20261547.000000,573868.000000,0.028323
481,387,225,0.004769,0.004399,20402952.000000,576246.000000,0.028243
482,387,224,0.004864,0.004512,20590477.000000,579606.000000,0.028149
483,388,224,0.004864,0.004484,20442687.000000,578702.000000,0.028309
484,388,223,0.004813,0.004437,20419730.000000,576806.000000,0.028247
485,389,223,0.004760,0.004399,20387649.000000,576118.000000,0.028258
486,390,222,0.004844,0.004479,20458628.000000,573953.000000,0.028054
487,391,222,0.004956,0.004562,20744432.000000,585686.000000,0.028233
488,392,221,0.004864,0.004474,20598746.000000,584178.000000,0.028360
489,393,221,0.004885,0.004543,20723154.000000,586824.000000,0.028317
490,394,220,0.004876,0.004511,20818656.000000,590107.000000,0.028345
491,395,219,0.004919,0.004563,20974546.000000,597142.000000,0.028470
492,395,219,0.004904,0.004555,20953785.000000,594487.000000,0.028371
493,396,218,0.005177,0.004811,21128673.000000,598671.000000,0.028335
494,396,217,0.004992,0.004596,21197695.000000,596457.000000,0.028138
495,397,217,0.005067,0.004689,21533444.000000,607306.000000,0.028203
496,397,216,0.004998,0.004642,21363938.000000,600627.000000,0.028114
497,397,216,0.005080,0.004707,21498351.000000,606537.000000,0.028213
498,398,215,0.005079,0.004710,21540833.000000,607274.000000,0.028192
499,399,214,0.005129,0.004784,21846409.000000,612855.000000,0.028053
500,400,214,0.005078,0.004722,21758849.000000,613724.000000,0.028206
501,401,213,0.005277,0.004913,22370292.000000,630524.000000,0.028186
502,402,213,0.005176,0.004824,22121552.000000,621704.000000,0.028104
503,403,212,0.005172,0.004813,22207816.000000,627425.000000,0.028252
504,403,211,0.005201,0.004841,22184894.000000,626398.000000,0.028235
505,404,211,0.005145,0.004803,22207714.000000,626197.000000,0.028197
506,405,210,0.005232,0.004878,22267012.000000,625255.000000,0.028080
507,406,210,0.005194,0.004814,22324748.000000,629290.000000,0.028188
508,407,209,0.005275,0.004921,22457189.000000,633234.000000,0.028197
509,407,209,0.005276,0.004922,22743957.000000,636612.000000,0.027990
510,408,208,0.005290,0.004908,22669562.000000,637937.000000,0.028141
511,409,207,0.005400,0.005057,22973946.000000,649935.000000,0.028290
512,410,206,0.005857,0.005499,23065457.000000,656132.000000,0.028447
513,411,205,0.005272,0.004923,23005475.000000,645182.000000,0.028045
514,412,205,0.005275,0.004927,23037593.000000,647614.000000,0.028111
515,413,204,0.005957,0.005332,23103397.000000,649344.000000,0.028106
516,414,203,0.005646,0.004998,23175947.000000,651822.000000,0.028125
517,415,202,0.005688,0.005064,23236502.000000,654834.000000,0.028181
518,416,201,0.005759,0.005082,23300460.000000,652674.000000,0.028011
519,417,200,0.005676,0.005066,23473733.000000,663245.000000,0.028255
520,418,199,0.005772,0.005142,23502341.000000,663169.000000,0.028217
521,418,198,0.005676,0.005067,23513669.000000,662234.000000,0.028164
522,419,198,0.005779,0.005136,23689314.000000,665610.000000,0.028097
523,420,197,0.005786,0.005144,23887769.000000,670962.000000,0.028088
524,421,196,0.005973,0.005301,23983601.000000,673071.000000,0.028064
525,422,195,0.005905,0.005247,24163060.000000,680238.000000,0.028152
526,423,195,0.005915,0.005288,24241088.000000,683613.000000,0.028201
527,424,194,0.005875,0.005262,24285297.000000,682788.000000,0.028115
528,425,193,0.005910,0.005266,24384560.000000,687511.000000,0.028195
529,426,192,0.006082,0.005349,24786718.000000,702340.000000,0.028335
530,427,190,0.006912,0.006262,25059202.000000,714405.000000,0.028509
531,427,190,0.006003,0.005350,24879524.000000,699158.000000,0.028102
532,428,189,0.006117,0.005483,24962395.000000,700533.000000,0.028064
533,428,188,0.006071,0.005446,25064599.000000,708270.000000,0.028258
534,429,187,0.006102,0.005427,25153595.000000,707960.000000,0.028145
535,430,186,0.006201,0.005573,25393915.000000,710296.000000,0.027971
536,431,185,0.006048,0.005400,25236056.000000,707853.000000,0.028049
537,432,183,0.008034,0.005915,25625103.000000,729708.000000,0.028476
538,433,183,0.006004,0.005569,25535232.000000,716409.000000,0.028056
539,434,182,0.006079,0.005681,25715117.000000,723457.000000,0.028134
540,435,181,0.007230,0.006869,26353105.000000,771519.000000,0.029276
541,436,179,0.007299,0.006881,26492768.000000,790242.000000,0.029829
542,437,179,0.005991,0.005628,25973015.000000,723784.000000,0.027867
543,438,178,0.006052,0.005641,26138716.000000,729809.000000,0.027921
544,438,177,0.006084,0.005721,26189746.000000,736689.000000,0.028129
545,438,177,0.006336,0.005934,26353764.000000,740470.000000,0.028097
546,439,176,0.006589,0.006181,26716061.000000,756618.000000,0.028321
547,440,175,0.006402,0.005993,26839178.000000,748148.000000,0.027875
548,440,174,0.006275,0.005900,26603420.000000,744325.000000,0.027979
549,441,174,0.006153,0.005783,26611363.000000,744190.000000,0.027965
550,442,173,0.006102,0.005746,26635579.000000,741703.000000,0.027846
551,443,172,0.006197,0.005821,27039736.000000,753200.000000,0.027855
552,444,172,0.006161,0.005788,26866838.000000,752588.000000,0.028012
553,445,171,0.006144,0.005819,26893125.000000,747599.000000,0.027799
554,445,171,0.006155,0.005792,26916677.000000,753493.000000,0.027994
555,446,170,0.006207,0.005857,26951996.000000,754602.000000,0.027998
556,447,169,0.006281,0.005908,27043216.000000,756326.000000,0.027967
557,448,169,0.006265,0.005887,27311401.000000,760286.000000,0.027838
558,449,168,0.006214,0.005875,27221209.000000,757869.000000,0.027841
559,450,168,0.006278,0.005915,27316341.000000,763618.000000,0.027955
560,451,167,0.006408,0.005974,27397747.000000,763927.000000,0.027883
561,451,167,0.006616,0.006275,27536540.000000,775167.000000,0.028150
562,451,166,0.006364,0.006008,27436563.000000,769531.000000,0.028048
563,452,165,0.006410,0.006055,27431214.000000,769642.000000,0.028057
564,453,165,0.006457,0.006002,27484137.000000,765721.000000,0.027860
565,454,164,0.007060,0.006344,27739267.000000,774282.000000,0.027913
566,455,163,0.006884,0.006037,27775609.000000,772660.000000,0.027818
567,456,162,0.006901,0.006077,27945859.000000,782486.000000,0.028000
568,457,162,0.006881,0.006185,27901413.000000,776378.000000,0.027826
569,458,161,0.006774,0.006093,28077365.000000,784072.000000,0.027925
570,458,160,0.006829,0.006169,28349999.000000,790858.000000,0.027896
571,459,160,0.006786,0.006136,28050065.000000,780498.000000,0.027825
572,459,159,0.006832,0.006168,28433050.000000,789731.000000,0.027775
573,459,159,0.006832,0.006218,28421324.000000,790975.000000,0.027830
574,459,158,0.006857,0.006210,28553540.000000,794248.000000,0.027816
575,460,158,0.006940,0.006296,28852579.000000,806344.000000,0.027947
576,460,157,0.007064,0.006393,28747158.000000,801283.000000,0.027873
577,461,157,0.006887,0.006241,28847113.000000,803840.000000,0.027866
578,461,156,0.006953,0.006335,28872355.000000,802387.000000,0.027791
579,462,156,0.006978,0.006343,28926524.000000,807345.000000,0.027910
580,462,155,0.006922,0.006256,28966302.000000,805762.000000,0.027817
581,462,155,0.006993,0.006354,29078054.000000,802660.000000,0.027604
582,463,154,0.007041,0.006399,29249883.000000,812536.000000,0.027779
583,464,154,0.006975,0.006359,29260399.000000,811144.000000,0.027722
584,465,153,0.007102,0.006441,29422737.000000,816928.000000,0.027765
585,466,153,0.007201,0.006560,29940454.000000,829355.000000,0.027700
586,467,152,0.007107,0.006431,29749177.000000,827883.000000,0.027829
587,468,152,0.007114,0.006483,29833751.000000,833178.000000,0.027927
588,469,151,0.007156,0.006521,29896397.000000,828613.000000,0.027716
589,469,151,0.007215,0.006555,30164683.000000,838521.000000,0.027798
590,470,151,0.007188,0.006821,30469850.000000,844622.000000,0.027720
591,471,150,0.007083,0.006720,30704492.000000,853195.000000,0.027787
592,472,150,0.007036,0.006677,30699950.000000,849355.000000,0.027666
593,473,150,0.007092,0.006701,30917497.000000,857769.000000,0.027744
594,474,149,0.007110,0.006729,31020746.000000,858640.000000,0.027680
595,475,149,0.007264,0.006888,31170789.000000,859944.000000,0.027588
596,476,148,0.007208,0.006815,31305527.000000,867503.000000,0.027711
597,477,149,0.007236,0.006875,31539280.000000,872350.000000,0.027659
598,478,148,0.007268,0.006870,31581457.000000,873660.000000,0.027664
599,478,148,0.007191,0.006837,31279495.000000,861995.000000,0.027558
600,479,148,0.007207,0.006827,31437930.000000,870110.000000,0.027677
601,480,148,0.007272,0.006901,31848511.000000,882921.000000,0.027723
602,481,147,0.007234,0.006883,31641862.000000,872567.000000,0.027576
603,482,147,0.007323,0.006938,31864558.000000,885567.000000,0.027792
604,483,146,0.007472,0.007099,32050057.000000,889820.000000,0.027763
605,484,146,0.007369,0.006972,32167740.000000,893259.000000,0.027769
606,485,146,0.007390,0.007028,32266187.000000,892120.000000,0.027649
607,486,145,0.007498,0.007105,32595087.000000,899725.000000,0.027603
608,487,145,0.007371,0.007016,32184647.000000,890662.000000,0.027674
609,487,144,0.007457,0.007077,32402291.000000,896318.000000,0.027662
610,488,144,0.007466,0.007082,32687539.000000,906709.000000,0.027739
611,489,144,0.007431,0.007065,32536698.000000,898152.000000,0.027604
612,489,143,0.007597,0.007207,33014265.000000,915295.000000,0.027724
613,490,143,0.007661,0.007284,33375427.000000,922484.000000,0.027640
614,490,142,0.007568,0.007183,33117333.000000,916947.000000,0.027688
615,490,142,0.007729,0.007363,33678553.000000,928710.000000,0.027576
616,491,141,0.007687,0.007299,33409274.000000,925671.000000,0.027707
617,492,140,0.008150,0.007745,33745714.000000,934752.000000,0.027700
618,493,140,0.007945,0.007558,33955213.000000,944208.000000,0.027807
619,494,139,0.007766,0.007386,34067641.000000,941134.000000,0.027625
620,495,139,0.007964,0.007569,34595404.000000,957705.000000,0.027683
621,496,139,0.007815,0.007435,34492064.000000,951919.000000,0.027598
622,497,138,0.007843,0.007467,34658465.000000,957851.000000,0.027637
623,498,138,0.007915,0.007526,34935818.000000,965832.000000,0.027646
624,499,137,0.007894,0.007540,35005986.000000,963471.000000,0.027523
625,500,137,0.008105,0.007747,35221902.000000,976749.000000,0.027731
626,501,136,0.008041,0.007675,35218659.000000,978562.000000,0.027785
627,502,136,0.008124,0.007754,35474878.000000,984293.000000,0.027746
628,503,136,0.008142,0.007774,35538664.000000,980161.000000,0.027580
629,504,135,0.008067,0.007700,35719545.000000,988018.000000,0.027660
630,505,135,0.008308,0.007927,35909877.000000,991801.000000,0.027619
631,505,134,0.008418,0.008058,36098309.000000,1000740.000000,0.027723
632,506,134,0.008167,0.007795,36049869.000000,991522.000000,0.027504
633,507,133,0.008342,0.007961,36248682.000000,1001771.000000,0.027636
634,507,133,0.008212,0.007860,36152338.000000,996074.000000,0.027552
635,508,133,0.008200,0.007805,36280295.000000,1001571.000000,0.027606
636,509,132,0.008259,0.007902,36500922.000000,1004132.000000,0.027510
637,510,132,0.008373,0.007985,36768244.000000,1015615.000000,0.027622
638,511,131,0.008354,0.007979,36988077.000000,1015553.000000,0.027456
639,511,131,0.008539,0.008156,37141664.000000,1023932.000000,0.027568
640,512,131,0.008603,0.008199,37173005.000000,1024575.000000,0.027562
641,513,130,0.008398,0.008031,37231677.000000,1026244.000000,0.027564
642,513,130,0.008960,0.008564,37446690.000000,1029721.000000,0.027498
643,513,129,0.009136,0.008729,37876928.000000,1042853.000000,0.027533
644,514,129,0.008859,0.008470,37515148.000000,1030745.000000,0.027475
645,515,128,0.008680,0.008221,37745461.000000,1035307.000000,0.027429
646,516,128,0.008709,0.008291,37912237.000000,1044753.000000,0.027557
647,517,127,0.009130,0.008749,37974524.000000,1045044.000000,0.027520
648,518,126,0.009496,0.008802,38127423.000000,1053083.000000,0.027620
649,519,126,0.009005,0.008325,38239060.000000,1052628.000000,0.027528
650,519,126,0.009020,0.008368,38321780.000000,1057214.000000,0.027588
651,520,125,0.009030,0.008402,38279131.000000,1054495.000000,0.027548
652,520,124,0.009263,0.008608,38294807.000000,1057006.000000,0.027602
653,521,124,0.009198,0.008541,38431989.000000,1057251.000000,0.027510
654,522,123,0.009111,0.008441,38693241.000000,1062743.000000,0.027466
655,523,123,0.009226,0.008581,38789745.000000,1070598.000000,0.027600
656,524,122,0.009140,0.008486,38825969.000000,1067394.000000,0.027492
657,524,122,0.009214,0.008520,39183935.000000,1077923.000000,0.027509
658,525,121,0.009154,0.008505,38970284.000000,1072833.000000,0.027530
659,526,121,0.009320,0.008640,39336583.000000,1085153.000000,0.027586
660,527,120,0.009280,0.008626,39607751.000000,1085554.000000,0.027408
661,528,120,0.009287,0.008654,39545927.000000,1089341.000000,0.027546
662,529,119,0.009291,0.008641,39587696.000000,1085858.000000,0.027429
663,530,119,0.009408,0.008764,39843895.000000,1099172.000000,0.027587
664,531,118,0.009729,0.009225,40256966.000000,1114207.000000,0.027677
665,532,118,0.009133,0.008746,40172555.000000,1101151.000000,0.027411
666,532,117,0.009362,0.008964,40257591.000000,1108736.000000,0.027541
667,532,117,0.009067,0.008709,40118849.000000,1099571.000000,0.027408
668,533,117,0.009620,0.009222,40385091.000000,1111314.000000,0.027518
669,533,116,0.008990,0.008633,40209048.000000,1104129.000000,0.027460
670,534,116,0.009591,0.009163,40498225.000000,1112114.000000,0.027461
671,535,115,0.009204,0.008825,40827484.000000,1115709.000000,0.027327
672,536,115,0.009252,0.008867,40851294.000000,1120810.000000,0.027436
673,537,115,0.009273,0.008911,40908783.000000,1118979.000000,0.027353
674,537,114,0.009370,0.009001,40935372.000000,1126651.000000,0.027523
675,538,114,0.009322,0.008934,41014796.000000,1122701.000000,0.027373
676,539,114,0.009343,0.008969,41086690.000000,1123745.000000,0.027351
677,540,113,0.009375,0.008972,41163082.000000,1125290.000000,0.027337
678,541,113,0.009276,0.008908,41423789.000000,1133497.000000,0.027363
679,542,113,0.009472,0.009091,41389305.000000,1139429.000000,0.027530
680,542,112,0.009369,0.008997,41418821.000000,1134325.000000,0.027387
681,543,112,0.009497,0.009143,41499800.000000,1139991.000000,0.027470
682,544,112,0.009549,0.009158,41665231.000000,1145156.000000,0.027485
683,545,111,0.009471,0.009116,41844674.000000,1143682.000000,0.027332
684,546,111,0.009490,0.009121,41961975.000000,1149584.000000,0.027396
685,547,111,0.009685,0.009315,42201898.000000,1156067.000000,0.027394
686,548,110,0.009628,0.009266,42263885.000000,1157383.000000,0.027385
687,549,110,0.009655,0.009321,42329904.000000,1159374.000000,0.027389
688,550,110,0.009643,0.009289,42374996.000000,1158978.000000,0.027351
689,551,109,0.009665,0.009314,42516840.000000,1169065.000000,0.027497
690,552,109,0.009738,0.009378,42612192.000000,1168575.000000,0.027423
691,553,109,0.009787,0.009413,43118807.000000,1181318.000000,0.027397
692,554,108,0.009739,0.009380,42741671.000000,1171306.000000,0.027404
693,555,108,0.009868,0.009466,43121381.000000,1181937.000000,0.027410
694,556,108,0.009775,0.009406,43218854.000000,1180834.000000,0.027322
695,556,108,0.010125,0.009752,43790301.000000,1197450.000000,0.027345
696,556,107,0.009811,0.009431,43763434.000000,1193085.000000,0.027262
697,556,107,0.009783,0.009448,43458608.000000,1185739.000000,0.027284
698,557,107,0.009772,0.009400,43593927.000000,1190036.000000,0.027298
699,558,106,0.009829,0.009475,43882909.000000,1195822.000000,0.027250
700,559,106,0.009854,0.009503,44038362.000000,1198998.000000,0.027226
701,560,106,0.009872,0.009498,44111157.000000,1204213.000000,0.027300
702,560,106,0.009906,0.009575,44256853.000000,1207800.000000,0.027291
703,561,106,0.010005,0.009627,44425067.000000,1216645.000000,0.027386
704,562,105,0.010021,0.009678,44501518.000000,1209318.000000,0.027175
705,563,105,0.010217,0.009855,44816368.000000,1223924.000000,0.027310
706,564,105,0.010109,0.009730,45083377.000000,1224610.000000,0.027163
707,565,105,0.010131,0.009800,45258007.000000,1230557.000000,0.027190
708,566,104,0.010258,0.009885,45444630.000000,1237006.000000,0.027220
709,566,104,0.010212,0.009877,45575177.000000,1235673.000000,0.027113
710,567,104,0.010297,0.009934,45723480.000000,1240696.000000,0.027135
711,568,104,0.010296,0.009941,45958522.000000,1249367.000000,0.027185
712,569,104,0.010294,0.009941,46025241.000000,1247169.000000,0.027098
713,570,103,0.010441,0.010070,46426918.000000,1259089.000000,0.027120
714,571,103,0.010312,0.009970,46164344.000000,1250491.000000,0.027088
715,572,103,0.010713,0.010339,46540460.000000,1264630.000000,0.027173
716,573,103,0.010972,0.010546,46857318.000000,1277799.000000,0.027270
717,574,102,0.011254,0.010845,46881507.000000,1276655.000000,0.027232
718,574,102,0.010640,0.010270,46726279.000000,1267199.000000,0.027120
719,574,102,0.010576,0.010211,46474741.000000,1266082.000000,0.027242
720,575,101,0.010641,0.010286,46526139.000000,1264068.000000,0.027169
721,576,101,0.010558,0.010170,46602594.000000,1264613.000000,0.027136
722,577,101,0.010644,0.010273,46767322.000000,1273079.000000,0.027222
723,577,101,0.010647,0.010300,46934838.000000,1275646.000000,0.027179
724,578,101,0.010831,0.010463,47121033.000000,1286425.000000,0.027300
725,579,100,0.010741,0.010345,47272913.000000,1284058.000000,0.027163
726,580,100,0.010771,0.010418,47061820.000000,1278070.000000,0.027157
727,581,100,0.010743,0.010388,47152659.000000,1283614.000000,0.027223
728,581,100,0.010718,0.010346,47220357.000000,1279756.000000,0.027102
729,581,99,0.010724,0.010367,47334660.000000,1284116.000000,0.027128
730,582,99,0.010748,0.010378,47396695.000000,1288790.000000,0.027192
731,583,99,0.010701,0.010354,47417002.000000,1287185.000000,0.027146
732,583,99,0.010682,0.010346,47405079.000000,1286441.000000,0.027137
733,584,98,0.010757,0.010367,47592839.000000,1292569.000000,0.027159
734,585,98,0.011014,0.010645,48165169.000000,1308241.000000,0.027162
735,586,98,0.010727,0.010364,47700893.000000,1294497.000000,0.027138
736,587,98,0.010871,0.010502,47902179.000000,1302288.000000,0.027186
737,588,97,0.010862,0.010495,48053544.000000,1307006.000000,0.027199
738,588,97,0.010860,0.010492,48183359.000000,1308497.000000,0.027157
739,589,97,0.010843,0.010463,48091296.000000,1310386.000000,0.027248
740,589,97,0.010899,0.010544,48329289.000000,1312350.000000,0.027154
741,590,97,0.010962,0.010602,48389206.000000,1311646.000000,0.027106
742,590,96,0.011076,0.010700,48925726.000000,1327938.000000,0.027142
743,591,96,0.011217,0.010875,49052730.000000,1330717.000000,0.027128
744,591,96,0.011038,0.010695,48955774.000000,1327742.000000,0.027121
745,592,96,0.011105,0.010740,49017343.000000,1331644.000000,0.027167
746,593,95,0.011068,0.010706,49075955.000000,1328175.000000,0.027064
747,594,95,0.011107,0.010745,49409681.000000,1337680.000000,0.027073
748,595,95,0.011090,0.010726,49231992.000000,1337613.000000,0.027170
749,596,95,0.011226,0.010860,49440104.000000,1340952.000000,0.027123
750,596,94,0.011251,0.010886,49750174.000000,1350698.000000,0.027150
751,596,94,0.011269,0.010884,49816099.000000,1353103.000000,0.027162
752,597,94,0.011560,0.011187,50064494.000000,1356622.000000,0.027097
753,598,94,0.011402,0.011049,50209282.000000,1358155.000000,0.027050
754,599,94,0.011209,0.010838,50303975.000000,1361720.000000,0.027070
755,600,93,0.011235,0.010895,50365589.000000,1363968.000000,0.027081
756,600,93,0.011352,0.010949,50503206.000000,1367417.000000,0.027076
757,601,93,0.012036,0.011570,50875681.000000,1388616.000000,0.027294
758,602,93,0.011628,0.011226,50796105.000000,1376844.000000,0.027105
759,603,92,0.011582,0.011200,50883905.000000,1380758.000000,0.027135
760,604,92,0.011430,0.011022,50902119.000000,1380711.000000,0.027125
761,605,92,0.012065,0.011525,51654006.000000,1408372.000000,0.027265
762,606,91,0.012172,0.011755,51868671.000000,1406886.000000,0.027124
763,607,91,0.012198,0.011783,51904560.000000,1410650.000000,0.027178
764,608,91,0.011794,0.011374,51887932.000000,1405480.000000,0.027087
765,609,91,0.011709,0.011310,51851033.000000,1399922.000000,0.026999
766,610,90,0.011854,0.011455,52229645.000000,1411758.000000,0.027030
767,611,90,0.011864,0.011423,52458797.000000,1423869.000000,0.027143
768,612,90,0.011775,0.011362,52463843.000000,1417447.000000,0.027018
769,613,90,0.012041,0.011672,52985042.000000,1430363.000000,0.026996
770,613,89,0.011888,0.011538,52960225.000000,1430093.000000,0.027003
771,614,89,0.011907,0.011539,53008251.000000,1433608.000000,0.027045
772,615,89,0.012078,0.011706,53111027.000000,1433477.000000,0.026990
773,615,89,0.011923,0.011543,53211141.000000,1433982.000000,0.026949
774,616,89,0.012086,0.011692,53616529.000000,1448166.000000,0.027010
775,617,88,0.012028,0.011664,53732123.000000,1447543.000000,0.026940
776,617,88,0.012258,0.011919,53900442.000000,1457912.000000,0.027048
777,618,88,0.012253,0.011875,54040218.000000,1459918.000000,0.027015
778,619,88,0.012156,0.011783,54153606.000000,1463014.000000,0.027016
779,620,88,0.012231,0.011871,54394204.000000,1469595.000000,0.027017
780,621,87,0.012382,0.012016,54591789.000000,1473464.000000,0.026991
781,622,87,0.012443,0.012073,54915441.000000,1480405.000000,0.026958
782,623,87,0.012325,0.011936,54717342.000000,1479418.000000,0.027037
783,623,87,0.012343,0.011977,55033109.000000,1481064.000000,0.026912
784,624,87,0.012549,0.012185,55278452.000000,1490574.000000,0.026965
785,625,86,0.012601,0.012214,55498061.000000,1499917.000000,0.027026
786,625,86,0.012465,0.012073,55605976.000000,1500101.000000,0.026977
787,626,86,0.012483,0.012115,55762435.000000,1499660.000000,0.026894
788,627,86,0.012715,0.012340,56066497.000000,1509263.000000,0.026919
789,628,85,0.012518,0.012166,55842500.000000,1505433.000000,0.026959
790,628,85,0.012538,0.012174,55867658.000000,1508092.000000,0.026994
791,628,85,0.012502,0.012153,55803492.000000,1501362.000000,0.026904
792,629,85,0.012672,0.012304,56013823.000000,1509885.000000,0.026956
793,630,85,0.012941,0.012554,56450965.000000,1519768.000000,0.026922
794,630,84,0.012619,0.012202,56084233.000000,1508332.000000,0.026894
795,631,84,0.012977,0.012451,56271389.000000,1511742.000000,0.026865
796,631,84,0.012798,0.012266,56473261.000000,1521694.000000,0.026945
797,632,84,0.012828,0.012332,56653165.000000,1525106.000000,0.026920
798,633,83,0.012839,0.012330,56665402.000000,1529800.000000,0.026997
799,634,83,0.012943,0.012417,57066465.000000,1533580.000000,0.026874
800,635,83,0.013063,0.012570,57544468.000000,1550099.000000,0.026937
801,636,83,0.013173,0.012802,57750952.000000,1557926.000000,0.026977
802,637,82,0.012929,0.012556,57760342.000000,1553158.000000,0.026890
803,637,82,0.012968,0.012593,57908662.000000,1559863.000000,0.026937
804,638,82,0.013049,0.012671,57999759.000000,1557507.000000,0.026854
805,639,82,0.013090,0.012716,58388292.000000,1566045.000000,0.026821
806,640,82,0.013055,0.012689,58343258.000000,1568190.000000,0.026879
807,641,81,0.013174,0.012787,58611232.000000,1577310.000000,0.026911
808,642,81,0.013136,0.012777,58745244.000000,1576787.000000,0.026841
809,642,81,0.013377,0.012990,59009840.000000,1583742.000000,0.026839
810,642,81,0.013799,0.013413,59386496.000000,1598654.000000,0.026919
811,642,80,0.013265,0.012900,59221511.000000,1591072.000000,0.026866
812,643,80,0.013282,0.012896,59349565.000000,1596074.000000,0.026893
813,644,80,0.013363,0.013012,59391942.000000,1596935.000000,0.026888
814,645,80,0.013406,0.013030,59481677.000000,1595619.000000,0.026825
815,646,79,0.013444,0.013087,59650012.000000,1604337.000000,0.026896
816,647,79,0.013614,0.013226,59784101.000000,1604914.000000,0.026845
817,648,79,0.013332,0.012967,59794988.000000,1609945.000000,0.026924
818,649,79,0.013389,0.013030,59879368.000000,1608918.000000,0.026869
819,650,79,0.013620,0.013261,60053768.000000,1616179.000000,0.026912
820,651,78,0.013467,0.013089,60119362.000000,1615155.000000,0.026866
821,652,78,0.013490,0.013142,60364737.000000,1622149.000000,0.026872
822,653,78,0.013664,0.013282,60475316.000000,1621339.000000,0.026810
823,654,78,0.013795,0.013391,60873434.000000,1639160.000000,0.026927
824,654,78,0.013785,0.013395,60947275.000000,1637130.000000,0.026861
825,655,78,0.013632,0.013278,60949537.000000,1639765.000000,0.026904
826,656,77,0.013858,0.013513,61067648.000000,1646576.000000,0.026963
827,657,77,0.013658,0.013301,60953080.000000,1638264.000000,0.026877
828,658,77,0.013786,0.013383,61135979.000000,1645011.000000,0.026907
829,659,77,0.013716,0.013370,61167625.000000,1645761.000000,0.026906
830,660,77,0.013965,0.013589,61399674.000000,1652351.000000,0.026911
831,661,76,0.014340,0.013830,61659493.000000,1661894.000000,0.026953
832,662,76,0.013965,0.013441,61575815.000000,1653459.000000,0.026852
833,663,76,0.014183,0.013512,61886632.000000,1663015.000000,0.026872
834,663,76,0.013970,0.013461,61956221.000000,1664132.000000,0.026860
835,663,76,0.013993,0.013477,62062714.000000,1668956.000000,0.026891
836,663,75,0.014029,0.013508,62140964.000000,1665855.000000,0.026808
837,664,75,0.014037,0.013535,62233968.000000,1673189.000000,0.026885
838,664,75,0.014422,0.013955,62477562.000000,1688093.000000,0.027019
839,665,75,0.013946,0.013592,62309624.000000,1671916.000000,0.026832
840,665,75,0.013911,0.013563,62275124.000000,1669439.000000,0.026807
841,666,75,0.014068,0.013702,62369577.000000,1674652.000000,0.026850
842,667,74,0.013902,0.013532,62365033.000000,1669822.000000,0.026775
843,667,74,0.014239,0.013720,62575683.000000,1678344.000000,0.026821
844,668,74,0.014388,0.013713,62945353.000000,1690277.000000,0.026853
845,669,74,0.014613,0.014216,63256968.000000,1699275.000000,0.026863
846,670,74,0.014738,0.014313,63451438.000000,1704957.000000,0.026870
847,671,74,0.014821,0.014285,63877604.000000,1713737.000000,0.026828
848,672,73,0.014413,0.013875,63923315.000000,1717761.000000,0.026872
849,672,73,0.014337,0.013854,63993526.000000,1720132.000000,0.026880
850,673,73,0.014472,0.013966,64087805.000000,1718593.000000,0.026816
851,674,73,0.014844,0.014326,64375762.000000,1730075.000000,0.026875
852,675,73,0.014741,0.014337,64688485.000000,1737608.000000,0.026861
853,675,72,0.014541,0.014148,64652675.000000,1731838.000000,0.026787
854,676,72,0.014629,0.014240,65041853.000000,1744941.000000,0.026828
855,677,72,0.014755,0.014380,65254634.000000,1751831.000000,0.026846
856,677,72,0.014678,0.014289,65344589.000000,1759487.000000,0.026926
857,678,72,0.014614,0.014255,65288229.000000,1752054.000000,0.026836
858,679,72,0.014696,0.014322,65401736.000000,1752600.000000,0.026797
859,680,71,0.014988,0.014601,65666146.000000,1763446.000000,0.026855
860,681,71,0.014687,0.014289,65599148.000000,1757969.000000,0.026799
861,682,71,0.014682,0.014327,65691723.000000,1765020.000000,0.026868
862,683,71,0.014795,0.014407,65775578.000000,1766280.000000,0.026853
863,684,71,0.014809,0.014429,66033687.000000,1770344.000000,0.026810
864,685,71,0.014888,0.014487,66239122.000000,1778062.000000,0.026843
865,686,71,0.015248,0.014853,66508100.000000,1797136.000000,0.027021
866,687,70,0.014936,0.014540,66360174.000000,1775354.000000,0.026753
867,687,70,0.014886,0.014462,66556114.000000,1784051.000000,0.026805
868,688,70,0.014827,0.014411,66725954.000000,1791333.000000,0.026846
869,689,70,0.014895,0.014470,66981346.000000,1794966.000000,0.026798
870,690,70,0.015037,0.014606,67416270.000000,1806825.000000,0.026801
871,691,70,0.015119,0.014734,67359847.000000,1810788.000000,0.026882
872,692,70,0.015479,0.014921,67468570.000000,1805942.000000,0.026767
873,692,69,0.015190,0.014691,67452198.000000,1807568.000000,0.026798
874,693,69,0.015185,0.014699,67443904.000000,1809617.000000,0.026831
875,694,69,0.015228,0.014741,67457916.000000,1809645.000000,0.026826
876,694,69,0.015263,0.014706,67635240.000000,1816711.000000,0.026860
877,695,69,0.015279,0.014893,67974891.000000,1820686.000000,0.026785
878,696,69,0.015178,0.014792,68032138.000000,1819970.000000,0.026752
879,697,69,0.015497,0.015097,68749271.000000,1838457.000000,0.026741
880,698,68,0.015412,0.015039,69037063.000000,1845125.000000,0.026727
881,699,68,0.015465,0.015084,69158760.000000,1850974.000000,0.026764
882,699,68,0.015454,0.015079,69260851.000000,1850305.000000,0.026715
883,700,68,0.015508,0.015122,69667175.000000,1858732.000000,0.026680
884,701,68,0.015519,0.015154,69992934.000000,1866749.000000,0.026671
885,701,68,0.015761,0.015403,70241313.000000,1878421.000000,0.026742
886,702,68,0.015685,0.015306,70307036.000000,1876618.000000,0.026692
887,703,67,0.015723,0.015370,70431324.000000,1880646.000000,0.026702
888,704,67,0.015709,0.015333,70532336.000000,1879375.000000,0.026646
889,705,67,0.015764,0.015380,70700523.000000,1886909.000000,0.026689
890,705,67,0.015800,0.015386,70930322.000000,1891074.000000,0.026661
891,706,67,0.015942,0.015550,70754994.000000,1895551.000000,0.026790
892,707,67,0.015754,0.015393,70742785.000000,1888950.000000,0.026702
893,708,67,0.015835,0.015452,70927502.000000,1892680.000000,0.026685
894,708,66,0.015783,0.015407,71070503.000000,1890955.000000,0.026607
895,709,66,0.015882,0.015531,71191458.000000,1898632.000000,0.026669
896,710,66,0.015950,0.015574,71329218.000000,1900387.000000,0.026642
897,711,66,0.016594,0.016093,71490397.000000,1910824.000000,0.026728
898,712,66,0.016274,0.015720,71515694.000000,1908651.000000,0.026689
899,713,66,0.016196,0.015704,71582962.000000,1910566.000000,0.026690
900,714,65,0.016158,0.015636,71727375.000000,1913014.000000,0.026671
901,714,65,0.016245,0.015756,72192612.000000,1925396.000000,0.026670
902,715,65,0.016277,0.015762,72381316.000000,1928842.000000,0.026648
903,715,65,0.016577,0.016056,73198510.000000,1950454.000000,0.026646
904,716,65,0.016748,0.016243,73067521.000000,1955836.000000,0.026768
905,717,65,0.016242,0.015853,73178177.000000,1946603.000000,0.026601
906,717,65,0.016284,0.015902,73373883.000000,1949330.000000,0.026567
907,718,64,0.016358,0.015964,73622417.000000,1959597.000000,0.026617
908,718,64,0.016410,0.016022,73821618.000000,1961850.000000,0.026576
909,719,64,0.016507,0.016111,74277403.000000,1974501.000000,0.026583
910,719,64,0.016696,0.016305,74586978.000000,1982488.000000,0.026580
911,720,64,0.016557,0.016162,74301587.000000,1976996.000000,0.026608
912,721,64,0.016650,0.016257,74550021.000000,1985293.000000,0.026630
913,722,64,0.016714,0.016333,74982629.000000,1995862.000000,0.026618
914,723,63,0.016623,0.016226,74693230.000000,1989094.000000,0.026630
915,723,63,0.016703,0.016349,74978844.000000,1997685.000000,0.026643
916,723,63,0.016843,0.016463,75116185.000000,2005050.000000,0.026693
917,724,63,0.016691,0.016297,75193297.000000,2000604.000000,0.026606
918,725,63,0.016729,0.016350,75574444.000000,2010233.000000,0.026599
919,726,63,0.016838,0.016482,75665391.000000,2015561.000000,0.026638
920,727,63,0.016858,0.016469,75745932.000000,2012466.000000,0.026569
921,728,62,0.016944,0.016547,76025681.000000,2022838.000000,0.026607
922,729,62,0.017631,0.017229,76505876.000000,2039592.000000,0.026659
923,730,62,0.017154,0.016773,76792788.000000,2041386.000000,0.026583
924,731,62,0.017122,0.016686,76925518.000000,2041608.000000,0.026540
925,732,62,0.017181,0.016776,77414073.000000,2059873.000000,0.026609
926,732,62,0.017218,0.016771,77486852.000000,2058859.000000,0.026570
927,732,62,0.017297,0.016884,77770097.000000,2065733.000000,0.026562
928,732,61,0.017681,0.017283,78032845.000000,2071760.000000,0.026550
929,733,61,0.017349,0.016985,78033053.000000,2072886.000000,0.026564
930,734,61,0.017449,0.017052,78168772.000000,2076276.000000,0.026561
931,735,61,0.017499,0.017110,78428505.000000,2080289.000000,0.026525
932,736,61,0.017583,0.017190,78679951.000000,2088050.000000,0.026539
933,737,61,0.017864,0.017459,78807439.000000,2097544.000000,0.026616
934,738,60,0.017823,0.017400,79177548.000000,2100993.000000,0.026535
935,738,60,0.017758,0.017375,79195556.000000,2101386.000000,0.026534
936,739,60,0.017653,0.017256,79261505.000000,2102083.000000,0.026521
937,740,60,0.017809,0.017403,79574985.000000,2108341.000000,0.026495
938,741,60,0.017861,0.017444,79777242.000000,2114145.000000,0.026501
939,742,60,0.018019,0.017611,80050499.000000,2122183.000000,0.026511
940,743,60,0.017866,0.017457,80327502.000000,2128548.000000,0.026498
941,744,59,0.017852,0.017475,80422503.000000,2130896.000000,0.026496
