frame,nb of entities,FPS,frame length,physics length,L1-dcache-loads,L1-dcache-load-misses,L1-dcache-load-miss-ratio
0,3,304,0.000424,0.000036,648219.000000,35870.000000,0.055336
1,4,304,0.003325,0.000033,717079.000000,34012.000000,0.047431
2,5,304,0.003325,0.000031,708284.000000,33972.000000,0.047964
3,6,304,0.003318,0.000032,772110.000000,37813.000000,0.048974
4,7,304,0.003326,0.000026,746904.000000,37608.000000,0.050352
5,8,304,0.003324,0.000033,744016.000000,38024.000000,0.051106
6,9,304,0.003321,0.000033,738224.000000,37587.000000,0.050915
7,10,304,0.003326,0.000035,725530.000000,34233.000000,0.047183
8,10,304,0.003322,0.000041,784813.000000,45506.000000,0.057983
9,11,304,0.003319,0.000047,799681.000000,46631.000000,0.058312
10,12,304,0.003318,0.000053,795311.000000,45635.000000,0.057380
11,13,304,0.003325,0.000054,798901.000000,38937.000000,0.048738
12,14,304,0.003375,0.000034,687143.000000,37041.000000,0.053906
13,15,304,0.003318,0.000060,863337.000000,47893.000000,0.055474
14,16,304,0.003327,0.000049,800362.000000,39720.000000,0.049628
15,17,304,0.003320,0.000054,796723.000000,40301.000000,0.050583
16,18,304,0.003318,0.000058,823795.000000,45571.000000,0.055318
17,19,304,0.003329,0.000041,783541.000000,36129.000000,0.046110
18,20,304,0.003317,0.000046,793898.000000,38969.000000,0.049086
19,21,304,0.003325,0.000047,789828.000000,38767.000000,0.049083
20,22,304,0.003324,0.000047,777279.000000,38975.000000,0.050143
21,23,304,0.003322,0.000060,807166.000000,39141.000000,0.048492
22,24,304,0.003321,0.000045,795201.000000,35766.000000,0.044977
23,25,304,0.003327,0.000055,819869.000000,39589.000000,0.048287
24,26,304,0.003319,0.000075,819601.000000,40498.000000,0.049412
25,27,304,0.003326,0.000053,855119.000000,39766.000000,0.046503
26,28,304,0.003324,0.000046,815802.000000,39370.000000,0.048259
27,29,304,0.003319,0.000068,802302.000000,36081.000000,0.044972
28,30,304,0.003330,0.000056,822812.000000,39900.000000,0.048492
29,31,304,0.003318,0.000089,852396.000000,43102.000000,0.050566
30,31,304,0.003322,0.000060,823650.000000,39277.000000,0.047687
31,32,304,0.003324,0.000062,834638.000000,40135.000000,0.048087
32,32,304,0.003325,0.000061,814471.000000,36266.000000,0.044527
33,33,304,0.003319,0.000064,860819.000000,40371.000000,0.046898
34,33,304,0.003319,0.000056,841088.000000,39090.000000,0.046476
35,33,304,0.003347,0.000050,767100.000000,39963.000000,0.052096
36,34,304,0.003335,0.000051,769847.000000,40044.000000,0.052016
37,35,304,0.003339,0.000059,737397.000000,36874.000000,0.050006
38,36,304,0.003339,0.000059,767610.000000,41046.000000,0.053472
39,37,304,0.003336,0.000064,784584.000000,42284.000000,0.053894
40,38,304,0.003346,0.000066,801395.000000,41894.000000,0.052276
41,39,304,0.003337,0.000061,806774.000000,41976.000000,0.052029
42,39,304,0.003340,0.000058,745756.000000,36404.000000,0.048815
43,40,304,0.003336,0.000076,789557.000000,41283.000000,0.052286
44,41,304,0.003339,0.000068,794654.000000,40570.000000,0.051054
45,42,304,0.003340,0.000068,808672.000000,40939.000000,0.050625
46,43,304,0.003336,0.000071,807832.000000,41543.000000,0.051425
47,44,304,0.003340,0.000074,778897.000000,36896.000000,0.047370
48,45,304,0.003337,0.000067,828643.000000,41572.000000,0.050169
49,46,304,0.003322,0.000102,898839.000000,42995.000000,0.047834
50,47,304,0.003341,0.000077,829469.000000,41110.000000,0.049562
51,47,304,0.003339,0.000068,830084.000000,40823.000000,0.049179
52,48,304,0.003340,0.000090,809648.000000,38109.000000,0.047069
53,49,304,0.003341,0.000083,852050.000000,41617.000000,0.048843
54,50,304,0.003338,0.000074,851753.000000,41275.000000,0.048459
55,51,304,0.003337,0.000086,862035.000000,41780.000000,0.048467
56,52,304,0.003331,0.000095,943389.000000,42748.000000,0.045313
57,53,304,0.003319,0.000095,922099.000000,37868.000000,0.041067
58,54,304,0.003322,0.000095,964098.000000,42536.000000,0.044120
59,54,304,0.003325,0.000086,983894.000000,41208.000000,0.041883
60,55,300,0.003323,0.000079,973753.000000,41584.000000,0.042705
61,56,300,0.003324,0.000093,985823.000000,42470.000000,0.043081
62,56,300,0.003326,0.000098,953366.000000,37038.000000,0.038850
63,57,300,0.003324,0.000083,967726.000000,41455.000000,0.042838
64,57,300,0.003322,0.000099,978457.000000,41667.000000,0.042584
65,58,300,0.003325,0.000093,991390.000000,41955.000000,0.042319
66,59,300,0.003322,0.000105,988439.000000,41735.000000,0.042223
67,60,300,0.003322,0.000106,995108.000000,39194.000000,0.039387
68,61,300,0.003325,0.000099,1019500.000000,42822.000000,0.042003
69,62,300,0.003321,0.000112,1018218.000000,42731.000000,0.041966
70,63,300,0.003326,0.000118,1040381.000000,43515.000000,0.041826
71,64,300,0.003323,0.000095,1044180.000000,42671.000000,0.040866
72,65,300,0.003319,0.000116,996353.000000,38761.000000,0.038903
73,65,300,0.003322,0.000115,1058685.000000,42807.000000,0.040434
74,65,300,0.003329,0.000103,1040564.000000,41662.000000,0.040038
75,66,300,0.003317,0.000160,1078927.000000,51157.000000,0.047415
76,66,300,0.003318,0.000119,1078440.000000,42411.000000,0.039326
77,67,300,0.003327,0.000109,1042311.000000,38680.000000,0.037110
78,67,300,0.003322,0.000094,1067136.000000,42241.000000,0.039584
79,68,300,0.003326,0.000097,1045589.000000,42820.000000,0.040953
80,69,300,0.003324,0.000128,1073026.000000,43317.000000,0.040369
81,70,300,0.003318,0.000126,1081703.000000,44129.000000,0.040796
82,71,300,0.003323,0.000125,1036198.000000,39777.000000,0.038387
83,72,300,0.003326,0.000136,1084232.000000,42921.000000,0.039587
84,73,300,0.003319,0.000131,1081301.000000,42908.000000,0.039682
85,74,300,0.003324,0.000134,1087093.000000,43302.000000,0.039833
86,75,300,0.003326,0.000196,1110512.000000,48555.000000,0.043723
87,76,300,0.003318,0.000143,1070150.000000,39680.000000,0.037079
88,77,300,0.003323,0.000138,1107104.000000,43916.000000,0.039667
89,77,300,0.003326,0.000127,1105109.000000,43479.000000,0.039344
90,78,300,0.003321,0.000149,1109544.000000,45622.000000,0.041118
91,79,300,0.003322,0.000139,1111785.000000,43615.000000,0.039230
92,79,300,0.003323,0.000132,1071133.000000,38563.000000,0.036002
93,80,300,0.003325,0.000111,1135459.000000,43715.000000,0.038500
94,80,300,0.003321,0.000138,1142386.000000,43617.000000,0.038181
95,81,300,0.003328,0.000129,1139386.000000,43140.000000,0.037862
96,81,300,0.003317,0.000139,1124442.000000,43014.000000,0.038254
97,82,300,0.003324,0.000157,1115308.000000,41432.000000,0.037148
98,83,300,0.003328,0.000128,1137002.000000,43277.000000,0.038062
99,83,300,0.003320,0.000138,1120097.000000,42787.000000,0.038199
100,84,300,0.003324,0.000129,1160669.000000,44225.000000,0.038103
101,85,300,0.003330,0.000137,1156777.000000,43748.000000,0.037819
102,86,300,0.003318,0.000153,1145656.000000,40202.000000,0.035091
103,86,300,0.003324,0.000137,1173591.000000,43880.000000,0.037390
104,87,300,0.003327,0.000156,1185915.000000,43637.000000,0.036796
105,88,300,0.003322,0.000171,1209103.000000,45532.000000,0.037658
106,89,300,0.003321,0.000166,1219398.000000,45210.000000,0.037076
107,90,300,0.003328,0.000156,1219377.000000,41144.000000,0.033742
108,90,300,0.003321,0.000170,1231400.000000,45545.000000,0.036986
109,91,300,0.003323,0.000158,1249471.000000,45401.000000,0.036336
110,92,300,0.003328,0.000154,1233636.000000,45205.000000,0.036644
111,93,300,0.003319,0.000176,1277120.000000,46390.000000,0.036324
112,94,300,0.003324,0.000163,1247245.000000,42093.000000,0.033749
113,94,300,0.003328,0.000164,1274811.000000,45073.000000,0.035357
114,94,300,0.003320,0.000181,1302586.000000,46109.000000,0.035398
115,95,300,0.003322,0.000174,1348280.000000,46851.000000,0.034749
116,96,300,0.003328,0.000177,1325034.000000,45625.000000,0.034433
117,97,300,0.003320,0.000204,1328245.000000,43170.000000,0.032502
118,98,300,0.003320,0.000261,1419454.000000,55709.000000,0.039247
119,99,300,0.003326,0.000197,1415237.000000,47717.000000,0.033717
120,100,300,0.003323,0.000169,1410163.000000,47892.000000,0.033962
121,101,300,0.003321,0.000204,1426930.000000,49060.000000,0.034382
122,102,300,0.003327,0.000197,1401855.000000,44083.000000,0.031446
123,103,300,0.003324,0.000177,1449331.000000,48473.000000,0.033445
124,103,300,0.003321,0.000221,1467749.000000,48327.000000,0.032926
125,104,300,0.003324,0.000210,1482877.000000,48419.000000,0.032652
126,105,300,0.003323,0.000186,1480643.000000,48618.000000,0.032836
127,105,300,0.003323,0.000209,1450847.000000,44747.000000,0.030842
128,105,300,0.003325,0.000209,1517161.000000,48441.000000,0.031929
129,106,300,0.003322,0.000196,1552320.000000,49962.000000,0.032185
130,107,300,0.003322,0.000230,1574461.000000,50497.000000,0.032073
131,108,300,0.003327,0.000210,1588181.000000,49913.000000,0.031428
132,109,300,0.003322,0.000209,1567271.000000,46779.000000,0.029847
133,109,300,0.003326,0.000210,1594627.000000,50083.000000,0.031407
134,110,300,0.003325,0.000249,1632895.000000,51084.000000,0.031284
135,111,300,0.003322,0.000229,1651264.000000,51943.000000,0.031457
136,112,300,0.003323,0.000253,1668825.000000,52004.000000,0.031162
137,113,300,0.003324,0.000270,1705973.000000,48568.000000,0.028469
138,114,300,0.003323,0.000245,1770571.000000,53498.000000,0.030215
139,115,300,0.003322,0.000290,1782404.000000,54746.000000,0.030715
140,116,300,0.003329,0.000286,1824509.000000,54353.000000,0.029790
141,117,300,0.003321,0.000289,1906206.000000,58048.000000,0.030452
142,118,300,0.003322,0.000302,1854357.000000,51182.000000,0.027601
143,119,300,0.003327,0.000415,1982420.000000,62567.000000,0.031561
144,120,300,0.003323,0.000289,1970343.000000,55978.000000,0.028410
145,121,300,0.003324,0.000346,2041467.000000,58209.000000,0.028513
146,121,300,0.003324,0.000343,2022299.000000,55581.000000,0.027484
147,122,300,0.003324,0.000305,1980544.000000,51941.000000,0.026226
148,122,300,0.003322,0.000337,2058346.000000,56635.000000,0.027515
149,123,300,0.003325,0.000355,2068090.000000,56355.000000,0.027250
150,124,300,0.003323,0.000325,2081800.000000,56790.000000,0.027279
151,125,300,0.003324,0.000370,2142879.000000,58204.000000,0.027162
152,125,300,0.003324,0.000368,2123761.000000,52930.000000,0.024923
153,126,300,0.003325,0.000357,2229511.000000,58905.000000,0.026421
154,127,300,0.003320,0.000410,2168724.000000,57748.000000,0.026628
155,128,300,0.003325,0.000383,2223033.000000,57865.000000,0.026030
156,129,300,0.003323,0.000366,2289415.000000,59375.000000,0.025935
157,130,300,0.003323,0.000398,2249231.000000,55011.000000,0.024458
158,131,300,0.003326,0.000365,2305530.000000,59001.000000,0.025591
159,132,300,0.003324,0.000389,2361145.000000,61493.000000,0.026044
160,133,300,0.003323,0.000380,2366513.000000,60271.000000,0.025468
161,134,300,0.003325,0.000435,2437593.000000,60927.000000,0.024995
162,135,300,0.003323,0.000397,2387725.000000,56619.000000,0.023713
163,136,300,0.003324,0.000452,2472620.000000,61505.000000,0.024874
164,137,300,0.003324,0.000456,2495846.000000,61283.000000,0.024554
165,138,300,0.003325,0.000424,2513204.000000,62305.000000,0.024791
166,139,300,0.003320,0.000471,2539138.000000,62272.000000,0.024525
167,140,300,0.003327,0.000470,2530389.000000,57501.000000,0.022724
168,141,300,0.003318,0.000497,2625414.000000,63278.000000,0.024102
169,142,300,0.003324,0.000486,2573259.000000,62618.000000,0.024334
170,143,300,0.003328,0.000476,2559849.000000,61586.000000,0.024058
171,144,300,0.003321,0.000496,2618036.000000,63605.000000,0.024295
172,145,300,0.003358,0.000507,2588809.000000,60735.000000,0.023461
173,146,300,0.003355,0.000528,2670553.000000,64370.000000,0.024104
174,147,300,0.003366,0.000463,2689358.000000,64503.000000,0.023985
175,148,300,0.003355,0.000557,2737510.000000,65569.000000,0.023952
176,148,300,0.003367,0.000553,2760273.000000,65162.000000,0.023607
177,149,300,0.003333,0.000571,2733081.000000,61347.000000,0.022446
178,150,300,0.003358,0.000540,2791466.000000,64429.000000,0.023081
179,151,300,0.003364,0.000559,2849421.000000,66026.000000,0.023172
180,152,300,0.003366,0.000561,2871519.000000,65587.000000,0.022841
181,153,300,0.003368,0.000619,2909140.000000,68053.000000,0.023393
182,154,300,0.003364,0.000561,2866840.000000,61605.000000,0.021489
183,155,300,0.003368,0.000584,2931997.000000,65725.000000,0.022416
184,156,300,0.003367,0.000608,2948463.000000,66829.000000,0.022666
185,157,300,0.003366,0.000561,3003517.000000,66462.000000,0.022128
186,158,300,0.003363,0.000608,3053158.000000,66383.000000,0.021742
187,159,299,0.003363,0.000599,2999491.000000,68194.000000,0.022735
188,159,299,0.003364,0.000589,3004949.000000,66481.000000,0.022124
189,159,299,0.003355,0.000597,3046179.000000,66876.000000,0.021954
190,160,299,0.003370,0.000611,3110104.000000,67945.000000,0.021847
191,161,299,0.003377,0.000569,3129950.000000,68892.000000,0.022011
192,162,299,0.003368,0.000713,3147078.000000,65291.000000,0.020747
193,163,299,0.003359,0.000624,3267993.000000,69999.000000,0.021420
194,164,299,0.003369,0.000663,3270090.000000,68768.000000,0.021029
195,165,299,0.003366,0.000687,3365299.000000,71558.000000,0.021263
196,165,299,0.003358,0.000672,3399507.000000,72549.000000,0.021341
197,166,299,0.003377,0.000704,3387150.000000,68197.000000,0.020134
198,167,299,0.003375,0.000687,3480360.000000,73202.000000,0.021033
199,167,299,0.003357,0.000740,3485730.000000,73253.000000,0.021015
200,168,299,0.003377,0.000721,3500949.000000,73301.000000,0.020937
201,169,299,0.003370,0.000752,3605423.000000,76086.000000,0.021103
202,170,298,0.003369,0.000808,3672398.000000,71055.000000,0.019348
203,171,298,0.003387,0.000983,3754246.000000,92238.000000,0.024569
204,172,298,0.003378,0.000810,3632734.000000,72423.000000,0.019936
205,173,298,0.003379,0.000889,3726093.000000,79891.000000,0.021441
206,174,298,0.003374,0.000918,3779459.000000,91718.000000,0.024267
207,175,298,0.003377,0.000959,3794217.000000,77975.000000,0.020551
208,176,298,0.003368,0.000816,3833219.000000,76356.000000,0.019920
209,177,298,0.003381,0.001042,4070248.000000,95642.000000,0.023498
210,177,298,0.003384,0.000798,3879307.000000,76066.000000,0.019608
211,177,298,0.003388,0.000909,3921963.000000,78152.000000,0.019927
212,177,298,0.003399,0.001078,4053463.000000,85743.000000,0.021153
213,178,298,0.003397,0.001037,4009333.000000,85328.000000,0.021282
214,179,297,0.003366,0.000765,3981637.000000,77425.000000,0.019446
215,180,297,0.003397,0.001034,4199863.000000,91204.000000,0.021716
216,181,297,0.003375,0.000879,4016570.000000,78382.000000,0.019515
217,182,297,0.003363,0.000798,4080919.000000,81975.000000,0.020087
218,183,297,0.003379,0.000969,4178628.000000,87226.000000,0.020874
219,184,297,0.003378,0.000905,4230393.000000,83864.000000,0.019824
220,185,297,0.003379,0.000887,4239500.000000,81056.000000,0.019119
221,186,297,0.003364,0.000940,4326034.000000,80484.000000,0.018605
222,187,297,0.003374,0.000862,4319581.000000,83293.000000,0.019283
223,188,297,0.003387,0.000925,4342856.000000,82428.000000,0.018980
224,189,297,0.003379,0.000879,4391692.000000,82639.000000,0.018817
225,190,297,0.003388,0.000995,4501811.000000,86232.000000,0.019155
226,190,296,0.003381,0.000853,4463977.000000,81486.000000,0.018254
227,190,296,0.003401,0.000882,4495899.000000,83754.000000,0.018629
228,191,296,0.003390,0.001048,4500894.000000,85084.000000,0.018904
229,192,296,0.003396,0.000965,4568401.000000,84792.000000,0.018561
230,193,296,0.003378,0.000893,4636852.000000,85034.000000,0.018339
231,194,296,0.003393,0.000996,4718416.000000,82890.000000,0.017567
232,195,296,0.003384,0.000968,4763822.000000,86080.000000,0.018070
233,196,296,0.003384,0.000934,4900491.000000,88556.000000,0.018071
234,197,296,0.003378,0.001025,4990999.000000,88679.000000,0.017768
235,198,296,0.003388,0.000975,4930030.000000,87754.000000,0.017800
236,199,296,0.003384,0.000964,4934103.000000,85951.000000,0.017420
237,200,296,0.003384,0.001011,5023285.000000,89416.000000,0.017800
238,201,296,0.003386,0.000970,5075577.000000,89393.000000,0.017612
239,202,296,0.003382,0.001012,5164310.000000,91131.000000,0.017646
240,202,296,0.003380,0.001025,5202193.000000,90008.000000,0.017302
241,203,296,0.003391,0.001118,5239101.000000,87352.000000,0.016673
242,204,296,0.003385,0.001012,5189866.000000,93269.000000,0.017971
243,205,296,0.003392,0.001126,5271931.000000,92210.000000,0.017491
244,205,296,0.003398,0.001158,5429154.000000,97093.000000,0.017884
245,206,295,0.003382,0.001045,5384523.000000,93745.000000,0.017410
246,207,295,0.003403,0.001227,5403374.000000,93332.000000,0.017273
247,207,295,0.003327,0.001150,5428046.000000,93716.000000,0.017265
248,208,296,0.003315,0.001086,5504220.000000,93018.000000,0.016899
249,209,296,0.003325,0.001210,5547270.000000,97047.000000,0.017495
250,209,296,0.003326,0.001129,5570765.000000,94731.000000,0.017005
251,210,296,0.003321,0.001126,5615347.000000,90399.000000,0.016099
252,211,296,0.003323,0.001212,5666117.000000,96839.000000,0.017091
253,212,296,0.003329,0.001166,5736273.000000,96670.000000,0.016852
254,213,296,0.003317,0.001148,5745851.000000,97233.000000,0.016922
255,214,296,0.003325,0.001270,5800836.000000,100685.000000,0.017357
256,215,296,0.003329,0.001191,5775271.000000,93472.000000,0.016185
257,216,296,0.003316,0.001183,5946687.000000,98405.000000,0.016548
258,217,296,0.003326,0.001303,6040410.000000,101657.000000,0.016829
259,217,296,0.003324,0.001301,6058904.000000,99964.000000,0.016499
260,218,296,0.003322,0.001182,6094027.000000,99754.000000,0.016369
261,219,296,0.003327,0.001331,6098732.000000,98720.000000,0.016187
262,220,296,0.003322,0.001668,6417528.000000,128776.000000,0.020066
263,221,297,0.003322,0.001229,6263672.000000,100053.000000,0.015974
264,222,297,0.003327,0.001483,6328071.000000,107017.000000,0.016911
265,222,297,0.003330,0.001233,6338193.000000,101429.000000,0.016003
266,222,297,0.003315,0.001293,6314423.000000,97491.000000,0.015439
267,223,297,0.003410,0.001477,6354150.000000,102758.000000,0.016172
268,224,297,0.003324,0.001283,6420458.000000,107521.000000,0.016747
269,224,297,0.003324,0.001255,6434563.000000,101529.000000,0.015779
270,225,297,0.003325,0.001391,6459430.000000,102904.000000,0.015931
271,225,297,0.003323,0.001341,6490314.000000,99139.000000,0.015275
272,226,297,0.003325,0.001280,6575410.000000,102757.000000,0.015627
273,227,297,0.003324,0.001517,6669902.000000,106863.000000,0.016022
274,228,297,0.003416,0.001510,6735111.000000,117054.000000,0.017380
275,229,297,0.003413,0.001454,6811885.000000,105336.000000,0.015464
276,230,297,0.003401,0.001410,6664910.000000,100172.000000,0.015030
277,231,297,0.003403,0.001344,6787759.000000,106596.000000,0.015704
278,232,297,0.003413,0.001452,6805174.000000,106810.000000,0.015695
279,233,297,0.003399,0.001340,6794137.000000,104581.000000,0.015393
280,234,297,0.003414,0.001570,6867852.000000,108200.000000,0.015755
281,234,297,0.003418,0.001418,7329450.000000,133136.000000,0.018165
282,235,297,0.003404,0.001389,7031553.000000,108057.000000,0.015367
283,236,297,0.003407,0.001534,7193977.000000,110307.000000,0.015333
284,237,297,0.003404,0.001437,7108125.000000,107390.000000,0.015108
285,238,297,0.003416,0.001568,7194925.000000,109486.000000,0.015217
286,239,297,0.003412,0.001510,7215714.000000,106288.000000,0.014730
287,240,297,0.003407,0.001495,7321761.000000,111112.000000,0.015176
288,240,297,0.003410,0.001564,7306943.000000,110516.000000,0.015125
289,241,297,0.003407,0.001459,7329659.000000,109877.000000,0.014991
290,242,297,0.003417,0.001687,7381021.000000,111009.000000,0.015040
291,243,297,0.003407,0.001478,7395359.000000,106800.000000,0.014441
292,244,296,0.003412,0.001489,7499882.000000,112382.000000,0.014985
293,245,296,0.003416,0.001632,7564757.000000,112142.000000,0.014824
294,246,296,0.003404,0.001517,7595091.000000,112462.000000,0.014807
295,246,296,0.003387,0.001729,7610813.000000,109615.000000,0.014403
296,247,296,0.003412,0.001536,7651503.000000,114223.000000,0.014928
297,248,296,0.003418,0.001638,7637913.000000,112958.000000,0.014789
298,249,296,0.003407,0.001513,7656277.000000,112335.000000,0.014672
299,250,296,0.003411,0.001556,7763325.000000,114956.000000,0.014808
300,251,296,0.003420,0.001669,7787060.000000,111513.000000,0.014320
301,252,296,0.003415,0.001574,7964105.000000,116036.000000,0.014570
302,253,296,0.003409,0.001607,8031219.000000,117264.000000,0.014601
303,254,296,0.003339,0.001619,8176416.000000,117286.000000,0.014344
304,255,296,0.003320,0.001613,8128714.000000,115958.000000,0.014265
305,256,296,0.003324,0.001839,8197680.000000,114603.000000,0.013980
306,257,297,0.003327,0.001628,8241012.000000,116890.000000,0.014184
307,258,297,0.003322,0.001669,8387799.000000,119122.000000,0.014202
308,258,297,0.003323,0.001886,8489512.000000,119492.000000,0.014075
309,259,296,0.003330,0.001679,8451255.000000,120060.000000,0.014206
310,260,297,0.003321,0.001695,8484614.000000,115762.000000,0.013644
311,261,296,0.003325,0.001864,8803681.000000,121829.000000,0.013838
312,261,296,0.003329,0.001738,8608967.000000,122179.000000,0.014192
313,262,297,0.003322,0.001721,8665045.000000,120341.000000,0.013888
314,263,296,0.003324,0.001896,8944090.000000,123010.000000,0.013753
315,264,296,0.003330,0.001776,8838369.000000,120491.000000,0.013633
316,265,296,0.003322,0.001780,8912572.000000,123724.000000,0.013882
317,266,296,0.003432,0.001914,9005389.000000,123523.000000,0.013717
318,267,296,0.003350,0.002085,9155344.000000,136450.000000,0.014904
319,268,296,0.003325,0.001856,9125038.000000,126268.000000,0.013838
320,269,296,0.003336,0.002031,9096911.000000,120840.000000,0.013284
321,270,296,0.003346,0.002068,9251014.000000,127415.000000,0.013773
322,270,296,0.003338,0.002079,9333099.000000,128946.000000,0.013816
323,271,296,0.003329,0.001879,9348367.000000,128701.000000,0.013767
324,272,296,0.003336,0.001902,9468951.000000,129240.000000,0.013649
325,272,296,0.003327,0.001888,9395669.000000,124150.000000,0.013214
326,272,296,0.003336,0.002031,9471035.000000,129883.000000,0.013714
327,273,296,0.003331,0.001905,9520098.000000,129780.000000,0.013632
328,273,296,0.003331,0.001910,9568415.000000,128175.000000,0.013396
329,274,296,0.003343,0.002148,9676062.000000,131249.000000,0.013564
330,274,296,0.003334,0.001942,9688614.000000,124652.000000,0.012866
331,275,296,0.003353,0.001992,9857913.000000,133945.000000,0.013588
332,276,296,0.003333,0.002114,9974399.000000,138800.000000,0.013916
333,277,296,0.003339,0.002055,10024963.000000,134737.000000,0.013440
334,278,296,0.003325,0.002034,10075205.000000,134489.000000,0.013349
335,279,296,0.003341,0.002053,10032437.000000,129825.000000,0.012941
336,280,296,0.003336,0.002047,10105573.000000,134800.000000,0.013339
337,281,297,0.003350,0.002284,10159669.000000,135408.000000,0.013328
338,281,297,0.003337,0.002068,10142933.000000,136050.000000,0.013413
339,282,297,0.003342,0.002141,10227515.000000,139861.000000,0.013675
340,283,297,0.003357,0.002192,10262056.000000,132756.000000,0.012937
341,284,297,0.003344,0.002326,10285240.000000,137707.000000,0.013389
342,285,297,0.003338,0.002080,10273771.000000,136013.000000,0.013239
343,286,297,0.003353,0.002321,10422746.000000,141085.000000,0.013536
344,287,297,0.003341,0.002129,10476219.000000,139354.000000,0.013302
345,288,297,0.003344,0.002177,10606572.000000,137594.000000,0.012973
346,289,297,0.003346,0.002166,10714443.000000,138885.000000,0.012962
347,289,298,0.003345,0.002207,10911170.000000,139512.000000,0.012786
348,289,298,0.003347,0.002237,10995334.000000,141828.000000,0.012899
349,290,298,0.003348,0.002258,11016837.000000,141960.000000,0.012886
350,291,298,0.003347,0.002248,11063619.000000,138089.000000,0.012481
351,292,298,0.003326,0.002300,11279349.000000,146175.000000,0.012960
352,292,298,0.003350,0.002305,11175653.000000,145071.000000,0.012981
353,293,298,0.003351,0.002294,11259881.000000,145424.000000,0.012915
354,294,298,0.003353,0.002360,11398104.000000,146826.000000,0.012882
355,295,298,0.003352,0.002349,11482042.000000,143214.000000,0.012473
356,296,298,0.003354,0.002361,11552401.000000,147138.000000,0.012737
357,297,298,0.003356,0.002423,11618733.000000,150054.000000,0.012915
358,298,298,0.003357,0.002392,11630123.000000,147576.000000,0.012689
359,299,299,0.003353,0.002394,11670422.000000,148966.000000,0.012764
360,300,299,0.003356,0.002428,11697113.000000,146882.000000,0.012557
361,301,299,0.003365,0.002543,11915302.000000,157354.000000,0.013206
362,302,299,0.003354,0.002417,11873420.000000,147801.000000,0.012448
363,303,299,0.003362,0.002521,12085993.000000,154333.000000,0.012770
364,304,299,0.003358,0.002449,11948525.000000,150850.000000,0.012625
365,305,299,0.003358,0.002445,12017556.000000,147077.000000,0.012239
366,306,299,0.003363,0.002543,12272548.000000,154185.000000,0.012563
367,307,299,0.003361,0.002515,12160660.000000,152243.000000,0.012519
368,308,299,0.003362,0.002492,12239140.000000,156261.000000,0.012767
369,308,298,0.003367,0.002602,12445672.000000,166828.000000,0.013404
370,308,298,0.003362,0.002541,12344203.000000,160138.000000,0.012973
371,309,298,0.003361,0.002494,12282241.000000,161127.000000,0.013119
372,310,298,0.003366,0.002598,12421872.000000,166978.000000,0.013442
373,311,298,0.003365,0.002574,12491644.000000,162971.000000,0.013046
374,312,298,0.003364,0.002559,12528263.000000,162960.000000,0.013007
375,313,298,0.003371,0.002704,12781293.000000,167412.000000,0.013098
376,314,298,0.003368,0.002657,12825294.000000,169612.000000,0.013225
377,314,298,0.003369,0.002642,12911937.000000,167405.000000,0.012965
378,315,298,0.003372,0.002707,13090171.000000,170755.000000,0.013045
379,316,298,0.003373,0.002724,13270542.000000,169785.000000,0.012794
380,317,298,0.003371,0.002704,13220128.000000,165906.000000,0.012550
381,318,298,0.003377,0.002716,13267296.000000,170420.000000,0.012845
382,319,298,0.003372,0.002762,13428514.000000,170564.000000,0.012702
383,320,298,0.003373,0.002745,13417680.000000,169400.000000,0.012625
384,321,298,0.003376,0.002767,13530961.000000,171018.000000,0.012639
385,322,298,0.003378,0.002831,13738152.000000,168745.000000,0.012283
386,323,298,0.003357,0.002817,13790951.000000,171997.000000,0.012472
387,324,298,0.003380,0.002903,13930111.000000,175556.000000,0.012603
388,325,298,0.003382,0.002900,13993450.000000,176594.000000,0.012620
389,326,297,0.003382,0.002905,14072423.000000,176128.000000,0.012516
390,327,297,0.003402,0.003063,14215958.000000,176971.000000,0.012449
391,328,297,0.003497,0.003123,14452532.000000,183716.000000,0.012712
392,328,297,0.003388,0.002910,14165347.000000,176729.000000,0.012476
393,329,297,0.003382,0.002923,14186084.000000,176847.000000,0.012466
394,330,297,0.003384,0.002943,14206211.000000,176108.000000,0.012397
395,331,297,0.003386,0.002929,14336638.000000,178001.000000,0.012416
396,331,297,0.003383,0.002940,14407694.000000,178417.000000,0.012383
397,332,297,0.003327,0.002962,14374665.000000,181039.000000,0.012594
398,333,297,0.003352,0.002976,14491380.000000,179910.000000,0.012415
399,334,297,0.003340,0.002998,14610257.000000,175504.000000,0.012012
400,334,297,0.003384,0.003041,14654863.000000,181606.000000,0.012392
401,334,297,0.003397,0.003019,14636383.000000,178916.000000,0.012224
402,335,297,0.003411,0.003015,14669303.000000,180932.000000,0.012334
403,336,296,0.003426,0.003061,14830451.000000,182743.000000,0.012322
404,337,296,0.003467,0.003117,14905953.000000,182102.000000,0.012217
405,338,296,0.003483,0.003110,15038811.000000,184526.000000,0.012270
406,338,296,0.003500,0.003111,15096697.000000,184800.000000,0.012241
407,339,296,0.003552,0.003184,15227775.000000,186160.000000,0.012225
408,339,295,0.003524,0.003165,15282817.000000,186571.000000,0.012208
409,340,295,0.003438,0.003116,15062261.000000,178872.000000,0.011876
410,341,295,0.003533,0.003183,15146524.000000,186312.000000,0.012301
411,341,295,0.003524,0.003178,15190733.000000,185488.000000,0.012211
412,342,294,0.003518,0.003167,15249788.000000,186028.000000,0.012199
413,343,294,0.003585,0.003227,15405644.000000,188859.000000,0.012259
414,344,294,0.003544,0.003211,15427884.000000,183104.000000,0.011868
415,345,293,0.003583,0.003214,15574933.000000,188982.000000,0.012134
416,346,293,0.003572,0.003224,15658814.000000,188686.000000,0.012050
417,347,293,0.003568,0.003242,15596150.000000,189204.000000,0.012131
418,348,293,0.003538,0.003212,15582610.000000,183967.000000,0.011806
419,348,292,0.003846,0.003451,15736014.000000,194426.000000,0.012355
420,349,291,0.003693,0.003289,15782213.000000,191123.000000,0.012110
421,350,291,0.003569,0.003237,15791876.000000,188192.000000,0.011917
422,351,291,0.003581,0.003226,15837482.000000,189142.000000,0.011943
423,352,290,0.003665,0.003325,16034876.000000,188107.000000,0.011731
424,352,289,0.004177,0.003531,16155761.000000,192576.000000,0.011920
425,353,288,0.004033,0.003358,16086495.000000,193795.000000,0.012047
426,354,287,0.003970,0.003320,16125905.000000,192986.000000,0.011967
427,354,286,0.004040,0.003390,16236280.000000,190961.000000,0.011761
428,355,285,0.004058,0.003418,16619709.000000,196001.000000,0.011793
429,356,284,0.004205,0.003563,16815902.000000,202367.000000,0.012034
430,357,283,0.004131,0.003479,16804063.000000,198468.000000,0.011811
431,358,282,0.004163,0.003514,17005181.000000,197978.000000,0.011642
432,359,281,0.004194,0.003548,17084511.000000,200636.000000,0.011744
433,359,280,0.004212,0.003568,17145849.000000,200647.000000,0.011702
434,359,279,0.004222,0.003541,17143457.000000,200565.000000,0.011699
435,360,278,0.004145,0.003519,17089772.000000,196229.000000,0.011482
436,360,277,0.004285,0.003629,17265313.000000,207824.000000,0.012037
437,361,275,0.004493,0.003828,17549829.000000,209090.000000,0.011914
438,362,274,0.004319,0.003931,17674710.000000,213264.000000,0.012066
439,363,273,0.004009,0.003645,17693006.000000,201591.000000,0.011394
440,364,273,0.003961,0.003597,17605078.000000,202588.000000,0.011507
441,365,272,0.004070,0.003718,17807670.000000,206593.000000,0.011601
442,365,271,0.004045,0.003666,17824107.000000,205729.000000,0.011542
443,366,270,0.004078,0.003726,18019254.000000,203958.000000,0.011319
444,367,269,0.004218,0.003848,17944922.000000,213066.000000,0.011873
445,368,268,0.004092,0.003748,18063260.000000,208195.000000,0.011526
446,369,267,0.004106,0.003768,18130658.000000,209128.000000,0.011534
447,370,266,0.004085,0.003771,18131546.000000,205716.000000,0.011346
448,371,266,0.004118,0.003774,18218699.000000,209912.000000,0.011522
449,372,265,0.004121,0.003796,18268535.000000,209939.000000,0.011492
450,373,264,0.004145,0.003782,18313789.000000,211189.000000,0.011532
451,374,263,0.004139,0.003829,18341909.000000,209047.000000,0.011397
452,375,262,0.004150,0.003807,18408775.000000,212719.000000,0.011555
453,376,261,0.004180,0.003837,18543795.000000,213530.000000,0.011515
454,377,260,0.004203,0.003869,18629913.000000,213150.000000,0.011441
455,377,259,0.004215,0.003883,18717653.000000,210004.000000,0.011220
456,378,258,0.004336,0.003969,18918434.000000,218430.000000,0.011546
457,379,257,0.004246,0.003899,18820918.000000,216224.000000,0.011488
458,380,256,0.004371,0.003983,18968993.000000,219327.000000,0.011562
459,381,255,0.004393,0.004057,19242853.000000,217098.000000,0.011282
460,381,254,0.004524,0.004159,19338475.000000,222061.000000,0.011483
461,382,253,0.004395,0.004030,19280309.000000,219975.000000,0.011409
462,383,251,0.004614,0.004244,19495765.000000,227223.000000,0.011655
463,384,250,0.004497,0.004112,19556292.000000,221096.000000,0.011306
464,385,249,0.004544,0.004171,19529386.000000,225246.000000,0.011534
465,386,248,0.004493,0.004128,19620158.000000,223001.000000,0.011366
466,386,247,0.004545,0.004127,19617034.000000,226222.000000,0.011532
467,387,246,0.004470,0.004145,19582873.000000,221013.000000,0.011286
468,387,245,0.004492,0.004118,19590047.000000,224002.000000,0.011434
469,388,244,0.004423,0.004085,19564381.000000,221964.000000,0.011345
470,389,243,0.004419,0.004077,19580955.000000,217092.000000,0.011087
471,390,242,0.004460,0.004086,19753720.000000,224704.000000,0.011375
472,390,241,0.004487,0.004127,19866968.000000,224274.000000,0.011289
473,391,241,0.004434,0.004076,19741867.000000,222783.000000,0.011285
474,392,240,0.004458,0.004118,19814869.000000,219067.000000,0.011056
475,393,239,0.004509,0.004167,20006264.000000,227360.000000,0.011364
476,394,238,0.004511,0.004151,20071935.000000,225676.000000,0.011243
477,394,237,0.004688,0.004272,20366613.000000,230989.000000,0.011342
478,395,236,0.004729,0.004346,20471115.000000,228204.000000,0.011148
479,395,235,0.004751,0.004360,20813385.000000,233652.000000,0.011226
480,395,234,0.004993,0.004616,20961774.000000,237706.000000,0.011340
481,396,233,0.004621,0.004290,20687080.000000,228112.000000,0.011027
482,397,231,0.005004,0.004638,20977308.000000,240678.000000,0.011473
483,398,230,0.004789,0.004431,20966142.000000,235981.000000,0.011255
484,399,230,0.004882,0.004508,21053467.000000,236774.000000,0.011246
485,400,229,0.004719,0.004381,20978980.000000,232403.000000,0.011078
486,401,228,0.004892,0.004508,21136603.000000,235626.000000,0.011148
487,401,227,0.005179,0.004519,21228390.000000,235663.000000,0.011101
488,402,226,0.005229,0.004379,21275215.000000,232652.000000,0.010935
489,403,226,0.005061,0.004560,21645508.000000,241090.000000,0.011138
490,404,225,0.004919,0.004517,21490070.000000,239963.000000,0.011166
491,405,224,0.004872,0.004510,21656743.000000,236000.000000,0.010897
492,406,224,0.004954,0.004581,21782420.000000,241203.000000,0.011073
493,407,223,0.004893,0.004525,21802392.000000,240225.000000,0.011018
494,408,223,0.004954,0.004572,21896654.000000,243189.000000,0.011106
495,409,222,0.004946,0.004585,22046951.000000,239115.000000,0.010846
496,409,221,0.005028,0.004645,22229106.000000,245162.000000,0.011029
497,410,221,0.005005,0.004631,22326823.000000,244870.000000,0.010968
498,411,220,0.005066,0.004705,22414259.000000,244281.000000,0.010898
499,412,219,0.005397,0.004781,22561897.000000,249801.000000,0.011072
500,413,218,0.005536,0.004878,22696984.000000,253899.000000,0.011186
501,413,217,0.005326,0.004691,22726550.000000,243559.000000,0.010717
502,414,216,0.005652,0.004817,23029230.000000,251869.000000,0.010937
503,415,214,0.005629,0.004748,22935410.000000,250020.000000,0.010901
504,416,214,0.005416,0.004787,22934235.000000,245923.000000,0.010723
505,417,212,0.005611,0.004784,23134100.000000,252177.000000,0.010901
506,417,211,0.005472,0.004829,23216141.000000,251561.000000,0.010836
507,418,210,0.005622,0.004774,23090948.000000,247585.000000,0.010722
508,419,209,0.005489,0.004845,23257617.000000,252840.000000,0.010871
509,420,208,0.005488,0.004853,23268428.000000,253780.000000,0.010907
510,421,207,0.005446,0.004835,23394243.000000,251450.000000,0.010748
511,422,206,0.005576,0.004924,23605798.000000,258866.000000,0.010966
512,422,205,0.005532,0.004892,23694624.000000,257808.000000,0.010880
513,423,204,0.005610,0.004971,23819813.000000,255550.000000,0.010728
514,424,203,0.005632,0.004958,23980350.000000,260413.000000,0.010859
515,425,202,0.005687,0.005051,24315197.000000,260494.000000,0.010713
516,426,201,0.005655,0.005000,24073293.000000,257668.000000,0.010703
517,426,200,0.005615,0.004987,24074870.000000,261497.000000,0.010862
518,426,200,0.005690,0.005036,24174507.000000,261578.000000,0.010820
519,427,199,0.005644,0.005018,24252643.000000,257006.000000,0.010597
520,427,198,0.005706,0.005089,24335829.000000,261993.000000,0.010766
521,428,197,0.005680,0.005052,24336539.000000,263379.000000,0.010822
522,429,196,0.005707,0.005084,24389944.000000,259332.000000,0.010633
523,429,196,0.005814,0.005128,24778921.000000,265990.000000,0.010735
524,430,195,0.005788,0.005144,24905813.000000,266169.000000,0.010687
525,431,194,0.005983,0.005360,25113405.000000,270033.000000,0.010753
526,432,193,0.005855,0.005196,25145543.000000,266683.000000,0.010606
527,433,192,0.005922,0.005270,25280531.000000,267790.000000,0.010593
528,434,191,0.005816,0.005196,25077439.000000,264565.000000,0.010550
529,435,190,0.005925,0.005280,25288496.000000,270703.000000,0.010705
530,436,189,0.005947,0.005296,25410032.000000,272469.000000,0.010723
531,437,188,0.006051,0.005234,25508163.000000,279494.000000,0.010957
532,438,188,0.005971,0.005321,25504087.000000,271451.000000,0.010643
533,438,187,0.005910,0.005294,25508507.000000,267934.000000,0.010504
534,438,186,0.005976,0.005339,25629391.000000,272000.000000,0.010613
535,439,185,0.006038,0.005383,25777932.000000,275798.000000,0.010699
536,440,184,0.006079,0.005362,25867761.000000,272281.000000,0.010526
537,441,183,0.006102,0.005450,26149208.000000,277373.000000,0.010607
538,442,183,0.006054,0.005405,26144563.000000,276870.000000,0.010590
539,443,182,0.006120,0.005454,26362151.000000,275717.000000,0.010459
540,444,181,0.006193,0.005535,26545312.000000,282032.000000,0.010625
541,445,180,0.006188,0.005550,26772492.000000,282699.000000,0.010559
542,446,180,0.006245,0.005856,26991375.000000,282343.000000,0.010460
543,447,179,0.006486,0.006110,27215262.000000,288165.000000,0.010588
544,448,178,0.006001,0.005644,27140112.000000,281721.000000,0.010380
545,449,177,0.006106,0.005732,27468852.000000,287631.000000,0.010471
546,450,177,0.006093,0.005740,27545402.000000,288596.000000,0.010477
547,451,176,0.006135,0.005776,27700561.000000,285547.000000,0.010308
548,452,176,0.006260,0.005878,28140489.000000,292896.000000,0.010408
549,453,175,0.006294,0.005921,28166273.000000,293466.000000,0.010419
550,454,174,0.006229,0.005885,28168300.000000,288329.000000,0.010236
551,454,174,0.006264,0.005900,28331226.000000,293343.000000,0.010354
552,454,173,0.006334,0.005962,28490998.000000,288405.000000,0.010123
553,455,172,0.006734,0.006345,29149616.000000,301776.000000,0.010353
554,456,171,0.006683,0.006293,28944423.000000,302459.000000,0.010450
555,457,170,0.006465,0.006097,29025618.000000,296125.000000,0.010202
556,458,170,0.006762,0.006368,29264883.000000,302997.000000,0.010354
557,459,169,0.006728,0.006356,29201779.000000,300071.000000,0.010276
558,460,168,0.006627,0.006239,29592518.000000,302147.000000,0.010210
559,461,167,0.006880,0.006504,29834100.000000,307810.000000,0.010317
560,462,167,0.006843,0.006492,29844319.000000,305489.000000,0.010236
561,463,166,0.006758,0.006322,29817792.000000,307543.000000,0.010314
562,464,166,0.006786,0.006389,29891702.000000,302049.000000,0.010105
563,465,165,0.006965,0.006595,30235046.000000,313252.000000,0.010361
564,466,164,0.006626,0.006241,30067954.000000,306621.000000,0.010198
565,467,164,0.006662,0.006318,30298086.000000,304645.000000,0.010055
566,468,163,0.006690,0.006321,30320615.000000,309345.000000,0.010202
567,468,163,0.006664,0.006314,30406675.000000,304309.000000,0.010008
568,468,162,0.006749,0.006352,30604143.000000,311275.000000,0.010171
569,469,162,0.006704,0.006336,30460452.000000,309427.000000,0.010158
570,470,161,0.006701,0.006362,30514735.000000,307567.000000,0.010079
571,471,161,0.006747,0.006386,30627876.000000,311775.000000,0.010179
572,471,160,0.006846,0.006476,30643016.000000,314816.000000,0.010274
573,472,160,0.006826,0.006453,30693322.000000,315219.000000,0.010270
574,472,159,0.006753,0.006388,30634635.000000,311260.000000,0.010160
575,473,159,0.006831,0.006471,30664159.000000,309987.000000,0.010109
576,474,158,0.006783,0.006412,30715910.000000,314013.000000,0.010223
577,475,158,0.006783,0.006432,30836380.000000,310926.000000,0.010083
578,476,157,0.006876,0.006517,31023031.000000,315826.000000,0.010180
579,477,157,0.006894,0.006527,31094978.000000,316861.000000,0.010190
580,478,156,0.006859,0.006494,31109647.000000,312434.000000,0.010043
581,478,156,0.006953,0.006580,31254324.000000,317816.000000,0.010169
582,479,155,0.006917,0.006546,31272178.000000,314590.000000,0.010060
583,480,155,0.006959,0.006603,31608424.000000,321106.000000,0.010159
584,481,154,0.006961,0.006616,31648137.000000,318028.000000,0.010049
585,482,154,0.007003,0.006652,31759894.000000,324099.000000,0.010205
586,483,153,0.007088,0.006715,31893943.000000,328588.000000,0.010303
587,484,153,0.007205,0.006831,32197952.000000,325006.000000,0.010094
588,485,152,0.007126,0.006732,32047591.000000,325378.000000,0.010153
589,485,152,0.007104,0.006740,32151179.000000,322421.000000,0.010028
590,486,151,0.007130,0.006728,32300169.000000,328359.000000,0.010166
591,487,151,0.007708,0.007037,32844856.000000,328795.000000,0.010011
592,488,150,0.007544,0.006870,32935052.000000,332784.000000,0.010104
593,489,150,0.007508,0.006855,33059500.000000,331365.000000,0.010023
594,489,149,0.007538,0.006912,33065417.000000,327755.000000,0.009912
595,489,148,0.007557,0.006923,33101478.000000,331016.000000,0.010000
596,490,148,0.007545,0.006917,33125982.000000,328384.000000,0.009913
597,491,147,0.007573,0.006936,33266078.000000,333283.000000,0.010019
598,492,147,0.007567,0.006901,33272055.000000,328083.000000,0.009861
599,493,146,0.007666,0.007004,33515443.000000,335024.000000,0.009996
600,493,146,0.007785,0.007133,33687748.000000,336713.000000,0.009995
601,494,145,0.007766,0.007086,33577518.000000,338601.000000,0.010084
602,495,145,0.007476,0.007105,33634084.000000,332374.000000,0.009882
603,495,144,0.007496,0.007096,34100157.000000,336940.000000,0.009881
604,496,144,0.007463,0.007078,33940127.000000,335473.000000,0.009884
605,497,143,0.007480,0.007118,34069526.000000,334826.000000,0.009828
606,498,143,0.007459,0.007068,33949232.000000,337849.000000,0.009952
607,499,142,0.007523,0.007158,34350459.000000,335952.000000,0.009780
608,500,142,0.007612,0.007209,34530922.000000,342998.000000,0.009933
609,501,142,0.007650,0.007268,34788577.000000,337793.000000,0.009710
610,502,141,0.007641,0.007255,34940136.000000,343954.000000,0.009844
611,503,141,0.007719,0.007347,35323547.000000,340746.000000,0.009646
612,504,140,0.007736,0.007357,35246307.000000,347102.000000,0.009848
613,505,140,0.007872,0.007502,35543423.000000,350915.000000,0.009873
614,506,139,0.007854,0.007457,35711890.000000,350611.000000,0.009818
615,507,139,0.007840,0.007446,35649982.000000,344184.000000,0.009655
616,508,139,0.007870,0.007471,35820542.000000,348252.000000,0.009722
617,509,138,0.007937,0.007553,36032547.000000,349362.000000,0.009696
618,509,138,0.007985,0.007606,36156233.000000,350140.000000,0.009684
619,510,137,0.007916,0.007543,35913195.000000,350585.000000,0.009762
620,511,137,0.007868,0.007500,35913838.000000,345698.000000,0.009626
621,512,137,0.007945,0.007553,36047933.000000,353554.000000,0.009808
622,513,136,0.007992,0.007617,36148084.000000,350621.000000,0.009700
623,514,136,0.008074,0.007677,36506583.000000,358946.000000,0.009832
624,515,136,0.008024,0.007643,36561512.000000,353336.000000,0.009664
625,516,135,0.008041,0.007626,36600286.000000,357604.000000,0.009771
626,517,135,0.008321,0.007910,36980666.000000,358142.000000,0.009685
627,518,134,0.008218,0.007803,37151771.000000,361492.000000,0.009730
628,519,134,0.008188,0.007813,37172144.000000,355822.000000,0.009572
629,520,133,0.008241,0.007872,37291714.000000,363975.000000,0.009760
630,521,133,0.008187,0.007817,37279960.000000,359944.000000,0.009655
631,521,132,0.008216,0.007802,37463849.000000,363923.000000,0.009714
632,522,132,0.008277,0.007906,37597805.000000,360583.000000,0.009591
633,523,132,0.008337,0.007940,37810659.000000,366326.000000,0.009688
634,524,131,0.008357,0.007971,37929648.000000,363496.000000,0.009583
635,525,131,0.008364,0.007947,37954461.000000,366397.000000,0.009654
636,525,130,0.008335,0.007962,38038542.000000,362726.000000,0.009536
637,526,130,0.008406,0.008016,38170570.000000,366577.000000,0.009604
638,527,129,0.008545,0.008157,38293934.000000,365246.000000,0.009538
639,527,129,0.008438,0.008057,38307166.000000,367310.000000,0.009589
640,528,128,0.008400,0.008014,38351147.000000,364070.000000,0.009493
641,528,128,0.008483,0.008082,38671106.000000,370944.000000,0.009592
642,528,128,0.008461,0.008086,38771549.000000,367060.000000,0.009467
643,528,127,0.008449,0.008048,38667792.000000,368345.000000,0.009526
644,529,127,0.008556,0.008174,39107927.000000,370179.000000,0.009466
645,530,126,0.008597,0.008220,39218509.000000,373855.000000,0.009533
646,530,126,0.008600,0.008226,39267896.000000,370038.000000,0.009423
647,531,125,0.009016,0.008367,39360921.000000,377538.000000,0.009592
648,532,125,0.008879,0.008230,39362687.000000,373183.000000,0.009481
649,532,124,0.008935,0.008222,39557881.000000,377470.000000,0.009542
650,533,124,0.009098,0.008441,39809969.000000,379960.000000,0.009544
651,533,124,0.009025,0.008364,39885820.000000,378591.000000,0.009492
652,534,123,0.009143,0.008449,40272461.000000,385701.000000,0.009577
653,535,123,0.009170,0.008496,40419083.000000,381889.000000,0.009448
654,535,122,0.009140,0.008487,40518505.000000,384551.000000,0.009491
655,536,122,0.009200,0.008545,40654855.000000,382344.000000,0.009405
656,536,122,0.009228,0.008583,40739531.000000,387082.000000,0.009501
657,537,121,0.009201,0.008560,40705187.000000,382186.000000,0.009389
658,538,121,0.009220,0.008551,40829608.000000,386071.000000,0.009456
659,539,120,0.009267,0.008635,41014334.000000,385508.000000,0.009399
660,540,120,0.009327,0.008668,41146172.000000,392147.000000,0.009531
661,540,120,0.009312,0.008911,41221098.000000,386600.000000,0.009379
662,540,119,0.008942,0.008585,41138437.000000,383308.000000,0.009318
663,541,119,0.008980,0.008604,41194282.000000,387489.000000,0.009406
664,542,119,0.009071,0.008606,41395738.000000,397908.000000,0.009612
665,543,118,0.009000,0.008637,41354778.000000,390104.000000,0.009433
666,544,118,0.009019,0.008652,41448986.000000,386043.000000,0.009314
667,545,117,0.009129,0.008765,41960157.000000,395504.000000,0.009426
668,546,117,0.009327,0.008974,42284990.000000,395263.000000,0.009348
669,547,117,0.009195,0.008828,42126425.000000,395714.000000,0.009393
670,548,116,0.009169,0.008823,42193984.000000,394478.000000,0.009349
671,549,116,0.009211,0.008847,42382197.000000,395151.000000,0.009324
672,550,116,0.009587,0.009064,42753618.000000,402674.000000,0.009418
673,551,115,0.009482,0.008994,43015271.000000,399684.000000,0.009292
674,551,115,0.009494,0.008984,43052412.000000,403568.000000,0.009374
675,552,114,0.009655,0.009168,43052520.000000,398167.000000,0.009248
676,552,114,0.009459,0.008951,43162785.000000,401291.000000,0.009297
677,553,114,0.009490,0.009029,43199787.000000,399842.000000,0.009256
678,553,113,0.009512,0.009036,43224497.000000,403143.000000,0.009327
679,554,113,0.009511,0.009038,43195490.000000,399798.000000,0.009256
680,555,113,0.009519,0.009037,43289305.000000,398384.000000,0.009203
681,556,112,0.009601,0.009114,43660396.000000,407922.000000,0.009343
682,557,112,0.009591,0.009113,43609843.000000,404541.000000,0.009276
683,558,112,0.009641,0.009157,43741375.000000,409507.000000,0.009362
684,559,111,0.009623,0.009151,43763949.000000,405330.000000,0.009262
685,560,111,0.009718,0.009190,44019592.000000,412179.000000,0.009364
686,560,111,0.009791,0.009273,44124896.000000,414057.000000,0.009384
687,561,110,0.009759,0.009269,44190543.000000,410509.000000,0.009290
688,562,110,0.009825,0.009334,44385758.000000,417979.000000,0.009417
689,563,110,0.009849,0.009350,44511172.000000,412988.000000,0.009278
690,564,109,0.009929,0.009433,44875664.000000,420753.000000,0.009376
691,565,109,0.009922,0.009433,44839911.000000,417523.000000,0.009311
692,566,109,0.010135,0.009633,45153873.000000,423978.000000,0.009390
693,567,108,0.010056,0.009554,45426681.000000,426330.000000,0.009385
694,568,108,0.010045,0.009562,45529449.000000,424698.000000,0.009328
695,569,108,0.010196,0.009714,45988569.000000,430153.000000,0.009353
696,569,107,0.010146,0.009681,45924117.000000,424868.000000,0.009252
697,570,107,0.010156,0.009680,45930611.000000,427002.000000,0.009297
698,571,107,0.010189,0.009681,46021116.000000,430662.000000,0.009358
699,572,106,0.010169,0.009705,46059712.000000,429765.000000,0.009331
700,573,106,0.010187,0.009701,46134483.000000,429236.000000,0.009304
701,574,106,0.010247,0.009766,46285429.000000,434502.000000,0.009387
702,575,105,0.010355,0.009857,46385466.000000,432792.000000,0.009330
703,576,105,0.010268,0.009781,46434280.000000,436686.000000,0.009404
704,577,105,0.010266,0.009769,46512057.000000,433391.000000,0.009318
705,578,104,0.010370,0.009878,47023249.000000,435285.000000,0.009257
706,578,104,0.010337,0.009836,46873277.000000,438236.000000,0.009349
707,579,104,0.010390,0.010022,47173690.000000,434601.000000,0.009213
708,580,103,0.010294,0.009910,47363396.000000,438503.000000,0.009258
709,581,103,0.010300,0.009944,47515125.000000,436192.000000,0.009180
710,582,103,0.010365,0.010015,47674447.000000,436665.000000,0.009159
711,582,103,0.010430,0.010048,47795911.000000,442706.000000,0.009262
712,583,103,0.010529,0.010154,47929575.000000,442428.000000,0.009231
713,584,102,0.010493,0.010121,47962866.000000,441459.000000,0.009204
714,584,102,0.010481,0.010099,47996728.000000,444135.000000,0.009253
715,584,102,0.010697,0.010204,47922325.000000,441210.000000,0.009207
716,585,102,0.010544,0.010031,48047379.000000,444093.000000,0.009243
717,586,101,0.010604,0.010113,48362037.000000,444498.000000,0.009191
718,587,101,0.010597,0.010113,48328134.000000,444059.000000,0.009188
719,588,101,0.010648,0.010144,48542084.000000,448373.000000,0.009237
720,588,101,0.010625,0.010133,48492774.000000,444662.000000,0.009170
721,589,100,0.010676,0.010330,48310106.000000,447632.000000,0.009266
722,590,100,0.010534,0.010154,48410344.000000,448283.000000,0.009260
723,591,100,0.010594,0.010207,48579631.000000,445942.000000,0.009180
724,592,100,0.010620,0.010231,48749768.000000,446787.000000,0.009165
725,593,99,0.010748,0.010337,49200013.000000,453078.000000,0.009209
726,594,99,0.010609,0.010224,48759526.000000,447761.000000,0.009183
727,595,99,0.010754,0.010349,49501023.000000,453506.000000,0.009162
728,596,98,0.010884,0.010482,49968546.000000,452082.000000,0.009047
729,597,98,0.010797,0.010437,49908543.000000,449895.000000,0.009014
730,597,98,0.010849,0.010458,50131668.000000,456157.000000,0.009099
731,598,98,0.010910,0.010550,50292652.000000,452211.000000,0.008992
732,598,97,0.010864,0.010528,50155839.000000,451546.000000,0.009003
733,598,97,0.010895,0.010511,50313152.000000,455379.000000,0.009051
734,599,97,0.010945,0.010584,50490019.000000,453530.000000,0.008983
735,599,97,0.010994,0.010635,50804041.000000,455013.000000,0.008956
736,600,97,0.011017,0.010639,50880369.000000,459233.000000,0.009026
737,601,96,0.011115,0.010756,51166908.000000,459569.000000,0.008982
738,601,96,0.011153,0.010787,51348325.000000,460506.000000,0.008968
739,602,96,0.011241,0.010832,51583819.000000,465252.000000,0.009019
740,603,96,0.011246,0.010864,51693746.000000,460095.000000,0.008900
741,604,95,0.011281,0.010925,51800421.000000,470431.000000,0.009082
742,604,95,0.011324,0.010932,51941568.000000,475140.000000,0.009148
743,605,95,0.011382,0.010992,52110651.000000,471772.000000,0.009053
744,606,94,0.011291,0.010919,51874063.000000,469626.000000,0.009053
745,606,94,0.011342,0.010939,52110616.000000,476972.000000,0.009153
746,607,94,0.011391,0.011015,52265467.000000,473125.000000,0.009052
747,608,94,0.011410,0.011039,52351838.000000,472879.000000,0.009033
748,608,93,0.011853,0.011443,52607791.000000,483471.000000,0.009190
749,608,93,0.011281,0.010933,52453425.000000,470375.000000,0.008967
750,609,93,0.011382,0.011012,52608349.000000,472283.000000,0.008977
751,610,93,0.011353,0.011010,52658775.000000,473027.000000,0.008983
752,610,93,0.011315,0.010958,52652096.000000,477962.000000,0.009078
753,611,92,0.011325,0.010978,52645284.000000,473853.000000,0.009001
754,612,92,0.011365,0.010991,52717064.000000,473495.000000,0.008982
755,613,92,0.011416,0.011032,52975688.000000,478514.000000,0.009033
756,614,92,0.011473,0.011117,53067972.000000,477748.000000,0.009003
757,615,92,0.011767,0.011422,53290977.000000,481787.000000,0.009041
758,616,92,0.011539,0.011157,53303866.000000,482855.000000,0.009059
759,616,91,0.011551,0.011164,53358900.000000,480878.000000,0.009012
760,617,91,0.011656,0.011190,53617776.000000,493776.000000,0.009209
761,618,91,0.011583,0.011221,53546612.000000,483865.000000,0.009036
762,619,91,0.011584,0.011219,53602141.000000,480756.000000,0.008969
763,619,91,0.011698,0.011327,54138234.000000,483666.000000,0.008934
764,620,90,0.011655,0.011284,53964971.000000,481868.000000,0.008929
765,620,90,0.011763,0.011376,54369066.000000,487807.000000,0.008972
766,620,90,0.011989,0.011638,54523109.000000,488569.000000,0.008961
767,620,90,0.011826,0.011423,54530615.000000,488144.000000,0.008952
768,621,90,0.011893,0.011506,54763620.000000,496188.000000,0.009061
769,622,89,0.011907,0.011534,55066539.000000,491408.000000,0.008924
770,623,89,0.011924,0.011556,55216718.000000,491558.000000,0.008902
771,624,89,0.012026,0.011645,55452012.000000,492841.000000,0.008888
772,625,89,0.012026,0.011632,55652048.000000,495962.000000,0.008912
773,626,88,0.012083,0.011712,55985676.000000,495975.000000,0.008859
774,626,88,0.012180,0.011827,55766456.000000,495298.000000,0.008882
775,627,88,0.012004,0.011609,55846003.000000,497599.000000,0.008910
776,628,88,0.012066,0.011701,55990423.000000,494957.000000,0.008840
777,629,88,0.012061,0.011693,56158015.000000,497889.000000,0.008866
778,629,88,0.012097,0.011733,56336682.000000,496177.000000,0.008807
779,630,87,0.012095,0.011705,56375968.000000,499468.000000,0.008860
780,631,87,0.012115,0.011759,56494565.000000,498869.000000,0.008830
781,632,87,0.012145,0.011809,56598334.000000,499937.000000,0.008833
782,633,87,0.012273,0.011920,56773469.000000,503550.000000,0.008869
783,634,87,0.012206,0.011850,56850294.000000,505903.000000,0.008899
784,635,86,0.012194,0.011829,56902050.000000,501878.000000,0.008820
785,636,86,0.012250,0.011910,57161158.000000,502783.000000,0.008796
786,637,86,0.012410,0.011933,57296204.000000,507694.000000,0.008861
787,638,86,0.012523,0.012033,57408573.000000,509679.000000,0.008878
788,639,85,0.012494,0.011991,57448997.000000,507122.000000,0.008827
789,640,85,0.012569,0.012062,57687820.000000,511864.000000,0.008873
790,641,85,0.012755,0.012356,58160492.000000,522236.000000,0.008979
791,642,85,0.012602,0.012230,58296575.000000,513120.000000,0.008802
792,643,85,0.012525,0.012159,58058239.000000,512576.000000,0.008829
793,644,84,0.012656,0.012261,58343675.000000,517359.000000,0.008867
794,645,84,0.012730,0.012330,58701487.000000,519795.000000,0.008855
795,645,84,0.012836,0.012371,58739418.000000,515357.000000,0.008774
796,646,84,0.012989,0.012481,58748351.000000,516861.000000,0.008798
797,647,84,0.012830,0.012317,58971370.000000,517737.000000,0.008779
798,648,83,0.012956,0.012445,59197672.000000,523700.000000,0.008847
799,649,83,0.012922,0.012397,59288232.000000,525782.000000,0.008868
800,650,83,0.012911,0.012421,59301662.000000,521938.000000,0.008801
801,651,83,0.013298,0.012803,59537635.000000,523263.000000,0.008789
802,652,83,0.012975,0.012481,59696852.000000,525163.000000,0.008797
803,652,82,0.013067,0.012543,59950371.000000,529489.000000,0.008832
804,653,82,0.012979,0.012463,59710697.000000,525550.000000,0.008802
805,654,82,0.013025,0.012516,59913849.000000,524546.000000,0.008755
806,654,82,0.013191,0.012676,59828254.000000,529404.000000,0.008849
807,654,82,0.013063,0.012561,59927612.000000,524556.000000,0.008753
808,655,81,0.013147,0.012623,60195769.000000,532156.000000,0.008840
809,655,81,0.013133,0.012609,60301876.000000,528113.000000,0.008758
810,656,81,0.013061,0.012555,60123862.000000,528492.000000,0.008790
811,656,81,0.013271,0.012767,61078011.000000,533181.000000,0.008730
812,657,81,0.013310,0.012785,61265144.000000,533752.000000,0.008712
813,658,80,0.013593,0.013076,61871058.000000,543945.000000,0.008792
814,659,80,0.013622,0.013096,61947240.000000,538224.000000,0.008688
815,660,80,0.013577,0.013061,62274124.000000,542878.000000,0.008718
816,660,80,0.013590,0.013071,62604478.000000,541273.000000,0.008646
817,661,79,0.013537,0.013027,62416557.000000,540330.000000,0.008657
818,662,79,0.013704,0.013187,62855313.000000,551472.000000,0.008774
819,663,79,0.013628,0.013156,62871924.000000,544599.000000,0.008662
820,664,79,0.013694,0.013190,63007636.000000,546407.000000,0.008672
821,665,78,0.014468,0.014077,63545605.000000,550428.000000,0.008662
822,666,78,0.013719,0.013343,63596885.000000,548254.000000,0.008621
823,667,78,0.013753,0.013394,63704290.000000,550906.000000,0.008648
824,668,78,0.013760,0.013360,63808447.000000,554076.000000,0.008683
825,669,78,0.013776,0.013422,63880645.000000,550677.000000,0.008620
826,670,77,0.013845,0.013450,64018753.000000,554373.000000,0.008660
827,671,77,0.013872,0.013495,64377517.000000,552825.000000,0.008587
828,672,77,0.013982,0.013604,64614867.000000,558188.000000,0.008639
829,673,77,0.013993,0.013639,64873498.000000,557784.000000,0.008598
830,674,77,0.014004,0.013608,64992172.000000,561958.000000,0.008647
831,675,76,0.014016,0.013638,65182433.000000,560383.000000,0.008597
832,676,76,0.014069,0.013694,65342554.000000,561265.000000,0.008590
833,677,76,0.014102,0.013748,65454162.000000,561466.000000,0.008578
834,677,76,0.014154,0.013755,65613130.000000,563750.000000,0.008592
835,677,76,0.014414,0.014002,66305753.000000,569032.000000,0.008582
836,677,75,0.014265,0.013888,65939057.000000,569586.000000,0.008638
837,677,75,0.015016,0.014582,66310583.000000,602788.000000,0.009090
838,678,74,0.022905,0.022044,71435220.000000,701859.000000,0.009825
839,679,73,0.021951,0.020995,71016651.000000,683113.000000,0.009619
840,680,72,0.019767,0.019012,69922399.000000,607637.000000,0.008690
841,681,72,0.015369,0.014877,67174453.000000,591329.000000,0.008803
842,681,71,0.022439,0.021580,71266013.000000,669888.000000,0.009400
843,682,70,0.023334,0.022103,71977434.000000,674028.000000,0.009364
844,683,70,0.017391,0.016453,68480381.000000,593919.000000,0.008673
845,684,70,0.014524,0.014018,67067217.000000,571236.000000,0.008517
846,685,70,0.014480,0.014074,67440487.000000,573335.000000,0.008501
847,685,69,0.020062,0.019013,69231630.000000,609668.000000,0.008806
848,686,69,0.018132,0.017229,69100285.000000,601165.000000,0.008700
849,687,68,0.015430,0.014424,67651195.000000,580103.000000,0.008575
850,687,68,0.014665,0.014261,67890016.000000,576668.000000,0.008494
851,687,68,0.014646,0.014237,67713827.000000,574814.000000,0.008489
852,688,68,0.015644,0.015253,68719215.000000,592379.000000,0.008620
853,689,68,0.014920,0.014528,68160192.000000,578018.000000,0.008480
854,689,67,0.014561,0.014145,68073952.000000,577018.000000,0.008476
855,690,67,0.015004,0.014630,68076345.000000,575500.000000,0.008454
856,690,67,0.014590,0.014223,68038012.000000,573428.000000,0.008428
857,690,67,0.014609,0.014239,68033529.000000,573869.000000,0.008435
858,691,67,0.014604,0.014225,68123640.000000,574036.000000,0.008426
859,691,67,0.015132,0.014759,68431280.000000,580689.000000,0.008486
860,692,67,0.015209,0.014687,68449174.000000,584011.000000,0.008532
861,693,66,0.014972,0.014462,68571295.000000,585190.000000,0.008534
862,694,66,0.014936,0.014410,68671271.000000,584867.000000,0.008517
863,695,66,0.015050,0.014515,68987493.000000,590654.000000,0.008562
864,696,66,0.015016,0.014500,69044150.000000,586675.000000,0.008497
865,696,66,0.015342,0.014949,69359381.000000,593085.000000,0.008551
866,696,66,0.015426,0.014964,69109974.000000,585253.000000,0.008468
867,697,66,0.014885,0.014467,69093501.000000,583305.000000,0.008442
868,697,65,0.014865,0.014468,69075916.000000,583438.000000,0.008446
869,698,65,0.015315,0.014905,69120743.000000,589004.000000,0.008521
870,699,65,0.015009,0.014617,69175284.000000,584672.000000,0.008452
871,700,65,0.015022,0.014595,69503018.000000,588724.000000,0.008470
872,701,65,0.015153,0.014714,69813531.000000,592509.000000,0.008487
873,702,65,0.014931,0.014495,69715310.000000,595068.000000,0.008536
874,702,65,0.014958,0.014571,70039759.000000,591045.000000,0.008439
875,703,65,0.014963,0.014567,69888725.000000,591758.000000,0.008467
876,703,64,0.014984,0.014604,70100285.000000,589020.000000,0.008403
877,704,64,0.015462,0.015098,70487278.000000,594968.000000,0.008441
878,705,64,0.014993,0.014610,70217984.000000,591188.000000,0.008419
879,705,64,0.015484,0.015085,70752233.000000,596002.000000,0.008424
880,706,64,0.015163,0.014774,70704122.000000,594901.000000,0.008414
881,707,64,0.015135,0.014741,70683269.000000,594605.000000,0.008412
882,708,64,0.015027,0.014648,70443502.000000,592028.000000,0.008404
883,709,64,0.015119,0.014737,70850939.000000,594419.000000,0.008390
884,710,64,0.015182,0.014776,71091551.000000,599585.000000,0.008434
885,711,64,0.015513,0.015141,71400662.000000,603357.000000,0.008450
886,711,63,0.015285,0.014881,71319933.000000,599416.000000,0.008405
887,712,63,0.015338,0.014951,71538854.000000,599680.000000,0.008383
888,713,63,0.015246,0.014860,71310991.000000,598708.000000,0.008396
889,714,63,0.015311,0.014932,71536796.000000,599968.000000,0.008387
890,714,63,0.015311,0.014947,71587650.000000,600009.000000,0.008381
891,715,63,0.015346,0.014974,71721592.000000,601821.000000,0.008391
892,715,63,0.015552,0.015157,71996138.000000,604653.000000,0.008398
893,715,63,0.015342,0.014944,71682303.000000,599492.000000,0.008363
894,715,63,0.015429,0.015046,72057587.000000,601409.000000,0.008346
895,716,63,0.015452,0.015063,72118276.000000,603372.000000,0.008366
896,716,63,0.015497,0.015132,72383854.000000,603856.000000,0.008342
897,717,63,0.015527,0.015132,72451768.000000,608375.000000,0.008397
898,718,63,0.015694,0.015301,72626877.000000,608560.000000,0.008379
899,719,63,0.015544,0.015171,72847647.000000,606221.000000,0.008322
900,720,64,0.015572,0.015180,72986212.000000,606993.000000,0.008317
901,721,64,0.015772,0.015306,73642216.000000,623980.000000,0.008473
902,722,64,0.015706,0.015324,73618475.000000,613533.000000,0.008334
903,723,65,0.015791,0.015431,73907063.000000,615648.000000,0.008330
904,724,65,0.015820,0.015434,74040894.000000,619213.000000,0.008363
905,725,65,0.016088,0.015697,74251075.000000,619301.000000,0.008341
906,726,65,0.015937,0.015541,74243384.000000,616169.000000,0.008299
907,727,65,0.015988,0.015595,74642048.000000,620036.000000,0.008307
908,728,65,0.016018,0.015626,74839330.000000,619170.000000,0.008273
909,729,65,0.016063,0.015698,75129075.000000,619832.000000,0.008250
910,730,65,0.016083,0.015700,75238652.000000,620894.000000,0.008252
911,731,65,0.016279,0.015888,75584206.000000,624753.000000,0.008266
912,731,65,0.016195,0.015807,75725422.000000,624992.000000,0.008253
913,732,65,0.016190,0.015820,75778186.000000,623672.000000,0.008230
914,733,65,0.016222,0.015834,75868860.000000,625436.000000,0.008244
915,734,64,0.016456,0.016063,76161334.000000,628060.000000,0.008246
916,735,64,0.016343,0.015952,76360918.000000,629873.000000,0.008249
917,736,64,0.016578,0.016206,76790064.000000,632196.000000,0.008233
918,736,64,0.016385,0.016017,76650839.000000,629184.000000,0.008208
919,737,64,0.016390,0.016033,76651710.000000,629372.000000,0.008211
920,737,64,0.016400,0.016004,76779888.000000,629549.000000,0.008199
921,738,64,0.016601,0.016208,77621833.000000,640101.000000,0.008246
922,738,64,0.016571,0.016178,77617568.000000,639903.000000,0.008244
923,739,63,0.017292,0.016915,78061916.000000,649384.000000,0.008319
924,739,63,0.017013,0.016614,78161947.000000,647613.000000,0.008286
925,739,63,0.016998,0.016602,78345519.000000,648453.000000,0.008277
926,740,63,0.017537,0.017148,78892026.000000,659531.000000,0.008360
927,741,63,0.017292,0.016861,78940264.000000,654820.000000,0.008295
928,742,63,0.017226,0.016821,79047832.000000,653237.000000,0.008264
929,743,63,0.017420,0.017031,79282355.000000,660653.000000,0.008333
930,744,63,0.017120,0.016696,79163858.000000,656686.000000,0.008295
931,745,62,0.017192,0.016797,79697649.000000,660891.000000,0.008292
932,745,62,0.017045,0.016651,79697511.000000,660054.000000,0.008282
933,746,62,0.017095,0.016726,79808401.000000,659956.000000,0.008269
934,747,62,0.017595,0.017047,79883668.000000,660096.000000,0.008263
935,748,62,0.017457,0.017059,80471378.000000,668665.000000,0.008309
936,749,62,0.017273,0.016889,80585602.000000,667006.000000,0.008277
937,750,61,0.017343,0.016968,80716999.000000,668495.000000,0.008282
938,751,61,0.017316,0.016936,80801843.000000,668964.000000,0.008279
939,752,61,0.017473,0.017082,81126406.000000,672196.000000,0.008286
940,753,61,0.017611,0.017210,81382798.000000,673612.000000,0.008277
941,754,61,0.017425,0.017050,81355179.000000,671241.000000,0.008251
942,755,61,0.017499,0.017078,81504535.000000,672691.000000,0.008253
943,756,61,0.017600,0.017195,81959789.000000,676950.000000,0.008260
944,756,60,0.017474,0.017106,81747604.000000,674372.000000,0.008249
945,757,60,0.017517,0.017115,81905948.000000,674710.000000,0.008238
946,758,60,0.017699,0.017293,82223795.000000,679293.000000,0.008262
947,759,60,0.017579,0.017218,82027797.000000,678557.000000,0.008272
948,760,60,0.017588,0.017207,82127850.000000,677541.000000,0.008250
949,760,60,0.017550,0.017178,82200459.000000,678324.000000,0.008252
950,761,60,0.017634,0.017241,82356047.000000,681256.000000,0.008272
951,762,59,0.017723,0.017313,82635014.000000,681155.000000,0.008243
