frame,nb of entities,FPS,frame length,physics length,L1-dcache-loads,L1-dcache-load-misses,L1-dcache-load-miss-ratio
0,3,302,0.001573,0.000026,654171.000000,36824.000000,0.056291
1,4,302,0.003308,0.000027,791393.000000,39229.000000,0.049570
2,5,302,0.003323,0.000025,741749.000000,37866.000000,0.051050
3,6,302,0.003323,0.000031,750030.000000,37381.000000,0.049839
4,7,302,0.003325,0.000029,771122.000000,38169.000000,0.049498
5,8,302,0.003322,0.000046,740668.000000,35541.000000,0.047985
6,9,302,0.003331,0.000029,762742.000000,39386.000000,0.051637
7,10,302,0.003310,0.000048,789555.000000,41108.000000,0.052065
8,11,302,0.003323,0.000031,783770.000000,39151.000000,0.049952
9,12,302,0.003327,0.000038,757812.000000,38981.000000,0.051439
10,13,302,0.003313,0.000039,731846.000000,34453.000000,0.047077
11,14,302,0.003324,0.000039,789532.000000,39323.000000,0.049805
12,15,302,0.003326,0.000039,755613.000000,38513.000000,0.050969
13,16,302,0.003323,0.000043,784872.000000,39642.000000,0.050508
14,17,302,0.003321,0.000043,777329.000000,39473.000000,0.050780
15,18,302,0.003327,0.000056,757272.000000,36057.000000,0.047614
16,19,302,0.003320,0.000049,779239.000000,39008.000000,0.050059
17,20,302,0.003322,0.000051,785048.000000,39662.000000,0.050522
18,21,302,0.003327,0.000050,774944.000000,38928.000000,0.050233
19,22,302,0.003319,0.000054,798786.000000,39037.000000,0.048870
20,23,303,0.003322,0.000049,762159.000000,35447.000000,0.046509
21,24,303,0.003330,0.000051,806751.000000,39461.000000,0.048913
22,24,303,0.003318,0.000046,785918.000000,37993.000000,0.048342
23,25,303,0.003327,0.000051,791144.000000,39038.000000,0.049344
24,26,303,0.003320,0.000042,819979.000000,39270.000000,0.047891
25,27,303,0.003325,0.000050,819058.000000,37391.000000,0.045651
26,28,303,0.003320,0.000056,829589.000000,39620.000000,0.047759
27,29,303,0.003324,0.000057,845987.000000,40536.000000,0.047916
28,30,303,0.003323,0.000050,838793.000000,40990.000000,0.048868
29,31,303,0.003323,0.000060,853370.000000,40729.000000,0.047727
30,32,303,0.003332,0.000084,811291.000000,37188.000000,0.045838
31,33,303,0.003311,0.000064,841819.000000,40368.000000,0.047953
32,34,303,0.003324,0.000063,843624.000000,39694.000000,0.047052
33,35,303,0.003326,0.000076,867719.000000,40154.000000,0.046275
34,36,303,0.003317,0.000070,862280.000000,39972.000000,0.046356
35,37,303,0.003324,0.000076,843365.000000,37054.000000,0.043936
36,38,303,0.003330,0.000072,864961.000000,40653.000000,0.047000
37,39,303,0.003316,0.000084,915298.000000,41039.000000,0.044837
38,40,303,0.003325,0.000071,891927.000000,40752.000000,0.045690
39,41,303,0.003330,0.000078,887551.000000,40745.000000,0.045907
40,42,303,0.003316,0.000081,872435.000000,36367.000000,0.041684
41,43,303,0.003325,0.000076,918958.000000,40573.000000,0.044151
42,43,303,0.003331,0.000068,903476.000000,39641.000000,0.043876
43,44,303,0.003317,0.000066,915178.000000,40766.000000,0.044544
44,45,303,0.003325,0.000072,989822.000000,40653.000000,0.041071
45,46,303,0.003330,0.000067,892129.000000,37457.000000,0.041986
46,46,303,0.003318,0.000078,904024.000000,40086.000000,0.044342
47,47,303,0.003322,0.000083,934765.000000,41335.000000,0.044220
48,47,303,0.003331,0.000071,913619.000000,40046.000000,0.043832
49,48,303,0.003317,0.000069,931603.000000,41281.000000,0.044312
50,48,303,0.003326,0.000072,875637.000000,36512.000000,0.041698
51,49,303,0.003332,0.000086,924421.000000,40731.000000,0.044061
52,50,303,0.003310,0.000085,921624.000000,41580.000000,0.045116
53,51,303,0.003321,0.000079,955941.000000,41639.000000,0.043558
54,51,303,0.003328,0.000075,930540.000000,40304.000000,0.043312
55,51,303,0.003321,0.000076,911221.000000,38420.000000,0.042163
56,52,303,0.003323,0.000082,963761.000000,42447.000000,0.044043
57,53,303,0.003332,0.000082,944972.000000,41572.000000,0.043993
58,54,303,0.003315,0.000075,962430.000000,41441.000000,0.043059
59,54,303,0.003324,0.000078,950232.000000,41332.000000,0.043497
60,55,300,0.003331,0.000083,927222.000000,38442.000000,0.041459
61,56,300,0.003316,0.000083,1006477.000000,42982.000000,0.042705
62,57,300,0.003321,0.000112,990292.000000,43271.000000,0.043695
63,58,300,0.003328,0.000127,1025764.000000,43588.000000,0.042493
64,59,300,0.003318,0.000116,1029654.000000,43231.000000,0.041986
65,60,300,0.003320,0.000122,997451.000000,39301.000000,0.039401
66,61,300,0.003327,0.000110,1018843.000000,42829.000000,0.042037
67,62,300,0.003319,0.000093,1034283.000000,43351.000000,0.041914
68,62,300,0.003318,0.000144,1053392.000000,54343.000000,0.051589
69,63,300,0.003328,0.000088,1048531.000000,43597.000000,0.041579
70,63,300,0.003317,0.000102,961196.000000,37836.000000,0.039363
71,64,300,0.003326,0.000108,1007526.000000,42095.000000,0.041781
72,65,300,0.003326,0.000107,1013537.000000,42212.000000,0.041648
73,66,300,0.003320,0.000110,1017739.000000,42277.000000,0.041540
74,67,300,0.003321,0.000111,1016524.000000,42598.000000,0.041906
75,67,300,0.003330,0.000117,990753.000000,38566.000000,0.038926
76,68,300,0.003318,0.000119,1042538.000000,43117.000000,0.041358
77,69,300,0.003324,0.000128,1074983.000000,44508.000000,0.041403
78,69,300,0.003328,0.000117,1039039.000000,42067.000000,0.040486
79,69,300,0.003320,0.000112,1026903.000000,42636.000000,0.041519
80,70,300,0.003320,0.000126,1048129.000000,40156.000000,0.038312
81,71,300,0.003327,0.000166,1097606.000000,44164.000000,0.040237
82,72,300,0.003318,0.000165,1120578.000000,50555.000000,0.045115
83,73,300,0.003320,0.000146,1136019.000000,44696.000000,0.039344
84,74,300,0.003324,0.000135,1102469.000000,44424.000000,0.040295
85,75,300,0.003323,0.000162,1120817.000000,44088.000000,0.039336
86,76,300,0.003320,0.000136,1126627.000000,45147.000000,0.040073
87,77,300,0.003327,0.000136,1120982.000000,44723.000000,0.039896
88,77,300,0.003319,0.000130,1103847.000000,43883.000000,0.039755
89,78,300,0.003322,0.000136,1110435.000000,44348.000000,0.039938
90,79,300,0.003329,0.000135,1082560.000000,40042.000000,0.036988
91,79,300,0.003318,0.000145,1135068.000000,44127.000000,0.038876
92,80,300,0.003325,0.000157,1143196.000000,46351.000000,0.040545
93,81,300,0.003327,0.000148,1170953.000000,45196.000000,0.038598
94,81,300,0.003319,0.000142,1142270.000000,43762.000000,0.038311
95,82,300,0.003358,0.000157,1063278.000000,41938.000000,0.039442
96,82,300,0.003347,0.000191,1098811.000000,45276.000000,0.041205
97,83,300,0.003344,0.000220,1145297.000000,60600.000000,0.052912
98,84,300,0.003320,0.000211,1219858.000000,61542.000000,0.050450
99,84,300,0.003324,0.000151,1197938.000000,45043.000000,0.037600
100,85,300,0.003316,0.000155,1195941.000000,41747.000000,0.034907
101,86,300,0.003326,0.000128,1251992.000000,46511.000000,0.037150
102,87,300,0.003327,0.000161,1243991.000000,45775.000000,0.036797
103,88,300,0.003320,0.000174,1258307.000000,46443.000000,0.036909
104,89,300,0.003325,0.000155,1265311.000000,46816.000000,0.037000
105,90,300,0.003328,0.000183,1261457.000000,44375.000000,0.035178
106,91,300,0.003322,0.000173,1279593.000000,46998.000000,0.036729
107,92,300,0.003322,0.000168,1339076.000000,47814.000000,0.035707
108,93,300,0.003330,0.000179,1307529.000000,48069.000000,0.036763
109,94,300,0.003321,0.000185,1345068.000000,47991.000000,0.035679
110,95,300,0.003325,0.000171,1290148.000000,43740.000000,0.033903
111,96,300,0.003326,0.000185,1329902.000000,47001.000000,0.035342
112,97,300,0.003320,0.000180,1328648.000000,47468.000000,0.035727
113,98,300,0.003326,0.000187,1348158.000000,48363.000000,0.035873
114,99,300,0.003327,0.000188,1381647.000000,47031.000000,0.034040
115,100,300,0.003320,0.000288,1393735.000000,52391.000000,0.037590
116,100,300,0.003323,0.000180,1380704.000000,47585.000000,0.034464
117,101,300,0.003331,0.000184,1360177.000000,47640.000000,0.035025
118,102,300,0.003313,0.000180,1381069.000000,48714.000000,0.035273
119,103,300,0.003319,0.000208,1401482.000000,48246.000000,0.034425
120,103,300,0.003329,0.000189,1366373.000000,45800.000000,0.033519
121,104,300,0.003321,0.000185,1388231.000000,47947.000000,0.034538
122,104,300,0.003322,0.000203,1381616.000000,47176.000000,0.034146
123,105,300,0.003328,0.000187,1414445.000000,47730.000000,0.033745
124,106,300,0.003321,0.000191,1406520.000000,48553.000000,0.034520
125,107,300,0.003324,0.000193,1374130.000000,44407.000000,0.032316
126,108,300,0.003326,0.000192,1437033.000000,48588.000000,0.033811
127,109,300,0.003320,0.000209,1501772.000000,50418.000000,0.033572
128,109,300,0.003324,0.000213,1508279.000000,50016.000000,0.033161
129,110,300,0.003324,0.000214,1536581.000000,50159.000000,0.032643
130,111,300,0.003322,0.000224,1483279.000000,46671.000000,0.031465
131,112,300,0.003322,0.000227,1570419.000000,51185.000000,0.032593
132,113,300,0.003328,0.000244,1567171.000000,51525.000000,0.032878
133,114,300,0.003321,0.000236,1565982.000000,50197.000000,0.032055
134,114,300,0.003325,0.000219,1591162.000000,50186.000000,0.031540
135,115,300,0.003329,0.000247,1625869.000000,46806.000000,0.028788
136,116,300,0.003322,0.000271,1691393.000000,51668.000000,0.030548
137,117,300,0.003321,0.000276,1744222.000000,51859.000000,0.029732
138,118,300,0.003330,0.000268,1780620.000000,52591.000000,0.029535
139,119,300,0.003320,0.000301,1828443.000000,53169.000000,0.029079
140,120,300,0.003323,0.000290,1807041.000000,47678.000000,0.026385
141,121,300,0.003329,0.000261,1844787.000000,51749.000000,0.028051
142,121,300,0.003366,0.000412,1784842.000000,54574.000000,0.030576
143,122,300,0.003338,0.000298,1775842.000000,52071.000000,0.029322
144,123,300,0.003360,0.000294,1791787.000000,53418.000000,0.029813
145,124,300,0.003341,0.000353,1847705.000000,55584.000000,0.030083
146,124,300,0.003397,0.000312,1866964.000000,54980.000000,0.029449
147,125,300,0.003362,0.000348,1846993.000000,53492.000000,0.028962
148,126,300,0.003345,0.000291,1859456.000000,54006.000000,0.029044
149,127,300,0.003327,0.000291,1965512.000000,54659.000000,0.027809
150,128,300,0.003323,0.000342,2004105.000000,51956.000000,0.025925
151,129,300,0.003321,0.000371,2074333.000000,55695.000000,0.026850
152,130,300,0.003323,0.000382,2057220.000000,55242.000000,0.026853
153,131,300,0.003329,0.000361,2084859.000000,55347.000000,0.026547
154,132,300,0.003324,0.000326,2083121.000000,55882.000000,0.026826
155,132,300,0.003319,0.000334,2071291.000000,53512.000000,0.025835
156,132,300,0.003325,0.000345,2115131.000000,58375.000000,0.027599
157,133,300,0.003322,0.000346,2149147.000000,58494.000000,0.027217
158,133,300,0.003323,0.000387,2075531.000000,54166.000000,0.026097
159,133,300,0.003325,0.000396,2121256.000000,58613.000000,0.027631
160,133,300,0.003320,0.000548,2254478.000000,79727.000000,0.035364
161,133,300,0.003316,0.000364,2182619.000000,56830.000000,0.026038
162,134,300,0.003336,0.000442,2160648.000000,59016.000000,0.027314
163,135,300,0.003313,0.000603,2343363.000000,89689.000000,0.038274
164,136,300,0.003322,0.000340,2226171.000000,56362.000000,0.025318
165,137,300,0.003323,0.000470,2245956.000000,56705.000000,0.025248
166,137,300,0.003323,0.000347,2276285.000000,58553.000000,0.025723
167,138,300,0.003318,0.000445,2299285.000000,59178.000000,0.025738
168,139,300,0.003322,0.000464,2315744.000000,59525.000000,0.025704
169,139,300,0.003392,0.000418,2334003.000000,63423.000000,0.027173
170,140,300,0.003316,0.000712,2653770.000000,82030.000000,0.030911
171,140,300,0.003331,0.000399,2462985.000000,62393.000000,0.025332
172,141,300,0.003320,0.000387,2459694.000000,60198.000000,0.024474
173,142,300,0.003324,0.000488,2473111.000000,60211.000000,0.024346
174,143,300,0.003334,0.000483,2541483.000000,64287.000000,0.025295
175,143,300,0.003304,0.000447,2617397.000000,64543.000000,0.024659
176,143,300,0.003326,0.000394,2520091.000000,60391.000000,0.023964
177,144,300,0.003325,0.000514,2564921.000000,62446.000000,0.024346
178,145,300,0.003318,0.000441,2613374.000000,61870.000000,0.023674
179,146,300,0.003324,0.000540,2646485.000000,59336.000000,0.022421
180,147,300,0.003325,0.000537,2620622.000000,63931.000000,0.024395
181,148,300,0.003321,0.000463,2662343.000000,63601.000000,0.023889
182,148,300,0.003355,0.000789,2838641.000000,99225.000000,0.034955
183,148,300,0.003365,0.000785,2868722.000000,99374.000000,0.034641
184,148,300,0.003320,0.000810,2870084.000000,95577.000000,0.033301
185,149,300,0.003321,0.000583,2786841.000000,65134.000000,0.023372
186,150,300,0.003326,0.000571,2833081.000000,67117.000000,0.023690
187,151,300,0.003316,0.000500,2856208.000000,64412.000000,0.022552
188,152,300,0.003326,0.000608,2851605.000000,66052.000000,0.023163
189,153,300,0.003324,0.000585,2819310.000000,62283.000000,0.022092
190,153,300,0.003324,0.000480,2940541.000000,64672.000000,0.021993
191,154,300,0.003320,0.000835,3123774.000000,96165.000000,0.030785
192,155,300,0.003323,0.000711,3054983.000000,73899.000000,0.024190
193,156,300,0.003322,0.000507,3014886.000000,65672.000000,0.021783
194,157,300,0.003323,0.000639,2970859.000000,63568.000000,0.021397
195,158,300,0.003327,0.000628,3083391.000000,69342.000000,0.022489
196,159,300,0.003320,0.000571,3156535.000000,67587.000000,0.021412
197,159,300,0.003322,0.000683,3177774.000000,69594.000000,0.021900
198,160,300,0.003325,0.000933,3387412.000000,96789.000000,0.028573
199,161,300,0.003317,0.000958,3434073.000000,94362.000000,0.027478
200,162,300,0.003326,0.000575,3293163.000000,70414.000000,0.021382
201,163,300,0.003323,0.000690,3379866.000000,71546.000000,0.021168
202,164,300,0.003324,0.000576,3374318.000000,70383.000000,0.020858
203,165,300,0.003321,0.000772,3420531.000000,72007.000000,0.021051
204,166,300,0.003332,0.000712,3426188.000000,67591.000000,0.019728
205,167,300,0.003315,0.000732,3629884.000000,74569.000000,0.020543
206,168,300,0.003325,0.000769,3515235.000000,72061.000000,0.020500
207,169,300,0.003323,0.000759,3558003.000000,73519.000000,0.020663
208,170,300,0.003320,0.000666,3557410.000000,71408.000000,0.020073
209,170,300,0.003323,0.000789,3583172.000000,68152.000000,0.019020
210,171,300,0.003326,0.000772,3693106.000000,73147.000000,0.019806
211,172,300,0.003318,0.000709,3719000.000000,72211.000000,0.019417
212,173,300,0.003327,0.000822,3719508.000000,72561.000000,0.019508
213,174,300,0.003325,0.000812,3753617.000000,74522.000000,0.019853
214,175,300,0.003318,0.000714,3700785.000000,68085.000000,0.018397
215,176,300,0.003324,0.000824,3737450.000000,72975.000000,0.019525
216,176,300,0.003327,0.000788,3734781.000000,71736.000000,0.019208
217,177,300,0.003326,0.000713,3840559.000000,76702.000000,0.019972
218,178,300,0.003320,0.000682,3889526.000000,74569.000000,0.019172
219,179,300,0.003454,0.000865,4016917.000000,73587.000000,0.018319
220,180,300,0.003189,0.000709,4014327.000000,75773.000000,0.018876
221,181,300,0.003321,0.000927,4047248.000000,80487.000000,0.019887
222,181,300,0.003327,0.000873,4012597.000000,80470.000000,0.020054
223,181,300,0.003319,0.000778,3998070.000000,77991.000000,0.019507
224,182,300,0.003324,0.000878,4048541.000000,77504.000000,0.019144
225,183,300,0.003324,0.000890,4219027.000000,81435.000000,0.019302
226,184,300,0.003319,0.000834,4257279.000000,80434.000000,0.018893
227,185,300,0.003322,0.000964,4323888.000000,80267.000000,0.018564
228,185,300,0.003329,0.000918,4312540.000000,81282.000000,0.018848
229,186,300,0.003315,0.000881,4363908.000000,78616.000000,0.018015
230,187,300,0.003323,0.000992,4389318.000000,81378.000000,0.018540
231,188,300,0.003329,0.000964,4447384.000000,82026.000000,0.018444
232,189,300,0.003319,0.000883,4456895.000000,81247.000000,0.018230
233,190,300,0.003326,0.001025,4491053.000000,82120.000000,0.018285
234,191,300,0.003326,0.000991,4519587.000000,79223.000000,0.017529
235,192,300,0.003319,0.001022,4754166.000000,90227.000000,0.018979
236,193,300,0.003321,0.001074,4728240.000000,83106.000000,0.017577
237,194,300,0.003325,0.001034,4746361.000000,85982.000000,0.018115
238,195,300,0.003321,0.000951,4731563.000000,84738.000000,0.017909
239,196,300,0.003323,0.001091,4755603.000000,81603.000000,0.017159
240,197,300,0.003328,0.001040,4859328.000000,84839.000000,0.017459
241,197,300,0.003320,0.001005,4976108.000000,86212.000000,0.017325
242,197,300,0.003324,0.001113,4897906.000000,85838.000000,0.017525
243,198,300,0.003325,0.001066,4946321.000000,85325.000000,0.017250
244,199,300,0.003325,0.001024,4959177.000000,83133.000000,0.016763
245,200,300,0.003323,0.000975,5098716.000000,87592.000000,0.017179
246,201,300,0.003319,0.001552,5460105.000000,126370.000000,0.023144
247,202,300,0.003325,0.000983,5155759.000000,91901.000000,0.017825
248,203,300,0.003324,0.001339,5378532.000000,115485.000000,0.021471
249,204,300,0.003321,0.001517,5505308.000000,117431.000000,0.021331
250,204,300,0.003321,0.001550,5578668.000000,126998.000000,0.022765
251,204,300,0.003321,0.001358,5500119.000000,109327.000000,0.019877
252,205,300,0.003324,0.001170,5351654.000000,90862.000000,0.016978
253,206,300,0.003320,0.001118,5462019.000000,91161.000000,0.016690
254,207,300,0.003324,0.001059,5461605.000000,86634.000000,0.015862
255,208,300,0.003325,0.001215,5520891.000000,91185.000000,0.016516
256,209,300,0.003325,0.001137,5542824.000000,90888.000000,0.016397
257,210,300,0.003319,0.001095,5676977.000000,93411.000000,0.016454
258,211,300,0.003327,0.001257,5740281.000000,95121.000000,0.016571
259,212,300,0.003319,0.001227,5751210.000000,93569.000000,0.016269
260,212,300,0.003325,0.001187,5800938.000000,95031.000000,0.016382
261,213,300,0.003326,0.001304,5810441.000000,95988.000000,0.016520
262,214,300,0.003325,0.001231,5821067.000000,95935.000000,0.016481
263,214,300,0.003319,0.001154,5841835.000000,94279.000000,0.016139
264,215,300,0.003332,0.001295,5840547.000000,92682.000000,0.015869
265,216,300,0.003313,0.001424,6072646.000000,103752.000000,0.017085
266,217,300,0.003326,0.001118,5992337.000000,95001.000000,0.015854
267,218,300,0.003324,0.001162,6055935.000000,97291.000000,0.016065
268,218,300,0.003325,0.001142,6070176.000000,96231.000000,0.015853
269,218,300,0.003321,0.001254,6107244.000000,95018.000000,0.015558
270,219,300,0.003371,0.001358,6020117.000000,97568.000000,0.016207
271,220,300,0.003399,0.001328,6178655.000000,104038.000000,0.016838
272,221,300,0.003398,0.001158,6168695.000000,99605.000000,0.016147
273,222,300,0.003391,0.001303,6159095.000000,97400.000000,0.015814
274,223,300,0.003389,0.001171,6191483.000000,94834.000000,0.015317
275,224,300,0.003374,0.001319,6259260.000000,99924.000000,0.015964
276,224,300,0.003395,0.001199,6259457.000000,97794.000000,0.015623
277,225,300,0.003390,0.001219,6265861.000000,100719.000000,0.016074
278,226,300,0.003398,0.001297,6324356.000000,100716.000000,0.015925
279,227,300,0.003398,0.001252,6467350.000000,99340.000000,0.015360
280,228,299,0.003369,0.001459,6517109.000000,103011.000000,0.015806
281,229,299,0.003395,0.001239,6446370.000000,100850.000000,0.015644
282,229,299,0.003397,0.001257,6515003.000000,102689.000000,0.015762
283,230,299,0.003405,0.001447,6637240.000000,105716.000000,0.015928
284,230,299,0.003395,0.001279,6638924.000000,100346.000000,0.015115
285,231,299,0.003372,0.001493,6733883.000000,104808.000000,0.015564
286,232,299,0.003395,0.001292,6812042.000000,104792.000000,0.015383
287,233,299,0.003409,0.001330,6996497.000000,108409.000000,0.015495
288,233,298,0.003411,0.001504,6921308.000000,106614.000000,0.015404
289,233,298,0.003409,0.001348,7258352.000000,126209.000000,0.017388
290,233,298,0.003414,0.001592,7065830.000000,110595.000000,0.015652
291,234,298,0.003403,0.001366,6954173.000000,109325.000000,0.015721
292,235,298,0.003406,0.001332,7005093.000000,108885.000000,0.015544
293,236,298,0.003409,0.001549,7211568.000000,110941.000000,0.015384
294,237,298,0.003422,0.001676,7248779.000000,114593.000000,0.015809
295,238,298,0.003411,0.001395,7267446.000000,110652.000000,0.015226
296,239,297,0.003408,0.001557,7317334.000000,111816.000000,0.015281
297,240,297,0.003394,0.001583,7449322.000000,115114.000000,0.015453
298,241,297,0.003408,0.001519,7439940.000000,112154.000000,0.015075
299,242,297,0.003405,0.001470,7412077.000000,108230.000000,0.014602
300,242,297,0.003419,0.001649,7470713.000000,112259.000000,0.015027
301,243,297,0.003404,0.001423,7479933.000000,110324.000000,0.014749
302,244,297,0.003327,0.001691,7590262.000000,115869.000000,0.015265
303,245,297,0.003323,0.001607,7809109.000000,116948.000000,0.014976
304,246,297,0.003325,0.001509,7832330.000000,114535.000000,0.014623
305,247,297,0.003327,0.001693,7998083.000000,119293.000000,0.014915
306,248,297,0.003324,0.001658,8016779.000000,116921.000000,0.014585
307,249,297,0.003325,0.001570,8065046.000000,120265.000000,0.014912
308,249,297,0.003327,0.001785,8095376.000000,120772.000000,0.014919
309,250,297,0.003324,0.001685,8092315.000000,116390.000000,0.014383
310,251,297,0.003323,0.001580,8171698.000000,119859.000000,0.014668
311,252,297,0.003326,0.001731,8246318.000000,120685.000000,0.014635
312,253,297,0.003326,0.001699,8293118.000000,120385.000000,0.014516
313,254,297,0.003324,0.001643,8396281.000000,122402.000000,0.014578
314,254,297,0.003327,0.001645,8352555.000000,117532.000000,0.014071
315,254,297,0.003323,0.001735,8385720.000000,121963.000000,0.014544
316,255,297,0.003326,0.001639,8423966.000000,122412.000000,0.014531
317,256,297,0.003326,0.001662,8477500.000000,123817.000000,0.014605
318,257,297,0.003326,0.001827,8471724.000000,122584.000000,0.014470
319,258,297,0.003326,0.001661,8491461.000000,120312.000000,0.014169
320,259,297,0.003326,0.001669,8591082.000000,124643.000000,0.014508
321,260,297,0.003331,0.001898,8729723.000000,126568.000000,0.014499
322,261,297,0.003326,0.001671,8618305.000000,124595.000000,0.014457
323,262,297,0.003326,0.001708,8678214.000000,126864.000000,0.014619
324,262,297,0.003339,0.002077,8788694.000000,138824.000000,0.015796
325,263,297,0.003324,0.001689,8732107.000000,127644.000000,0.014618
326,264,297,0.003325,0.001718,8802643.000000,127316.000000,0.014463
327,265,297,0.003330,0.001882,9016878.000000,130579.000000,0.014482
328,266,297,0.003326,0.001737,8983982.000000,128480.000000,0.014301
329,267,297,0.003326,0.001776,9056462.000000,126799.000000,0.014001
330,268,297,0.003331,0.001888,9142769.000000,131358.000000,0.014367
331,269,297,0.003325,0.001802,9241443.000000,131508.000000,0.014230
332,270,297,0.003328,0.001830,9304429.000000,131922.000000,0.014178
333,271,297,0.003334,0.001956,9448302.000000,134430.000000,0.014228
334,271,297,0.003330,0.001863,9531486.000000,130770.000000,0.013720
335,272,297,0.003330,0.001851,9514319.000000,134368.000000,0.014123
336,273,297,0.003340,0.002078,9653160.000000,136161.000000,0.014105
337,273,297,0.003329,0.001883,9599441.000000,134517.000000,0.014013
338,274,297,0.003333,0.001890,9672113.000000,136430.000000,0.014106
339,275,298,0.003339,0.002121,9715058.000000,132386.000000,0.013627
340,276,298,0.003331,0.001910,9791786.000000,136214.000000,0.013911
341,276,298,0.003333,0.001951,9896269.000000,136631.000000,0.013806
342,276,298,0.003346,0.002052,9956275.000000,137391.000000,0.013799
343,277,298,0.003334,0.002071,10129859.000000,137795.000000,0.013603
344,277,298,0.003341,0.002050,10056640.000000,139502.000000,0.013872
345,278,298,0.003336,0.001980,10204592.000000,140216.000000,0.013740
346,279,298,0.003351,0.002251,10095444.000000,139513.000000,0.013819
347,280,298,0.003337,0.002008,10218589.000000,141316.000000,0.013829
348,281,298,0.003339,0.002071,10357765.000000,141382.000000,0.013650
349,282,298,0.003353,0.002041,10481734.000000,138184.000000,0.013183
350,283,298,0.003335,0.002058,10384124.000000,141560.000000,0.013632
351,284,299,0.003353,0.002045,10434280.000000,142314.000000,0.013639
352,284,299,0.003339,0.002168,10466751.000000,142989.000000,0.013661
353,285,299,0.003446,0.002203,10441923.000000,141699.000000,0.013570
354,286,299,0.003353,0.002332,10551042.000000,146007.000000,0.013838
355,287,299,0.003337,0.002043,10518217.000000,142705.000000,0.013567
356,288,299,0.003343,0.002156,10558471.000000,142636.000000,0.013509
357,288,299,0.003339,0.002066,10645644.000000,142546.000000,0.013390
358,289,299,0.003448,0.002252,10742897.000000,145952.000000,0.013586
359,290,299,0.003454,0.002365,10984144.000000,143990.000000,0.013109
360,291,299,0.003447,0.002210,11124098.000000,150780.000000,0.013554
361,292,299,0.003440,0.002138,10996085.000000,146876.000000,0.013357
362,293,299,0.003368,0.002174,11025666.000000,149175.000000,0.013530
363,293,299,0.003352,0.002403,11113695.000000,144211.000000,0.012976
364,294,299,0.003345,0.002201,11265955.000000,149875.000000,0.013303
365,295,299,0.003348,0.002223,11311165.000000,149960.000000,0.013258
366,295,299,0.003346,0.002208,11332001.000000,149359.000000,0.013180
367,296,298,0.003450,0.002230,11380746.000000,151496.000000,0.013312
368,297,298,0.003449,0.002252,11415698.000000,147504.000000,0.012921
369,298,298,0.003441,0.002237,11462398.000000,149160.000000,0.013013
370,299,298,0.003450,0.002246,11497734.000000,149752.000000,0.013024
371,300,298,0.003460,0.002257,11622374.000000,155094.000000,0.013344
372,300,297,0.003452,0.002256,11550665.000000,151814.000000,0.013143
373,301,297,0.003446,0.002321,11539033.000000,149750.000000,0.012978
374,302,297,0.003450,0.002305,11616329.000000,155566.000000,0.013392
375,303,297,0.003446,0.002271,11636393.000000,152826.000000,0.013133
376,304,297,0.003415,0.002340,11681904.000000,155132.000000,0.013280
377,305,297,0.003450,0.002336,11744435.000000,156299.000000,0.013308
378,306,296,0.003454,0.002298,11755699.000000,151408.000000,0.012880
379,307,296,0.003454,0.002392,11984256.000000,156757.000000,0.013080
380,308,296,0.003454,0.002391,11993670.000000,157951.000000,0.013170
381,308,296,0.003452,0.002361,12041974.000000,157106.000000,0.013047
382,309,296,0.003454,0.002386,11941042.000000,156369.000000,0.013095
383,310,296,0.003368,0.002658,12056604.000000,161318.000000,0.013380
384,310,296,0.003354,0.002374,11997216.000000,157533.000000,0.013131
385,310,296,0.003359,0.002431,12021266.000000,160417.000000,0.013344
386,311,295,0.003355,0.002390,12064447.000000,157697.000000,0.013071
387,312,295,0.003354,0.002385,12133494.000000,156283.000000,0.012880
388,313,295,0.003326,0.002406,12170606.000000,153560.000000,0.012617
389,314,295,0.003357,0.002447,12263212.000000,158267.000000,0.012906
390,314,295,0.003358,0.002409,12329058.000000,162415.000000,0.013173
391,315,295,0.003362,0.002506,12585430.000000,166334.000000,0.013216
392,316,295,0.003368,0.002645,12639442.000000,170528.000000,0.013492
393,316,295,0.003359,0.002486,12608247.000000,162917.000000,0.012921
394,317,295,0.003363,0.002508,12744776.000000,167392.000000,0.013134
395,318,295,0.003363,0.002549,12705838.000000,167467.000000,0.013180
396,319,295,0.003363,0.002492,12733111.000000,166249.000000,0.013056
397,320,295,0.003356,0.002566,12999343.000000,167211.000000,0.012863
398,320,295,0.003366,0.002582,12903088.000000,164382.000000,0.012740
399,321,295,0.003364,0.002565,13081543.000000,168041.000000,0.012846
400,322,295,0.003370,0.002630,13269827.000000,169037.000000,0.012738
401,323,295,0.003369,0.002699,13532297.000000,173416.000000,0.012815
402,324,295,0.003372,0.002718,13669414.000000,172673.000000,0.012632
403,325,295,0.003373,0.002739,13765818.000000,170828.000000,0.012410
404,325,295,0.003383,0.002767,13885435.000000,177197.000000,0.012761
405,326,295,0.003371,0.002755,13937589.000000,175624.000000,0.012601
406,326,295,0.003383,0.002860,13895324.000000,176141.000000,0.012676
407,327,295,0.003376,0.002810,13914657.000000,177177.000000,0.012733
408,328,294,0.003374,0.002722,13899100.000000,172048.000000,0.012378
409,329,294,0.003373,0.002772,14072775.000000,177703.000000,0.012627
410,330,294,0.003379,0.002835,14147690.000000,177345.000000,0.012535
411,330,294,0.003379,0.002791,14286839.000000,177633.000000,0.012433
412,331,294,0.003462,0.002780,14198152.000000,174353.000000,0.012280
413,332,294,0.003820,0.003140,14758176.000000,185574.000000,0.012574
414,333,293,0.003572,0.002946,14711425.000000,183624.000000,0.012482
415,334,293,0.003598,0.002967,14897975.000000,184584.000000,0.012390
416,335,293,0.003532,0.002915,14866500.000000,181435.000000,0.012204
417,336,292,0.003577,0.002975,14781203.000000,178459.000000,0.012073
418,337,292,0.003577,0.002951,14866763.000000,182929.000000,0.012305
419,338,292,0.003550,0.002932,14911296.000000,181540.000000,0.012175
420,338,292,0.003616,0.002989,15001428.000000,184551.000000,0.012302
421,339,291,0.003682,0.003056,15392093.000000,187895.000000,0.012207
422,339,291,0.003555,0.002943,15015679.000000,178365.000000,0.011879
423,340,291,0.003686,0.003020,15267337.000000,187003.000000,0.012249
424,341,290,0.003635,0.003016,15300231.000000,185844.000000,0.012146
425,341,290,0.003700,0.003087,15352811.000000,186830.000000,0.012169
426,342,289,0.003659,0.003052,15393689.000000,185158.000000,0.012028
427,343,289,0.003688,0.003086,15555954.000000,187883.000000,0.012078
428,344,289,0.003745,0.003116,15643659.000000,189383.000000,0.012106
429,345,288,0.003758,0.003136,15852102.000000,190706.000000,0.012030
430,346,288,0.003734,0.003092,15738502.000000,192151.000000,0.012209
431,347,287,0.003790,0.003203,15819918.000000,187924.000000,0.011879
432,348,287,0.003783,0.003158,15946613.000000,193445.000000,0.012131
433,349,286,0.003879,0.003271,16253010.000000,194241.000000,0.011951
434,349,286,0.003878,0.003241,16316629.000000,196359.000000,0.012034
435,349,285,0.003834,0.003219,16279956.000000,187445.000000,0.011514
436,350,285,0.003862,0.003253,16363994.000000,193528.000000,0.011826
437,350,284,0.003888,0.003278,16424743.000000,193281.000000,0.011768
438,351,283,0.003902,0.003243,16451971.000000,193995.000000,0.011792
439,352,283,0.003884,0.003284,16498036.000000,193259.000000,0.011714
440,352,282,0.004042,0.003398,16642571.000000,199844.000000,0.012008
441,353,282,0.003804,0.003336,16663492.000000,197280.000000,0.011839
442,354,281,0.003667,0.003303,16710825.000000,197979.000000,0.011847
443,355,281,0.003917,0.003536,16852161.000000,197980.000000,0.011748
444,356,280,0.003782,0.003430,16932912.000000,197841.000000,0.011684
445,357,279,0.004228,0.003776,17014994.000000,202583.000000,0.011906
446,357,278,0.003657,0.003329,16919770.000000,197887.000000,0.011696
447,358,278,0.003951,0.003602,16952669.000000,200372.000000,0.011819
448,359,277,0.003928,0.003580,16966930.000000,195590.000000,0.011528
449,360,276,0.004424,0.003664,17059422.000000,200245.000000,0.011738
450,361,275,0.003879,0.003513,17187220.000000,203109.000000,0.011817
451,362,274,0.003895,0.003522,17321863.000000,204710.000000,0.011818
452,363,273,0.004028,0.003671,17459563.000000,204280.000000,0.011700
453,364,273,0.003926,0.003553,17592987.000000,206042.000000,0.011712
454,364,272,0.003863,0.003502,17464350.000000,204071.000000,0.011685
455,364,271,0.004039,0.003630,17620289.000000,207147.000000,0.011756
456,365,271,0.003922,0.003533,17616573.000000,203850.000000,0.011571
457,366,270,0.004165,0.003790,18020777.000000,211613.000000,0.011743
458,367,269,0.004008,0.003643,17980311.000000,209999.000000,0.011679
459,367,268,0.004057,0.003614,18087091.000000,209429.000000,0.011579
460,368,267,0.004153,0.003759,18302644.000000,206808.000000,0.011299
461,369,266,0.004073,0.003717,18425331.000000,213939.000000,0.011611
462,369,265,0.004268,0.003881,18514721.000000,214565.000000,0.011589
463,370,264,0.004054,0.003656,18473940.000000,211776.000000,0.011463
464,371,263,0.004210,0.003865,18607369.000000,217455.000000,0.011686
465,371,262,0.004573,0.004199,18786260.000000,221062.000000,0.011767
466,372,261,0.004089,0.003712,18695795.000000,214576.000000,0.011477
467,373,260,0.004184,0.003823,18933381.000000,215768.000000,0.011396
468,374,259,0.004083,0.003740,18904051.000000,212930.000000,0.011264
469,374,258,0.004219,0.003834,19194176.000000,217057.000000,0.011308
470,374,258,0.004164,0.003793,19278988.000000,216615.000000,0.011236
471,375,257,0.004361,0.003988,19668287.000000,226095.000000,0.011495
472,375,256,0.004220,0.003888,19567601.000000,214506.000000,0.010962
473,376,255,0.004266,0.003890,19707818.000000,219434.000000,0.011134
474,377,254,0.004364,0.004002,19865033.000000,222835.000000,0.011217
475,378,254,0.004296,0.003937,19837278.000000,222007.000000,0.011191
476,379,253,0.004348,0.004006,19903407.000000,218982.000000,0.011002
477,379,252,0.004296,0.003969,19947277.000000,221144.000000,0.011086
478,380,251,0.004355,0.003998,20057523.000000,224050.000000,0.011170
479,381,250,0.004330,0.003999,20165610.000000,223861.000000,0.011101
480,382,250,0.004337,0.004007,20196542.000000,221425.000000,0.010964
481,383,249,0.004505,0.004129,20607222.000000,227719.000000,0.011050
482,384,248,0.004683,0.004274,20505389.000000,227421.000000,0.011091
483,385,247,0.004484,0.004113,20731744.000000,229827.000000,0.011086
484,386,246,0.004438,0.004097,20584048.000000,224942.000000,0.010928
485,387,245,0.004673,0.004310,21156789.000000,234733.000000,0.011095
486,388,244,0.004551,0.004197,21115484.000000,232933.000000,0.011031
487,389,243,0.004701,0.004243,21167004.000000,232959.000000,0.011006
488,390,242,0.004876,0.004346,21272303.000000,237025.000000,0.011142
489,391,241,0.004623,0.004274,21287488.000000,233610.000000,0.010974
490,392,240,0.004552,0.004212,21310497.000000,232366.000000,0.010904
491,393,239,0.004632,0.004260,21344833.000000,229923.000000,0.010772
492,393,239,0.004541,0.004216,21355872.000000,230350.000000,0.010786
493,394,238,0.004598,0.004262,21374964.000000,234039.000000,0.010949
494,395,237,0.004620,0.004275,21421037.000000,232409.000000,0.010850
495,395,237,0.004620,0.004285,21511687.000000,230272.000000,0.010705
496,396,236,0.004708,0.004355,21806241.000000,236333.000000,0.010838
497,397,235,0.004694,0.004333,21839063.000000,236980.000000,0.010851
498,398,234,0.004768,0.004416,22040734.000000,235475.000000,0.010684
499,399,233,0.004814,0.004454,22387492.000000,240984.000000,0.010764
500,400,232,0.005150,0.004510,22527683.000000,242619.000000,0.010770
501,401,231,0.005306,0.004636,22725561.000000,243990.000000,0.010736
502,402,230,0.005219,0.004561,22761646.000000,242059.000000,0.010635
503,402,228,0.005262,0.004615,23008281.000000,245966.000000,0.010690
504,402,227,0.005206,0.004551,22865019.000000,243426.000000,0.010646
505,403,226,0.005209,0.004583,22857569.000000,238216.000000,0.010422
506,403,225,0.005216,0.004590,22905594.000000,241617.000000,0.010548
507,403,224,0.005233,0.004594,22953741.000000,243318.000000,0.010600
508,404,223,0.005279,0.004916,23220566.000000,246263.000000,0.010605
509,405,222,0.004977,0.004596,23109109.000000,243536.000000,0.010539
510,406,221,0.004990,0.004619,23210291.000000,242621.000000,0.010453
511,407,221,0.005024,0.004675,23363622.000000,241691.000000,0.010345
512,407,220,0.005071,0.004688,23478839.000000,245547.000000,0.010458
513,408,219,0.005060,0.004712,23516261.000000,244877.000000,0.010413
514,409,218,0.005036,0.004698,23518653.000000,242348.000000,0.010305
515,410,217,0.005075,0.004738,23632596.000000,247074.000000,0.010455
516,411,216,0.005065,0.004723,23658492.000000,247128.000000,0.010446
517,412,215,0.005120,0.004784,23752526.000000,254988.000000,0.010735
518,413,215,0.005093,0.004755,23781366.000000,249150.000000,0.010477
519,413,214,0.005161,0.004811,24053621.000000,255668.000000,0.010629
520,413,213,0.005132,0.004803,23961281.000000,253540.000000,0.010581
521,414,212,0.005139,0.004801,24010066.000000,252131.000000,0.010501
522,414,212,0.005157,0.004812,24073624.000000,254775.000000,0.010583
523,415,211,0.005166,0.004831,24083457.000000,254794.000000,0.010580
524,416,210,0.005161,0.004830,24101346.000000,251467.000000,0.010434
525,416,210,0.005181,0.004843,24197117.000000,254731.000000,0.010527
526,417,209,0.005235,0.004884,24313303.000000,257535.000000,0.010592
527,418,208,0.005462,0.005016,24585698.000000,264833.000000,0.010772
528,419,207,0.005354,0.004944,24426354.000000,258202.000000,0.010571
529,420,206,0.005351,0.004989,24507669.000000,258154.000000,0.010534
530,420,205,0.005277,0.004908,24537367.000000,257730.000000,0.010504
531,421,205,0.005290,0.004940,24590083.000000,254710.000000,0.010358
532,422,204,0.005301,0.004926,24725880.000000,257905.000000,0.010431
533,423,203,0.005320,0.004973,24788983.000000,260052.000000,0.010491
534,424,202,0.005319,0.004975,24832709.000000,256787.000000,0.010341
535,425,202,0.005420,0.005054,25131523.000000,264512.000000,0.010525
536,426,201,0.005415,0.005058,25129898.000000,266393.000000,0.010601
537,427,200,0.005417,0.005061,25213977.000000,262051.000000,0.010393
538,428,199,0.005519,0.005144,25372923.000000,265683.000000,0.010471
539,429,198,0.005742,0.005338,25591684.000000,271215.000000,0.010598
540,429,198,0.005452,0.005097,25599097.000000,263940.000000,0.010311
541,430,197,0.005482,0.005118,25749876.000000,268995.000000,0.010446
542,431,196,0.006060,0.005365,25891912.000000,271402.000000,0.010482
543,431,195,0.005987,0.005252,26385224.000000,282013.000000,0.010688
544,431,194,0.005899,0.005227,26156069.000000,273711.000000,0.010465
545,432,193,0.006071,0.005278,26388710.000000,275725.000000,0.010449
546,433,193,0.005771,0.005341,26518240.000000,271610.000000,0.010242
547,433,192,0.005801,0.005446,26737861.000000,277384.000000,0.010374
548,434,192,0.005670,0.005330,26695200.000000,274889.000000,0.010297
549,435,191,0.005718,0.005374,26808641.000000,277146.000000,0.010338
550,436,190,0.005702,0.005363,26796490.000000,278293.000000,0.010385
551,437,189,0.005720,0.005350,26857864.000000,273923.000000,0.010199
552,438,189,0.005734,0.005367,27000819.000000,278768.000000,0.010324
553,439,188,0.005786,0.005426,26961359.000000,278736.000000,0.010338
554,440,187,0.005706,0.005361,26935685.000000,274871.000000,0.010205
555,441,187,0.005750,0.005399,27054042.000000,279877.000000,0.010345
556,442,186,0.005811,0.005458,27134531.000000,281016.000000,0.010356
557,443,186,0.005767,0.005439,27140291.000000,277237.000000,0.010215
558,443,185,0.005873,0.005501,27281097.000000,285452.000000,0.010463
559,444,184,0.006049,0.005652,27342189.000000,283704.000000,0.010376
560,444,184,0.005894,0.005545,27326298.000000,282915.000000,0.010353
561,444,183,0.006047,0.005664,27549720.000000,284666.000000,0.010333
562,445,183,0.005964,0.005581,27716250.000000,285734.000000,0.010309
563,445,182,0.006471,0.006118,27654410.000000,284683.000000,0.010294
564,445,182,0.005976,0.005612,27510753.000000,285050.000000,0.010361
565,445,181,0.005855,0.005499,27487274.000000,280107.000000,0.010190
566,446,181,0.005935,0.005557,27652283.000000,283707.000000,0.010260
567,447,181,0.005924,0.005556,27690889.000000,285630.000000,0.010315
568,448,180,0.006193,0.005849,27868816.000000,287294.000000,0.010309
569,449,180,0.005952,0.005605,27939840.000000,287099.000000,0.010276
570,450,179,0.006002,0.005638,28059955.000000,289338.000000,0.010311
571,451,179,0.006119,0.005777,28365236.000000,289339.000000,0.010200
572,452,178,0.006077,0.005688,28427075.000000,292843.000000,0.010302
573,453,177,0.006197,0.005804,28550183.000000,294974.000000,0.010332
574,453,177,0.006191,0.005784,28573173.000000,290278.000000,0.010159
575,454,176,0.006336,0.005954,28684461.000000,293873.000000,0.010245
576,455,176,0.006086,0.005709,28633635.000000,288504.000000,0.010076
577,456,175,0.006145,0.005781,28769339.000000,293448.000000,0.010200
578,457,175,0.006122,0.005758,28797070.000000,292182.000000,0.010146
579,458,174,0.006421,0.006038,29129320.000000,298215.000000,0.010238
580,459,173,0.006324,0.005924,29217759.000000,300484.000000,0.010284
581,460,173,0.006229,0.005871,29176730.000000,299354.000000,0.010260
582,461,172,0.006249,0.005884,29243162.000000,293922.000000,0.010051
583,462,172,0.006358,0.005977,29577975.000000,301364.000000,0.010189
584,462,171,0.006326,0.005993,29778523.000000,298325.000000,0.010018
585,462,170,0.006386,0.006018,29850797.000000,302662.000000,0.010139
586,462,170,0.006434,0.006058,29967650.000000,304485.000000,0.010160
587,463,169,0.006373,0.006007,30027920.000000,300523.000000,0.010008
588,464,169,0.006379,0.005998,29903828.000000,300931.000000,0.010063
589,465,168,0.006391,0.006030,30034873.000000,303051.000000,0.010090
590,465,168,0.006427,0.006043,30133390.000000,301445.000000,0.010004
591,466,167,0.006420,0.006040,30066210.000000,305231.000000,0.010152
592,467,167,0.006397,0.006027,30154282.000000,301753.000000,0.010007
593,468,166,0.006460,0.006060,30421078.000000,306343.000000,0.010070
594,468,166,0.006491,0.006126,30371455.000000,305967.000000,0.010074
595,469,165,0.006614,0.006269,30455478.000000,304993.000000,0.010014
596,469,165,0.006501,0.006146,30408432.000000,305541.000000,0.010048
597,470,164,0.006454,0.006119,30338367.000000,303283.000000,0.009997
598,471,164,0.006457,0.006081,30439919.000000,306113.000000,0.010056
599,471,163,0.006489,0.006121,30704577.000000,305492.000000,0.009949
600,471,163,0.006557,0.006194,30842845.000000,307553.000000,0.009972
601,472,163,0.006518,0.006134,30864777.000000,308831.000000,0.010006
602,473,162,0.006636,0.006257,30987260.000000,307344.000000,0.009918
603,474,162,0.006648,0.006274,31167822.000000,313578.000000,0.010061
604,475,162,0.006645,0.006256,31380681.000000,311081.000000,0.009913
605,476,161,0.006715,0.006356,31551308.000000,311215.000000,0.009864
606,477,161,0.006707,0.006317,31581461.000000,314677.000000,0.009964
607,478,161,0.006752,0.006391,31817851.000000,313117.000000,0.009841
608,479,160,0.006801,0.006427,32108560.000000,318836.000000,0.009930
609,479,160,0.006822,0.006451,32140808.000000,318458.000000,0.009908
610,480,159,0.006965,0.006599,32304001.000000,318625.000000,0.009863
611,481,159,0.006947,0.006580,32513267.000000,322969.000000,0.009933
612,482,158,0.006866,0.006517,32476223.000000,317397.000000,0.009773
613,483,158,0.006917,0.006559,32614305.000000,323344.000000,0.009914
614,484,157,0.006936,0.006569,32680748.000000,324525.000000,0.009930
615,485,157,0.006947,0.006587,32796390.000000,320177.000000,0.009763
616,486,156,0.007038,0.006654,32957962.000000,325814.000000,0.009886
617,486,156,0.006980,0.006630,32946088.000000,319982.000000,0.009712
618,487,155,0.007032,0.006659,33017033.000000,323513.000000,0.009798
619,487,155,0.006996,0.006634,32992296.000000,324157.000000,0.009825
620,487,154,0.006968,0.006623,32955472.000000,320930.000000,0.009738
621,488,154,0.007031,0.006645,33105594.000000,326997.000000,0.009877
622,488,153,0.007076,0.006714,33218362.000000,321394.000000,0.009675
623,489,153,0.007081,0.006721,33326319.000000,329562.000000,0.009889
624,490,153,0.007238,0.006861,33447553.000000,332169.000000,0.009931
625,491,152,0.007218,0.006811,33631166.000000,334889.000000,0.009958
626,492,152,0.007145,0.006740,33675944.000000,332044.000000,0.009860
627,493,151,0.007216,0.006863,33761866.000000,327987.000000,0.009715
628,494,151,0.007571,0.006911,33813571.000000,335207.000000,0.009913
629,495,150,0.007516,0.006834,34069153.000000,333246.000000,0.009781
630,496,150,0.007510,0.006859,34315589.000000,335444.000000,0.009775
631,497,149,0.007573,0.006927,34370787.000000,335646.000000,0.009765
632,498,148,0.007498,0.006853,34446673.000000,338873.000000,0.009838
633,499,148,0.007542,0.006910,34582757.000000,336023.000000,0.009716
634,500,147,0.007588,0.006952,34734117.000000,338450.000000,0.009744
635,501,147,0.007629,0.007012,34791192.000000,335964.000000,0.009657
636,502,146,0.007671,0.007170,34902228.000000,340660.000000,0.009760
637,503,146,0.007777,0.007252,35151179.000000,352086.000000,0.010016
638,504,145,0.007639,0.007235,35274800.000000,343418.000000,0.009736
639,505,145,0.007813,0.007432,35353725.000000,344738.000000,0.009751
640,506,144,0.007513,0.007122,35379800.000000,342750.000000,0.009688
641,507,144,0.007507,0.007147,35740051.000000,349661.000000,0.009783
642,508,144,0.007527,0.007170,35780208.000000,344144.000000,0.009618
643,509,143,0.007574,0.007198,35885861.000000,348218.000000,0.009703
644,509,143,0.007947,0.007514,35962230.000000,349050.000000,0.009706
645,510,142,0.007619,0.007245,36038379.000000,348057.000000,0.009658
646,511,142,0.007585,0.007230,35987430.000000,344804.000000,0.009581
647,512,141,0.007694,0.007321,36058214.000000,351569.000000,0.009750
648,513,141,0.007622,0.007233,36136918.000000,348493.000000,0.009644
649,514,140,0.007611,0.007258,36269974.000000,346022.000000,0.009540
650,515,140,0.007667,0.007276,36410298.000000,351941.000000,0.009666
651,516,140,0.007958,0.007581,36975573.000000,355718.000000,0.009620
652,517,139,0.007734,0.007342,36703906.000000,354380.000000,0.009655
653,518,139,0.007712,0.007356,36710531.000000,352531.000000,0.009603
654,519,138,0.007725,0.007355,36819103.000000,356631.000000,0.009686
655,519,138,0.007766,0.007405,36950701.000000,355621.000000,0.009624
656,520,138,0.007827,0.007451,37162171.000000,359368.000000,0.009670
657,521,137,0.007807,0.007454,37170759.000000,356140.000000,0.009581
658,521,137,0.007831,0.007420,37291926.000000,359306.000000,0.009635
659,522,136,0.007845,0.007480,37412100.000000,357921.000000,0.009567
660,523,136,0.007795,0.007409,37276775.000000,359688.000000,0.009649
661,524,135,0.007899,0.007531,37572702.000000,358664.000000,0.009546
662,525,135,0.007911,0.007535,37733967.000000,363560.000000,0.009635
663,526,135,0.008205,0.007813,38207548.000000,372249.000000,0.009743
664,526,134,0.007991,0.007643,38074714.000000,364658.000000,0.009577
665,527,134,0.007994,0.007610,38119047.000000,366366.000000,0.009611
666,528,133,0.008015,0.007651,38174947.000000,363469.000000,0.009521
667,529,133,0.008056,0.007697,38427593.000000,367809.000000,0.009571
668,529,133,0.008030,0.007686,38375667.000000,364103.000000,0.009488
669,530,132,0.008120,0.007712,38533617.000000,370955.000000,0.009627
670,531,132,0.008104,0.007740,38753291.000000,365302.000000,0.009426
671,531,132,0.008169,0.007801,38876587.000000,371013.000000,0.009543
672,532,131,0.008132,0.007775,38899828.000000,367975.000000,0.009460
673,532,131,0.008175,0.007816,39018550.000000,372486.000000,0.009546
674,533,130,0.008201,0.007819,39075939.000000,369488.000000,0.009456
675,533,130,0.008222,0.007849,39170202.000000,375529.000000,0.009587
676,534,130,0.008462,0.008086,39404984.000000,375797.000000,0.009537
677,535,129,0.008317,0.007927,39484856.000000,376524.000000,0.009536
678,535,129,0.008271,0.007910,39477439.000000,373560.000000,0.009463
679,536,129,0.008310,0.007925,39590904.000000,376775.000000,0.009517
680,537,128,0.008340,0.007951,39706170.000000,373795.000000,0.009414
681,538,128,0.008372,0.007986,40058550.000000,379866.000000,0.009483
682,538,127,0.008420,0.008051,40188241.000000,377294.000000,0.009388
683,539,127,0.008516,0.008117,40543985.000000,383795.000000,0.009466
684,540,127,0.008896,0.008518,40622262.000000,382026.000000,0.009404
685,541,126,0.008495,0.008129,40591925.000000,382395.000000,0.009420
686,541,126,0.008626,0.008160,40755372.000000,391811.000000,0.009614
687,542,125,0.008873,0.008398,40715237.000000,397225.000000,0.009756
688,542,125,0.008483,0.008112,40553235.000000,378372.000000,0.009330
689,543,125,0.008634,0.008226,40738114.000000,384473.000000,0.009438
690,543,125,0.008561,0.008201,40706056.000000,380503.000000,0.009348
691,544,124,0.008569,0.008196,40754570.000000,383630.000000,0.009413
692,545,124,0.008580,0.008202,40780362.000000,380697.000000,0.009335
693,546,124,0.008567,0.008187,40931819.000000,379481.000000,0.009271
694,546,124,0.008654,0.008274,41099530.000000,384460.000000,0.009354
695,547,123,0.008689,0.008318,41298494.000000,381947.000000,0.009248
696,548,123,0.008781,0.008379,41372219.000000,388339.000000,0.009386
697,549,123,0.008655,0.008299,41171153.000000,383839.000000,0.009323
698,550,123,0.008632,0.008269,41263634.000000,385506.000000,0.009343
699,551,122,0.009122,0.008739,41664232.000000,392948.000000,0.009431
700,552,122,0.008890,0.008481,41749273.000000,393128.000000,0.009416
701,553,122,0.008762,0.008377,41658691.000000,388780.000000,0.009333
702,554,121,0.008818,0.008445,41834512.000000,394337.000000,0.009426
703,554,121,0.008864,0.008521,41891797.000000,391656.000000,0.009349
704,555,121,0.008958,0.008545,42079541.000000,397976.000000,0.009458
705,556,120,0.009137,0.008746,42572868.000000,397719.000000,0.009342
706,557,120,0.009032,0.008637,42376900.000000,400111.000000,0.009442
707,558,120,0.009101,0.008716,42542598.000000,397679.000000,0.009348
708,559,119,0.009141,0.008715,42879651.000000,402884.000000,0.009396
709,559,119,0.009057,0.008679,42977527.000000,396762.000000,0.009232
710,560,119,0.009290,0.008891,43204471.000000,401718.000000,0.009298
711,561,118,0.009142,0.008755,43356144.000000,404116.000000,0.009321
712,562,118,0.009147,0.008771,43595311.000000,401717.000000,0.009215
713,563,118,0.009187,0.008795,43643198.000000,410234.000000,0.009400
714,564,117,0.009228,0.008801,43796898.000000,410516.000000,0.009373
715,565,117,0.009297,0.008890,44263888.000000,415450.000000,0.009386
716,566,117,0.009310,0.008950,44300456.000000,415006.000000,0.009368
717,567,116,0.009426,0.009052,44944007.000000,420097.000000,0.009347
718,568,116,0.009386,0.009029,44925037.000000,417401.000000,0.009291
719,569,115,0.009498,0.009150,45417039.000000,419370.000000,0.009234
720,570,115,0.009600,0.009214,45620562.000000,425717.000000,0.009332
721,571,115,0.009879,0.009537,46008635.000000,425381.000000,0.009246
722,571,114,0.009777,0.009357,45993513.000000,427827.000000,0.009302
723,572,114,0.009696,0.009332,45969403.000000,422541.000000,0.009192
724,573,113,0.009753,0.009365,46078207.000000,427095.000000,0.009269
725,574,113,0.009940,0.009552,46304534.000000,434271.000000,0.009379
726,575,113,0.009907,0.009396,46163076.000000,426124.000000,0.009231
727,576,112,0.010034,0.009531,46529683.000000,432236.000000,0.009289
728,577,112,0.009754,0.009269,46279016.000000,426507.000000,0.009216
729,578,112,0.009813,0.009293,46511404.000000,430217.000000,0.009250
730,578,111,0.009833,0.009366,46691425.000000,428170.000000,0.009170
731,579,111,0.010304,0.009960,46858235.000000,435233.000000,0.009288
732,580,110,0.009822,0.009429,46910370.000000,433422.000000,0.009239
733,581,110,0.010095,0.009600,47179578.000000,433974.000000,0.009198
734,582,110,0.009906,0.009403,47005454.000000,435699.000000,0.009269
735,583,109,0.009986,0.009485,47289504.000000,432681.000000,0.009150
736,584,109,0.009969,0.009473,47317822.000000,433378.000000,0.009159
737,585,109,0.010123,0.009626,47940762.000000,443330.000000,0.009247
738,586,108,0.010111,0.009629,48004720.000000,439261.000000,0.009150
739,587,108,0.010108,0.009601,48037093.000000,445796.000000,0.009280
740,588,108,0.010160,0.009698,48239495.000000,440024.000000,0.009122
741,589,107,0.010368,0.010014,48430266.000000,444584.000000,0.009180
742,590,107,0.010160,0.009763,48484589.000000,444177.000000,0.009161
743,590,106,0.010195,0.009850,48676141.000000,442574.000000,0.009092
744,591,106,0.010170,0.009809,48747215.000000,442156.000000,0.009070
745,592,106,0.010293,0.009912,49164407.000000,449082.000000,0.009134
746,592,106,0.010407,0.010031,49357466.000000,447520.000000,0.009067
747,593,105,0.010298,0.009911,49190634.000000,449575.000000,0.009139
748,593,105,0.010377,0.010029,49508741.000000,448651.000000,0.009062
749,594,105,0.010365,0.010006,49621894.000000,446220.000000,0.008992
750,595,104,0.010458,0.010099,49813832.000000,452542.000000,0.009085
751,596,104,0.012440,0.012060,51114414.000000,460353.000000,0.009006
752,596,103,0.010410,0.010026,50140919.000000,451755.000000,0.009010
753,597,103,0.011037,0.010279,50004365.000000,452950.000000,0.009058
754,598,102,0.010549,0.010033,50099886.000000,452879.000000,0.009040
755,599,102,0.010535,0.010030,50100737.000000,453543.000000,0.009053
756,599,102,0.010830,0.010107,50316155.000000,456892.000000,0.009080
757,600,101,0.010774,0.010099,50441325.000000,454123.000000,0.009003
758,601,101,0.010672,0.010166,50629517.000000,459992.000000,0.009085
759,602,101,0.010669,0.010177,50785021.000000,458875.000000,0.009036
760,602,100,0.011156,0.010683,50620995.000000,458694.000000,0.009061
761,603,100,0.010657,0.010144,50653091.000000,459846.000000,0.009078
762,603,100,0.010629,0.010164,50661240.000000,456833.000000,0.009017
763,604,99,0.010646,0.010149,50769616.000000,458402.000000,0.009029
764,604,99,0.010699,0.010206,50961770.000000,462891.000000,0.009083
765,605,99,0.010694,0.010208,50969049.000000,459596.000000,0.009017
766,606,99,0.010727,0.010234,51123317.000000,461561.000000,0.009028
767,607,98,0.010880,0.010378,51444431.000000,467315.000000,0.009084
768,607,98,0.010794,0.010333,51361380.000000,462366.000000,0.009002
769,608,98,0.011211,0.010707,51601391.000000,470072.000000,0.009110
770,608,98,0.010860,0.010355,51697957.000000,466070.000000,0.009015
771,609,97,0.010894,0.010379,51873554.000000,464611.000000,0.008957
772,610,97,0.010950,0.010453,52185873.000000,463999.000000,0.008891
773,610,97,0.010964,0.010461,52292139.000000,470076.000000,0.008989
774,610,96,0.010952,0.010465,52240802.000000,467432.000000,0.008948
775,610,96,0.010954,0.010464,52363587.000000,469458.000000,0.008965
776,610,96,0.011071,0.010553,52774729.000000,474762.000000,0.008996
777,610,96,0.011017,0.010514,52424864.000000,468607.000000,0.008939
778,610,95,0.011043,0.010665,52599256.000000,472398.000000,0.008981
779,611,95,0.011063,0.010657,52868667.000000,473820.000000,0.008962
780,612,95,0.010971,0.010592,52620100.000000,467373.000000,0.008882
781,613,95,0.011037,0.010643,53022562.000000,470090.000000,0.008866
782,614,95,0.011114,0.010700,53239989.000000,472958.000000,0.008884
783,615,94,0.011203,0.010816,53718395.000000,474080.000000,0.008825
784,616,94,0.011143,0.010769,53351368.000000,473871.000000,0.008882
785,617,94,0.011176,0.010791,53724031.000000,479867.000000,0.008932
786,618,94,0.011356,0.010886,54076312.000000,492098.000000,0.009100
787,619,93,0.011614,0.011140,54000194.000000,482560.000000,0.008936
788,620,93,0.011765,0.011201,54337621.000000,487451.000000,0.008971
789,620,93,0.011486,0.011069,54243470.000000,476067.000000,0.008776
790,621,93,0.011645,0.011121,54399116.000000,481264.000000,0.008847
791,622,93,0.011420,0.010879,54446208.000000,485335.000000,0.008914
792,623,92,0.011417,0.010931,54506407.000000,482078.000000,0.008844
793,624,92,0.011530,0.011011,54622399.000000,482223.000000,0.008828
794,625,92,0.011454,0.010955,54721449.000000,487177.000000,0.008903
795,626,92,0.011492,0.011025,54791570.000000,485366.000000,0.008858
796,627,91,0.011701,0.011329,55032504.000000,488159.000000,0.008870
797,628,91,0.011451,0.011057,55195415.000000,490637.000000,0.008889
798,629,91,0.011513,0.011160,55482409.000000,490245.000000,0.008836
799,629,91,0.011556,0.011187,55585195.000000,492811.000000,0.008866
800,630,91,0.011534,0.011171,55682561.000000,492737.000000,0.008849
801,631,90,0.012007,0.011618,56330966.000000,507078.000000,0.009002
802,632,90,0.011710,0.011347,56400861.000000,494704.000000,0.008771
803,633,90,0.011766,0.011425,56516636.000000,493755.000000,0.008736
804,634,90,0.012176,0.011794,56715502.000000,503781.000000,0.008883
805,635,89,0.012377,0.012016,56764812.000000,496536.000000,0.008747
806,636,89,0.012084,0.011698,56789088.000000,495113.000000,0.008718
807,636,89,0.012231,0.011817,56812889.000000,495294.000000,0.008718
808,637,89,0.011808,0.011379,56971148.000000,500811.000000,0.008791
809,638,89,0.011895,0.011497,57323256.000000,497021.000000,0.008670
810,638,88,0.012064,0.011641,57016981.000000,498706.000000,0.008747
811,638,88,0.011740,0.011369,57027237.000000,498365.000000,0.008739
812,638,88,0.012024,0.011676,57006893.000000,493709.000000,0.008661
813,638,88,0.012000,0.011584,57241731.000000,499341.000000,0.008723
814,639,88,0.012034,0.011624,57415390.000000,499208.000000,0.008695
815,640,88,0.011909,0.011490,57538191.000000,502365.000000,0.008731
816,641,88,0.011913,0.011521,57663634.000000,498493.000000,0.008645
817,642,87,0.012018,0.011614,57934381.000000,502678.000000,0.008677
818,643,87,0.012147,0.011723,58380877.000000,509580.000000,0.008729
819,644,87,0.012082,0.011678,58301001.000000,504156.000000,0.008647
820,644,87,0.012214,0.011820,58448914.000000,506393.000000,0.008664
821,645,87,0.012232,0.011855,58455247.000000,507642.000000,0.008684
822,646,86,0.012230,0.011815,58542284.000000,511277.000000,0.008733
823,647,86,0.012103,0.011717,58524579.000000,505131.000000,0.008631
824,647,86,0.012108,0.011714,58620562.000000,505282.000000,0.008620
825,648,86,0.012129,0.011752,58713585.000000,504537.000000,0.008593
826,649,86,0.012269,0.011814,58879792.000000,515686.000000,0.008758
827,649,86,0.012238,0.011863,58922052.000000,510559.000000,0.008665
828,650,85,0.012201,0.011799,58988695.000000,509527.000000,0.008638
829,651,85,0.012636,0.012207,59363634.000000,517975.000000,0.008725
830,652,85,0.012945,0.012475,59828212.000000,527714.000000,0.008820
831,652,85,0.012422,0.012042,59857005.000000,516470.000000,0.008628
832,653,85,0.012482,0.012100,60048917.000000,516402.000000,0.008600
833,654,84,0.012678,0.012314,60506597.000000,518821.000000,0.008575
834,655,84,0.012547,0.012150,60433321.000000,522343.000000,0.008643
835,656,84,0.012686,0.012290,60665300.000000,521001.000000,0.008588
836,657,84,0.012605,0.012240,60783416.000000,520421.000000,0.008562
837,658,84,0.012741,0.012386,60940516.000000,525310.000000,0.008620
838,659,83,0.012795,0.012387,61046543.000000,528434.000000,0.008656
839,660,83,0.012697,0.012308,61180269.000000,524026.000000,0.008565
840,661,83,0.012805,0.012439,61592776.000000,532993.000000,0.008653
841,662,83,0.012745,0.012407,61459799.000000,529470.000000,0.008615
842,663,83,0.012853,0.012464,61625086.000000,536711.000000,0.008709
843,664,82,0.012787,0.012444,61657850.000000,531662.000000,0.008623
844,664,82,0.012753,0.012413,61601504.000000,528861.000000,0.008585
845,664,82,0.012991,0.012632,61756356.000000,530401.000000,0.008589
846,664,82,0.012963,0.012582,61762266.000000,533380.000000,0.008636
847,665,82,0.012836,0.012448,61755597.000000,529043.000000,0.008567
848,666,82,0.012845,0.012469,61952492.000000,531896.000000,0.008586
849,666,81,0.012902,0.012549,61879046.000000,533903.000000,0.008628
850,667,81,0.013050,0.012666,62083771.000000,538754.000000,0.008678
851,668,81,0.013334,0.012918,62637222.000000,548262.000000,0.008753
852,669,81,0.013449,0.013060,62904239.000000,549935.000000,0.008742
853,670,81,0.013295,0.012905,63292656.000000,545130.000000,0.008613
854,670,80,0.013164,0.012774,63317707.000000,540245.000000,0.008532
855,671,80,0.013202,0.012798,63562421.000000,543444.000000,0.008550
856,672,80,0.013321,0.012913,63979458.000000,552646.000000,0.008638
857,673,80,0.013318,0.012921,64307348.000000,548847.000000,0.008535
858,674,80,0.013336,0.012946,64100741.000000,546445.000000,0.008525
859,675,80,0.013368,0.012988,64307075.000000,549609.000000,0.008547
860,675,79,0.013585,0.013195,64513336.000000,555969.000000,0.008618
861,676,79,0.013392,0.012988,64454139.000000,552552.000000,0.008573
862,676,79,0.013498,0.013108,64545584.000000,551144.000000,0.008539
863,677,79,0.013429,0.013061,64595333.000000,552671.000000,0.008556
864,678,79,0.013468,0.013090,64710200.000000,554057.000000,0.008562
865,679,79,0.013537,0.013147,65117167.000000,555025.000000,0.008523
866,680,78,0.013732,0.013316,65608047.000000,561094.000000,0.008552
867,681,78,0.013777,0.013299,65799059.000000,570762.000000,0.008674
868,682,78,0.014099,0.013706,65760142.000000,557249.000000,0.008474
869,683,78,0.013952,0.013435,65893452.000000,558459.000000,0.008475
870,683,78,0.013776,0.013267,66012405.000000,559066.000000,0.008469
871,684,77,0.013754,0.013276,66094405.000000,560270.000000,0.008477
872,684,77,0.013774,0.013271,66125452.000000,564694.000000,0.008540
873,685,77,0.013739,0.013255,66092697.000000,561020.000000,0.008488
874,686,77,0.014175,0.013663,66208680.000000,561574.000000,0.008482
875,686,77,0.014036,0.013495,66545606.000000,563965.000000,0.008475
876,686,76,0.013871,0.013382,66686000.000000,562065.000000,0.008429
877,686,76,0.013825,0.013354,66668393.000000,558939.000000,0.008384
878,686,76,0.013929,0.013412,66723976.000000,565017.000000,0.008468
879,686,76,0.013911,0.013406,66812983.000000,561209.000000,0.008400
880,687,76,0.014065,0.013529,67408016.000000,567283.000000,0.008416
881,688,76,0.014003,0.013515,67491679.000000,567685.000000,0.008411
882,688,75,0.014142,0.013769,67587075.000000,570548.000000,0.008442
883,688,75,0.014033,0.013631,67700948.000000,568912.000000,0.008403
884,689,75,0.014049,0.013663,67910081.000000,573700.000000,0.008448
885,689,75,0.014008,0.013633,68052253.000000,568939.000000,0.008360
886,690,75,0.014102,0.013729,68251796.000000,574546.000000,0.008418
887,691,74,0.014170,0.013794,68521704.000000,575719.000000,0.008402
888,692,74,0.014269,0.013889,68739881.000000,576212.000000,0.008382
889,693,74,0.014353,0.013954,68800937.000000,577117.000000,0.008388
890,693,74,0.014289,0.013901,68923266.000000,578252.000000,0.008390
891,694,74,0.014236,0.013825,68783106.000000,578765.000000,0.008414
892,695,74,0.014505,0.013978,69055139.000000,579359.000000,0.008390
893,696,73,0.014399,0.013884,69275985.000000,579712.000000,0.008368
894,697,73,0.014487,0.013973,69672146.000000,581930.000000,0.008352
895,698,73,0.014476,0.013963,69688673.000000,581716.000000,0.008347
896,698,73,0.014784,0.014416,70142688.000000,589455.000000,0.008404
897,699,73,0.014583,0.014212,70118140.000000,584330.000000,0.008334
898,700,73,0.014561,0.014169,70200321.000000,584565.000000,0.008327
899,701,72,0.014670,0.014240,70697292.000000,590657.000000,0.008355
900,702,72,0.014518,0.014121,70388612.000000,585365.000000,0.008316
901,703,72,0.014813,0.014417,71087553.000000,594298.000000,0.008360
902,704,72,0.014653,0.014256,70770870.000000,586502.000000,0.008287
903,705,72,0.014921,0.014506,71150035.000000,599341.000000,0.008424
904,706,72,0.014769,0.014365,71230728.000000,589932.000000,0.008282
905,707,71,0.015014,0.014630,71997980.000000,593706.000000,0.008246
906,707,71,0.014848,0.014482,71860788.000000,590136.000000,0.008212
907,708,71,0.014959,0.014544,71994341.000000,597506.000000,0.008299
908,709,71,0.014957,0.014563,72033665.000000,593856.000000,0.008244
909,710,71,0.015232,0.014776,72407360.000000,605467.000000,0.008362
910,711,70,0.015600,0.015039,72486973.000000,599404.000000,0.008269
911,711,70,0.015379,0.014649,72820169.000000,598231.000000,0.008215
912,712,70,0.015092,0.014565,72586482.000000,595063.000000,0.008198
913,712,70,0.015507,0.015009,73307093.000000,601183.000000,0.008201
914,712,70,0.015241,0.014723,73394843.000000,602444.000000,0.008208
915,713,70,0.015432,0.014900,73693746.000000,604834.000000,0.008207
916,714,69,0.015416,0.015025,73553306.000000,607236.000000,0.008256
917,715,69,0.015249,0.014807,73709253.000000,603454.000000,0.008187
918,715,69,0.015168,0.014766,73869763.000000,601542.000000,0.008143
919,715,69,0.015254,0.014874,73975906.000000,606113.000000,0.008193
920,716,69,0.015208,0.014837,74052853.000000,602346.000000,0.008134
921,716,69,0.015310,0.014952,74166040.000000,603545.000000,0.008138
922,717,69,0.015247,0.014863,74253251.000000,604435.000000,0.008140
923,718,68,0.015506,0.015126,74533539.000000,612398.000000,0.008216
924,719,68,0.015490,0.015073,74591589.000000,611602.000000,0.008199
925,720,68,0.015453,0.015061,74970187.000000,610784.000000,0.008147
926,720,68,0.015526,0.015135,75065646.000000,609726.000000,0.008123
927,721,68,0.015438,0.015079,75029961.000000,609767.000000,0.008127
928,722,68,0.015502,0.015102,75143393.000000,610401.000000,0.008123
929,722,68,0.015634,0.015277,75308532.000000,613644.000000,0.008148
930,723,67,0.015668,0.015275,75433465.000000,614587.000000,0.008147
931,724,67,0.015621,0.015217,75821124.000000,619001.000000,0.008164
932,725,67,0.015642,0.015251,76021243.000000,617769.000000,0.008126
933,726,67,0.015629,0.015237,75929109.000000,620419.000000,0.008171
934,727,67,0.015778,0.015389,76056463.000000,616011.000000,0.008099
935,728,67,0.016152,0.015624,76573264.000000,637144.000000,0.008321
936,729,67,0.016200,0.015785,76725487.000000,627667.000000,0.008181
937,730,66,0.015975,0.015596,76854636.000000,622673.000000,0.008102
938,731,66,0.016254,0.015715,76946943.000000,624137.000000,0.008111
939,731,66,0.016201,0.015451,77075706.000000,626133.000000,0.008124
940,731,66,0.016255,0.015543,77285350.000000,626990.000000,0.008113
941,732,66,0.016130,0.015417,77042193.000000,627211.000000,0.008141
942,732,66,0.016581,0.016085,77164457.000000,625679.000000,0.008108
943,733,65,0.016031,0.015546,77145853.000000,625814.000000,0.008112
944,734,65,0.015990,0.015481,77227209.000000,626207.000000,0.008109
945,735,65,0.016143,0.015615,77706208.000000,631190.000000,0.008123
946,735,65,0.016097,0.015578,77892217.000000,631775.000000,0.008111
947,736,65,0.016061,0.015572,77560287.000000,630237.000000,0.008126
948,737,65,0.016288,0.015900,77823596.000000,633104.000000,0.008135
949,738,65,0.016023,0.015656,77862484.000000,635962.000000,0.008168
950,738,64,0.016162,0.015777,78068013.000000,632855.000000,0.008106
951,739,64,0.016087,0.015701,78080316.000000,633288.000000,0.008111
952,740,64,0.016165,0.015756,78238807.000000,635181.000000,0.008118
953,741,64,0.016245,0.015848,78659247.000000,638027.000000,0.008111
954,741,64,0.016554,0.016176,78913007.000000,640565.000000,0.008117
955,742,64,0.016236,0.015849,78753786.000000,637026.000000,0.008089
956,743,64,0.016227,0.015824,78812090.000000,636442.000000,0.008075
957,744,64,0.016447,0.016038,79356127.000000,645062.000000,0.008129
958,745,63,0.016438,0.016021,79156252.000000,642144.000000,0.008112
959,746,63,0.016446,0.016044,79563212.000000,644081.000000,0.008095
960,747,63,0.016597,0.016199,79854397.000000,651366.000000,0.008157
961,748,63,0.016516,0.016112,80007202.000000,646824.000000,0.008085
962,749,63,0.016560,0.016159,80194280.000000,649965.000000,0.008105
963,749,63,0.016525,0.016135,80378103.000000,646063.000000,0.008038
964,750,63,0.016911,0.016516,80833916.000000,652089.000000,0.008067
965,751,63,0.016648,0.016234,80680164.000000,650283.000000,0.008060
966,752,62,0.017131,0.016758,81155342.000000,659415.000000,0.008125
967,753,62,0.017466,0.016914,81336151.000000,657264.000000,0.008081
968,753,62,0.017481,0.016752,81280365.000000,658196.000000,0.008098
969,754,62,0.017025,0.016320,81159310.000000,652925.000000,0.008045
970,754,62,0.017120,0.016421,81100761.000000,655074.000000,0.008077
971,755,62,0.017174,0.016256,81252481.000000,656329.000000,0.008078
972,756,62,0.017373,0.016652,81870793.000000,659282.000000,0.008053
973,757,62,0.017152,0.016420,81761544.000000,658590.000000,0.008055
974,757,61,0.017147,0.016426,81905015.000000,658352.000000,0.008038
975,758,61,0.017243,0.016531,82042008.000000,659514.000000,0.008039
976,759,61,0.017623,0.016712,82153784.000000,659015.000000,0.008022
977,760,61,0.017379,0.016770,82465321.000000,661603.000000,0.008023
978,761,61,0.017264,0.016844,82825626.000000,664558.000000,0.008024
979,761,61,0.017171,0.016760,83128230.000000,664312.000000,0.007991
980,762,61,0.017221,0.016816,83376384.000000,664841.000000,0.007974
981,763,61,0.017309,0.016888,83630599.000000,667360.000000,0.007980
982,764,60,0.017286,0.016881,83791758.000000,665162.000000,0.007938
983,765,60,0.017392,0.016992,84111482.000000,669985.000000,0.007965
984,766,60,0.017549,0.017122,84348626.000000,669658.000000,0.007939
985,767,60,0.017375,0.017006,84141253.000000,666480.000000,0.007921
986,767,60,0.017348,0.016963,84111631.000000,666737.000000,0.007927
987,768,60,0.017273,0.016909,84077087.000000,666832.000000,0.007931
988,769,60,0.017362,0.016971,84211050.000000,668643.000000,0.007940
989,770,60,0.017552,0.017158,84448232.000000,673724.000000,0.007978
990,771,59,0.017287,0.016897,84352053.000000,665624.000000,0.007891
