frame,nb of entities,FPS,frame length,physics length,L1-dcache-loads,L1-dcache-load-misses,L1-dcache-load-miss-ratio
0,3,303,0.001279,0.000034,664912.000000,38605.000000,0.058060
1,4,303,0.003235,0.000037,780333.000000,40739.000000,0.052207
2,5,303,0.003323,0.000036,768685.000000,40593.000000,0.052808
3,6,303,0.003321,0.000039,775552.000000,41514.000000,0.053528
4,7,303,0.003322,0.000037,737396.000000,36587.000000,0.049616
5,8,303,0.003325,0.000040,786776.000000,41827.000000,0.053163
6,9,303,0.003320,0.000042,778306.000000,40892.000000,0.052540
7,10,303,0.003323,0.000044,790740.000000,42309.000000,0.053506
8,11,303,0.003320,0.000042,787954.000000,41077.000000,0.052131
9,12,303,0.003366,0.000061,774141.000000,38465.000000,0.049687
10,13,303,0.003278,0.000050,809861.000000,40001.000000,0.049392
11,13,303,0.003320,0.000042,823035.000000,38523.000000,0.046806
12,14,303,0.003324,0.000038,795556.000000,37917.000000,0.047661
13,15,303,0.003327,0.000047,809311.000000,39077.000000,0.048284
14,16,303,0.003317,0.000044,739539.000000,34556.000000,0.046726
15,17,303,0.003323,0.000044,800174.000000,37865.000000,0.047321
16,18,303,0.003324,0.000038,784894.000000,38460.000000,0.049000
17,19,303,0.003322,0.000050,802373.000000,38378.000000,0.047831
18,20,303,0.003320,0.000047,790211.000000,38153.000000,0.048282
19,21,303,0.003329,0.000049,761974.000000,34540.000000,0.045330
20,21,303,0.003320,0.000043,788805.000000,37927.000000,0.048082
21,22,303,0.003324,0.000077,850031.000000,44181.000000,0.051976
22,23,303,0.003312,0.000070,831024.000000,43074.000000,0.051832
23,24,303,0.003321,0.000071,851814.000000,43184.000000,0.050697
24,25,303,0.003322,0.000048,821869.000000,35286.000000,0.042934
25,26,303,0.003328,0.000048,829569.000000,39125.000000,0.047163
26,27,303,0.003320,0.000049,832376.000000,39026.000000,0.046885
27,28,303,0.003323,0.000062,854086.000000,39207.000000,0.045905
28,28,303,0.003323,0.000047,829112.000000,38810.000000,0.046809
29,29,303,0.003322,0.000057,829142.000000,35708.000000,0.043066
30,30,303,0.003325,0.000051,841971.000000,38876.000000,0.046173
31,31,303,0.003350,0.000066,801484.000000,39246.000000,0.048967
32,32,303,0.003325,0.000058,886012.000000,39606.000000,0.044701
33,33,303,0.003342,0.000062,853722.000000,40010.000000,0.046865
34,34,303,0.003318,0.000072,854959.000000,36163.000000,0.042298
35,35,303,0.003323,0.000066,872887.000000,39500.000000,0.045252
36,36,303,0.003325,0.000087,903711.000000,42521.000000,0.047052
37,37,303,0.003323,0.000068,917378.000000,41441.000000,0.045173
38,38,303,0.003327,0.000068,887590.000000,40147.000000,0.045231
39,39,303,0.003320,0.000073,851761.000000,36168.000000,0.042463
40,40,303,0.003329,0.000096,898660.000000,43198.000000,0.048069
41,41,303,0.003321,0.000076,890870.000000,39708.000000,0.044572
42,41,303,0.003323,0.000064,891967.000000,40331.000000,0.045216
43,42,303,0.003323,0.000068,892142.000000,39688.000000,0.044486
44,43,303,0.003327,0.000068,864892.000000,36327.000000,0.042002
45,44,303,0.003325,0.000071,893496.000000,41626.000000,0.046588
46,45,303,0.003323,0.000076,936577.000000,41070.000000,0.043851
47,46,303,0.003320,0.000079,934064.000000,40679.000000,0.043551
48,47,303,0.003326,0.000076,924049.000000,40907.000000,0.044269
49,48,303,0.003321,0.000086,901413.000000,36542.000000,0.040539
50,49,303,0.003325,0.000078,929710.000000,40307.000000,0.043354
51,50,304,0.003322,0.000099,946339.000000,41730.000000,0.044096
52,51,304,0.003324,0.000099,965677.000000,41872.000000,0.043360
53,52,304,0.003321,0.000127,1003368.000000,44105.000000,0.043957
54,52,304,0.003325,0.000089,945660.000000,38123.000000,0.040314
55,53,304,0.003320,0.000098,1028616.000000,42159.000000,0.040986
56,53,304,0.003339,0.000084,883946.000000,41206.000000,0.046616
57,53,304,0.003219,0.000084,893050.000000,42092.000000,0.047133
58,54,304,0.003354,0.000086,895810.000000,41849.000000,0.046716
59,55,304,0.003343,0.000112,880249.000000,39535.000000,0.044913
60,56,301,0.003340,0.000101,897874.000000,42259.000000,0.047066
61,57,300,0.003345,0.000100,933770.000000,42996.000000,0.046046
62,58,300,0.003345,0.000086,926887.000000,42816.000000,0.046193
63,58,300,0.003338,0.000102,910998.000000,42201.000000,0.046324
64,59,300,0.003345,0.000098,880733.000000,38429.000000,0.043633
65,60,300,0.003344,0.000099,914686.000000,42447.000000,0.046406
66,61,300,0.003343,0.000101,928204.000000,43361.000000,0.046715
67,62,300,0.003354,0.000100,954104.000000,42890.000000,0.044953
68,63,300,0.003319,0.000095,1036297.000000,43184.000000,0.041671
69,64,300,0.003323,0.000114,1091048.000000,41739.000000,0.038256
70,65,300,0.003322,0.000112,1076389.000000,43021.000000,0.039968
71,66,300,0.003325,0.000107,1058695.000000,42305.000000,0.039960
72,67,300,0.003347,0.000126,987239.000000,43662.000000,0.044226
73,68,300,0.003347,0.000111,988712.000000,43153.000000,0.043646
74,69,300,0.003343,0.000110,943591.000000,39295.000000,0.041644
75,69,300,0.003348,0.000116,987365.000000,43068.000000,0.043619
76,70,300,0.003343,0.000129,993389.000000,43152.000000,0.043439
77,71,300,0.003341,0.000121,1028177.000000,43754.000000,0.042555
78,72,300,0.003342,0.000134,1012771.000000,42742.000000,0.042203
79,72,300,0.003343,0.000118,976296.000000,38047.000000,0.038971
80,72,300,0.003344,0.000137,1016287.000000,42592.000000,0.041909
81,73,300,0.003345,0.000123,1015210.000000,42051.000000,0.041421
82,74,300,0.003342,0.000122,1050559.000000,43497.000000,0.041404
83,74,300,0.003344,0.000130,1033443.000000,42799.000000,0.041414
84,75,300,0.003340,0.000126,999994.000000,39085.000000,0.039085
85,75,300,0.003340,0.000178,1080644.000000,44658.000000,0.041325
86,75,300,0.003340,0.000129,1050842.000000,42723.000000,0.040656
87,76,300,0.003342,0.000116,1049044.000000,42951.000000,0.040943
88,77,300,0.003376,0.000179,1085162.000000,43870.000000,0.040427
89,78,300,0.003344,0.000146,1071231.000000,40840.000000,0.038124
90,78,300,0.003342,0.000133,1087636.000000,42189.000000,0.038790
91,79,300,0.003359,0.000147,1109013.000000,44515.000000,0.040139
92,79,299,0.003346,0.000149,1095964.000000,43387.000000,0.039588
93,80,299,0.003384,0.000139,1100036.000000,43851.000000,0.039863
94,81,299,0.003297,0.000147,1064542.000000,40103.000000,0.037672
95,81,299,0.003344,0.000138,1096167.000000,42333.000000,0.038619
96,82,299,0.003383,0.000142,1114333.000000,43314.000000,0.038870
97,83,299,0.003341,0.000154,1120814.000000,43821.000000,0.039097
98,84,299,0.003345,0.000146,1124407.000000,43954.000000,0.039091
99,85,299,0.003343,0.000158,1143842.000000,41303.000000,0.036109
100,85,299,0.003347,0.000154,1155485.000000,43861.000000,0.037959
101,86,299,0.003345,0.000199,1178107.000000,47898.000000,0.040657
102,87,299,0.003349,0.000155,1157837.000000,44093.000000,0.038082
103,88,299,0.003346,0.000159,1180125.000000,44927.000000,0.038070
104,89,299,0.003349,0.000168,1180957.000000,41626.000000,0.035248
105,90,299,0.003343,0.000196,1233290.000000,46098.000000,0.037378
106,90,299,0.003352,0.000168,1211611.000000,44520.000000,0.036744
107,91,299,0.003342,0.000191,1251410.000000,46111.000000,0.036847
108,92,299,0.003348,0.000180,1238450.000000,45873.000000,0.037041
109,93,299,0.003343,0.000197,1213319.000000,40861.000000,0.033677
110,94,299,0.003348,0.000178,1266973.000000,45557.000000,0.035957
111,95,299,0.003349,0.000220,1289612.000000,46612.000000,0.036144
112,96,299,0.003344,0.000187,1292818.000000,45712.000000,0.035358
113,97,299,0.003344,0.000191,1307708.000000,46525.000000,0.035578
114,97,299,0.003366,0.000208,1272261.000000,42568.000000,0.033459
115,98,299,0.003322,0.000191,1335147.000000,46812.000000,0.035061
116,98,299,0.003351,0.000192,1341957.000000,46406.000000,0.034581
117,99,299,0.003318,0.000228,1411508.000000,47374.000000,0.033563
118,100,299,0.003324,0.000229,1392954.000000,46884.000000,0.033658
119,100,299,0.003283,0.000238,1444300.000000,45659.000000,0.031613
120,101,299,0.003323,0.000206,1473517.000000,46484.000000,0.031546
121,101,299,0.003339,0.000212,1393716.000000,47030.000000,0.033744
122,102,299,0.003341,0.000272,1434102.000000,49619.000000,0.034599
123,103,299,0.003346,0.000244,1447004.000000,49278.000000,0.034055
124,103,299,0.003346,0.000216,1401087.000000,44554.000000,0.031800
125,103,299,0.003345,0.000224,1453494.000000,48635.000000,0.033461
126,104,299,0.003349,0.000238,1453137.000000,48577.000000,0.033429
127,104,299,0.003349,0.000214,1429352.000000,46588.000000,0.032594
128,104,299,0.003345,0.000219,1431583.000000,47628.000000,0.033269
129,104,299,0.003349,0.000214,1392580.000000,43464.000000,0.031211
130,105,299,0.003346,0.000220,1441038.000000,47562.000000,0.033005
131,106,299,0.003354,0.000282,1507574.000000,51572.000000,0.034209
132,107,299,0.003348,0.000230,1519980.000000,48520.000000,0.031921
133,108,299,0.003354,0.000254,1587366.000000,49220.000000,0.031007
134,109,299,0.003349,0.000300,1554913.000000,46432.000000,0.029861
135,110,299,0.003357,0.000267,1638564.000000,50388.000000,0.030751
136,110,298,0.003355,0.000301,1683403.000000,51300.000000,0.030474
137,111,298,0.003359,0.000310,1677229.000000,50595.000000,0.030166
138,111,298,0.003349,0.000299,1686729.000000,50457.000000,0.029914
139,111,298,0.003353,0.000285,1684634.000000,47104.000000,0.027961
140,112,298,0.003354,0.000317,1750345.000000,51449.000000,0.029394
141,112,298,0.003352,0.000293,1795621.000000,51001.000000,0.028403
142,113,298,0.003353,0.000321,1852416.000000,53159.000000,0.028697
143,114,298,0.003357,0.000352,1849672.000000,51816.000000,0.028014
144,115,298,0.003349,0.000322,1840435.000000,49239.000000,0.026754
145,116,298,0.003352,0.000340,1929509.000000,54157.000000,0.028068
146,117,298,0.003360,0.000372,1930811.000000,52651.000000,0.027269
147,118,298,0.003359,0.000383,1939650.000000,53948.000000,0.027813
148,118,298,0.003359,0.000344,1925445.000000,52559.000000,0.027297
149,119,298,0.003356,0.000372,1892741.000000,48202.000000,0.025467
150,120,298,0.003354,0.000378,1962061.000000,56258.000000,0.028673
151,121,298,0.003328,0.000438,2093675.000000,62597.000000,0.029898
152,122,298,0.003362,0.000398,2042770.000000,54317.000000,0.026590
153,123,298,0.003357,0.000420,2060374.000000,56583.000000,0.027462
154,124,298,0.003359,0.000360,2059921.000000,50958.000000,0.024738
155,124,298,0.003358,0.000468,2099711.000000,55679.000000,0.026517
156,125,298,0.003365,0.000395,2145576.000000,55841.000000,0.026026
157,125,298,0.003360,0.000390,2215347.000000,56128.000000,0.025336
158,126,298,0.003357,0.000445,2207907.000000,57127.000000,0.025874
159,127,298,0.003362,0.000415,2220233.000000,53498.000000,0.024096
160,128,298,0.003362,0.000470,2267570.000000,57096.000000,0.025179
161,129,298,0.003356,0.000465,2287932.000000,58596.000000,0.025611
162,129,298,0.003360,0.000409,2262185.000000,55703.000000,0.024624
163,130,298,0.003359,0.000427,2244782.000000,54647.000000,0.024344
164,130,298,0.003362,0.000431,2274832.000000,56958.000000,0.025038
165,131,298,0.003355,0.000414,2272566.000000,56859.000000,0.025020
166,132,298,0.003366,0.000422,2291894.000000,57701.000000,0.025176
167,133,298,0.003349,0.000469,2304652.000000,57106.000000,0.024779
168,134,298,0.003363,0.000421,2282051.000000,53684.000000,0.023524
169,135,298,0.003352,0.000495,2356362.000000,60320.000000,0.025599
170,136,298,0.003364,0.000440,2344990.000000,57100.000000,0.024350
171,137,298,0.003359,0.000493,2366223.000000,58569.000000,0.024752
172,138,298,0.003366,0.000457,2409694.000000,60425.000000,0.025076
173,139,298,0.003359,0.000501,2405107.000000,55708.000000,0.023162
174,140,298,0.003361,0.000461,2458765.000000,59585.000000,0.024234
175,141,298,0.003362,0.000444,2503552.000000,59020.000000,0.023575
176,142,298,0.003325,0.000475,2636522.000000,61082.000000,0.023168
177,143,298,0.003320,0.000487,2627680.000000,61573.000000,0.023432
178,144,298,0.003327,0.000458,2632308.000000,57105.000000,0.021694
179,145,298,0.003321,0.000563,2746016.000000,61614.000000,0.022438
180,145,298,0.003330,0.000523,2720349.000000,62118.000000,0.022835
181,146,298,0.003310,0.000529,2746678.000000,63756.000000,0.023212
182,147,298,0.003359,0.000503,2738802.000000,62432.000000,0.022795
183,148,298,0.003356,0.000550,2757247.000000,60781.000000,0.022044
184,149,298,0.003354,0.000539,2815709.000000,63672.000000,0.022613
185,150,298,0.003358,0.000572,2840467.000000,67116.000000,0.023629
186,150,298,0.003366,0.000591,2866064.000000,65468.000000,0.022842
187,151,298,0.003366,0.000559,2890606.000000,64615.000000,0.022353
188,151,298,0.003367,0.000636,2908481.000000,63689.000000,0.021898
189,152,298,0.003376,0.000541,2960788.000000,64779.000000,0.021879
190,153,298,0.003353,0.000593,2992742.000000,65687.000000,0.021949
191,154,298,0.003368,0.000601,3003217.000000,66789.000000,0.022239
192,155,298,0.003366,0.000559,3053947.000000,65366.000000,0.021404
193,156,298,0.003366,0.000622,3138096.000000,63672.000000,0.020290
194,157,298,0.003357,0.000617,3168840.000000,65607.000000,0.020704
195,158,298,0.003364,0.000643,3253393.000000,68367.000000,0.021014
196,159,298,0.003369,0.000654,3277039.000000,68346.000000,0.020856
197,160,298,0.003367,0.000649,3328411.000000,67521.000000,0.020286
198,160,298,0.003369,0.000698,3292208.000000,65239.000000,0.019816
199,161,297,0.003373,0.000680,3325286.000000,69154.000000,0.020796
200,162,297,0.003369,0.000639,3337315.000000,67040.000000,0.020088
201,163,297,0.003377,0.000736,3409238.000000,69915.000000,0.020508
202,164,297,0.003372,0.000745,3422666.000000,70861.000000,0.020703
203,165,297,0.003366,0.000620,3425132.000000,65031.000000,0.018986
204,166,297,0.003375,0.000814,3511036.000000,71154.000000,0.020266
205,167,297,0.003374,0.000709,3638257.000000,71787.000000,0.019731
206,168,297,0.003368,0.000806,3672270.000000,70866.000000,0.019298
207,169,297,0.003364,0.000784,3807386.000000,73143.000000,0.019211
208,169,297,0.003369,0.000734,3751150.000000,68562.000000,0.018278
209,170,297,0.003407,0.000770,3790054.000000,70312.000000,0.018552
210,171,297,0.003364,0.000826,3852362.000000,75184.000000,0.019516
211,172,297,0.003329,0.000718,3967936.000000,74149.000000,0.018687
212,173,297,0.003316,0.000895,4053573.000000,75202.000000,0.018552
213,174,297,0.003322,0.000804,4065866.000000,74281.000000,0.018269
214,174,297,0.003326,0.000813,4091916.000000,80814.000000,0.019750
215,175,297,0.003325,0.000835,4086001.000000,78330.000000,0.019170
216,176,297,0.003319,0.000843,4096224.000000,78918.000000,0.019266
217,177,298,0.003324,0.000866,4130340.000000,81095.000000,0.019634
218,178,298,0.003326,0.000905,4100605.000000,76785.000000,0.018725
219,179,298,0.003324,0.000851,4163997.000000,79882.000000,0.019184
220,180,298,0.003322,0.000922,4190929.000000,81453.000000,0.019436
221,181,298,0.003325,0.000902,4216323.000000,80924.000000,0.019193
222,182,298,0.003327,0.000832,4257966.000000,80382.000000,0.018878
223,183,298,0.003319,0.000890,4268775.000000,76948.000000,0.018026
224,183,298,0.003330,0.000866,4276252.000000,79733.000000,0.018646
225,184,298,0.003319,0.000898,4291229.000000,80516.000000,0.018763
226,184,298,0.003327,0.000917,4289705.000000,81945.000000,0.019103
227,184,298,0.003319,0.000876,4276183.000000,79216.000000,0.018525
228,185,298,0.003328,0.000852,4273738.000000,77005.000000,0.018018
229,186,298,0.003319,0.000906,4352764.000000,81354.000000,0.018690
230,186,298,0.003328,0.000889,4347728.000000,81138.000000,0.018662
231,187,298,0.003319,0.000909,4388002.000000,80949.000000,0.018448
232,188,298,0.003325,0.000900,4403407.000000,82266.000000,0.018682
233,189,298,0.003321,0.001008,4385320.000000,78206.000000,0.017834
234,190,298,0.003326,0.000884,4486787.000000,81939.000000,0.018262
235,191,298,0.003322,0.000949,4596944.000000,85358.000000,0.018568
236,192,298,0.003542,0.001044,4530706.000000,85242.000000,0.018814
237,193,298,0.003104,0.000998,4658647.000000,90718.000000,0.019473
238,194,298,0.003324,0.000847,4641946.000000,80922.000000,0.017433
239,194,298,0.003324,0.001110,4730246.000000,86458.000000,0.018278
240,194,298,0.003323,0.000936,4738434.000000,84799.000000,0.017896
241,195,298,0.003324,0.001021,4787492.000000,89167.000000,0.018625
242,196,298,0.003406,0.001155,4758941.000000,88125.000000,0.018518
243,197,298,0.003383,0.001200,4853384.000000,90428.000000,0.018632
244,197,298,0.003379,0.000935,4772963.000000,86568.000000,0.018137
245,198,298,0.003392,0.001062,4864318.000000,91149.000000,0.018738
246,199,298,0.003379,0.000997,4872286.000000,88514.000000,0.018167
247,200,298,0.003394,0.001110,4814314.000000,89213.000000,0.018531
248,201,298,0.003378,0.001015,4839024.000000,83985.000000,0.017356
249,202,298,0.003382,0.000986,4923186.000000,89726.000000,0.018225
250,203,298,0.003394,0.001148,4955560.000000,88243.000000,0.017807
251,204,298,0.003386,0.000998,5012134.000000,88627.000000,0.017682
252,205,298,0.003329,0.001004,5060701.000000,89454.000000,0.017676
253,206,298,0.003265,0.001116,5045812.000000,88060.000000,0.017452
254,207,298,0.003385,0.001041,5086544.000000,90152.000000,0.017724
255,208,298,0.003385,0.001070,5123856.000000,90347.000000,0.017633
256,208,298,0.003390,0.001101,5116538.000000,89832.000000,0.017557
257,208,298,0.003374,0.000950,5099380.000000,89022.000000,0.017457
258,209,298,0.003398,0.001128,5108946.000000,85367.000000,0.016709
259,210,298,0.003384,0.001077,5220883.000000,91695.000000,0.017563
260,210,298,0.003391,0.001080,5221246.000000,90907.000000,0.017411
261,211,298,0.003398,0.001305,5248457.000000,93391.000000,0.017794
262,212,298,0.003379,0.000976,5268062.000000,92128.000000,0.017488
263,213,298,0.003408,0.001118,5364218.000000,89829.000000,0.016746
264,214,298,0.003369,0.001016,5423088.000000,92657.000000,0.017086
265,214,298,0.003399,0.001134,5457223.000000,93422.000000,0.017119
266,215,298,0.003389,0.001175,5479796.000000,95258.000000,0.017383
267,216,298,0.003388,0.001057,5492512.000000,91130.000000,0.016592
268,216,298,0.003400,0.001230,5566323.000000,93676.000000,0.016829
269,217,298,0.003392,0.001123,5646346.000000,95338.000000,0.016885
270,218,298,0.003398,0.001401,5726756.000000,103079.000000,0.018000
271,218,298,0.003400,0.001143,5638038.000000,94113.000000,0.016693
272,218,298,0.003386,0.001128,5646894.000000,91529.000000,0.016209
273,219,298,0.003399,0.001183,5707393.000000,96528.000000,0.016913
274,220,297,0.003386,0.001070,5730287.000000,95353.000000,0.016640
275,221,297,0.003389,0.001189,5866897.000000,101186.000000,0.017247
276,221,297,0.003398,0.001230,5988702.000000,110633.000000,0.018474
277,222,297,0.003376,0.001093,5782377.000000,92301.000000,0.015962
278,223,297,0.003397,0.001186,5932240.000000,101735.000000,0.017150
279,224,297,0.003407,0.001472,6184527.000000,112038.000000,0.018116
280,225,297,0.003386,0.001127,6024063.000000,99200.000000,0.016467
281,225,297,0.003398,0.001330,6183495.000000,101680.000000,0.016444
282,226,297,0.003404,0.001417,6349015.000000,109194.000000,0.017199
283,227,296,0.003400,0.001301,6286619.000000,100859.000000,0.016043
284,228,296,0.003398,0.001399,6407530.000000,105622.000000,0.016484
285,229,296,0.003406,0.001411,6512075.000000,109864.000000,0.016871
286,230,296,0.003437,0.001401,6464348.000000,108169.000000,0.016733
287,231,296,0.003401,0.001222,6645799.000000,117318.000000,0.017653
288,232,296,0.003424,0.001680,6733154.000000,115370.000000,0.017135
289,233,296,0.003382,0.001256,6555264.000000,104142.000000,0.015887
290,234,296,0.003331,0.001373,6584339.000000,105808.000000,0.016070
291,234,296,0.003315,0.001351,6611754.000000,105167.000000,0.015906
292,235,296,0.003421,0.001762,6736550.000000,107836.000000,0.016008
293,236,295,0.003402,0.001338,6793595.000000,107965.000000,0.015892
294,237,295,0.003316,0.001760,6871894.000000,108920.000000,0.015850
295,238,295,0.003324,0.001322,7039620.000000,108816.000000,0.015458
296,239,296,0.003324,0.001627,6967763.000000,109729.000000,0.015748
297,240,295,0.003326,0.001419,7052828.000000,105723.000000,0.014990
298,241,295,0.003325,0.001410,7244159.000000,110565.000000,0.015263
299,241,295,0.003325,0.001536,7354009.000000,110536.000000,0.015031
300,241,295,0.003406,0.001444,7277221.000000,109716.000000,0.015077
301,242,295,0.003404,0.001449,7304340.000000,111788.000000,0.015304
302,243,295,0.003402,0.001486,7328027.000000,108139.000000,0.014757
303,244,295,0.003399,0.001511,7558452.000000,115078.000000,0.015225
304,244,295,0.003411,0.001553,7533732.000000,112841.000000,0.014978
305,245,295,0.003407,0.001490,7542836.000000,113901.000000,0.015101
306,246,295,0.003426,0.001656,7573516.000000,114051.000000,0.015059
307,247,295,0.003418,0.001663,7636977.000000,112019.000000,0.014668
308,247,295,0.003415,0.001489,7730010.000000,115863.000000,0.014989
309,248,295,0.003407,0.001485,7757965.000000,115039.000000,0.014829
310,249,295,0.003419,0.001488,7811811.000000,115653.000000,0.014805
311,250,295,0.003418,0.001635,7875074.000000,116966.000000,0.014853
312,250,295,0.003412,0.001503,7810735.000000,111928.000000,0.014330
313,250,295,0.003415,0.001499,7869824.000000,116642.000000,0.014821
314,251,294,0.003418,0.001620,7926857.000000,118555.000000,0.014956
315,252,295,0.003371,0.001551,8130034.000000,119114.000000,0.014651
316,253,294,0.003425,0.001741,8161631.000000,117932.000000,0.014450
317,254,294,0.003421,0.001682,8309292.000000,128871.000000,0.015509
318,255,294,0.003423,0.001702,8306668.000000,120292.000000,0.014481
319,256,294,0.003419,0.001684,8428572.000000,124263.000000,0.014743
320,257,294,0.003428,0.001829,8571439.000000,136606.000000,0.015937
321,258,294,0.003414,0.001640,8455851.000000,119258.000000,0.014104
322,259,294,0.003406,0.001714,8587568.000000,125300.000000,0.014591
323,260,294,0.003420,0.001716,8728273.000000,127916.000000,0.014655
324,261,294,0.003417,0.001646,8610442.000000,124536.000000,0.014463
325,262,294,0.003343,0.001772,8842162.000000,126055.000000,0.014256
326,262,294,0.003339,0.002167,8881192.000000,126981.000000,0.014298
327,263,294,0.003329,0.001739,8983303.000000,126229.000000,0.014052
328,264,294,0.003360,0.001919,9007168.000000,127746.000000,0.014183
329,265,294,0.003340,0.002157,9142255.000000,132323.000000,0.014474
330,266,295,0.003323,0.001747,9123140.000000,126285.000000,0.013842
331,267,295,0.003335,0.001982,9090786.000000,125442.000000,0.013799
332,268,295,0.003423,0.001978,9153455.000000,129604.000000,0.014159
333,268,295,0.003468,0.001840,9224201.000000,131701.000000,0.014278
334,269,294,0.003431,0.002032,9222887.000000,129819.000000,0.014076
335,270,294,0.003493,0.002252,9494515.000000,137830.000000,0.014517
336,271,294,0.003420,0.001827,9335773.000000,127068.000000,0.013611
337,272,294,0.003418,0.002037,9561687.000000,137307.000000,0.014360
338,273,294,0.003431,0.001908,9509881.000000,134698.000000,0.014164
339,274,294,0.003429,0.001917,9532447.000000,135650.000000,0.014230
340,275,294,0.003423,0.001832,9513574.000000,130812.000000,0.013750
341,275,294,0.003335,0.002006,9610941.000000,131900.000000,0.013724
342,276,294,0.003331,0.001901,9702289.000000,133244.000000,0.013733
343,277,294,0.003341,0.002132,9863813.000000,144930.000000,0.014693
344,278,294,0.003344,0.002078,9792987.000000,134436.000000,0.013728
345,279,295,0.003337,0.002004,10032007.000000,140825.000000,0.014038
346,280,295,0.003332,0.001941,9849995.000000,131354.000000,0.013335
347,281,295,0.003336,0.001957,10001514.000000,135492.000000,0.013547
348,281,295,0.003337,0.002000,10085725.000000,137387.000000,0.013622
349,282,295,0.003336,0.001939,10002162.000000,134599.000000,0.013457
350,283,295,0.003334,0.002019,10251464.000000,139150.000000,0.013574
351,284,295,0.003339,0.002025,10355957.000000,135582.000000,0.013092
352,284,295,0.003341,0.002081,10623661.000000,139802.000000,0.013159
353,284,295,0.003346,0.002136,10799898.000000,141139.000000,0.013069
354,285,295,0.003339,0.002094,10691508.000000,142308.000000,0.013310
355,285,295,0.003343,0.002116,10764544.000000,140988.000000,0.013097
356,286,295,0.003343,0.002147,10833065.000000,139829.000000,0.012908
357,287,295,0.003345,0.002143,11011840.000000,144949.000000,0.013163
358,288,295,0.003355,0.002278,10958916.000000,153943.000000,0.014047
359,289,295,0.003323,0.002174,10990136.000000,144428.000000,0.013142
360,290,295,0.003339,0.002131,10943654.000000,143421.000000,0.013105
361,291,295,0.003353,0.002336,10905226.000000,140461.000000,0.012880
362,292,295,0.003453,0.002132,10971932.000000,144677.000000,0.013186
363,293,295,0.003444,0.002153,11108521.000000,145718.000000,0.013118
364,294,295,0.003440,0.002171,11156076.000000,146081.000000,0.013094
365,295,295,0.003440,0.002158,11069914.000000,143841.000000,0.012994
366,296,295,0.003456,0.002224,11165754.000000,143471.000000,0.012849
367,297,295,0.003447,0.002272,11439452.000000,149799.000000,0.013095
368,298,295,0.003446,0.002234,11457099.000000,147689.000000,0.012891
369,299,295,0.003450,0.002313,11518318.000000,150790.000000,0.013091
370,300,295,0.003449,0.002257,11543882.000000,150710.000000,0.013055
371,300,295,0.003445,0.002258,11523543.000000,144610.000000,0.012549
372,300,295,0.003451,0.002324,11586371.000000,150530.000000,0.012992
373,301,295,0.003449,0.002299,11581673.000000,150878.000000,0.013027
374,301,294,0.003448,0.002257,11637030.000000,149846.000000,0.012877
375,302,294,0.003427,0.002343,11685721.000000,147570.000000,0.012628
376,303,294,0.003449,0.002291,11726829.000000,151078.000000,0.012883
377,303,294,0.003451,0.002269,11688074.000000,149567.000000,0.012797
378,304,294,0.003458,0.002436,11846004.000000,155897.000000,0.013160
379,305,294,0.003452,0.002316,11909678.000000,151279.000000,0.012702
380,306,294,0.003452,0.002383,12037634.000000,150688.000000,0.012518
381,307,294,0.003455,0.002424,12151508.000000,155078.000000,0.012762
382,307,294,0.003455,0.002399,12169239.000000,155155.000000,0.012750
383,307,294,0.003496,0.002393,12214766.000000,153410.000000,0.012559
384,307,294,0.003420,0.002458,12218808.000000,158243.000000,0.012951
385,308,294,0.003453,0.002430,12433345.000000,154811.000000,0.012451
386,309,294,0.003463,0.002492,12670786.000000,162270.000000,0.012807
387,310,294,0.003356,0.002707,12599176.000000,164461.000000,0.013053
388,311,294,0.003368,0.002472,12628760.000000,160384.000000,0.012700
389,312,294,0.003361,0.002492,12744706.000000,161766.000000,0.012693
390,312,293,0.003364,0.002553,12800066.000000,157791.000000,0.012327
391,312,293,0.003328,0.002490,12823288.000000,161658.000000,0.012607
392,313,294,0.003367,0.002595,13043113.000000,163942.000000,0.012569
393,314,294,0.003365,0.002555,12998650.000000,162183.000000,0.012477
394,315,294,0.003367,0.002621,13127496.000000,166649.000000,0.012695
395,315,294,0.003368,0.002636,13278995.000000,162453.000000,0.012234
396,316,294,0.003463,0.002669,13407838.000000,169900.000000,0.012672
397,317,294,0.003352,0.002715,13629966.000000,166774.000000,0.012236
398,318,294,0.003404,0.002761,13755525.000000,171989.000000,0.012503
399,318,294,0.003353,0.002723,13696139.000000,168639.000000,0.012313
400,319,294,0.003348,0.002731,13754928.000000,167042.000000,0.012144
401,320,294,0.003420,0.002799,13826290.000000,171155.000000,0.012379
402,321,294,0.003361,0.002730,13904345.000000,172712.000000,0.012421
403,322,294,0.003429,0.002799,14036487.000000,172328.000000,0.012277
404,323,294,0.003440,0.002816,14135086.000000,174388.000000,0.012337
405,324,294,0.003424,0.002820,14062691.000000,170761.000000,0.012143
406,324,293,0.003612,0.002804,14100521.000000,175750.000000,0.012464
407,325,293,0.003486,0.002858,14176682.000000,174138.000000,0.012283
408,326,293,0.003462,0.002837,14276748.000000,176059.000000,0.012332
409,327,293,0.003467,0.002848,14225009.000000,171711.000000,0.012071
410,327,293,0.003472,0.002853,14338350.000000,174857.000000,0.012195
411,328,292,0.003468,0.002848,14265961.000000,175716.000000,0.012317
412,329,292,0.003487,0.002853,14351335.000000,178146.000000,0.012413
413,330,292,0.003581,0.002940,14558120.000000,179730.000000,0.012346
414,331,292,0.003533,0.002926,14583959.000000,176095.000000,0.012075
415,332,291,0.003596,0.002937,14650869.000000,177154.000000,0.012092
416,332,291,0.003557,0.002913,14726455.000000,181761.000000,0.012342
417,332,291,0.003437,0.003042,14753969.000000,178839.000000,0.012121
418,333,291,0.003446,0.003062,14875529.000000,182913.000000,0.012296
419,334,290,0.003406,0.002961,14893230.000000,177003.000000,0.011885
420,335,290,0.003985,0.003557,15008478.000000,182397.000000,0.012153
421,336,289,0.003634,0.003243,15076182.000000,182849.000000,0.012128
422,337,289,0.003588,0.003178,15135609.000000,183343.000000,0.012113
423,338,289,0.003366,0.003024,15128014.000000,179416.000000,0.011860
424,339,289,0.003397,0.003032,15201668.000000,183402.000000,0.012065
425,340,289,0.003375,0.003021,15227187.000000,181708.000000,0.011933
426,341,288,0.004039,0.003349,15282760.000000,184264.000000,0.012057
427,341,288,0.003709,0.003060,15365864.000000,183808.000000,0.011962
428,341,288,0.003817,0.003179,15486504.000000,184505.000000,0.011914
429,342,287,0.003705,0.003077,15309161.000000,183836.000000,0.012008
430,343,287,0.003726,0.003085,15350869.000000,186018.000000,0.012118
431,344,287,0.003541,0.003067,15404196.000000,184238.000000,0.011960
432,345,287,0.003457,0.003088,15504448.000000,185237.000000,0.011947
433,346,287,0.003497,0.003169,15663791.000000,184521.000000,0.011780
434,347,287,0.003482,0.003119,15770557.000000,186702.000000,0.011839
435,348,286,0.003539,0.003187,15803872.000000,191638.000000,0.012126
436,349,286,0.003593,0.003241,16015026.000000,192542.000000,0.012023
437,350,286,0.003548,0.003219,16207622.000000,188272.000000,0.011616
438,351,286,0.003629,0.003279,16375655.000000,194194.000000,0.011859
439,352,286,0.003622,0.003294,16293049.000000,193816.000000,0.011896
440,353,285,0.003614,0.003256,16354814.000000,192784.000000,0.011788
441,353,285,0.003638,0.003298,16478478.000000,195055.000000,0.011837
442,354,285,0.003671,0.003300,16532682.000000,192363.000000,0.011635
443,354,285,0.003690,0.003339,16749125.000000,197499.000000,0.011792
444,354,284,0.003826,0.003460,16941895.000000,203058.000000,0.011986
445,355,284,0.003833,0.003453,17115036.000000,203233.000000,0.011875
446,356,283,0.003710,0.003358,16901670.000000,194782.000000,0.011524
447,357,283,0.003864,0.003523,17090657.000000,200082.000000,0.011707
448,357,282,0.003705,0.003362,17027837.000000,198454.000000,0.011655
449,358,282,0.003770,0.003421,17091647.000000,200854.000000,0.011752
450,358,281,0.003749,0.003392,17139046.000000,200278.000000,0.011685
451,358,280,0.003830,0.003450,17226105.000000,196088.000000,0.011383
452,358,280,0.003731,0.003397,17057530.000000,198364.000000,0.011629
453,359,279,0.003738,0.003402,17064331.000000,198685.000000,0.011643
454,360,279,0.003765,0.003414,17155190.000000,201878.000000,0.011768
455,361,278,0.003839,0.003491,17528798.000000,198694.000000,0.011335
456,362,278,0.003820,0.003449,17326415.000000,201095.000000,0.011606
457,363,277,0.003808,0.003464,17431989.000000,204231.000000,0.011716
458,364,277,0.003849,0.003487,17552168.000000,205837.000000,0.011727
459,365,276,0.003897,0.003535,17756645.000000,207464.000000,0.011684
460,366,275,0.003866,0.003519,17633210.000000,200643.000000,0.011379
461,367,275,0.003952,0.003585,18086775.000000,209912.000000,0.011606
462,368,274,0.003968,0.003626,18163660.000000,210585.000000,0.011594
463,369,273,0.003963,0.003618,18168598.000000,209966.000000,0.011557
464,369,273,0.004000,0.003664,18265287.000000,207468.000000,0.011359
465,370,272,0.003987,0.003636,18190313.000000,210791.000000,0.011588
466,371,271,0.003996,0.003623,18269251.000000,211139.000000,0.011557
467,372,271,0.004002,0.003665,18217155.000000,211323.000000,0.011600
468,373,270,0.003974,0.003631,18251296.000000,206927.000000,0.011338
469,373,269,0.004071,0.003715,18583038.000000,215711.000000,0.011608
470,373,268,0.004208,0.003854,18667926.000000,220999.000000,0.011838
471,374,268,0.004070,0.003710,18601927.000000,215743.000000,0.011598
472,374,267,0.004181,0.003814,18723041.000000,214511.000000,0.011457
473,375,266,0.004117,0.003720,18810127.000000,217047.000000,0.011539
474,375,266,0.004130,0.003754,18910183.000000,214482.000000,0.011342
475,376,265,0.004246,0.003869,19153655.000000,218644.000000,0.011415
476,377,264,0.004226,0.003869,19297483.000000,215521.000000,0.011168
477,378,263,0.004338,0.003964,19505593.000000,222810.000000,0.011423
478,379,262,0.004203,0.003854,19432240.000000,219791.000000,0.011311
479,379,261,0.004296,0.003931,19699076.000000,221773.000000,0.011258
480,380,261,0.004409,0.004041,20027528.000000,221474.000000,0.011058
481,380,260,0.004329,0.003969,19798690.000000,224726.000000,0.011351
482,380,259,0.004371,0.003990,19908384.000000,223310.000000,0.011217
483,380,258,0.004383,0.004018,20067132.000000,223471.000000,0.011136
484,380,257,0.004328,0.003980,20025467.000000,219776.000000,0.010975
485,380,256,0.004365,0.003993,19996481.000000,221247.000000,0.011064
486,381,255,0.004365,0.003994,20061195.000000,223227.000000,0.011127
487,382,255,0.004379,0.004021,20114548.000000,223273.000000,0.011100
488,383,254,0.004403,0.004057,20171452.000000,222197.000000,0.011015
489,384,253,0.004407,0.004056,20320180.000000,226834.000000,0.011163
490,384,252,0.004440,0.004062,20396143.000000,226794.000000,0.011119
491,385,251,0.004447,0.004111,20476940.000000,225435.000000,0.011009
492,386,250,0.004461,0.004113,20593021.000000,229918.000000,0.011165
493,387,249,0.004845,0.004473,20877601.000000,237357.000000,0.011369
494,388,248,0.004489,0.004124,20844452.000000,230101.000000,0.011039
495,389,247,0.004415,0.004097,20706234.000000,224825.000000,0.010858
496,390,246,0.004570,0.004199,20851491.000000,230391.000000,0.011049
497,391,244,0.005352,0.004943,21137741.000000,241166.000000,0.011409
498,392,243,0.004588,0.004216,21093578.000000,234684.000000,0.011126
499,393,242,0.004645,0.004269,21285641.000000,233184.000000,0.010955
500,393,241,0.004802,0.004420,21173121.000000,237440.000000,0.011214
501,394,240,0.004669,0.004279,21260408.000000,239082.000000,0.011245
502,395,239,0.004637,0.004278,21254958.000000,233142.000000,0.010969
503,395,238,0.004681,0.004313,21449871.000000,239074.000000,0.011146
504,395,237,0.004720,0.004358,21569322.000000,241489.000000,0.011196
505,395,237,0.004601,0.004251,21321405.000000,236294.000000,0.011082
506,396,236,0.004709,0.004356,21442849.000000,234110.000000,0.010918
507,396,235,0.004707,0.004354,21591341.000000,240441.000000,0.011136
508,396,234,0.004708,0.004334,21653032.000000,239689.000000,0.011070
509,397,233,0.004709,0.004384,21674261.000000,236850.000000,0.010928
510,398,232,0.004785,0.004436,21784537.000000,243442.000000,0.011175
511,399,231,0.004726,0.004365,21794128.000000,241441.000000,0.011078
512,399,230,0.004841,0.004485,21857436.000000,241728.000000,0.011059
513,400,230,0.004732,0.004395,21780219.000000,237719.000000,0.010914
514,401,229,0.004971,0.004601,22003123.000000,250911.000000,0.011403
515,402,228,0.004798,0.004404,22146492.000000,246884.000000,0.011148
516,403,227,0.004912,0.004514,22009788.000000,241234.000000,0.010960
517,404,226,0.005138,0.004722,22182742.000000,248094.000000,0.011184
518,405,225,0.004799,0.004434,22198815.000000,245838.000000,0.011074
519,405,223,0.005729,0.005043,22423814.000000,253188.000000,0.011291
520,405,222,0.005119,0.004496,22333004.000000,244282.000000,0.010938
521,406,221,0.005127,0.004505,22373865.000000,248885.000000,0.011124
522,407,220,0.005117,0.004490,22408417.000000,247791.000000,0.011058
523,407,219,0.005157,0.004552,22429588.000000,244309.000000,0.010892
524,408,218,0.005155,0.004521,22529278.000000,248808.000000,0.011044
525,409,217,0.005151,0.004538,22580630.000000,249234.000000,0.011038
526,410,217,0.005157,0.004528,22619166.000000,245045.000000,0.010834
527,411,216,0.005286,0.004652,23009570.000000,253431.000000,0.011014
528,412,215,0.005320,0.004685,23244695.000000,255068.000000,0.010973
529,413,214,0.005312,0.004693,23425929.000000,252019.000000,0.010758
530,413,213,0.005302,0.004667,23339502.000000,254084.000000,0.010886
531,414,212,0.005444,0.004802,23529261.000000,257494.000000,0.010944
532,415,211,0.005356,0.004732,23548544.000000,252078.000000,0.010705
533,415,210,0.005674,0.004744,23718335.000000,257775.000000,0.010868
534,415,209,0.005248,0.004768,23867858.000000,257767.000000,0.010800
535,416,208,0.005184,0.004836,24077567.000000,254421.000000,0.010567
536,416,207,0.005214,0.004861,24207807.000000,259137.000000,0.010705
537,416,207,0.005192,0.004806,24184416.000000,258159.000000,0.010675
538,417,206,0.005317,0.004961,24438792.000000,261617.000000,0.010705
539,418,205,0.005289,0.004940,24528541.000000,262610.000000,0.010706
540,419,205,0.005526,0.005117,24737362.000000,266704.000000,0.010781
541,420,204,0.005386,0.005029,24880770.000000,268828.000000,0.010805
542,420,203,0.005341,0.005000,24917481.000000,263423.000000,0.010572
543,421,202,0.005631,0.005230,25120421.000000,270367.000000,0.010763
544,422,202,0.005363,0.005000,25041177.000000,266110.000000,0.010627
545,423,201,0.005530,0.005084,25280403.000000,276704.000000,0.010945
546,424,200,0.005440,0.005062,25229995.000000,269017.000000,0.010663
547,425,199,0.005531,0.005168,25506030.000000,273296.000000,0.010715
548,425,199,0.005386,0.005030,25254041.000000,264605.000000,0.010478
549,426,198,0.005534,0.005186,25509410.000000,273104.000000,0.010706
550,427,197,0.005513,0.005128,25576266.000000,271410.000000,0.010612
551,428,196,0.005533,0.005174,25784971.000000,272158.000000,0.010555
552,429,196,0.005731,0.005360,25833666.000000,278867.000000,0.010795
553,430,195,0.005528,0.005173,25852217.000000,276972.000000,0.010714
554,431,195,0.005593,0.005216,25928318.000000,274879.000000,0.010601
555,432,194,0.005672,0.005309,26241894.000000,278885.000000,0.010627
556,433,193,0.005659,0.005283,26215896.000000,280211.000000,0.010689
557,434,193,0.005636,0.005303,26316231.000000,274309.000000,0.010424
558,435,192,0.005794,0.005404,26458666.000000,283722.000000,0.010723
559,436,191,0.005860,0.005504,26604478.000000,285812.000000,0.010743
560,437,191,0.005901,0.005535,26670764.000000,279710.000000,0.010488
561,438,190,0.006178,0.005811,26924548.000000,288050.000000,0.010698
562,439,189,0.006012,0.005639,26846821.000000,281318.000000,0.010479
563,439,188,0.006255,0.005862,27243759.000000,291486.000000,0.010699
564,439,187,0.007182,0.006526,27794326.000000,329976.000000,0.011872
565,440,185,0.007545,0.006998,28075885.000000,324504.000000,0.011558
566,441,184,0.006212,0.005768,27448628.000000,291214.000000,0.010609
567,442,183,0.006518,0.006055,27722298.000000,318267.000000,0.011481
568,442,182,0.007249,0.006693,28357677.000000,322857.000000,0.011385
569,443,181,0.006449,0.006001,28015232.000000,310018.000000,0.011066
570,444,179,0.008079,0.007576,28745228.000000,336440.000000,0.011704
571,445,178,0.007236,0.006757,28639354.000000,312813.000000,0.010922
572,445,177,0.006062,0.005632,27953417.000000,288267.000000,0.010312
573,446,176,0.006642,0.006126,28244971.000000,310261.000000,0.010985
574,447,175,0.006685,0.005959,28237869.000000,303017.000000,0.010731
575,448,174,0.006021,0.005650,28212380.000000,291550.000000,0.010334
576,448,174,0.006044,0.005659,28338620.000000,291993.000000,0.010304
577,449,173,0.006042,0.005677,28333169.000000,289933.000000,0.010233
578,450,173,0.006211,0.005834,28425736.000000,295514.000000,0.010396
579,451,172,0.006386,0.006012,28595769.000000,302696.000000,0.010585
580,451,172,0.006350,0.005984,28570760.000000,298975.000000,0.010464
581,452,171,0.007372,0.006704,28975346.000000,309275.000000,0.010674
582,453,170,0.007205,0.006543,29212708.000000,314528.000000,0.010767
583,454,169,0.007356,0.006944,29312306.000000,316359.000000,0.010793
584,454,168,0.006396,0.005988,28822401.000000,300340.000000,0.010420
585,454,167,0.006317,0.005916,29025118.000000,296840.000000,0.010227
586,455,167,0.006242,0.005858,29153292.000000,299552.000000,0.010275
587,456,166,0.006251,0.005905,29176407.000000,296782.000000,0.010172
588,457,166,0.006246,0.005879,29267262.000000,302236.000000,0.010327
589,458,166,0.006267,0.005902,29329415.000000,302720.000000,0.010321
590,459,165,0.006276,0.005927,29374442.000000,302425.000000,0.010296
591,459,165,0.006319,0.005955,29454281.000000,305443.000000,0.010370
592,460,164,0.006318,0.005933,29523950.000000,302838.000000,0.010257
593,461,164,0.006339,0.005978,29647949.000000,303303.000000,0.010230
594,462,163,0.006424,0.006032,29949275.000000,306537.000000,0.010235
595,463,163,0.006470,0.006139,30125122.000000,304498.000000,0.010108
596,464,162,0.006470,0.006101,30221531.000000,311630.000000,0.010312
597,464,162,0.006484,0.006105,30284072.000000,310992.000000,0.010269
598,464,161,0.006496,0.006098,30327225.000000,305542.000000,0.010075
599,465,161,0.006493,0.006115,30422910.000000,309548.000000,0.010175
600,465,160,0.006630,0.006242,30456185.000000,308477.000000,0.010129
601,466,160,0.006494,0.006135,30445157.000000,313299.000000,0.010291
602,466,159,0.006476,0.006120,30398380.000000,309708.000000,0.010188
603,467,159,0.006443,0.006104,30367796.000000,304809.000000,0.010037
604,468,158,0.006550,0.006179,30526591.000000,310605.000000,0.010175
605,468,158,0.006581,0.006221,30714401.000000,312608.000000,0.010178
606,469,157,0.006648,0.006279,30821145.000000,309952.000000,0.010056
607,470,157,0.006698,0.006317,31226803.000000,316506.000000,0.010136
608,471,157,0.006549,0.006193,30959960.000000,309564.000000,0.009999
609,471,156,0.006614,0.006247,31069779.000000,316874.000000,0.010199
610,471,155,0.006955,0.006588,31288646.000000,318050.000000,0.010165
611,472,155,0.006710,0.006336,31111001.000000,314179.000000,0.010099
612,473,154,0.008165,0.007518,31975660.000000,366216.000000,0.011453
613,474,153,0.008329,0.007835,32221367.000000,354993.000000,0.011017
614,474,152,0.008561,0.008135,32596897.000000,350234.000000,0.010744
615,475,150,0.010909,0.006604,31627774.000000,336194.000000,0.010630
616,476,149,0.008157,0.007752,32296170.000000,343694.000000,0.010642
617,477,148,0.006723,0.006269,31461076.000000,316260.000000,0.010052
618,478,148,0.006657,0.006281,31538541.000000,319299.000000,0.010124
619,479,148,0.006660,0.006317,31582077.000000,316850.000000,0.010033
620,480,148,0.006760,0.006371,31735745.000000,322100.000000,0.010149
621,480,147,0.007279,0.006602,32057395.000000,342053.000000,0.010670
622,481,146,0.008117,0.007624,32817020.000000,342302.000000,0.010431
623,482,146,0.006870,0.006446,32268509.000000,324563.000000,0.010058
624,483,146,0.006892,0.006507,32361415.000000,322472.000000,0.009965
625,484,146,0.006939,0.006529,32576023.000000,328776.000000,0.010093
626,485,146,0.007010,0.006616,32673821.000000,326222.000000,0.009984
627,486,146,0.007134,0.006603,32881779.000000,334881.000000,0.010184
628,487,146,0.007107,0.006671,32969432.000000,328385.000000,0.009960
629,488,146,0.007065,0.006680,33087954.000000,330966.000000,0.010003
630,488,146,0.006951,0.006557,33070284.000000,327255.000000,0.009896
631,489,146,0.007001,0.006624,33191161.000000,327792.000000,0.009876
632,490,146,0.007073,0.006682,33402331.000000,333357.000000,0.009980
633,491,146,0.007084,0.006729,33307527.000000,328823.000000,0.009872
634,491,146,0.007079,0.006657,33289471.000000,331574.000000,0.009960
635,492,145,0.007004,0.006611,33309964.000000,328816.000000,0.009871
636,493,145,0.007143,0.006738,33558693.000000,332691.000000,0.009914
637,493,144,0.007823,0.007427,34188209.000000,347113.000000,0.010153
638,493,144,0.008122,0.007715,34439799.000000,350314.000000,0.010172
639,493,142,0.011184,0.010545,36263869.000000,411239.000000,0.011340
640,494,139,0.014423,0.013293,37338069.000000,487994.000000,0.013070
641,495,138,0.009815,0.009121,35564430.000000,377106.000000,0.010603
642,495,138,0.008288,0.007669,34538983.000000,354663.000000,0.010268
643,496,137,0.011162,0.010583,36252113.000000,407193.000000,0.011232
644,497,136,0.008634,0.008109,34815843.000000,346887.000000,0.009963
645,498,136,0.007285,0.006832,34129471.000000,336413.000000,0.009857
646,499,136,0.007205,0.006814,34141693.000000,335850.000000,0.009837
647,500,135,0.007271,0.006859,34391955.000000,340587.000000,0.009903
648,501,135,0.007268,0.006853,34543499.000000,340815.000000,0.009866
649,501,135,0.007714,0.007341,34515986.000000,348376.000000,0.010093
650,502,134,0.007278,0.006883,34503488.000000,342698.000000,0.009932
651,503,134,0.007702,0.007289,34664259.000000,340578.000000,0.009825
652,504,133,0.007511,0.007087,34993103.000000,348308.000000,0.009954
653,505,133,0.007417,0.007060,34826363.000000,342544.000000,0.009836
654,506,133,0.007791,0.007398,35087246.000000,357772.000000,0.010197
655,507,132,0.007481,0.007099,35287490.000000,344577.000000,0.009765
656,508,132,0.007490,0.007086,35186240.000000,348424.000000,0.009902
657,509,132,0.007447,0.007067,35284153.000000,343831.000000,0.009745
658,510,132,0.007537,0.007147,35448596.000000,353425.000000,0.009970
659,511,131,0.007517,0.007132,35709843.000000,352255.000000,0.009864
660,512,131,0.007544,0.007177,35545453.000000,349353.000000,0.009828
661,513,131,0.007536,0.007139,35737081.000000,351674.000000,0.009841
662,514,130,0.007881,0.007512,36016270.000000,368592.000000,0.010234
663,515,130,0.007570,0.007199,35914701.000000,353281.000000,0.009837
664,516,130,0.007575,0.007203,35975344.000000,352913.000000,0.009810
665,517,129,0.007663,0.007243,36306543.000000,355428.000000,0.009790
666,518,129,0.007754,0.007375,36233179.000000,353816.000000,0.009765
667,519,129,0.008091,0.007527,36829973.000000,369557.000000,0.010034
668,520,128,0.007690,0.007314,36803684.000000,357789.000000,0.009722
669,521,128,0.008437,0.008019,37389473.000000,373571.000000,0.009991
670,522,128,0.007961,0.007562,37519620.000000,364785.000000,0.009723
671,523,127,0.007999,0.007605,37468575.000000,364732.000000,0.009734
672,524,127,0.007860,0.007462,37446376.000000,364328.000000,0.009729
673,525,127,0.007894,0.007533,37513468.000000,359974.000000,0.009596
674,526,128,0.007948,0.007573,37641292.000000,367922.000000,0.009774
675,526,128,0.008118,0.007773,37797994.000000,366496.000000,0.009696
676,527,128,0.008002,0.007597,37849595.000000,369995.000000,0.009775
677,527,128,0.008015,0.007631,38090189.000000,366523.000000,0.009623
678,528,128,0.008010,0.007613,37966158.000000,368633.000000,0.009710
679,528,127,0.008032,0.007655,38074359.000000,365536.000000,0.009601
680,529,127,0.008151,0.007727,38043865.000000,371330.000000,0.009761
681,529,127,0.008017,0.007650,38103851.000000,364808.000000,0.009574
682,529,127,0.008122,0.007709,38308194.000000,370541.000000,0.009673
683,530,126,0.008160,0.007769,38861697.000000,370814.000000,0.009542
684,531,126,0.008135,0.007737,38587681.000000,372225.000000,0.009646
685,532,126,0.008259,0.007768,38745817.000000,382543.000000,0.009873
686,533,125,0.008171,0.007795,38855547.000000,375738.000000,0.009670
687,534,125,0.008411,0.008023,39132082.000000,381423.000000,0.009747
688,534,125,0.008221,0.007810,39063116.000000,375997.000000,0.009625
689,535,124,0.008421,0.008027,39044279.000000,370982.000000,0.009502
690,536,124,0.008242,0.007831,39191928.000000,378490.000000,0.009657
691,537,124,0.008300,0.007942,39512760.000000,383692.000000,0.009711
692,538,123,0.008392,0.007979,39688451.000000,383131.000000,0.009653
693,539,123,0.008771,0.008391,40440631.000000,389995.000000,0.009644
694,540,123,0.008696,0.008260,40398050.000000,389794.000000,0.009649
695,541,122,0.008751,0.008314,40563793.000000,385549.000000,0.009505
696,541,122,0.008915,0.008532,40745427.000000,396200.000000,0.009724
697,542,121,0.008826,0.008465,40676354.000000,388241.000000,0.009545
698,542,121,0.008912,0.008505,40836725.000000,397001.000000,0.009722
699,543,122,0.009037,0.008631,40846392.000000,392277.000000,0.009604
700,544,123,0.008817,0.008410,40972809.000000,395198.000000,0.009645
701,544,123,0.008702,0.008292,41005045.000000,388945.000000,0.009485
702,545,123,0.008782,0.008416,41619048.000000,394072.000000,0.009469
703,545,124,0.008970,0.008550,41551330.000000,404475.000000,0.009734
704,545,124,0.008804,0.008419,41848771.000000,393187.000000,0.009395
705,546,123,0.008929,0.008535,42243394.000000,400472.000000,0.009480
706,546,123,0.008769,0.008429,41872855.000000,393479.000000,0.009397
707,547,123,0.008784,0.008421,41913650.000000,397068.000000,0.009473
708,548,122,0.008792,0.008426,41987764.000000,393833.000000,0.009380
709,549,122,0.008932,0.008559,42489953.000000,400475.000000,0.009425
710,549,122,0.008843,0.008479,42436967.000000,396418.000000,0.009341
711,550,121,0.008963,0.008565,42680504.000000,401533.000000,0.009408
712,551,121,0.009060,0.008695,43141741.000000,401448.000000,0.009305
713,552,120,0.009028,0.008667,43031696.000000,406212.000000,0.009440
714,553,120,0.009033,0.008665,43097300.000000,402786.000000,0.009346
715,554,120,0.009406,0.009022,43479491.000000,411641.000000,0.009467
716,555,119,0.009093,0.008735,43410374.000000,404640.000000,0.009321
717,556,119,0.009131,0.008775,43499860.000000,407281.000000,0.009363
718,557,119,0.009135,0.008759,43597687.000000,411402.000000,0.009436
719,557,118,0.009135,0.008798,43651587.000000,408983.000000,0.009369
720,557,118,0.009132,0.008787,43677069.000000,413024.000000,0.009456
721,558,117,0.009164,0.008805,43765534.000000,409795.000000,0.009363
722,559,117,0.009190,0.008811,44066790.000000,416156.000000,0.009444
723,559,117,0.009255,0.008837,44195155.000000,410434.000000,0.009287
724,560,116,0.009283,0.008937,44612011.000000,417676.000000,0.009362
725,561,116,0.009275,0.008937,44597252.000000,412798.000000,0.009256
726,561,116,0.009516,0.009167,44722693.000000,415816.000000,0.009298
727,562,115,0.009367,0.009015,44674579.000000,417728.000000,0.009350
728,563,115,0.009444,0.009078,44801676.000000,415488.000000,0.009274
729,564,115,0.009321,0.008969,44797759.000000,418696.000000,0.009346
730,565,114,0.009323,0.008981,44822487.000000,414427.000000,0.009246
731,565,114,0.009364,0.009018,44944709.000000,419069.000000,0.009324
732,566,114,0.009433,0.009028,45038969.000000,418492.000000,0.009292
733,567,113,0.009445,0.009089,45361536.000000,421421.000000,0.009290
734,568,113,0.009466,0.009096,45520095.000000,425031.000000,0.009337
735,568,113,0.009446,0.009115,45531973.000000,419985.000000,0.009224
736,569,112,0.009683,0.009297,45787642.000000,430898.000000,0.009411
737,570,112,0.009561,0.009217,45757790.000000,421818.000000,0.009218
738,571,112,0.009592,0.009227,45888950.000000,426682.000000,0.009298
739,572,111,0.009631,0.009295,45967441.000000,426757.000000,0.009284
740,572,111,0.009554,0.009224,45911788.000000,424799.000000,0.009253
741,573,111,0.009570,0.009222,45955618.000000,427000.000000,0.009292
742,574,111,0.009568,0.009193,46006618.000000,424760.000000,0.009233
743,575,110,0.009598,0.009225,46223278.000000,430140.000000,0.009306
744,576,110,0.009637,0.009265,46324016.000000,427326.000000,0.009225
745,576,110,0.009699,0.009320,46700733.000000,433627.000000,0.009285
746,577,109,0.009619,0.009273,46459540.000000,428168.000000,0.009216
747,578,109,0.010110,0.009761,46789724.000000,433546.000000,0.009266
748,578,109,0.010040,0.009627,46775500.000000,434059.000000,0.009280
749,579,108,0.009747,0.009381,47023951.000000,436345.000000,0.009279
750,580,108,0.010238,0.009848,47452533.000000,441598.000000,0.009306
751,580,108,0.010016,0.009671,47574729.000000,436052.000000,0.009166
752,581,107,0.010043,0.009689,47663767.000000,438983.000000,0.009210
753,582,107,0.010059,0.009663,47900767.000000,444306.000000,0.009276
754,582,107,0.010122,0.009755,48193345.000000,441516.000000,0.009161
755,582,107,0.010098,0.009709,48216967.000000,444762.000000,0.009224
756,583,106,0.010011,0.009614,47965989.000000,439615.000000,0.009165
757,583,106,0.010364,0.009889,48311115.000000,447068.000000,0.009254
758,584,106,0.010158,0.009777,48472648.000000,448781.000000,0.009258
759,584,106,0.010195,0.009822,48493959.000000,441862.000000,0.009112
760,584,105,0.010167,0.009798,48515880.000000,449775.000000,0.009271
761,585,105,0.010163,0.009835,48504463.000000,445569.000000,0.009186
762,585,105,0.010137,0.009804,48481077.000000,444318.000000,0.009165
763,586,105,0.010216,0.009836,48683636.000000,450749.000000,0.009259
764,586,104,0.010232,0.009871,48954224.000000,445919.000000,0.009109
765,587,104,0.010141,0.009766,48532359.000000,448571.000000,0.009243
766,587,104,0.010216,0.009879,48542484.000000,444777.000000,0.009163
767,588,104,0.010077,0.009726,48475011.000000,444568.000000,0.009171
768,589,103,0.010177,0.009799,48652920.000000,447652.000000,0.009201
769,590,103,0.010223,0.009852,48980599.000000,447866.000000,0.009144
770,591,103,0.010226,0.009865,49081988.000000,444709.000000,0.009061
771,591,103,0.010267,0.009888,49285189.000000,449677.000000,0.009124
772,591,102,0.010324,0.009967,49594812.000000,448448.000000,0.009042
773,592,102,0.010353,0.009960,49651266.000000,453720.000000,0.009138
774,593,102,0.010351,0.009999,49765563.000000,452672.000000,0.009096
775,593,102,0.010410,0.010073,49872999.000000,452304.000000,0.009069
776,594,102,0.010683,0.010300,50143651.000000,461716.000000,0.009208
777,595,101,0.010532,0.010143,50203627.000000,457078.000000,0.009104
778,596,101,0.010545,0.010167,50368647.000000,458439.000000,0.009102
779,597,101,0.010688,0.010286,50806694.000000,464126.000000,0.009135
780,598,101,0.010624,0.010257,50538224.000000,459353.000000,0.009089
781,599,100,0.010598,0.010207,50718212.000000,464450.000000,0.009157
782,599,100,0.010685,0.010324,50729520.000000,459656.000000,0.009061
783,600,100,0.010627,0.010275,50682355.000000,459433.000000,0.009065
784,601,100,0.010672,0.010278,50807532.000000,463238.000000,0.009118
785,602,99,0.010912,0.010459,51182982.000000,470308.000000,0.009189
786,603,99,0.010756,0.010364,51028326.000000,462607.000000,0.009066
787,604,99,0.010955,0.010553,51606840.000000,469964.000000,0.009107
788,605,99,0.010896,0.010454,51523778.000000,466626.000000,0.009057
789,606,98,0.011262,0.010676,51991691.000000,482818.000000,0.009286
790,606,98,0.010991,0.010567,51933137.000000,470732.000000,0.009064
791,607,98,0.010823,0.010446,52054618.000000,470405.000000,0.009037
792,607,98,0.010760,0.010384,52040521.000000,465467.000000,0.008944
793,608,97,0.010928,0.010537,52646891.000000,475433.000000,0.009031
794,609,97,0.010860,0.010475,52431755.000000,471493.000000,0.008993
795,609,97,0.011240,0.010853,53267738.000000,474702.000000,0.008912
796,609,96,0.011866,0.011309,53506382.000000,483723.000000,0.009040
797,610,96,0.011310,0.010782,53231945.000000,476693.000000,0.008955
798,611,96,0.011387,0.010864,53384672.000000,480802.000000,0.009006
799,612,96,0.011424,0.010912,53678839.000000,487295.000000,0.009078
800,612,95,0.011437,0.010958,53656778.000000,485408.000000,0.009047
801,613,95,0.011437,0.010937,53756758.000000,484365.000000,0.009010
802,613,95,0.011779,0.011401,53921970.000000,486573.000000,0.009024
803,614,94,0.011866,0.011498,54041560.000000,488020.000000,0.009030
804,615,94,0.011607,0.011213,54027442.000000,483687.000000,0.008953
805,615,94,0.011419,0.010979,54214605.000000,488030.000000,0.009002
806,616,94,0.011594,0.011169,54595878.000000,487715.000000,0.008933
807,616,93,0.011522,0.011118,54748841.000000,484955.000000,0.008858
808,616,93,0.011468,0.011089,54855122.000000,485013.000000,0.008842
809,617,93,0.011469,0.011095,55091649.000000,490131.000000,0.008897
810,618,93,0.011448,0.011042,54809959.000000,484492.000000,0.008839
811,618,92,0.011704,0.011328,55020001.000000,488625.000000,0.008881
812,619,92,0.011919,0.011493,55279531.000000,496357.000000,0.008979
813,620,92,0.011577,0.011205,55121711.000000,490880.000000,0.008905
814,621,92,0.011565,0.011189,55204070.000000,488415.000000,0.008847
815,622,92,0.011842,0.011281,55430550.000000,500154.000000,0.009023
816,622,91,0.011646,0.011255,55381604.000000,494072.000000,0.008921
817,623,91,0.011679,0.011285,55583724.000000,492859.000000,0.008867
818,624,91,0.011793,0.011289,55309433.000000,493433.000000,0.008921
819,625,91,0.011801,0.011264,55586810.000000,500133.000000,0.008997
820,626,90,0.011838,0.011224,55661165.000000,495727.000000,0.008906
821,626,90,0.011769,0.011352,55837286.000000,496362.000000,0.008889
822,627,90,0.011874,0.011437,56029517.000000,500358.000000,0.008930
823,628,90,0.011897,0.011494,56393714.000000,496111.000000,0.008797
824,629,90,0.011842,0.011429,56477992.000000,497373.000000,0.008806
825,630,89,0.011974,0.011560,56889963.000000,502487.000000,0.008833
826,630,89,0.011876,0.011460,56888356.000000,505737.000000,0.008890
827,631,89,0.011918,0.011536,57212969.000000,502697.000000,0.008786
828,632,89,0.011993,0.011627,57375438.000000,504681.000000,0.008796
829,633,88,0.012385,0.011972,57841786.000000,513437.000000,0.008877
830,634,88,0.012162,0.011784,58021905.000000,508814.000000,0.008769
831,635,88,0.012288,0.011916,58450735.000000,515335.000000,0.008817
832,636,88,0.012187,0.011812,58388696.000000,513092.000000,0.008788
833,637,87,0.012182,0.011778,58392553.000000,516041.000000,0.008837
834,638,87,0.012235,0.011864,58697046.000000,514494.000000,0.008765
835,639,87,0.012260,0.011881,58898843.000000,515233.000000,0.008748
836,640,87,0.012238,0.011870,58726515.000000,514789.000000,0.008766
837,641,86,0.012526,0.012111,59241613.000000,521912.000000,0.008810
838,642,86,0.012439,0.012066,59337546.000000,516838.000000,0.008710
839,643,86,0.012450,0.012059,59692162.000000,520757.000000,0.008724
840,644,86,0.012438,0.012066,59814923.000000,520761.000000,0.008706
841,645,85,0.012553,0.012165,59981361.000000,524003.000000,0.008736
842,646,85,0.012473,0.012103,60006436.000000,519269.000000,0.008654
843,647,85,0.012520,0.012139,60225738.000000,521890.000000,0.008666
844,648,85,0.012577,0.012211,60399737.000000,524063.000000,0.008677
845,649,85,0.012823,0.012418,60763957.000000,531874.000000,0.008753
846,649,84,0.012606,0.012255,60668782.000000,521926.000000,0.008603
847,650,84,0.012614,0.012266,60683079.000000,520946.000000,0.008585
848,651,84,0.012678,0.012274,60804953.000000,524697.000000,0.008629
849,651,84,0.012661,0.012294,60894178.000000,526242.000000,0.008642
850,652,84,0.012673,0.012305,60959534.000000,524947.000000,0.008611
851,653,83,0.012747,0.012387,61080257.000000,528507.000000,0.008653
852,654,83,0.012684,0.012317,61176823.000000,528820.000000,0.008644
853,655,83,0.013007,0.012636,61811323.000000,538458.000000,0.008711
854,656,83,0.012869,0.012499,61733104.000000,534738.000000,0.008662
855,657,82,0.012804,0.012441,61797044.000000,535955.000000,0.008673
856,658,82,0.012882,0.012514,61917654.000000,534360.000000,0.008630
857,659,82,0.012931,0.012537,62216391.000000,537786.000000,0.008644
858,659,82,0.012907,0.012524,62508644.000000,540839.000000,0.008652
859,660,82,0.012910,0.012546,62216123.000000,539665.000000,0.008674
860,661,82,0.012943,0.012585,62330321.000000,536179.000000,0.008602
861,662,81,0.013492,0.012976,62644546.000000,545645.000000,0.008710
862,663,81,0.013159,0.012617,62701385.000000,548708.000000,0.008751
863,664,81,0.013205,0.012704,62763014.000000,545713.000000,0.008695
864,665,81,0.013239,0.012735,62860149.000000,544921.000000,0.008669
865,666,81,0.013321,0.012830,63014120.000000,549069.000000,0.008713
866,666,81,0.013215,0.012694,63063422.000000,546505.000000,0.008666
867,667,80,0.013281,0.012758,63312224.000000,550117.000000,0.008689
868,668,80,0.013370,0.012955,63204886.000000,552686.000000,0.008744
869,668,80,0.013248,0.012840,63521808.000000,547971.000000,0.008627
870,669,80,0.013145,0.012756,63502250.000000,547249.000000,0.008618
871,669,80,0.013279,0.012782,63675290.000000,558441.000000,0.008770
872,670,79,0.013301,0.012906,63758258.000000,553171.000000,0.008676
873,671,79,0.013344,0.012984,63842755.000000,550835.000000,0.008628
874,672,79,0.013237,0.012871,63868960.000000,551404.000000,0.008633
875,673,79,0.013305,0.012928,64127484.000000,553152.000000,0.008626
876,674,79,0.013528,0.013144,64418632.000000,559263.000000,0.008682
877,675,79,0.013383,0.012985,64558685.000000,560306.000000,0.008679
878,675,78,0.013884,0.013511,64894549.000000,561393.000000,0.008651
879,676,78,0.013968,0.013474,64780297.000000,564240.000000,0.008710
880,676,78,0.013523,0.013020,64503849.000000,557063.000000,0.008636
881,677,78,0.013693,0.012996,64647794.000000,559344.000000,0.008652
882,678,78,0.013679,0.013142,65068415.000000,564897.000000,0.008682
883,679,77,0.014637,0.014116,65364135.000000,566493.000000,0.008667
884,680,77,0.013649,0.013118,65234132.000000,562749.000000,0.008627
885,681,77,0.013714,0.013204,65625415.000000,564387.000000,0.008600
886,681,77,0.013758,0.013249,65819396.000000,567119.000000,0.008616
887,682,77,0.013827,0.013297,66211839.000000,568146.000000,0.008581
888,683,76,0.013832,0.013276,66076353.000000,573133.000000,0.008674
889,683,76,0.013899,0.013393,66614911.000000,570423.000000,0.008563
890,684,76,0.014257,0.013728,66552888.000000,575543.000000,0.008648
891,685,76,0.014024,0.013500,67085060.000000,571386.000000,0.008517
892,686,76,0.013967,0.013431,66651847.000000,568881.000000,0.008535
893,687,75,0.013953,0.013422,66816084.000000,570877.000000,0.008544
894,688,75,0.014012,0.013483,67071495.000000,574192.000000,0.008561
895,689,75,0.014056,0.013538,67260566.000000,572458.000000,0.008511
896,689,75,0.014082,0.013564,67464697.000000,574798.000000,0.008520
897,690,75,0.014486,0.014126,67678321.000000,584348.000000,0.008634
898,690,75,0.014004,0.013631,67574733.000000,570773.000000,0.008447
899,691,74,0.014008,0.013640,67580326.000000,575048.000000,0.008509
900,692,74,0.014042,0.013648,67666789.000000,573349.000000,0.008473
901,692,74,0.014020,0.013647,67802710.000000,579059.000000,0.008540
902,693,74,0.014061,0.013686,67897372.000000,577871.000000,0.008511
903,694,74,0.014097,0.013733,67985392.000000,578312.000000,0.008506
904,695,74,0.014609,0.014161,68404260.000000,585895.000000,0.008565
905,696,74,0.014642,0.014187,68823533.000000,584743.000000,0.008496
906,697,73,0.014689,0.014291,69020237.000000,583935.000000,0.008460
907,697,73,0.014812,0.014409,69261142.000000,587237.000000,0.008479
908,698,73,0.014786,0.014389,69478392.000000,593611.000000,0.008544
909,699,73,0.014843,0.014478,69729471.000000,591211.000000,0.008479
910,700,73,0.014874,0.014364,69491999.000000,588421.000000,0.008467
911,701,72,0.014650,0.014269,69690696.000000,591894.000000,0.008493
912,702,72,0.014350,0.013973,69679664.000000,583356.000000,0.008372
913,702,72,0.014331,0.013979,69754173.000000,584113.000000,0.008374
914,703,72,0.014403,0.014019,69888220.000000,584828.000000,0.008368
915,704,72,0.014391,0.014038,69978343.000000,583847.000000,0.008343
916,705,72,0.014474,0.014075,70158202.000000,593124.000000,0.008454
917,706,72,0.014483,0.014101,70521556.000000,593674.000000,0.008418
918,707,71,0.014843,0.014453,70924258.000000,600493.000000,0.008467
919,708,71,0.014651,0.014282,71067932.000000,598380.000000,0.008420
920,708,71,0.014675,0.014320,71073310.000000,598869.000000,0.008426
921,708,71,0.015137,0.014760,71355536.000000,601361.000000,0.008428
922,709,71,0.015198,0.014801,71515560.000000,604362.000000,0.008451
923,710,71,0.015424,0.014897,71496161.000000,604936.000000,0.008461
924,711,70,0.014965,0.014429,71567849.000000,600367.000000,0.008389
925,711,70,0.015497,0.014952,71567384.000000,608874.000000,0.008508
926,711,70,0.014880,0.014363,71539519.000000,601082.000000,0.008402
927,711,70,0.014929,0.014417,71602819.000000,601360.000000,0.008399
928,712,70,0.014953,0.014566,71774216.000000,599313.000000,0.008350
929,712,70,0.014854,0.014466,71975813.000000,599848.000000,0.008334
930,712,70,0.014896,0.014515,72205866.000000,599754.000000,0.008306
931,713,69,0.014972,0.014616,72504422.000000,602617.000000,0.008311
932,714,69,0.015311,0.014904,72826986.000000,607918.000000,0.008347
933,714,69,0.015197,0.014786,73324926.000000,608400.000000,0.008297
934,715,69,0.015156,0.014768,73080327.000000,608804.000000,0.008331
935,716,69,0.015171,0.014785,73291441.000000,613893.000000,0.008376
936,716,69,0.015310,0.014918,73440422.000000,614853.000000,0.008372
937,716,69,0.015308,0.014894,73536402.000000,611990.000000,0.008322
938,717,68,0.015700,0.015282,74146944.000000,619260.000000,0.008352
939,718,68,0.015625,0.015200,74100906.000000,618100.000000,0.008341
940,719,68,0.015602,0.015163,74422508.000000,621679.000000,0.008353
941,720,68,0.015744,0.015210,74625255.000000,636380.000000,0.008528
942,720,68,0.015896,0.015316,74533957.000000,618025.000000,0.008292
943,721,68,0.015843,0.015119,74645909.000000,619201.000000,0.008295
944,722,68,0.015974,0.015396,74814314.000000,627523.000000,0.008388
945,723,67,0.015800,0.015391,75219384.000000,623140.000000,0.008284
946,724,67,0.015659,0.015253,75436544.000000,621694.000000,0.008241
947,725,67,0.015637,0.015261,75516966.000000,623493.000000,0.008256
948,725,67,0.015764,0.015395,75577418.000000,623579.000000,0.008251
949,726,67,0.015637,0.015230,75622602.000000,624606.000000,0.008260
950,727,67,0.015744,0.015352,75855250.000000,625236.000000,0.008242
951,728,67,0.015978,0.015561,76223033.000000,628560.000000,0.008246
952,729,66,0.015924,0.015513,76560420.000000,632190.000000,0.008257
953,730,66,0.015887,0.015464,76605059.000000,635318.000000,0.008293
954,731,66,0.015817,0.015425,76682784.000000,632672.000000,0.008251
955,732,66,0.016038,0.015668,77084332.000000,633191.000000,0.008214
956,732,66,0.016091,0.015728,77100876.000000,633046.000000,0.008211
957,733,66,0.016561,0.016019,77115668.000000,636859.000000,0.008258
958,734,66,0.016060,0.015535,77041132.000000,635345.000000,0.008247
959,735,65,0.016091,0.015599,77177367.000000,635794.000000,0.008238
960,735,65,0.016211,0.015720,77142440.000000,636716.000000,0.008254
961,736,65,0.016080,0.015587,77159085.000000,635870.000000,0.008241
962,736,65,0.016037,0.015541,77153608.000000,635847.000000,0.008241
963,737,65,0.016489,0.015959,77264638.000000,641298.000000,0.008300
964,737,65,0.016080,0.015580,77143316.000000,635470.000000,0.008238
965,738,65,0.016046,0.015531,77234450.000000,633427.000000,0.008201
966,739,64,0.016092,0.015562,77445197.000000,637100.000000,0.008226
967,740,64,0.016126,0.015635,77582267.000000,640522.000000,0.008256
968,741,64,0.016361,0.015843,77694304.000000,642489.000000,0.008269
969,742,64,0.016378,0.016012,77936351.000000,653445.000000,0.008384
970,743,64,0.016062,0.015670,77981180.000000,643867.000000,0.008257
971,744,64,0.016200,0.015835,78324209.000000,644329.000000,0.008226
972,744,64,0.016188,0.015828,78313181.000000,643288.000000,0.008214
973,744,64,0.016224,0.015826,78460163.000000,642553.000000,0.008190
974,745,64,0.016287,0.015895,78681536.000000,642781.000000,0.008169
975,746,63,0.016243,0.015846,78672264.000000,646374.000000,0.008216
976,747,63,0.016785,0.016232,78988342.000000,650330.000000,0.008233
977,748,63,0.016362,0.015833,78816651.000000,647489.000000,0.008215
978,748,63,0.016487,0.015958,79022449.000000,650471.000000,0.008231
979,749,63,0.016464,0.015944,79062556.000000,648916.000000,0.008208
980,750,63,0.016580,0.016057,79289026.000000,655005.000000,0.008261
981,751,63,0.016684,0.016146,79559161.000000,658419.000000,0.008276
982,752,63,0.016818,0.016419,79893636.000000,657554.000000,0.008230
983,753,63,0.016475,0.016068,79770903.000000,655950.000000,0.008223
984,754,62,0.016453,0.016057,79959938.000000,653712.000000,0.008175
985,754,62,0.016576,0.016195,80592757.000000,656984.000000,0.008152
986,755,62,0.016636,0.016233,80629663.000000,658008.000000,0.008161
987,756,62,0.016644,0.016261,80836083.000000,657567.000000,0.008135
988,756,62,0.016853,0.016459,80988604.000000,661664.000000,0.008170
989,757,62,0.016766,0.016368,81110752.000000,661768.000000,0.008159
990,758,62,0.016760,0.016360,81494533.000000,662800.000000,0.008133
991,759,62,0.016816,0.016422,81730566.000000,664897.000000,0.008135
992,759,62,0.016916,0.016534,81849484.000000,666832.000000,0.008147
993,760,61,0.016922,0.016562,81860045.000000,667428.000000,0.008153
994,761,61,0.017499,0.017103,82081082.000000,670763.000000,0.008172
995,762,61,0.017103,0.016726,82095224.000000,668696.000000,0.008145
996,763,61,0.016808,0.016413,82122961.000000,665171.000000,0.008100
997,763,61,0.016941,0.016560,82279527.000000,668462.000000,0.008124
998,763,61,0.016892,0.016453,82382782.000000,668952.000000,0.008120
999,764,61,0.018114,0.017653,83104696.000000,690648.000000,0.008311
1000,764,61,0.017287,0.016871,82829915.000000,674199.000000,0.008140
1001,765,61,0.017087,0.016689,82413938.000000,671538.000000,0.008148
1002,766,60,0.017091,0.016599,82599613.000000,679853.000000,0.008231
1003,767,60,0.017027,0.016661,82551770.000000,671284.000000,0.008132
1004,767,60,0.017122,0.016720,82737859.000000,672499.000000,0.008128
1005,768,60,0.017411,0.016988,83708467.000000,680369.000000,0.008128
1006,769,60,0.017194,0.016785,83386053.000000,679972.000000,0.008155
1007,770,60,0.017430,0.017021,84299503.000000,683370.000000,0.008106
1008,771,60,0.017380,0.016972,84452839.000000,684047.000000,0.008100
1009,772,60,0.017361,0.016992,84331698.000000,685980.000000,0.008134
1010,773,60,0.017376,0.016986,84445946.000000,688084.000000,0.008148
1011,773,60,0.017706,0.017302,85032448.000000,691404.000000,0.008131
1012,773,60,0.017451,0.017034,84710588.000000,687942.000000,0.008121
1013,774,59,0.017479,0.017088,84896302.000000,692268.000000,0.008154
