frame,nb of entities,FPS,frame length,physics length,L1-dcache-loads,L1-dcache-load-misses,L1-dcache-load-miss-ratio
0,3,302,0.001658,0.000028,623015.000000,34881.000000,0.055987
1,4,302,0.003318,0.000030,755504.000000,37903.000000,0.050169
2,5,302,0.003322,0.000031,747741.000000,37669.000000,0.050377
3,6,302,0.003322,0.000031,737593.000000,37284.000000,0.050548
4,7,302,0.003326,0.000031,734702.000000,37192.000000,0.050622
5,8,302,0.003325,0.000039,728112.000000,34741.000000,0.047714
6,9,302,0.003323,0.000036,771165.000000,38266.000000,0.049621
7,10,302,0.003318,0.000045,797701.000000,43691.000000,0.054771
8,11,302,0.003327,0.000031,770599.000000,38911.000000,0.050494
9,12,302,0.003320,0.000037,785088.000000,38117.000000,0.048551
10,13,302,0.003324,0.000033,766983.000000,34678.000000,0.045214
11,14,302,0.003324,0.000032,792160.000000,39646.000000,0.050048
12,15,302,0.003325,0.000041,774425.000000,38344.000000,0.049513
13,16,302,0.003321,0.000042,782928.000000,39527.000000,0.050486
14,17,302,0.003330,0.000043,779625.000000,38980.000000,0.049998
15,18,302,0.003314,0.000064,746839.000000,37766.000000,0.050568
16,19,302,0.003325,0.000046,770940.000000,38474.000000,0.049905
17,20,302,0.003318,0.000048,794257.000000,39073.000000,0.049194
18,21,302,0.003326,0.000048,791216.000000,38254.000000,0.048348
19,22,302,0.003323,0.000048,785619.000000,38452.000000,0.048945
20,23,302,0.003326,0.000051,762326.000000,35082.000000,0.046020
21,24,302,0.003320,0.000051,814953.000000,39551.000000,0.048532
22,25,302,0.003330,0.000049,808801.000000,38982.000000,0.048197
23,26,302,0.003316,0.000055,813771.000000,39286.000000,0.048276
24,27,302,0.003330,0.000069,845166.000000,39967.000000,0.047289
25,28,302,0.003316,0.000084,846886.000000,43020.000000,0.050798
26,29,302,0.003325,0.000057,898015.000000,40970.000000,0.045623
27,30,302,0.003322,0.000055,861958.000000,40214.000000,0.046654
28,31,302,0.003325,0.000063,863368.000000,40076.000000,0.046418
29,32,302,0.003323,0.000079,912402.000000,47185.000000,0.051715
30,33,303,0.003321,0.000057,866358.000000,37327.000000,0.043085
31,34,303,0.003325,0.000091,906846.000000,47152.000000,0.051996
32,35,303,0.003317,0.000091,909833.000000,46967.000000,0.051622
33,36,303,0.003324,0.000089,911386.000000,46542.000000,0.051067
34,37,303,0.003319,0.000185,933704.000000,47932.000000,0.051335
35,38,303,0.003325,0.000101,896113.000000,43644.000000,0.048704
36,39,303,0.003317,0.000117,949273.000000,48565.000000,0.051160
37,40,303,0.003325,0.000177,963071.000000,49296.000000,0.051186
38,41,303,0.003320,0.000105,942712.000000,48262.000000,0.051195
39,42,303,0.003325,0.000104,928429.000000,48944.000000,0.052717
40,43,303,0.003319,0.000108,921900.000000,43811.000000,0.047523
41,44,303,0.003324,0.000106,961697.000000,48183.000000,0.050102
42,45,303,0.003316,0.000125,992982.000000,48689.000000,0.049033
43,45,303,0.003325,0.000072,967226.000000,41207.000000,0.042603
44,46,303,0.003322,0.000074,972207.000000,41255.000000,0.042434
45,46,303,0.003327,0.000065,928405.000000,37304.000000,0.040181
46,46,303,0.003327,0.000082,923415.000000,41590.000000,0.045039
47,47,303,0.003322,0.000090,926492.000000,42273.000000,0.045627
48,48,303,0.003312,0.000146,957401.000000,49420.000000,0.051619
49,49,303,0.003324,0.000114,960022.000000,48975.000000,0.051014
50,50,303,0.003321,0.000092,913749.000000,37689.000000,0.041247
51,51,303,0.003328,0.000091,934954.000000,41377.000000,0.044256
52,52,303,0.003315,0.000100,970727.000000,47098.000000,0.048518
53,53,303,0.003321,0.000095,974451.000000,42456.000000,0.043569
54,54,303,0.003321,0.000111,976183.000000,42476.000000,0.043512
55,55,303,0.003324,0.000103,936814.000000,38317.000000,0.040901
56,56,303,0.003323,0.000101,970404.000000,41900.000000,0.043178
57,57,303,0.003322,0.000109,985690.000000,41965.000000,0.042574
58,57,303,0.003325,0.000110,1005589.000000,41948.000000,0.041715
59,58,303,0.003321,0.000099,1014110.000000,42625.000000,0.042032
60,59,300,0.003325,0.000098,991624.000000,37959.000000,0.038280
61,60,300,0.003324,0.000184,1088083.000000,51506.000000,0.047336
62,61,300,0.003325,0.000132,1049764.000000,45549.000000,0.043390
63,62,300,0.003321,0.000102,1036270.000000,42257.000000,0.040778
64,62,300,0.003324,0.000108,1041766.000000,42120.000000,0.040431
65,62,300,0.003322,0.000100,1009879.000000,38525.000000,0.038148
66,63,300,0.003328,0.000106,1032630.000000,43034.000000,0.041674
67,64,300,0.003320,0.000120,1045971.000000,42961.000000,0.041073
68,65,300,0.003327,0.000109,1048624.000000,43276.000000,0.041269
69,66,300,0.003326,0.000120,1070703.000000,44355.000000,0.041426
70,67,300,0.003317,0.000123,1087615.000000,40293.000000,0.037047
71,68,300,0.003323,0.000103,1110268.000000,43767.000000,0.039420
72,69,300,0.003328,0.000126,1099305.000000,43507.000000,0.039577
73,70,300,0.003314,0.000122,1111579.000000,43650.000000,0.039268
74,71,300,0.003328,0.000120,1149537.000000,45369.000000,0.039467
75,71,300,0.003323,0.000137,1082815.000000,39660.000000,0.036627
76,72,300,0.003325,0.000127,1126544.000000,43887.000000,0.038957
77,73,300,0.003320,0.000140,1149759.000000,44755.000000,0.038926
78,73,300,0.003326,0.000132,1136945.000000,43759.000000,0.038488
79,73,300,0.003322,0.000128,1136196.000000,43844.000000,0.038588
80,74,300,0.003324,0.000140,1140403.000000,42143.000000,0.036954
81,75,300,0.003323,0.000194,1199367.000000,46256.000000,0.038567
82,76,300,0.003322,0.000141,1186786.000000,45388.000000,0.038244
83,77,300,0.003327,0.000139,1209578.000000,46054.000000,0.038074
84,77,300,0.003320,0.000124,1202261.000000,44597.000000,0.037094
85,78,300,0.003327,0.000138,1177191.000000,42771.000000,0.036333
86,79,300,0.003320,0.000163,1206066.000000,46099.000000,0.038223
87,79,300,0.003326,0.000137,1184135.000000,45006.000000,0.038007
88,80,300,0.003322,0.000143,1184335.000000,45774.000000,0.038650
89,81,300,0.003323,0.000137,1190597.000000,45163.000000,0.037933
90,82,300,0.003321,0.000149,1176125.000000,42009.000000,0.035718
91,83,300,0.003328,0.000146,1241247.000000,46177.000000,0.037202
92,84,300,0.003320,0.000165,1268949.000000,46148.000000,0.036367
93,85,300,0.003380,0.000157,1249761.000000,46171.000000,0.036944
94,86,300,0.003265,0.000177,1262962.000000,46794.000000,0.037051
95,87,300,0.003327,0.000158,1223589.000000,42456.000000,0.034698
96,87,300,0.003321,0.000176,1262966.000000,45819.000000,0.036279
97,87,300,0.003326,0.000159,1264909.000000,46566.000000,0.036814
98,88,300,0.003320,0.000180,1274027.000000,46461.000000,0.036468
99,88,300,0.003332,0.000189,1255806.000000,47045.000000,0.037462
100,89,300,0.003314,0.000189,1269314.000000,45433.000000,0.035793
101,90,300,0.003321,0.000150,1316579.000000,47234.000000,0.035876
102,91,300,0.003321,0.000188,1300042.000000,46657.000000,0.035889
103,92,300,0.003325,0.000186,1308300.000000,47385.000000,0.036219
104,93,300,0.003398,0.000208,1308508.000000,48775.000000,0.037275
105,94,300,0.003306,0.000183,1250630.000000,43920.000000,0.035118
106,94,300,0.003349,0.000182,1291449.000000,48407.000000,0.037483
107,95,300,0.003378,0.000185,1320955.000000,49122.000000,0.037187
108,96,300,0.003327,0.000226,1372230.000000,49971.000000,0.036416
109,97,300,0.003315,0.000309,1516007.000000,62860.000000,0.041464
110,98,300,0.003328,0.000208,1439072.000000,45440.000000,0.031576
111,99,300,0.003320,0.000228,1474865.000000,48916.000000,0.033166
112,100,300,0.003324,0.000237,1493134.000000,50483.000000,0.033810
113,101,300,0.003323,0.000214,1504376.000000,49254.000000,0.032740
114,102,300,0.003320,0.000219,1510496.000000,49503.000000,0.032773
115,103,300,0.003321,0.000238,1507813.000000,48437.000000,0.032124
116,103,300,0.003327,0.000228,1578712.000000,49813.000000,0.031553
117,104,300,0.003321,0.000234,1577989.000000,50717.000000,0.032140
118,105,300,0.003327,0.000253,1580441.000000,52271.000000,0.033074
119,106,300,0.003320,0.000235,1595035.000000,50753.000000,0.031819
120,107,300,0.003328,0.000253,1618175.000000,47194.000000,0.029165
121,108,300,0.003320,0.000292,1682891.000000,53306.000000,0.031675
122,108,300,0.003327,0.000260,1696309.000000,51462.000000,0.030338
123,109,300,0.003325,0.000233,1724933.000000,51741.000000,0.029996
124,109,300,0.003323,0.000309,1791695.000000,55196.000000,0.030807
125,110,300,0.003321,0.000295,1684301.000000,47228.000000,0.028040
126,111,300,0.003330,0.000286,1792449.000000,53131.000000,0.029642
127,111,300,0.003319,0.000298,1771069.000000,55692.000000,0.031445
128,112,300,0.003325,0.000257,1774373.000000,54867.000000,0.030922
129,113,300,0.003324,0.000314,1783140.000000,54189.000000,0.030390
130,114,300,0.003321,0.000335,1834630.000000,54530.000000,0.029723
131,115,300,0.003319,0.000333,1852934.000000,55651.000000,0.030034
132,116,300,0.003325,0.000300,1847136.000000,54539.000000,0.029526
133,117,300,0.003324,0.000374,1903253.000000,60512.000000,0.031794
134,118,300,0.003321,0.000312,1890562.000000,55148.000000,0.029170
135,119,300,0.003327,0.000307,1865963.000000,50893.000000,0.027274
136,120,300,0.003322,0.000345,1928319.000000,57434.000000,0.029784
137,120,300,0.003329,0.000310,1934887.000000,55499.000000,0.028683
138,121,300,0.003319,0.000356,1943491.000000,56444.000000,0.029043
139,122,300,0.003326,0.000339,1957062.000000,57303.000000,0.029280
140,123,300,0.003322,0.000334,1996535.000000,53651.000000,0.026872
141,124,300,0.003327,0.000344,2094126.000000,57673.000000,0.027540
142,125,300,0.003323,0.000371,2093684.000000,58893.000000,0.028129
143,125,300,0.003325,0.000358,2073436.000000,56354.000000,0.027179
144,125,300,0.003323,0.000349,2115438.000000,57804.000000,0.027325
145,125,300,0.003326,0.000410,2160050.000000,57636.000000,0.026683
146,126,300,0.003321,0.000371,2181634.000000,58807.000000,0.026955
147,127,300,0.003326,0.000374,2185946.000000,59338.000000,0.027145
148,128,300,0.003321,0.000440,2264097.000000,60719.000000,0.026818
149,129,300,0.003326,0.000415,2280253.000000,60086.000000,0.026351
150,129,300,0.003320,0.000458,2324418.000000,56744.000000,0.024412
151,129,300,0.003328,0.000448,2361582.000000,62905.000000,0.026637
152,130,300,0.003322,0.000396,2398920.000000,60853.000000,0.025367
153,130,300,0.003326,0.000486,2391828.000000,60902.000000,0.025463
154,131,300,0.003321,0.000446,2434812.000000,62641.000000,0.025727
155,131,300,0.003325,0.000427,2373682.000000,55810.000000,0.023512
156,131,300,0.003325,0.000435,2418874.000000,61668.000000,0.025495
157,131,300,0.003323,0.000457,2421949.000000,62815.000000,0.025936
158,132,300,0.003325,0.000454,2442469.000000,63208.000000,0.025879
159,132,300,0.003325,0.000428,2421621.000000,60847.000000,0.025127
160,133,300,0.003327,0.000577,2428879.000000,64551.000000,0.026576
161,134,300,0.003319,0.000426,2482360.000000,61560.000000,0.024799
162,135,300,0.003326,0.000447,2489110.000000,62084.000000,0.024942
163,136,300,0.003403,0.000454,2473758.000000,63713.000000,0.025756
164,136,300,0.003352,0.000476,2476804.000000,62412.000000,0.025199
165,137,300,0.003363,0.000466,2474925.000000,58981.000000,0.023831
166,138,300,0.003362,0.000469,2531790.000000,62746.000000,0.024783
167,139,300,0.003357,0.000473,2531103.000000,63503.000000,0.025089
168,140,300,0.003360,0.000513,2607532.000000,64899.000000,0.024889
169,140,300,0.003354,0.000476,2628599.000000,64726.000000,0.024624
170,141,300,0.003357,0.000481,2525368.000000,59280.000000,0.023474
171,142,300,0.003351,0.000488,2596827.000000,63814.000000,0.024574
172,143,300,0.003358,0.000476,2628503.000000,63826.000000,0.024282
173,144,300,0.003364,0.000508,2671812.000000,65453.000000,0.024498
174,145,300,0.003362,0.000524,2704310.000000,64974.000000,0.024026
175,146,300,0.003331,0.000486,2776079.000000,61575.000000,0.022181
176,147,300,0.003322,0.000546,2876727.000000,66593.000000,0.023149
177,147,300,0.003325,0.000467,2838798.000000,66135.000000,0.023297
178,147,300,0.003322,0.000582,2857784.000000,70457.000000,0.024654
179,148,300,0.003324,0.000472,2872150.000000,65837.000000,0.022923
180,149,300,0.003329,0.000571,2842722.000000,62058.000000,0.021830
181,150,300,0.003315,0.000510,2947994.000000,66215.000000,0.022461
182,150,300,0.003327,0.000639,3034525.000000,68121.000000,0.022449
183,151,300,0.003371,0.000544,2946421.000000,67951.000000,0.023062
184,152,300,0.003363,0.000534,2969651.000000,67511.000000,0.022734
185,153,299,0.003503,0.000587,2954285.000000,65730.000000,0.022249
186,154,299,0.003326,0.000571,3103559.000000,68719.000000,0.022142
187,154,299,0.003316,0.000585,3210461.000000,71743.000000,0.022347
188,155,299,0.003373,0.000741,3205245.000000,71316.000000,0.022250
189,156,299,0.003369,0.000593,3056609.000000,66024.000000,0.021600
190,156,299,0.003365,0.000544,3109354.000000,68130.000000,0.021911
191,157,299,0.003370,0.000644,3150985.000000,70686.000000,0.022433
192,158,299,0.003375,0.000710,3194709.000000,69855.000000,0.021866
193,159,299,0.003359,0.000719,3246031.000000,70901.000000,0.021842
194,159,299,0.003362,0.000651,3228204.000000,65118.000000,0.020172
195,160,299,0.003378,0.000744,3306476.000000,71933.000000,0.021755
196,161,299,0.003369,0.000716,3316484.000000,71867.000000,0.021670
197,162,299,0.003365,0.000656,3329688.000000,72233.000000,0.021694
198,163,299,0.003373,0.000758,3320418.000000,71087.000000,0.021409
199,164,298,0.003362,0.000683,3298016.000000,67183.000000,0.020371
200,165,298,0.003372,0.000682,3433972.000000,71755.000000,0.020896
201,166,298,0.003373,0.000708,3541305.000000,72280.000000,0.020411
202,167,298,0.003370,0.000731,3676871.000000,74153.000000,0.020167
203,167,298,0.003383,0.000793,3556281.000000,71817.000000,0.020194
204,168,298,0.003376,0.000759,3525949.000000,68680.000000,0.019478
205,168,298,0.003374,0.000874,3559262.000000,72492.000000,0.020367
206,169,298,0.003381,0.000751,3585337.000000,75698.000000,0.021113
207,170,298,0.003376,0.000694,3557261.000000,71748.000000,0.020169
208,170,298,0.003369,0.000795,3558031.000000,72188.000000,0.020289
209,171,298,0.003388,0.000722,3587378.000000,69800.000000,0.019457
210,172,298,0.003394,0.000738,3733046.000000,74805.000000,0.020039
211,173,298,0.003380,0.000747,3734963.000000,74145.000000,0.019852
212,174,297,0.003360,0.000761,3696638.000000,73296.000000,0.019828
213,175,297,0.003375,0.000692,3733531.000000,74046.000000,0.019833
214,176,297,0.003338,0.000854,3718473.000000,70091.000000,0.018849
215,177,297,0.003373,0.000779,3815088.000000,75883.000000,0.019890
216,178,297,0.003371,0.000845,3847859.000000,75435.000000,0.019604
217,179,297,0.003386,0.000834,3999233.000000,77983.000000,0.019499
218,180,297,0.003367,0.000782,3952454.000000,79547.000000,0.020126
219,181,297,0.003328,0.000855,4067830.000000,77133.000000,0.018962
220,182,297,0.003307,0.000966,4315617.000000,86111.000000,0.019953
221,183,297,0.003324,0.000801,4202815.000000,81684.000000,0.019436
222,184,297,0.003324,0.000998,4302071.000000,85912.000000,0.019970
223,185,297,0.003325,0.000852,4358237.000000,84305.000000,0.019344
224,186,297,0.003325,0.000875,4423246.000000,81986.000000,0.018535
225,187,297,0.003325,0.001060,4477274.000000,87559.000000,0.019556
226,188,297,0.003324,0.000941,4516479.000000,88951.000000,0.019695
227,188,297,0.003324,0.000875,4551682.000000,85238.000000,0.018727
228,189,297,0.003324,0.000883,4668968.000000,89448.000000,0.019158
229,190,297,0.003324,0.000927,4593411.000000,84273.000000,0.018346
230,190,298,0.003323,0.000916,4633207.000000,86788.000000,0.018732
231,191,298,0.003325,0.000966,4687931.000000,86553.000000,0.018463
232,191,298,0.003327,0.000948,4767912.000000,88851.000000,0.018635
233,192,298,0.003321,0.000955,4808513.000000,89821.000000,0.018680
234,192,298,0.003326,0.001008,4789894.000000,84858.000000,0.017716
235,192,298,0.003322,0.000973,4819957.000000,89011.000000,0.018467
236,193,298,0.003328,0.000987,4840686.000000,91921.000000,0.018989
237,194,298,0.003321,0.001018,4843244.000000,89894.000000,0.018561
238,195,298,0.003326,0.001048,4872889.000000,89729.000000,0.018414
239,196,298,0.003321,0.001003,4873225.000000,87096.000000,0.017872
240,197,298,0.003327,0.001030,4925763.000000,90038.000000,0.018279
241,198,298,0.003311,0.001062,4965640.000000,90054.000000,0.018135
242,198,298,0.003326,0.001032,5098399.000000,91612.000000,0.017969
243,198,298,0.003321,0.000965,5118423.000000,90861.000000,0.017752
244,199,298,0.003326,0.001069,5111771.000000,87644.000000,0.017146
245,199,298,0.003323,0.001020,5126230.000000,91172.000000,0.017785
246,200,298,0.003323,0.001092,5186845.000000,92491.000000,0.017832
247,201,298,0.003324,0.001061,5236850.000000,93016.000000,0.017762
248,202,298,0.003324,0.001039,5182405.000000,92643.000000,0.017876
249,203,298,0.003327,0.001218,5209101.000000,91360.000000,0.017539
250,204,298,0.003308,0.001123,5339961.000000,96434.000000,0.018059
251,205,298,0.003323,0.001081,5350297.000000,95372.000000,0.017826
252,206,299,0.003324,0.001164,5430314.000000,98363.000000,0.018114
253,207,299,0.003324,0.001119,5443355.000000,96498.000000,0.017728
254,208,299,0.003326,0.001102,5483217.000000,93490.000000,0.017050
255,209,299,0.003321,0.001070,5578532.000000,96886.000000,0.017368
256,210,299,0.003326,0.001159,5651019.000000,97868.000000,0.017319
257,211,299,0.003329,0.001180,5709697.000000,99186.000000,0.017371
258,211,299,0.003318,0.001111,5757444.000000,98624.000000,0.017130
259,212,299,0.003327,0.001177,5715598.000000,94364.000000,0.016510
260,213,299,0.003322,0.001179,5793787.000000,97913.000000,0.016900
261,214,299,0.003325,0.001157,5830652.000000,101241.000000,0.017364
262,215,299,0.003324,0.001205,5844793.000000,99238.000000,0.016979
263,215,299,0.003325,0.001198,5856259.000000,99058.000000,0.016915
264,215,299,0.003322,0.001103,5855310.000000,94604.000000,0.016157
265,215,299,0.003331,0.001239,5896165.000000,100852.000000,0.017105
266,216,300,0.003320,0.001253,5897273.000000,99280.000000,0.016835
267,216,300,0.003325,0.001215,5992714.000000,102248.000000,0.017062
268,216,300,0.003325,0.001334,5942322.000000,99169.000000,0.016689
269,216,300,0.003327,0.001249,5989652.000000,98104.000000,0.016379
270,217,300,0.003320,0.001239,6077913.000000,101907.000000,0.016767
271,217,300,0.003329,0.001249,5995922.000000,99555.000000,0.016604
272,218,300,0.003322,0.001236,6008461.000000,100788.000000,0.016774
273,219,300,0.003323,0.001328,6125586.000000,107431.000000,0.017538
274,220,300,0.003327,0.001279,6051539.000000,98661.000000,0.016303
275,220,300,0.003323,0.001247,6070621.000000,101942.000000,0.016793
276,221,300,0.003323,0.001287,6130627.000000,106520.000000,0.017375
277,222,300,0.003328,0.001263,6087184.000000,102124.000000,0.016777
278,223,300,0.003323,0.001273,6195285.000000,103568.000000,0.016717
279,224,300,0.003328,0.001311,6290747.000000,105454.000000,0.016763
280,225,300,0.003314,0.001403,6412152.000000,108123.000000,0.016862
281,226,300,0.003323,0.001320,6344893.000000,105585.000000,0.016641
282,227,300,0.003324,0.001241,6467047.000000,105271.000000,0.016278
283,228,300,0.003327,0.001313,6347506.000000,104246.000000,0.016423
284,229,300,0.003325,0.001366,6486004.000000,103722.000000,0.015992
285,229,300,0.003321,0.001364,6513839.000000,108262.000000,0.016620
286,230,300,0.003329,0.001346,6522824.000000,106478.000000,0.016324
287,231,300,0.003323,0.001352,6592272.000000,108591.000000,0.016472
288,232,300,0.003324,0.001393,6667643.000000,112778.000000,0.016914
289,233,300,0.003400,0.001472,6894577.000000,121391.000000,0.017607
290,234,300,0.003405,0.001379,6720958.000000,109011.000000,0.016220
291,235,300,0.003400,0.001313,6875037.000000,110823.000000,0.016120
292,236,300,0.003407,0.001410,6886254.000000,110348.000000,0.016024
293,237,300,0.003396,0.001357,6933115.000000,110499.000000,0.015938
294,238,300,0.003417,0.001496,6973445.000000,107738.000000,0.015450
295,239,300,0.003404,0.001482,7064169.000000,111514.000000,0.015786
296,240,299,0.003417,0.001461,7257635.000000,113712.000000,0.015668
297,241,299,0.003334,0.001539,7212131.000000,113794.000000,0.015778
298,242,299,0.003336,0.001904,7575460.000000,132072.000000,0.017434
299,242,299,0.003317,0.001401,7304801.000000,109383.000000,0.014974
300,242,299,0.003325,0.001535,7398677.000000,114635.000000,0.015494
301,243,299,0.003330,0.001423,7444977.000000,115341.000000,0.015492
302,244,299,0.003319,0.001589,7560646.000000,116868.000000,0.015457
303,245,299,0.003322,0.001650,7710463.000000,121702.000000,0.015784
304,246,299,0.003332,0.001504,7655198.000000,116786.000000,0.015256
305,247,299,0.003317,0.001633,7760041.000000,119648.000000,0.015418
306,248,299,0.003323,0.001712,7985830.000000,123529.000000,0.015469
307,249,299,0.003332,0.001569,7868647.000000,121738.000000,0.015471
308,250,299,0.003316,0.001657,7923766.000000,119834.000000,0.015123
309,251,299,0.003329,0.001774,8026956.000000,124349.000000,0.015491
310,252,299,0.003331,0.001621,8001207.000000,124796.000000,0.015597
311,253,299,0.003316,0.001696,8019510.000000,122420.000000,0.015265
312,253,299,0.003325,0.001722,8157656.000000,123930.000000,0.015192
313,254,299,0.003333,0.001619,8305584.000000,126157.000000,0.015189
314,255,299,0.003315,0.001608,8127818.000000,120556.000000,0.014833
315,255,299,0.003324,0.001743,8230594.000000,127703.000000,0.015516
316,256,299,0.003331,0.001658,8397610.000000,127477.000000,0.015180
317,257,299,0.003323,0.001642,8486875.000000,125132.000000,0.014744
318,258,299,0.003321,0.001734,8544673.000000,126124.000000,0.014761
319,259,299,0.003426,0.001857,8529955.000000,123452.000000,0.014473
320,260,299,0.003423,0.001750,8843397.000000,128913.000000,0.014577
321,261,299,0.003422,0.001674,8730669.000000,127489.000000,0.014602
322,262,299,0.003447,0.001715,8817956.000000,127543.000000,0.014464
323,263,299,0.003427,0.001799,8831250.000000,127210.000000,0.014405
324,264,298,0.003420,0.001732,8838443.000000,123606.000000,0.013985
325,265,298,0.003428,0.001885,8941958.000000,129880.000000,0.014525
326,266,298,0.003378,0.001764,9177291.000000,131205.000000,0.014297
327,267,298,0.003426,0.001815,9194317.000000,129951.000000,0.014134
328,268,298,0.003423,0.001791,9310671.000000,131663.000000,0.014141
329,269,298,0.003429,0.001848,9427833.000000,128622.000000,0.013643
330,270,298,0.003422,0.001829,9369192.000000,133105.000000,0.014207
331,270,297,0.003431,0.001846,9467040.000000,132595.000000,0.014006
332,270,297,0.003425,0.001840,9581264.000000,134292.000000,0.014016
333,270,297,0.003387,0.001913,9619190.000000,131571.000000,0.013678
334,271,297,0.003430,0.001865,9664987.000000,138620.000000,0.014342
335,272,297,0.003433,0.001920,9768466.000000,138793.000000,0.014208
336,273,297,0.003422,0.001923,9876005.000000,137966.000000,0.013970
337,274,297,0.003365,0.002013,9911557.000000,139870.000000,0.014112
338,275,297,0.003411,0.002138,9911988.000000,136386.000000,0.013760
339,275,296,0.003373,0.002047,10027779.000000,142894.000000,0.014250
340,275,296,0.003334,0.002132,10063545.000000,139632.000000,0.013875
341,276,296,0.003337,0.002035,9957258.000000,139981.000000,0.014058
342,277,296,0.003348,0.002162,9998357.000000,137586.000000,0.013761
343,278,296,0.003342,0.001987,9994476.000000,136145.000000,0.013622
344,278,296,0.003345,0.002315,10160141.000000,140822.000000,0.013860
345,279,296,0.003332,0.001968,10169436.000000,140300.000000,0.013796
346,280,296,0.003452,0.002284,10323525.000000,143387.000000,0.013889
347,281,296,0.003440,0.002126,10404541.000000,146108.000000,0.014043
348,282,296,0.003446,0.002030,10406725.000000,139242.000000,0.013380
349,283,296,0.003439,0.002109,10464583.000000,143199.000000,0.013684
350,284,296,0.003440,0.002101,10410648.000000,145559.000000,0.013982
351,284,296,0.003435,0.002052,10352043.000000,141950.000000,0.013712
352,285,296,0.003438,0.002090,10376205.000000,143311.000000,0.013812
353,286,295,0.003439,0.002128,10452821.000000,141930.000000,0.013578
354,287,295,0.003437,0.002070,10668405.000000,144480.000000,0.013543
355,288,295,0.003446,0.002234,10636213.000000,151266.000000,0.014222
356,289,295,0.003445,0.002135,10691274.000000,146022.000000,0.013658
357,290,295,0.003444,0.002130,10724483.000000,145823.000000,0.013597
358,291,295,0.003442,0.002176,10806428.000000,144502.000000,0.013372
359,292,295,0.003363,0.002171,10909844.000000,148160.000000,0.013580
360,293,295,0.003490,0.002457,11041442.000000,151008.000000,0.013676
361,294,295,0.003444,0.002191,11022932.000000,149513.000000,0.013564
362,294,294,0.003445,0.002223,11192408.000000,151361.000000,0.013524
363,295,294,0.003445,0.002230,11168699.000000,146383.000000,0.013107
364,296,294,0.003446,0.002242,11274538.000000,152020.000000,0.013483
365,297,294,0.003444,0.002232,11300190.000000,151144.000000,0.013375
366,298,294,0.003405,0.002261,11509586.000000,155214.000000,0.013486
367,298,294,0.003449,0.002295,11533770.000000,151103.000000,0.013101
368,298,293,0.003392,0.002682,11701906.000000,162866.000000,0.013918
369,299,293,0.003355,0.002446,11660114.000000,156085.000000,0.013386
370,300,293,0.003362,0.002510,11782472.000000,157054.000000,0.013329
371,301,293,0.003325,0.002293,11834890.000000,154307.000000,0.013038
372,302,293,0.003357,0.002479,11973115.000000,154505.000000,0.012904
373,303,293,0.003353,0.002374,12037017.000000,159626.000000,0.013261
374,304,293,0.003452,0.002834,12221143.000000,165454.000000,0.013538
375,304,293,0.003373,0.002588,12090878.000000,160689.000000,0.013290
376,305,293,0.003363,0.002567,12102493.000000,159494.000000,0.013179
377,305,293,0.003355,0.002347,12005301.000000,152556.000000,0.012707
378,306,293,0.003467,0.002642,12124278.000000,161714.000000,0.013338
379,306,293,0.003467,0.002565,12267429.000000,164880.000000,0.013440
380,307,293,0.003467,0.002643,12310670.000000,168795.000000,0.013711
381,308,293,0.003460,0.002475,12268187.000000,162579.000000,0.013252
382,309,293,0.003475,0.002863,12718945.000000,174817.000000,0.013745
383,309,292,0.003461,0.002458,12542680.000000,164788.000000,0.013138
384,310,293,0.003386,0.002780,12733286.000000,173971.000000,0.013663
385,311,293,0.003337,0.002677,12747395.000000,169972.000000,0.013334
386,312,293,0.003350,0.002722,12801507.000000,176849.000000,0.013815
387,313,293,0.003507,0.002542,12717548.000000,164540.000000,0.012938
388,314,292,0.003590,0.002949,13142538.000000,180597.000000,0.013741
389,315,292,0.003464,0.002534,12908537.000000,167383.000000,0.012967
390,316,292,0.003449,0.002799,13062500.000000,176899.000000,0.013543
391,317,292,0.003403,0.002663,13193188.000000,174834.000000,0.013252
392,318,292,0.003822,0.003024,13340269.000000,175917.000000,0.013187
393,319,292,0.003478,0.002611,13370500.000000,172913.000000,0.012932
394,320,292,0.003463,0.002612,13278778.000000,173187.000000,0.013042
395,320,291,0.003487,0.002615,13380691.000000,175048.000000,0.013082
396,321,291,0.003459,0.002671,13602412.000000,171686.000000,0.012622
397,322,291,0.003658,0.003038,13595171.000000,178103.000000,0.013100
398,323,291,0.003352,0.002729,13623407.000000,175994.000000,0.012919
399,323,291,0.003332,0.002675,13665971.000000,175058.000000,0.012810
400,324,291,0.003334,0.002717,13733659.000000,177985.000000,0.012960
401,325,291,0.003389,0.002750,13727362.000000,173682.000000,0.012652
402,326,291,0.003343,0.002728,13818913.000000,180571.000000,0.013067
403,327,291,0.003389,0.002726,13858139.000000,177891.000000,0.012837
404,327,291,0.003417,0.002794,13978567.000000,180906.000000,0.012942
405,327,291,0.003351,0.002750,13967470.000000,178996.000000,0.012815
406,328,291,0.003404,0.002820,13962983.000000,175831.000000,0.012593
407,328,291,0.003386,0.002787,13974212.000000,178717.000000,0.012789
408,329,291,0.003437,0.002798,14043360.000000,180785.000000,0.012873
409,330,291,0.003390,0.002782,14105585.000000,178922.000000,0.012684
410,331,291,0.003492,0.002889,14186967.000000,183112.000000,0.012907
411,332,291,0.003405,0.002796,14209610.000000,178121.000000,0.012535
412,333,291,0.003513,0.002901,14399387.000000,184898.000000,0.012841
413,334,291,0.003471,0.002870,14368452.000000,181902.000000,0.012660
414,335,291,0.003512,0.002902,14397112.000000,184438.000000,0.012811
415,336,291,0.003500,0.002887,14438829.000000,185052.000000,0.012816
416,337,291,0.003534,0.002945,14472020.000000,180967.000000,0.012505
417,338,291,0.003497,0.002871,14570985.000000,185463.000000,0.012728
418,338,290,0.003640,0.002958,14766036.000000,188257.000000,0.012749
419,339,290,0.003537,0.002884,14695615.000000,186135.000000,0.012666
420,340,290,0.003543,0.002904,14794825.000000,186918.000000,0.012634
421,341,290,0.003613,0.002976,14858317.000000,183469.000000,0.012348
422,341,290,0.003583,0.002966,15071840.000000,189191.000000,0.012553
423,342,289,0.003606,0.002989,14954554.000000,187737.000000,0.012554
424,343,289,0.003646,0.003046,15047205.000000,191662.000000,0.012737
425,344,289,0.003653,0.003029,15050230.000000,186967.000000,0.012423
426,345,288,0.003745,0.003113,15295708.000000,194738.000000,0.012732
427,346,288,0.003904,0.003216,15358236.000000,206349.000000,0.013436
428,347,285,0.005381,0.004847,16321139.000000,232994.000000,0.014276
429,347,284,0.003847,0.003454,15427076.000000,192126.000000,0.012454
430,347,283,0.004134,0.003513,15437872.000000,192547.000000,0.012472
431,347,283,0.003790,0.003106,15516589.000000,193894.000000,0.012496
432,348,282,0.003742,0.003117,15581804.000000,193847.000000,0.012441
433,349,282,0.003664,0.003032,15486717.000000,194485.000000,0.012558
434,350,281,0.003828,0.003172,15772501.000000,192452.000000,0.012202
435,351,281,0.003726,0.003097,15669092.000000,193872.000000,0.012373
436,351,280,0.003796,0.003168,15829070.000000,193675.000000,0.012235
437,351,280,0.003757,0.003141,15825443.000000,193701.000000,0.012240
438,352,279,0.003807,0.003202,15909147.000000,194543.000000,0.012228
439,353,279,0.003860,0.003136,15991635.000000,197203.000000,0.012332
440,354,278,0.003887,0.003264,16452635.000000,201861.000000,0.012269
441,354,278,0.003872,0.003268,16347208.000000,197330.000000,0.012071
442,355,277,0.003916,0.003289,16442400.000000,195632.000000,0.011898
443,355,276,0.003950,0.003341,16647224.000000,201039.000000,0.012076
444,356,276,0.003948,0.003298,16665105.000000,201041.000000,0.012064
445,357,275,0.003967,0.003338,16732987.000000,202607.000000,0.012108
446,358,274,0.003975,0.003346,16847883.000000,200338.000000,0.011891
447,359,273,0.004023,0.003397,16943206.000000,204823.000000,0.012089
448,359,273,0.004012,0.003408,17057471.000000,202870.000000,0.011893
449,360,272,0.004323,0.003595,17190703.000000,205904.000000,0.011978
450,361,271,0.004137,0.003501,17485897.000000,208459.000000,0.011922
451,362,270,0.004355,0.003707,17340196.000000,205178.000000,0.011833
452,363,269,0.004130,0.003497,17454931.000000,208165.000000,0.011926
453,364,269,0.004124,0.003489,17546217.000000,208228.000000,0.011867
454,365,268,0.004194,0.003564,17767244.000000,211429.000000,0.011900
455,366,267,0.004142,0.003539,17573771.000000,207730.000000,0.011820
456,367,266,0.004158,0.003504,17667775.000000,209831.000000,0.011876
457,368,266,0.004176,0.003536,17728128.000000,210187.000000,0.011856
458,369,265,0.004206,0.003571,17958368.000000,212006.000000,0.011805
459,369,263,0.004241,0.003617,18042925.000000,208587.000000,0.011561
460,370,262,0.004296,0.003666,18287380.000000,214419.000000,0.011725
461,371,261,0.004232,0.003658,18169044.000000,212473.000000,0.011694
462,371,260,0.004476,0.004119,18632437.000000,218611.000000,0.011733
463,372,259,0.004075,0.003692,18605107.000000,219413.000000,0.011793
464,373,259,0.004103,0.003750,18820649.000000,220287.000000,0.011705
465,374,258,0.004228,0.003820,18694513.000000,221016.000000,0.011823
466,375,256,0.004627,0.004248,18722544.000000,218544.000000,0.011673
467,376,255,0.004194,0.003816,18777695.000000,222596.000000,0.011854
468,377,255,0.004200,0.003805,18925601.000000,224888.000000,0.011883
469,378,254,0.004255,0.003871,19000335.000000,221859.000000,0.011677
470,379,253,0.004219,0.003873,19116357.000000,221964.000000,0.011611
471,379,252,0.004304,0.003894,19262246.000000,225418.000000,0.011703
472,379,251,0.004220,0.003850,19313536.000000,223527.000000,0.011574
473,380,250,0.004252,0.003881,19222120.000000,224641.000000,0.011687
474,381,249,0.004356,0.004010,19443118.000000,226444.000000,0.011646
475,382,248,0.004356,0.003977,19666059.000000,226088.000000,0.011496
476,383,248,0.004401,0.004001,19983898.000000,228467.000000,0.011433
477,384,247,0.004311,0.003959,19824662.000000,226615.000000,0.011431
478,385,246,0.004428,0.004062,19989568.000000,226702.000000,0.011341
479,386,245,0.004420,0.004045,20088100.000000,229642.000000,0.011432
480,387,244,0.004484,0.004125,20423817.000000,233977.000000,0.011456
481,388,243,0.004613,0.004269,20547337.000000,236551.000000,0.011512
482,389,242,0.004460,0.004119,20584508.000000,230699.000000,0.011207
483,390,241,0.004610,0.004260,20763747.000000,237002.000000,0.011414
484,391,240,0.004669,0.004302,20808557.000000,241010.000000,0.011582
485,392,239,0.004515,0.004165,20813491.000000,234933.000000,0.011288
486,392,239,0.004659,0.004248,20990757.000000,238901.000000,0.011381
487,393,238,0.004582,0.004233,21056346.000000,240426.000000,0.011418
488,394,239,0.004706,0.004346,21359525.000000,244344.000000,0.011440
489,395,238,0.004651,0.004310,21318211.000000,237149.000000,0.011124
490,396,237,0.004830,0.004483,21490991.000000,246957.000000,0.011491
491,397,236,0.004691,0.004334,21529302.000000,246210.000000,0.011436
492,398,235,0.004697,0.004334,21548587.000000,239127.000000,0.011097
493,399,234,0.004699,0.004326,21661785.000000,244008.000000,0.011264
494,400,234,0.004758,0.004381,21898828.000000,246050.000000,0.011236
495,401,233,0.004704,0.004332,21746557.000000,243220.000000,0.011184
496,402,232,0.004887,0.004524,22045292.000000,248124.000000,0.011255
497,402,231,0.004869,0.004473,22048164.000000,249029.000000,0.011295
498,403,230,0.004782,0.004410,21908192.000000,245752.000000,0.011217
499,404,229,0.004766,0.004420,21951864.000000,244317.000000,0.011130
500,405,228,0.004846,0.004507,22088216.000000,253764.000000,0.011489
501,406,227,0.004757,0.004402,22072094.000000,248797.000000,0.011272
502,407,227,0.004862,0.004514,22198296.000000,251911.000000,0.011348
503,407,226,0.004839,0.004506,22103176.000000,247042.000000,0.011177
504,408,225,0.004843,0.004482,22132381.000000,249012.000000,0.011251
505,409,224,0.004835,0.004458,22165724.000000,249197.000000,0.011242
506,410,223,0.005596,0.004937,22442172.000000,258885.000000,0.011536
507,411,222,0.005197,0.004797,22688180.000000,257716.000000,0.011359
508,412,221,0.005077,0.004695,23045100.000000,260225.000000,0.011292
509,412,221,0.004914,0.004559,22618999.000000,254605.000000,0.011256
510,413,220,0.005009,0.004653,22722356.000000,253123.000000,0.011140
511,414,219,0.005027,0.004617,22854907.000000,258369.000000,0.011305
512,415,219,0.005069,0.004710,23203466.000000,260429.000000,0.011224
513,415,218,0.005112,0.004752,23184069.000000,257879.000000,0.011123
514,415,217,0.005063,0.004718,23118664.000000,260127.000000,0.011252
515,416,217,0.005022,0.004667,23156154.000000,259896.000000,0.011224
516,417,216,0.005409,0.004964,23286181.000000,262596.000000,0.011277
517,417,215,0.005122,0.004710,23281695.000000,260974.000000,0.011209
518,418,214,0.005223,0.004741,23520714.000000,263205.000000,0.011190
519,419,213,0.005087,0.004705,23354319.000000,256721.000000,0.010992
520,420,213,0.005199,0.004835,23737397.000000,264396.000000,0.011138
521,421,212,0.005176,0.004791,23732828.000000,262853.000000,0.011076
522,421,211,0.005167,0.004788,23719864.000000,262294.000000,0.011058
523,422,211,0.005165,0.004814,23905055.000000,265618.000000,0.011111
524,422,210,0.005252,0.004903,23994952.000000,267061.000000,0.011130
525,422,209,0.005178,0.004834,23965547.000000,265941.000000,0.011097
526,423,209,0.005247,0.004864,23979828.000000,263536.000000,0.010990
527,424,208,0.005264,0.004822,24098968.000000,267176.000000,0.011087
528,425,207,0.005345,0.004970,24480839.000000,274992.000000,0.011233
529,425,206,0.005240,0.004862,24169726.000000,265656.000000,0.010991
530,425,205,0.005447,0.005030,24249329.000000,276349.000000,0.011396
531,426,205,0.005200,0.004818,24304674.000000,269989.000000,0.011109
532,427,204,0.005306,0.004940,24491549.000000,272462.000000,0.011125
533,428,203,0.005957,0.005263,24611044.000000,277794.000000,0.011287
534,429,202,0.005676,0.005011,24676458.000000,279909.000000,0.011343
535,430,201,0.005801,0.005138,24763186.000000,282620.000000,0.011413
536,431,200,0.005703,0.005019,24861009.000000,282142.000000,0.011349
537,432,199,0.005782,0.005099,25013876.000000,285541.000000,0.011415
538,432,198,0.005836,0.005172,25212523.000000,284666.000000,0.011291
539,433,197,0.006003,0.005288,25208514.000000,288954.000000,0.011463
540,434,196,0.006195,0.005509,25422384.000000,293115.000000,0.011530
541,435,195,0.006154,0.005403,25642452.000000,301985.000000,0.011777
542,436,194,0.006242,0.005570,25626337.000000,300203.000000,0.011715
543,437,193,0.006085,0.005352,25689454.000000,296817.000000,0.011554
544,437,192,0.005872,0.005229,25630807.000000,291049.000000,0.011355
545,438,191,0.006253,0.005589,25991805.000000,300048.000000,0.011544
546,439,190,0.006343,0.005684,26106126.000000,298631.000000,0.011439
547,440,189,0.006268,0.005583,26242041.000000,304220.000000,0.011593
548,441,188,0.006514,0.005879,26392957.000000,310144.000000,0.011751
549,441,187,0.006204,0.005500,26321785.000000,301144.000000,0.011441
550,442,186,0.006397,0.005715,26624584.000000,311041.000000,0.011682
551,443,185,0.006688,0.005888,26637194.000000,310604.000000,0.011661
552,444,185,0.005663,0.005312,26385451.000000,300024.000000,0.011371
553,445,184,0.005683,0.005299,26479061.000000,301676.000000,0.011393
554,446,183,0.005791,0.005427,26865866.000000,305335.000000,0.011365
555,447,183,0.005908,0.005534,27384039.000000,313906.000000,0.011463
556,448,182,0.005949,0.005555,27617450.000000,317548.000000,0.011498
557,449,182,0.005914,0.005490,27307644.000000,309332.000000,0.011328
558,450,181,0.006023,0.005658,27702381.000000,320037.000000,0.011553
559,451,180,0.005944,0.005567,27700795.000000,317733.000000,0.011470
560,451,180,0.005954,0.005615,27746319.000000,316719.000000,0.011415
561,452,179,0.005973,0.005594,27852781.000000,320598.000000,0.011510
562,453,178,0.006020,0.005668,28035617.000000,321470.000000,0.011466
563,453,178,0.005998,0.005638,28074384.000000,317148.000000,0.011297
564,454,177,0.006075,0.005694,28388831.000000,323898.000000,0.011409
565,455,176,0.006029,0.005667,28171557.000000,318721.000000,0.011314
566,456,176,0.006053,0.005711,28272298.000000,326739.000000,0.011557
567,457,176,0.006099,0.005713,28372408.000000,324208.000000,0.011427
568,457,175,0.006447,0.006073,28702660.000000,324815.000000,0.011317
569,458,174,0.006244,0.005858,29050104.000000,329969.000000,0.011359
570,459,174,0.006255,0.005876,29175250.000000,329638.000000,0.011299
571,460,173,0.006236,0.005888,29229749.000000,328695.000000,0.011245
572,461,173,0.006306,0.005937,29430782.000000,331101.000000,0.011250
573,462,172,0.006317,0.005926,29421196.000000,332624.000000,0.011306
574,463,171,0.006343,0.005968,29732470.000000,334335.000000,0.011245
575,464,171,0.006469,0.006067,29907072.000000,336595.000000,0.011255
576,465,170,0.006435,0.006061,30095954.000000,335805.000000,0.011158
577,465,169,0.006388,0.006045,29995283.000000,338860.000000,0.011297
578,465,169,0.006446,0.006058,30106460.000000,338703.000000,0.011250
579,466,168,0.006453,0.006084,30204788.000000,335026.000000,0.011092
580,467,168,0.006501,0.006098,30170534.000000,340393.000000,0.011282
581,467,167,0.006467,0.006103,30209694.000000,335357.000000,0.011101
582,467,166,0.006492,0.006119,30404685.000000,340812.000000,0.011209
583,468,166,0.006589,0.006200,30564800.000000,341788.000000,0.011182
584,469,165,0.007125,0.006462,30840713.000000,342585.000000,0.011108
585,470,164,0.006865,0.006208,30891015.000000,345703.000000,0.011191
586,471,163,0.006935,0.006310,31048213.000000,346754.000000,0.011168
587,472,163,0.006975,0.006322,31183470.000000,350457.000000,0.011239
588,472,162,0.007047,0.006376,31611211.000000,352171.000000,0.011141
589,473,161,0.007005,0.006366,31635644.000000,350018.000000,0.011064
590,474,160,0.007094,0.006443,31756687.000000,353186.000000,0.011122
591,475,160,0.007054,0.006433,31773392.000000,349885.000000,0.011012
592,476,159,0.007084,0.006430,31994818.000000,354814.000000,0.011090
593,477,158,0.007140,0.006510,32089963.000000,353838.000000,0.011026
594,478,158,0.007181,0.006525,32292056.000000,359583.000000,0.011135
595,479,157,0.007155,0.006458,32152883.000000,357613.000000,0.011122
596,479,157,0.007196,0.006545,32503433.000000,355739.000000,0.010945
597,480,156,0.007261,0.006598,32679713.000000,361463.000000,0.011061
598,481,155,0.007480,0.006832,32937027.000000,362669.000000,0.011011
599,482,155,0.007316,0.006658,33120120.000000,364475.000000,0.011005
600,483,154,0.007411,0.006757,33246589.000000,363389.000000,0.010930
601,484,154,0.007419,0.006756,33414325.000000,367283.000000,0.010992
602,484,153,0.007508,0.006837,33783554.000000,363537.000000,0.010761
603,484,153,0.007382,0.006709,33547502.000000,365044.000000,0.010881
604,485,152,0.007503,0.006859,33610331.000000,368062.000000,0.010951
605,486,152,0.007452,0.006815,33627818.000000,364812.000000,0.010849
606,487,151,0.007583,0.006931,34004656.000000,370374.000000,0.010892
607,488,151,0.007513,0.006880,34061090.000000,365975.000000,0.010745
608,489,150,0.007634,0.006972,34198425.000000,372377.000000,0.010889
609,490,150,0.007572,0.006921,34212214.000000,368842.000000,0.010781
610,491,149,0.007609,0.006976,34334674.000000,375696.000000,0.010942
611,492,149,0.007544,0.007161,34483883.000000,374194.000000,0.010851
612,493,148,0.007456,0.007085,34712384.000000,376109.000000,0.010835
613,494,148,0.007412,0.007051,34719705.000000,372417.000000,0.010726
614,495,147,0.007445,0.007081,34816373.000000,377851.000000,0.010853
615,496,146,0.007430,0.007046,34844451.000000,378730.000000,0.010869
616,497,146,0.007491,0.007126,34923954.000000,376308.000000,0.010775
617,498,145,0.007415,0.007045,34975509.000000,377640.000000,0.010797
618,499,145,0.007467,0.007103,35125539.000000,376838.000000,0.010728
619,500,144,0.007461,0.007097,35257803.000000,379758.000000,0.010771
620,501,144,0.007506,0.007144,35400543.000000,377385.000000,0.010660
621,502,143,0.007542,0.007163,35577589.000000,380249.000000,0.010688
622,503,143,0.007584,0.007229,35860072.000000,382429.000000,0.010664
623,504,142,0.007545,0.007173,35681368.000000,383080.000000,0.010736
624,505,142,0.007675,0.007310,35827300.000000,390152.000000,0.010890
625,505,141,0.007665,0.007285,35784226.000000,380815.000000,0.010642
626,505,141,0.007594,0.007222,35778280.000000,383701.000000,0.010724
627,505,140,0.007676,0.007294,35878469.000000,383198.000000,0.010680
628,506,140,0.007668,0.007285,36040910.000000,385884.000000,0.010707
629,507,139,0.007637,0.007282,36129250.000000,382959.000000,0.010600
630,508,139,0.007729,0.007364,36251605.000000,390154.000000,0.010762
631,509,138,0.007667,0.007315,36250735.000000,387664.000000,0.010694
632,509,138,0.007672,0.007307,36337875.000000,388356.000000,0.010687
633,509,137,0.007711,0.007347,36422726.000000,387494.000000,0.010639
634,510,137,0.007754,0.007395,36657997.000000,392732.000000,0.010713
635,510,137,0.007767,0.007404,36617860.000000,390101.000000,0.010653
636,511,136,0.007748,0.007379,36660125.000000,395589.000000,0.010791
637,512,136,0.007926,0.007531,36811954.000000,403424.000000,0.010959
638,513,135,0.007806,0.007457,36821479.000000,394493.000000,0.010714
639,514,135,0.007850,0.007465,36943781.000000,398398.000000,0.010784
640,515,134,0.007828,0.007484,37086663.000000,395943.000000,0.010676
641,516,134,0.007858,0.007490,37183812.000000,401722.000000,0.010804
642,516,134,0.007904,0.007536,37242342.000000,397004.000000,0.010660
643,517,133,0.007929,0.007536,37354550.000000,401927.000000,0.010760
644,518,133,0.007895,0.007540,37372411.000000,398959.000000,0.010675
645,518,133,0.007925,0.007538,37485363.000000,401298.000000,0.010705
646,519,132,0.007933,0.007561,37605840.000000,398800.000000,0.010605
647,520,132,0.007895,0.007524,37484006.000000,402158.000000,0.010729
648,521,132,0.007948,0.007599,37672211.000000,398640.000000,0.010582
649,522,132,0.007993,0.007605,37786678.000000,403099.000000,0.010668
650,523,131,0.008395,0.008027,38098550.000000,407026.000000,0.010684
651,524,131,0.008011,0.007623,37962179.000000,403391.000000,0.010626
652,525,131,0.008082,0.007693,38242801.000000,403054.000000,0.010539
653,526,130,0.008190,0.007798,38588522.000000,409545.000000,0.010613
654,527,130,0.008202,0.007841,38832081.000000,405376.000000,0.010439
655,528,130,0.008264,0.007827,38874912.000000,409085.000000,0.010523
656,528,129,0.008604,0.008218,39077575.000000,427396.000000,0.010937
657,528,129,0.008258,0.007863,39028022.000000,412950.000000,0.010581
658,529,129,0.008247,0.007846,39151053.000000,410119.000000,0.010475
659,530,129,0.008254,0.007878,39313345.000000,415278.000000,0.010563
660,531,128,0.008304,0.007950,39502697.000000,413721.000000,0.010473
661,531,128,0.008352,0.007941,39644599.000000,418026.000000,0.010544
662,532,128,0.008548,0.008169,39892932.000000,418387.000000,0.010488
663,533,127,0.008496,0.008082,39987100.000000,418734.000000,0.010472
664,534,127,0.008493,0.008137,40039752.000000,419564.000000,0.010479
665,535,127,0.008474,0.008084,40123508.000000,421317.000000,0.010501
666,535,127,0.008459,0.008111,40154919.000000,415256.000000,0.010341
667,536,126,0.008501,0.008103,40276357.000000,419427.000000,0.010414
668,537,126,0.008555,0.008175,40572161.000000,425200.000000,0.010480
669,538,126,0.008641,0.008247,41066906.000000,427122.000000,0.010401
670,539,126,0.008561,0.008197,40753153.000000,423199.000000,0.010384
671,540,125,0.008645,0.008228,40929736.000000,428993.000000,0.010481
672,541,125,0.008705,0.008354,41111251.000000,424649.000000,0.010329
673,541,125,0.008688,0.008287,41222505.000000,429031.000000,0.010408
674,542,124,0.008826,0.008465,41353043.000000,426146.000000,0.010305
675,543,124,0.008728,0.008369,41388478.000000,428685.000000,0.010358
676,544,124,0.008726,0.008372,41522867.000000,428239.000000,0.010313
677,545,123,0.008746,0.008376,41702753.000000,435973.000000,0.010454
678,546,123,0.008891,0.008438,42011669.000000,447422.000000,0.010650
679,547,123,0.008843,0.008455,42047000.000000,441482.000000,0.010500
680,547,122,0.009111,0.008747,42448111.000000,442715.000000,0.010430
681,547,122,0.009310,0.008921,42624539.000000,452895.000000,0.010625
682,548,121,0.009380,0.009008,42776128.000000,448894.000000,0.010494
683,549,121,0.009371,0.009006,43004897.000000,454002.000000,0.010557
684,550,120,0.009416,0.009003,43116899.000000,458875.000000,0.010643
685,551,120,0.009546,0.009169,43317290.000000,458765.000000,0.010591
686,552,119,0.009578,0.009192,43633688.000000,469532.000000,0.010761
687,553,119,0.009949,0.009577,43703596.000000,466997.000000,0.010686
688,554,119,0.009188,0.008812,43660711.000000,465306.000000,0.010657
689,554,118,0.009610,0.009266,43508151.000000,463932.000000,0.010663
690,555,118,0.009578,0.009211,43593692.000000,464318.000000,0.010651
691,556,117,0.009192,0.008799,43477795.000000,464922.000000,0.010693
692,557,117,0.009221,0.008861,43629135.000000,463451.000000,0.010623
693,557,117,0.009207,0.008850,43670810.000000,466165.000000,0.010675
694,558,116,0.009309,0.008942,43841077.000000,464711.000000,0.010600
695,559,116,0.009447,0.009037,44069260.000000,476954.000000,0.010823
696,560,115,0.009454,0.009090,44047829.000000,471067.000000,0.010694
697,560,115,0.009315,0.008936,44097396.000000,469426.000000,0.010645
698,561,115,0.009374,0.008998,44027344.000000,469128.000000,0.010655
699,562,115,0.009271,0.008897,44109256.000000,470469.000000,0.010666
700,563,114,0.009360,0.008954,44477698.000000,430840.000000,0.009687
701,563,114,0.009357,0.008995,44457950.000000,425817.000000,0.009578
702,563,114,0.009342,0.008968,44471415.000000,427569.000000,0.009614
703,564,113,0.009328,0.008944,44448247.000000,424604.000000,0.009553
704,564,113,0.009360,0.009012,44667356.000000,427021.000000,0.009560
705,565,113,0.009383,0.009022,44743311.000000,425616.000000,0.009512
706,566,112,0.009930,0.009434,45216686.000000,431025.000000,0.009532
707,566,112,0.009625,0.009111,45268726.000000,432540.000000,0.009555
708,567,111,0.009634,0.009126,45275841.000000,429357.000000,0.009483
709,568,111,0.009642,0.009141,45416428.000000,433563.000000,0.009546
710,569,111,0.009648,0.009155,45588034.000000,431898.000000,0.009474
711,570,111,0.009681,0.009184,45701422.000000,435594.000000,0.009531
712,571,110,0.009754,0.009270,45867904.000000,433282.000000,0.009446
713,572,110,0.009988,0.009496,46230077.000000,437120.000000,0.009455
714,573,109,0.009972,0.009371,46483565.000000,441111.000000,0.009490
715,574,109,0.009871,0.009388,46519362.000000,437952.000000,0.009414
716,575,109,0.010039,0.009529,46837761.000000,447323.000000,0.009550
717,576,109,0.009979,0.009488,46923942.000000,441207.000000,0.009403
718,577,108,0.009968,0.009480,46922276.000000,442645.000000,0.009434
719,577,108,0.010026,0.009541,47298796.000000,448657.000000,0.009486
720,578,107,0.010053,0.009590,47271466.000000,441501.000000,0.009340
721,579,107,0.010041,0.009540,47369943.000000,446857.000000,0.009433
722,579,107,0.010038,0.009567,47417188.000000,440794.000000,0.009296
723,580,107,0.010108,0.009585,47546019.000000,443685.000000,0.009332
724,580,106,0.010139,0.009619,47924194.000000,446378.000000,0.009314
725,580,106,0.010191,0.009615,47659251.000000,443721.000000,0.009310
726,580,106,0.010112,0.009713,47790898.000000,449212.000000,0.009400
727,581,105,0.010033,0.009661,47925278.000000,442582.000000,0.009235
728,582,105,0.010095,0.009742,48119519.000000,447965.000000,0.009309
729,583,105,0.010114,0.009737,48299900.000000,454003.000000,0.009400
730,584,104,0.010083,0.009731,48337283.000000,451021.000000,0.009331
731,584,104,0.010108,0.009749,48336753.000000,450795.000000,0.009326
732,584,104,0.010106,0.009737,48356890.000000,452924.000000,0.009366
733,585,104,0.010153,0.009785,48470953.000000,451126.000000,0.009307
734,585,103,0.010216,0.009837,48832101.000000,456612.000000,0.009351
735,586,103,0.010145,0.009781,48616861.000000,452235.000000,0.009302
736,587,103,0.010441,0.010087,49000930.000000,456796.000000,0.009322
737,587,103,0.010169,0.009818,48853797.000000,457765.000000,0.009370
738,588,102,0.010183,0.009851,48852618.000000,453594.000000,0.009285
739,589,102,0.010231,0.009863,48975729.000000,457581.000000,0.009343
740,590,102,0.010242,0.009902,49048853.000000,454990.000000,0.009276
741,591,102,0.010182,0.009825,49080374.000000,454534.000000,0.009261
742,592,102,0.010264,0.009892,49310443.000000,459653.000000,0.009322
743,592,102,0.010235,0.009903,49324292.000000,455041.000000,0.009225
744,593,101,0.010280,0.009904,49383260.000000,459779.000000,0.009310
745,594,101,0.010831,0.010461,49767614.000000,470082.000000,0.009446
746,595,100,0.014722,0.014210,52077100.000000,534142.000000,0.010257
747,596,100,0.011817,0.011281,50265857.000000,494740.000000,0.009842
748,596,100,0.011245,0.010673,50353095.000000,483068.000000,0.009594
749,597,99,0.011520,0.011112,50755972.000000,496479.000000,0.009782
750,598,99,0.010890,0.010508,50533281.000000,466246.000000,0.009227
751,599,99,0.010638,0.010222,50583960.000000,469596.000000,0.009283
752,600,99,0.010613,0.010256,50631582.000000,467268.000000,0.009229
753,601,98,0.010714,0.010328,50746744.000000,466755.000000,0.009198
754,602,98,0.010629,0.010268,50812236.000000,470243.000000,0.009255
755,603,98,0.011289,0.010922,51321329.000000,475565.000000,0.009266
756,604,98,0.010652,0.010292,50949416.000000,468791.000000,0.009201
757,605,97,0.010784,0.010388,51153061.000000,475998.000000,0.009305
758,606,97,0.010725,0.010356,51416852.000000,473888.000000,0.009217
759,607,97,0.010730,0.010371,51234838.000000,472543.000000,0.009223
760,608,97,0.010975,0.010570,51425591.000000,477125.000000,0.009278
761,609,96,0.010788,0.010416,51350732.000000,471198.000000,0.009176
762,610,96,0.010895,0.010516,51511702.000000,476914.000000,0.009258
763,611,96,0.010756,0.010376,51594871.000000,470623.000000,0.009122
764,612,96,0.012064,0.011685,52904441.000000,489669.000000,0.009256
765,613,95,0.010809,0.010387,51978403.000000,477823.000000,0.009193
766,614,95,0.010986,0.010600,52487437.000000,481613.000000,0.009176
767,615,95,0.010944,0.010559,52307043.000000,479630.000000,0.009170
768,616,95,0.010905,0.010516,52498541.000000,482530.000000,0.009191
769,617,95,0.010911,0.010543,52615009.000000,480973.000000,0.009141
770,618,94,0.010955,0.010578,52650955.000000,480953.000000,0.009135
771,619,94,0.010997,0.010619,52989179.000000,485120.000000,0.009155
772,620,94,0.011058,0.010704,53085412.000000,483086.000000,0.009100
773,620,94,0.011271,0.010911,53200262.000000,487219.000000,0.009158
774,621,94,0.012108,0.011711,53898046.000000,502421.000000,0.009322
775,621,93,0.011052,0.010706,53244832.000000,486095.000000,0.009129
776,622,93,0.011291,0.010817,53469908.000000,498654.000000,0.009326
777,623,93,0.011132,0.010741,53414266.000000,492478.000000,0.009220
778,624,93,0.011138,0.010758,53718847.000000,486613.000000,0.009059
779,625,93,0.011179,0.010821,54014232.000000,489401.000000,0.009061
780,626,92,0.012701,0.012299,54799035.000000,511538.000000,0.009335
781,627,92,0.011652,0.011252,54687267.000000,500758.000000,0.009157
782,628,92,0.011818,0.011402,55268504.000000,503941.000000,0.009118
783,629,92,0.011486,0.011055,54856724.000000,498820.000000,0.009093
784,630,91,0.011551,0.011106,55241295.000000,504562.000000,0.009134
785,630,91,0.011514,0.011118,54912198.000000,498861.000000,0.009085
786,631,91,0.011558,0.011165,54954008.000000,502131.000000,0.009137
787,632,91,0.011469,0.011029,54984677.000000,501903.000000,0.009128
788,633,91,0.011521,0.011098,55219801.000000,501523.000000,0.009082
789,634,90,0.011723,0.011291,55930198.000000,507850.000000,0.009080
790,635,90,0.012464,0.011867,56631779.000000,532684.000000,0.009406
791,636,90,0.012541,0.012068,57087385.000000,524344.000000,0.009185
792,637,89,0.012128,0.011720,56894933.000000,513697.000000,0.009029
793,637,89,0.011879,0.011514,57094201.000000,513780.000000,0.008999
794,637,89,0.011932,0.011529,57255286.000000,516994.000000,0.009030
795,638,89,0.011946,0.011572,57394839.000000,514097.000000,0.008957
796,639,89,0.011957,0.011578,57598530.000000,516146.000000,0.008961
797,639,88,0.011910,0.011526,57374082.000000,515138.000000,0.008979
798,640,88,0.012021,0.011612,57664722.000000,520621.000000,0.009028
799,640,88,0.012363,0.011980,57899289.000000,520734.000000,0.008994
800,641,88,0.012012,0.011661,57692470.000000,516357.000000,0.008950
801,641,87,0.012036,0.011685,57687961.000000,517081.000000,0.008963
802,641,87,0.012060,0.011667,57836216.000000,522143.000000,0.009028
803,642,87,0.012038,0.011676,57955732.000000,519117.000000,0.008957
804,643,87,0.012074,0.011723,58045653.000000,520155.000000,0.008961
805,644,86,0.012146,0.011740,58210996.000000,526213.000000,0.009040
806,645,87,0.012301,0.011927,58458896.000000,525605.000000,0.008991
807,645,87,0.012575,0.012187,58778346.000000,531672.000000,0.009045
808,646,87,0.012494,0.011975,58491955.000000,525063.000000,0.008977
809,647,86,0.012299,0.011763,58531453.000000,529121.000000,0.009040
810,648,86,0.012420,0.011903,59232825.000000,527027.000000,0.008898
811,649,86,0.012342,0.011839,58996728.000000,526461.000000,0.008924
812,649,86,0.012455,0.011970,59312439.000000,528651.000000,0.008913
813,650,86,0.012509,0.011972,59493341.000000,534096.000000,0.008977
814,650,85,0.012568,0.012055,59850116.000000,531475.000000,0.008880
815,651,85,0.012873,0.012483,60211104.000000,539726.000000,0.008964
816,652,85,0.012513,0.012121,60342533.000000,534295.000000,0.008854
817,653,85,0.012707,0.012288,60818653.000000,539388.000000,0.008869
818,654,84,0.012541,0.012186,60345444.000000,533218.000000,0.008836
819,655,84,0.012614,0.012221,60499577.000000,535119.000000,0.008845
820,656,84,0.012671,0.012245,60835759.000000,535990.000000,0.008810
821,657,84,0.012616,0.012201,60673171.000000,538209.000000,0.008871
822,658,84,0.012754,0.012394,60946176.000000,539262.000000,0.008848
823,659,83,0.012823,0.012444,61079580.000000,539241.000000,0.008828
824,660,83,0.012661,0.012303,61060307.000000,539872.000000,0.008842
825,661,83,0.012732,0.012323,61215814.000000,545314.000000,0.008908
826,662,83,0.012842,0.012424,61594653.000000,548868.000000,0.008911
827,662,83,0.013107,0.012604,61711304.000000,549553.000000,0.008905
828,663,82,0.012968,0.012430,61740828.000000,550150.000000,0.008911
829,664,82,0.013012,0.012511,62051834.000000,549180.000000,0.008850
830,665,82,0.013136,0.012592,62362088.000000,557275.000000,0.008936
831,666,82,0.013963,0.013554,62806671.000000,556606.000000,0.008862
832,666,81,0.013266,0.012691,62527422.000000,550194.000000,0.008799
833,666,81,0.013131,0.012631,62581004.000000,551199.000000,0.008808
834,666,81,0.013194,0.012681,62714319.000000,553185.000000,0.008821
835,667,81,0.013281,0.012730,62985505.000000,558851.000000,0.008873
836,668,81,0.013344,0.012826,63507251.000000,557907.000000,0.008785
837,668,80,0.013219,0.012735,63140090.000000,552258.000000,0.008747
838,669,80,0.013381,0.013010,63280381.000000,557551.000000,0.008811
839,670,80,0.013112,0.012735,63303321.000000,552702.000000,0.008731
840,671,80,0.013229,0.012820,63476892.000000,560400.000000,0.008828
841,671,80,0.013161,0.012785,63397685.000000,554091.000000,0.008740
842,671,79,0.013165,0.012808,63396792.000000,554020.000000,0.008739
843,672,79,0.013195,0.012819,63514818.000000,557057.000000,0.008771
844,673,79,0.013171,0.012818,63611193.000000,558059.000000,0.008773
845,674,79,0.013224,0.012825,63746899.000000,561721.000000,0.008812
846,675,79,0.013538,0.013133,64096643.000000,563148.000000,0.008786
847,675,79,0.013330,0.012956,64157815.000000,560407.000000,0.008735
848,675,78,0.013342,0.012947,64139184.000000,558599.000000,0.008709
849,675,78,0.013329,0.012945,64303923.000000,559452.000000,0.008700
850,675,78,0.013447,0.013065,64464004.000000,566664.000000,0.008790
851,675,78,0.013391,0.013016,64502544.000000,563986.000000,0.008744
852,676,78,0.013409,0.013031,64696407.000000,566896.000000,0.008762
853,676,78,0.013691,0.013313,64780512.000000,568770.000000,0.008780
854,676,78,0.013444,0.013049,64720143.000000,567862.000000,0.008774
855,676,77,0.013434,0.013035,64809055.000000,567456.000000,0.008756
856,677,77,0.013615,0.013106,65109504.000000,580432.000000,0.008915
857,677,77,0.013561,0.013179,65139726.000000,564200.000000,0.008661
858,677,77,0.013671,0.013297,65697237.000000,566823.000000,0.008628
859,678,77,0.013624,0.013254,65516074.000000,571020.000000,0.008716
860,679,77,0.013674,0.013280,65660147.000000,571590.000000,0.008705
861,680,76,0.014353,0.013766,65839813.000000,577604.000000,0.008773
862,681,76,0.014161,0.013286,65950083.000000,570918.000000,0.008657
863,681,76,0.013826,0.013319,66055391.000000,572166.000000,0.008662
864,682,76,0.013872,0.013381,66504804.000000,575065.000000,0.008647
865,683,76,0.014132,0.013615,66665573.000000,576898.000000,0.008654
866,683,75,0.014101,0.013571,67509384.000000,584680.000000,0.008661
867,683,75,0.014090,0.013564,67263918.000000,581835.000000,0.008650
868,684,75,0.014171,0.013806,67457931.000000,579198.000000,0.008586
869,685,75,0.013974,0.013571,67479567.000000,577066.000000,0.008552
870,686,75,0.014103,0.013739,67649701.000000,580661.000000,0.008583
871,687,75,0.014059,0.013660,67738675.000000,578997.000000,0.008548
872,687,74,0.014112,0.013720,68108848.000000,582262.000000,0.008549
873,687,74,0.014179,0.013764,68369919.000000,589827.000000,0.008627
874,688,74,0.014050,0.013694,67979117.000000,585044.000000,0.008606
875,689,74,0.014330,0.013922,68285065.000000,589629.000000,0.008635
876,690,74,0.014325,0.013937,68777623.000000,588797.000000,0.008561
877,691,74,0.014252,0.013878,68565273.000000,587531.000000,0.008569
878,692,74,0.014291,0.013891,68797230.000000,590513.000000,0.008583
879,692,73,0.014348,0.013958,69386339.000000,592412.000000,0.008538
880,692,73,0.014252,0.013872,68851719.000000,592301.000000,0.008603
881,693,73,0.014236,0.013860,68916222.000000,587840.000000,0.008530
882,694,73,0.014652,0.014271,69440188.000000,595427.000000,0.008575
883,695,73,0.014646,0.014114,69326324.000000,594009.000000,0.008568
884,696,73,0.014578,0.014077,69787569.000000,595570.000000,0.008534
885,697,72,0.014568,0.014048,69900186.000000,597803.000000,0.008552
886,697,72,0.014771,0.014227,70527901.000000,598315.000000,0.008483
887,698,72,0.014654,0.014111,70306558.000000,602153.000000,0.008565
888,699,72,0.014755,0.014244,70498372.000000,598764.000000,0.008493
889,700,72,0.014974,0.014560,70905596.000000,604842.000000,0.008530
890,701,72,0.014614,0.014202,70789598.000000,601530.000000,0.008497
891,702,72,0.014710,0.014325,71164817.000000,600539.000000,0.008439
892,703,72,0.014841,0.014430,71490007.000000,606141.000000,0.008479
893,704,71,0.014765,0.014377,71227130.000000,602377.000000,0.008457
894,705,71,0.014974,0.014589,71723952.000000,612109.000000,0.008534
895,705,71,0.015071,0.014682,71775839.000000,614667.000000,0.008564
896,705,71,0.014793,0.014404,71616140.000000,604132.000000,0.008436
897,706,71,0.014843,0.014437,72032461.000000,613364.000000,0.008515
898,707,71,0.014934,0.014540,72284819.000000,610942.000000,0.008452
899,708,71,0.015041,0.014649,72875219.000000,615190.000000,0.008442
900,709,70,0.015355,0.014980,72806067.000000,616152.000000,0.008463
901,709,70,0.015490,0.014944,72816616.000000,617895.000000,0.008486
902,710,70,0.015327,0.014921,73149138.000000,620159.000000,0.008478
903,711,70,0.015166,0.014772,73299793.000000,615193.000000,0.008393
904,712,70,0.015195,0.014826,73220052.000000,615101.000000,0.008401
905,713,69,0.015326,0.014915,73419790.000000,619419.000000,0.008437
906,713,69,0.015409,0.015034,74090025.000000,617299.000000,0.008332
907,714,69,0.015421,0.015017,74214028.000000,618749.000000,0.008337
908,715,69,0.015647,0.015079,74699796.000000,631890.000000,0.008459
909,716,69,0.015506,0.014976,74376814.000000,624745.000000,0.008400
910,717,69,0.015494,0.015096,74656366.000000,624503.000000,0.008365
911,717,68,0.015517,0.015135,74737799.000000,626509.000000,0.008383
912,718,68,0.015735,0.015232,74731769.000000,626563.000000,0.008384
913,718,68,0.015574,0.015073,74613033.000000,625443.000000,0.008382
914,719,68,0.015561,0.015064,74626753.000000,626009.000000,0.008389
915,720,68,0.015996,0.015576,74907761.000000,630734.000000,0.008420
916,721,68,0.015658,0.015250,75114703.000000,631289.000000,0.008404
917,722,67,0.015533,0.015116,75121080.000000,627878.000000,0.008358
918,722,67,0.015588,0.015192,75253170.000000,629834.000000,0.008370
919,722,67,0.015592,0.015185,75219839.000000,629768.000000,0.008372
920,723,67,0.015590,0.015165,75368884.000000,630905.000000,0.008371
921,724,67,0.016196,0.015759,76004878.000000,637885.000000,0.008393
922,725,67,0.015671,0.015262,75471320.000000,632558.000000,0.008381
923,726,67,0.015739,0.015202,75712750.000000,643332.000000,0.008497
924,727,66,0.015747,0.015328,75934365.000000,638823.000000,0.008413
925,728,66,0.015703,0.015301,75847288.000000,634307.000000,0.008363
926,729,66,0.015691,0.015269,75978086.000000,636614.000000,0.008379
927,729,66,0.015893,0.015473,76428263.000000,636896.000000,0.008333
928,730,66,0.016020,0.015617,76299727.000000,640090.000000,0.008389
929,731,66,0.015690,0.015296,76282659.000000,639920.000000,0.008389
930,732,66,0.015853,0.015468,76940278.000000,638831.000000,0.008303
931,733,66,0.015819,0.015428,76727398.000000,638063.000000,0.008316
932,733,65,0.015689,0.015325,76709766.000000,635788.000000,0.008288
933,734,65,0.015795,0.015404,76874846.000000,638267.000000,0.008303
934,735,65,0.016101,0.015699,77485172.000000,643409.000000,0.008304
935,736,65,0.016138,0.015747,77861698.000000,643983.000000,0.008271
936,737,65,0.015936,0.015569,77637149.000000,643265.000000,0.008286
937,738,65,0.015905,0.015517,77704069.000000,643112.000000,0.008276
938,739,65,0.015947,0.015561,77950374.000000,650254.000000,0.008342
939,740,65,0.016032,0.015654,78363282.000000,650349.000000,0.008299
940,741,64,0.016203,0.015834,78368417.000000,652458.000000,0.008326
941,742,64,0.016178,0.015794,78451647.000000,654327.000000,0.008341
942,743,64,0.016193,0.015800,78679826.000000,653098.000000,0.008301
943,744,64,0.016139,0.015761,79007731.000000,651374.000000,0.008244
944,745,64,0.016291,0.015897,79329676.000000,656708.000000,0.008278
945,746,64,0.016478,0.016073,79822900.000000,662099.000000,0.008295
946,747,64,0.016594,0.016195,79889772.000000,664669.000000,0.008320
947,748,64,0.016525,0.016133,80169000.000000,665570.000000,0.008302
948,749,63,0.016672,0.016301,80354727.000000,663707.000000,0.008260
949,749,63,0.016601,0.016234,80316146.000000,661329.000000,0.008234
950,750,63,0.016681,0.016313,80366376.000000,663978.000000,0.008262
951,750,63,0.016598,0.016184,80419062.000000,663838.000000,0.008255
952,751,63,0.017659,0.017122,80840825.000000,672789.000000,0.008322
953,752,63,0.016921,0.016397,81053384.000000,670325.000000,0.008270
954,753,63,0.016923,0.016404,81143940.000000,672219.000000,0.008284
955,754,62,0.016880,0.016382,81147248.000000,674535.000000,0.008312
956,754,62,0.016898,0.016375,81263705.000000,673278.000000,0.008285
957,754,62,0.017067,0.016529,81525677.000000,678566.000000,0.008323
958,755,62,0.017325,0.016944,81267795.000000,678056.000000,0.008343
959,756,62,0.017138,0.016606,81314359.000000,674302.000000,0.008293
960,757,62,0.016986,0.016484,81601744.000000,678029.000000,0.008309
961,758,62,0.016975,0.016452,81698619.000000,677998.000000,0.008299
962,758,62,0.017039,0.016526,82031245.000000,680689.000000,0.008298
963,759,61,0.017038,0.016571,82150668.000000,683067.000000,0.008315
964,759,61,0.017764,0.017178,82516168.000000,687015.000000,0.008326
965,760,61,0.017574,0.017018,82730655.000000,686771.000000,0.008301
966,761,61,0.017221,0.016818,83173889.000000,682195.000000,0.008202
967,762,61,0.017161,0.016760,82920357.000000,680457.000000,0.008206
968,763,61,0.017248,0.016835,83186461.000000,682256.000000,0.008202
969,764,61,0.017198,0.016790,83351513.000000,688082.000000,0.008255
970,765,61,0.017481,0.017085,83945019.000000,689564.000000,0.008214
971,766,61,0.017164,0.016773,83731890.000000,684548.000000,0.008175
972,767,60,0.017294,0.016864,84037825.000000,690155.000000,0.008212
973,768,60,0.017473,0.017065,84519693.000000,689309.000000,0.008156
974,769,60,0.017463,0.017059,84525010.000000,690845.000000,0.008173
975,769,60,0.017388,0.016998,84256673.000000,690819.000000,0.008199
976,770,60,0.017696,0.017279,84604908.000000,693689.000000,0.008199
977,770,60,0.017389,0.016988,84892238.000000,691329.000000,0.008144
978,771,60,0.017255,0.016888,84505630.000000,689647.000000,0.008161
979,771,60,0.017341,0.016925,84663609.000000,687327.000000,0.008118
980,772,60,0.017422,0.017026,85140733.000000,695069.000000,0.008164
981,772,59,0.017587,0.017177,84790751.000000,694068.000000,0.008186
