frame,nb of entities,FPS,frame length,physics length,L1-dcache-loads,L1-dcache-load-misses,L1-dcache-load-miss-ratio
0,3,302,0.001402,0.000032,663383.000000,37704.000000,0.056836
1,4,302,0.003316,0.000040,769138.000000,43090.000000,0.056024
2,5,302,0.003322,0.000026,741604.000000,37707.000000,0.050845
3,6,302,0.003323,0.000031,692057.000000,33105.000000,0.047836
4,7,303,0.003320,0.000044,746006.000000,40812.000000,0.054707
5,8,303,0.003321,0.000034,749072.000000,40401.000000,0.053935
6,9,303,0.003318,0.000052,777916.000000,40780.000000,0.052422
7,10,303,0.003322,0.000030,791835.000000,37851.000000,0.047802
8,11,303,0.003325,0.000030,752128.000000,33921.000000,0.045100
9,12,303,0.003325,0.000030,766951.000000,37699.000000,0.049154
10,13,303,0.003318,0.000036,782988.000000,37400.000000,0.047766
11,14,303,0.003328,0.000037,774478.000000,38816.000000,0.050119
12,15,303,0.003326,0.000040,771282.000000,38018.000000,0.049292
13,16,303,0.003321,0.000054,758838.000000,36220.000000,0.047731
14,17,303,0.003319,0.000040,767661.000000,38244.000000,0.049819
15,18,303,0.003324,0.000041,799147.000000,37811.000000,0.047314
16,19,303,0.003322,0.000034,780069.000000,38058.000000,0.048788
17,20,303,0.003327,0.000043,780837.000000,38259.000000,0.048997
18,21,303,0.003321,0.000044,734354.000000,33830.000000,0.046068
19,22,303,0.003324,0.000059,788237.000000,38294.000000,0.048582
20,23,303,0.003320,0.000059,841797.000000,39406.000000,0.046812
21,24,303,0.003328,0.000046,849614.000000,39859.000000,0.046914
22,25,303,0.003319,0.000072,825039.000000,44240.000000,0.053622
23,26,303,0.003324,0.000058,795415.000000,35507.000000,0.044640
24,27,303,0.003322,0.000054,832993.000000,39303.000000,0.047183
25,28,303,0.003323,0.000081,851229.000000,46269.000000,0.054356
26,28,303,0.003314,0.000075,849539.000000,44707.000000,0.052625
27,29,303,0.003324,0.000049,861578.000000,38874.000000,0.045120
28,30,303,0.003322,0.000048,825384.000000,35162.000000,0.042601
29,31,303,0.003327,0.000058,895416.000000,40456.000000,0.045181
30,32,303,0.003324,0.000051,838758.000000,38790.000000,0.046247
31,33,303,0.003322,0.000065,863938.000000,39640.000000,0.045883
32,34,303,0.003324,0.000056,878299.000000,40228.000000,0.045802
33,35,303,0.003325,0.000070,841141.000000,35531.000000,0.042241
34,36,303,0.003318,0.000093,887636.000000,48269.000000,0.054379
35,37,303,0.003324,0.000078,889047.000000,40844.000000,0.045941
36,38,303,0.003317,0.000086,894749.000000,41572.000000,0.046462
37,39,303,0.003321,0.000087,933847.000000,42161.000000,0.045148
38,40,303,0.003323,0.000079,865515.000000,37091.000000,0.042854
39,41,303,0.003320,0.000082,928279.000000,39895.000000,0.042977
40,42,303,0.003324,0.000065,896473.000000,40136.000000,0.044771
41,42,303,0.003325,0.000076,884018.000000,39840.000000,0.045067
42,43,303,0.003326,0.000080,893026.000000,39989.000000,0.044779
43,44,303,0.003318,0.000101,889531.000000,37434.000000,0.042083
44,44,303,0.003324,0.000074,912641.000000,40253.000000,0.044106
45,45,303,0.003321,0.000075,924526.000000,40704.000000,0.044027
46,46,303,0.003324,0.000076,928033.000000,40522.000000,0.043664
47,47,303,0.003352,0.000151,860987.000000,42761.000000,0.049665
48,47,303,0.003339,0.000076,819014.000000,37227.000000,0.045453
49,48,303,0.003341,0.000080,843613.000000,40911.000000,0.048495
50,48,303,0.003351,0.000083,833602.000000,40477.000000,0.048557
51,49,303,0.003337,0.000087,826509.000000,40445.000000,0.048935
52,50,303,0.003360,0.000084,835493.000000,40545.000000,0.048528
53,51,303,0.003340,0.000131,823990.000000,37993.000000,0.046109
54,52,303,0.003335,0.000090,844356.000000,40853.000000,0.048384
55,52,303,0.003332,0.000120,888862.000000,47657.000000,0.053616
56,53,303,0.003331,0.000114,901279.000000,46763.000000,0.051885
57,54,303,0.003320,0.000118,993128.000000,48346.000000,0.048681
58,55,303,0.003323,0.000102,956995.000000,38988.000000,0.040740
59,56,303,0.003319,0.000085,995468.000000,41769.000000,0.041959
60,57,300,0.003323,0.000105,1003156.000000,41674.000000,0.041543
61,57,300,0.003319,0.000110,1000859.000000,42229.000000,0.042193
62,58,300,0.003327,0.000146,1005837.000000,42765.000000,0.042517
63,59,300,0.003319,0.000121,1011721.000000,39107.000000,0.038654
64,60,300,0.003325,0.000127,1002773.000000,43920.000000,0.043799
65,61,300,0.003320,0.000100,1048806.000000,43707.000000,0.041673
66,62,300,0.003321,0.000181,1050957.000000,49372.000000,0.046978
67,63,300,0.003351,0.000133,968190.000000,44163.000000,0.045614
68,63,300,0.003347,0.000116,932767.000000,38773.000000,0.041568
69,64,300,0.003357,0.000118,988879.000000,43827.000000,0.044320
70,64,300,0.003360,0.000112,973264.000000,43261.000000,0.044449
71,64,300,0.003354,0.000111,946451.000000,42311.000000,0.044705
72,65,300,0.003350,0.000115,943228.000000,42870.000000,0.045450
73,66,300,0.003385,0.000115,919599.000000,39135.000000,0.042557
74,67,300,0.003320,0.000115,1017285.000000,42959.000000,0.042229
75,67,300,0.003333,0.000113,1028033.000000,42239.000000,0.041087
76,67,300,0.003308,0.000114,1041021.000000,42164.000000,0.040503
77,68,300,0.003326,0.000119,1071914.000000,43202.000000,0.040304
78,69,300,0.003320,0.000119,1017000.000000,38473.000000,0.037830
79,70,300,0.003318,0.000122,1060786.000000,42263.000000,0.039841
80,70,300,0.003321,0.000117,1049391.000000,41599.000000,0.039641
81,71,300,0.003334,0.000234,1102046.000000,52952.000000,0.048049
82,72,300,0.003316,0.000123,1063984.000000,42446.000000,0.039893
83,73,300,0.003317,0.000138,1057065.000000,39497.000000,0.037365
84,73,300,0.003326,0.000135,1104596.000000,43528.000000,0.039406
85,74,300,0.003317,0.000136,1113347.000000,43541.000000,0.039108
86,75,300,0.003320,0.000134,1095985.000000,43494.000000,0.039685
87,76,300,0.003334,0.000138,1107963.000000,43839.000000,0.039567
88,77,300,0.003312,0.000136,1065836.000000,39717.000000,0.037264
89,77,300,0.003325,0.000135,1104178.000000,43017.000000,0.038958
90,77,300,0.003328,0.000135,1102929.000000,43386.000000,0.039337
91,78,300,0.003318,0.000140,1113094.000000,43397.000000,0.038988
92,79,300,0.003318,0.000141,1121866.000000,43420.000000,0.038703
93,80,300,0.003329,0.000131,1135833.000000,40931.000000,0.036036
94,81,300,0.003318,0.000180,1162360.000000,48400.000000,0.041639
95,82,300,0.003326,0.000144,1184792.000000,44719.000000,0.037744
96,83,300,0.003328,0.000152,1210898.000000,46533.000000,0.038429
97,84,300,0.003316,0.000152,1211255.000000,44919.000000,0.037085
98,85,300,0.003328,0.000149,1177045.000000,40978.000000,0.034814
99,86,300,0.003324,0.000165,1221339.000000,45725.000000,0.037438
100,87,300,0.003322,0.000149,1223654.000000,45242.000000,0.036973
101,88,300,0.003323,0.000161,1250017.000000,45845.000000,0.036676
102,88,300,0.003330,0.000152,1235378.000000,45003.000000,0.036429
103,88,300,0.003320,0.000149,1180945.000000,41184.000000,0.034874
104,88,300,0.003325,0.000137,1211314.000000,44819.000000,0.037000
105,88,300,0.003327,0.000165,1219851.000000,45469.000000,0.037274
106,89,300,0.003319,0.000170,1223305.000000,45751.000000,0.037400
107,90,300,0.003321,0.000182,1274331.000000,46644.000000,0.036603
108,90,300,0.003330,0.000177,1230957.000000,41884.000000,0.034026
109,91,300,0.003318,0.000182,1257374.000000,45560.000000,0.036234
110,92,300,0.003317,0.000175,1296832.000000,45985.000000,0.035459
111,93,300,0.003331,0.000157,1298359.000000,46949.000000,0.036160
112,94,300,0.003314,0.000184,1315044.000000,45819.000000,0.034842
113,95,300,0.003324,0.000153,1274487.000000,42091.000000,0.033026
114,96,300,0.003334,0.000228,1331095.000000,50837.000000,0.038192
115,97,300,0.003311,0.000204,1372749.000000,47428.000000,0.034550
116,98,300,0.003329,0.000209,1380791.000000,49555.000000,0.035889
117,99,300,0.003321,0.000264,1416497.000000,52739.000000,0.037232
118,99,300,0.003315,0.000205,1342724.000000,44262.000000,0.032964
119,100,300,0.003323,0.000229,1410594.000000,50025.000000,0.035464
120,101,300,0.003330,0.000244,1417517.000000,51399.000000,0.036260
121,102,300,0.003315,0.000203,1436688.000000,48469.000000,0.033737
122,102,300,0.003325,0.000219,1435657.000000,50481.000000,0.035162
123,102,300,0.003335,0.000194,1395909.000000,44735.000000,0.032047
124,102,300,0.003314,0.000190,1405818.000000,47184.000000,0.033563
125,103,300,0.003329,0.000195,1467980.000000,48520.000000,0.033052
126,104,300,0.003325,0.000297,1525354.000000,55341.000000,0.036281
127,105,300,0.003319,0.000219,1500540.000000,49219.000000,0.032801
128,105,300,0.003324,0.000210,1481581.000000,45308.000000,0.030581
129,106,300,0.003330,0.000226,1550629.000000,50221.000000,0.032388
130,107,300,0.003317,0.000223,1534711.000000,49268.000000,0.032102
131,107,300,0.003329,0.000224,1571256.000000,49680.000000,0.031618
132,108,300,0.003325,0.000251,1651986.000000,52543.000000,0.031806
133,108,300,0.003323,0.000246,1628006.000000,46680.000000,0.028673
134,109,300,0.003315,0.000268,1675211.000000,51650.000000,0.030832
135,109,300,0.003334,0.000273,1723681.000000,53146.000000,0.030833
136,109,300,0.003313,0.000303,1738116.000000,52151.000000,0.030004
137,109,300,0.003327,0.000268,1731595.000000,51493.000000,0.029737
138,109,300,0.003352,0.000289,1683581.000000,48841.000000,0.029010
139,110,300,0.003294,0.000279,1775689.000000,52117.000000,0.029350
140,110,300,0.003317,0.000272,1756098.000000,52060.000000,0.029645
141,111,300,0.003333,0.000305,1811216.000000,56186.000000,0.031021
142,112,300,0.003316,0.000281,1815976.000000,52359.000000,0.028832
143,112,300,0.003325,0.000294,1807784.000000,48932.000000,0.027067
144,113,300,0.003333,0.000323,1849581.000000,55949.000000,0.030250
145,114,300,0.003317,0.000308,1884795.000000,53098.000000,0.028172
146,115,300,0.003322,0.000354,1939492.000000,55798.000000,0.028769
147,116,300,0.003333,0.000451,2040063.000000,63993.000000,0.031368
148,117,300,0.003312,0.000327,1962280.000000,50436.000000,0.025703
149,118,300,0.003320,0.000337,2017789.000000,54112.000000,0.026817
150,119,300,0.003338,0.000387,2040324.000000,58729.000000,0.028784
151,120,300,0.003309,0.000387,2083926.000000,54698.000000,0.026248
152,121,300,0.003325,0.000385,2097433.000000,54863.000000,0.026157
153,121,300,0.003328,0.000398,2081842.000000,53476.000000,0.025687
154,121,300,0.003319,0.000422,2105978.000000,56155.000000,0.026665
155,122,300,0.003319,0.000396,2129023.000000,55410.000000,0.026026
156,122,300,0.003335,0.000465,2206283.000000,60658.000000,0.027493
157,123,300,0.003310,0.000381,2188824.000000,57245.000000,0.026153
158,123,300,0.003326,0.000375,2141884.000000,52530.000000,0.024525
159,123,300,0.003329,0.000409,2193036.000000,57891.000000,0.026398
160,123,300,0.003317,0.000375,2165224.000000,54828.000000,0.025322
161,124,300,0.003320,0.000414,2183404.000000,55959.000000,0.025629
162,124,300,0.003336,0.000396,2176779.000000,58229.000000,0.026750
163,125,300,0.003309,0.000422,2131244.000000,52396.000000,0.024585
164,126,300,0.003324,0.000417,2226080.000000,56722.000000,0.025481
165,127,300,0.003329,0.000384,2304865.000000,59440.000000,0.025789
166,128,300,0.003317,0.000408,2323326.000000,57452.000000,0.024728
167,129,300,0.003320,0.000411,2349347.000000,57874.000000,0.024634
168,130,300,0.003333,0.000441,2323783.000000,56694.000000,0.024397
169,131,300,0.003313,0.000436,2427084.000000,59573.000000,0.024545
170,132,300,0.003323,0.000438,2457461.000000,59022.000000,0.024017
171,132,300,0.003338,0.000465,2538876.000000,60753.000000,0.023929
172,133,300,0.003308,0.000462,2571052.000000,59005.000000,0.022950
173,134,300,0.003325,0.000508,2612609.000000,59492.000000,0.022771
174,135,300,0.003334,0.000482,2664168.000000,63049.000000,0.023666
175,136,300,0.003318,0.000546,2646180.000000,61346.000000,0.023183
176,136,300,0.003319,0.000545,2655738.000000,60859.000000,0.022916
177,136,300,0.003337,0.000489,2666963.000000,64005.000000,0.023999
178,137,300,0.003311,0.000491,2641814.000000,56766.000000,0.021488
179,138,300,0.003325,0.000600,2751762.000000,68135.000000,0.024760
180,139,300,0.003324,0.000498,2716162.000000,63871.000000,0.023515
181,140,300,0.003321,0.000507,2746615.000000,62106.000000,0.022612
182,140,300,0.003320,0.000591,2749039.000000,65027.000000,0.023654
183,141,300,0.003335,0.000515,2721690.000000,60521.000000,0.022237
184,142,300,0.003312,0.000512,2764661.000000,61695.000000,0.022316
185,143,300,0.003327,0.000535,2865222.000000,62680.000000,0.021876
186,144,300,0.003328,0.000519,2949482.000000,67987.000000,0.023050
187,145,300,0.003321,0.000565,2965527.000000,63410.000000,0.021382
188,145,300,0.003320,0.000624,2966272.000000,61649.000000,0.020783
189,146,300,0.003333,0.000571,3023723.000000,65826.000000,0.021770
190,147,300,0.003315,0.000622,2981493.000000,62982.000000,0.021124
191,148,300,0.003330,0.000627,3007462.000000,64335.000000,0.021392
192,149,300,0.003329,0.000584,3072575.000000,66887.000000,0.021769
193,150,300,0.003310,0.000609,3073369.000000,62082.000000,0.020200
194,150,300,0.003324,0.000699,3142068.000000,73879.000000,0.023513
195,151,300,0.003330,0.000608,3139214.000000,68182.000000,0.021719
196,152,300,0.003325,0.000631,3139841.000000,66799.000000,0.021275
197,153,300,0.003324,0.000639,3174388.000000,68159.000000,0.021472
198,154,300,0.003324,0.000627,3167630.000000,65264.000000,0.020603
199,155,300,0.003325,0.000619,3254943.000000,66108.000000,0.020310
200,156,300,0.003327,0.000631,3272784.000000,67910.000000,0.020750
201,157,300,0.003321,0.000634,3352377.000000,69010.000000,0.020585
202,158,300,0.003326,0.000660,3387905.000000,67599.000000,0.019953
203,159,300,0.003321,0.000678,3370871.000000,66559.000000,0.019745
204,160,300,0.003328,0.000683,3515493.000000,71127.000000,0.020232
205,161,300,0.003319,0.000715,3598158.000000,70793.000000,0.019675
206,162,300,0.003328,0.000692,3534549.000000,69445.000000,0.019647
207,163,300,0.003319,0.000725,3661644.000000,70745.000000,0.019321
208,164,300,0.003328,0.000723,3653217.000000,65688.000000,0.017981
209,165,300,0.003320,0.000803,3713633.000000,70551.000000,0.018998
210,166,300,0.003328,0.000736,3748251.000000,72101.000000,0.019236
211,166,300,0.003317,0.000828,3758314.000000,69215.000000,0.018417
212,166,300,0.003328,0.000756,3751227.000000,70065.000000,0.018678
213,166,300,0.003318,0.000763,3723512.000000,67057.000000,0.018009
214,167,300,0.003327,0.000742,3787157.000000,70394.000000,0.018588
215,168,300,0.003320,0.000849,3918940.000000,73650.000000,0.018793
216,168,300,0.003327,0.000707,3878233.000000,73219.000000,0.018879
217,169,300,0.003321,0.000857,3847311.000000,71197.000000,0.018506
218,170,300,0.003323,0.000792,3843173.000000,69197.000000,0.018005
219,171,300,0.003325,0.000812,3933778.000000,75772.000000,0.019262
220,172,300,0.003328,0.000795,3912313.000000,72794.000000,0.018606
221,172,300,0.003319,0.000821,4010456.000000,74952.000000,0.018689
222,173,300,0.003324,0.000826,4100995.000000,79156.000000,0.019302
223,174,300,0.003324,0.000873,4160392.000000,74164.000000,0.017826
224,175,300,0.003326,0.000854,4237630.000000,77321.000000,0.018246
225,176,300,0.003324,0.000861,4205589.000000,76795.000000,0.018260
226,176,300,0.003319,0.000830,4148448.000000,73301.000000,0.017669
227,177,300,0.003328,0.000846,4168955.000000,75050.000000,0.018002
228,177,300,0.003321,0.000838,4209024.000000,73514.000000,0.017466
229,178,300,0.003326,0.000868,4254595.000000,75969.000000,0.017856
230,179,300,0.003324,0.000866,4267895.000000,77118.000000,0.018069
231,179,300,0.003328,0.000904,4367518.000000,78878.000000,0.018060
232,179,300,0.003313,0.000845,4458357.000000,79601.000000,0.017854
233,180,300,0.003327,0.000883,4300520.000000,72796.000000,0.016927
234,181,300,0.003320,0.000916,4371262.000000,79463.000000,0.018179
235,182,300,0.003327,0.000813,4393739.000000,77373.000000,0.017610
236,183,300,0.003324,0.000976,4378793.000000,79364.000000,0.018125
237,184,300,0.003321,0.000969,4502155.000000,83802.000000,0.018614
238,185,300,0.003321,0.000844,4484652.000000,74564.000000,0.016626
239,185,300,0.003327,0.000932,4540462.000000,79070.000000,0.017415
240,186,300,0.003321,0.000864,4632464.000000,80610.000000,0.017401
241,187,300,0.003327,0.000888,4696294.000000,80900.000000,0.017226
242,188,300,0.003317,0.001039,4710702.000000,83018.000000,0.017623
243,189,300,0.003327,0.000981,4793027.000000,80686.000000,0.016834
244,190,300,0.003321,0.000934,4819028.000000,82492.000000,0.017118
245,191,300,0.003325,0.001012,4853154.000000,83228.000000,0.017149
246,192,300,0.003326,0.001020,4925816.000000,92184.000000,0.018714
247,193,300,0.003321,0.000945,4894302.000000,83641.000000,0.017089
248,194,300,0.003323,0.001039,4857542.000000,79900.000000,0.016449
249,194,300,0.003325,0.001011,4902275.000000,84494.000000,0.017236
250,194,300,0.003325,0.000951,4869991.000000,82648.000000,0.016971
251,195,300,0.003324,0.001020,4876367.000000,82096.000000,0.016835
252,195,300,0.003325,0.001001,4881176.000000,84990.000000,0.017412
253,196,300,0.003324,0.000946,4882878.000000,79909.000000,0.016365
254,197,300,0.003325,0.001029,4960564.000000,84281.000000,0.016990
255,198,300,0.003324,0.000950,5008618.000000,85668.000000,0.017104
256,199,300,0.003325,0.001121,5100177.000000,91317.000000,0.017905
257,200,300,0.003321,0.001146,5072554.000000,85828.000000,0.016920
258,201,300,0.003323,0.001192,5116604.000000,86549.000000,0.016915
259,202,300,0.003323,0.000951,5131863.000000,86485.000000,0.016853
260,203,300,0.003325,0.001064,5176526.000000,86918.000000,0.016791
261,203,300,0.003319,0.001144,5277539.000000,89434.000000,0.016946
262,204,300,0.003326,0.001006,5245956.000000,87028.000000,0.016590
263,205,300,0.003322,0.001203,5267495.000000,84780.000000,0.016095
264,206,300,0.003329,0.001102,5367530.000000,90020.000000,0.016771
265,207,300,0.003323,0.001076,5449415.000000,90673.000000,0.016639
266,208,300,0.003320,0.001130,5435016.000000,89338.000000,0.016437
267,209,300,0.003319,0.001139,5530342.000000,90638.000000,0.016389
268,209,300,0.003326,0.001113,5547551.000000,89792.000000,0.016186
269,209,300,0.003324,0.001067,5617907.000000,90787.000000,0.016160
270,210,300,0.003326,0.001265,5668365.000000,94368.000000,0.016648
271,211,300,0.003321,0.001341,5855692.000000,110091.000000,0.018801
272,212,300,0.003322,0.001430,5921657.000000,120007.000000,0.020266
273,212,300,0.003327,0.001884,6149768.000000,142657.000000,0.023197
274,213,300,0.003319,0.001429,5984255.000000,113284.000000,0.018930
275,214,300,0.003321,0.001133,5885672.000000,96140.000000,0.016335
276,215,300,0.003323,0.001282,5965725.000000,106957.000000,0.017929
277,216,300,0.003322,0.001298,6006577.000000,105795.000000,0.017613
278,217,300,0.003327,0.001308,5906043.000000,91690.000000,0.015525
279,218,300,0.003320,0.001352,6130679.000000,97959.000000,0.015978
280,219,300,0.003323,0.001166,6236988.000000,97092.000000,0.015567
281,220,300,0.003328,0.001204,6343786.000000,114872.000000,0.018108
282,220,300,0.003322,0.002167,6629869.000000,145223.000000,0.021904
283,221,300,0.003332,0.001385,6298501.000000,106986.000000,0.016986
284,222,300,0.003317,0.001393,6368816.000000,112374.000000,0.017644
285,223,300,0.003327,0.001402,6388241.000000,106124.000000,0.016612
286,224,300,0.003321,0.001237,6345839.000000,104636.000000,0.016489
287,225,300,0.003328,0.001253,6463727.000000,106074.000000,0.016411
288,226,300,0.003315,0.001445,6829039.000000,129092.000000,0.018903
289,227,300,0.003326,0.001264,6680659.000000,103369.000000,0.015473
290,228,300,0.003325,0.001303,6720359.000000,104205.000000,0.015506
291,229,300,0.003323,0.001594,6946836.000000,115873.000000,0.016680
292,230,300,0.003320,0.001316,6807567.000000,104916.000000,0.015412
293,230,300,0.003326,0.001340,6801541.000000,101780.000000,0.014964
294,231,300,0.003324,0.001518,6898865.000000,109465.000000,0.015867
295,231,300,0.003321,0.001457,6996883.000000,107802.000000,0.015407
296,231,300,0.003324,0.001309,6866888.000000,105648.000000,0.015385
297,232,300,0.003325,0.001588,6970338.000000,112878.000000,0.016194
298,232,300,0.003330,0.001323,6881407.000000,103128.000000,0.014986
299,233,300,0.003319,0.001409,6972458.000000,108169.000000,0.015514
300,234,300,0.003328,0.001567,7015326.000000,110677.000000,0.015776
301,235,300,0.003317,0.001476,7077743.000000,111122.000000,0.015700
302,236,300,0.003321,0.001390,7176821.000000,108966.000000,0.015183
303,237,300,0.003328,0.001603,7239437.000000,107694.000000,0.014876
304,237,300,0.003325,0.001395,7256569.000000,109413.000000,0.015078
305,238,300,0.003328,0.001423,7323230.000000,110983.000000,0.015155
306,239,300,0.003321,0.001505,7425668.000000,116250.000000,0.015655
307,240,300,0.003322,0.001533,7373580.000000,109002.000000,0.014783
308,241,300,0.003357,0.002491,7943861.000000,174454.000000,0.021961
309,242,300,0.003327,0.001450,7568000.000000,113268.000000,0.014967
310,242,300,0.003325,0.001574,7625812.000000,112607.000000,0.014767
311,243,300,0.003321,0.001427,7548655.000000,110104.000000,0.014586
312,244,300,0.003428,0.001827,7731457.000000,117443.000000,0.015190
313,245,300,0.003412,0.001529,7775368.000000,114381.000000,0.014711
314,246,300,0.003337,0.001504,7798270.000000,115961.000000,0.014870
315,247,300,0.003314,0.001674,7897439.000000,117559.000000,0.014886
316,248,300,0.003327,0.001509,7946117.000000,115385.000000,0.014521
317,248,300,0.003342,0.001670,8011612.000000,118942.000000,0.014846
318,249,300,0.003331,0.001752,8022961.000000,115890.000000,0.014445
319,249,300,0.003316,0.001636,8076640.000000,117849.000000,0.014591
320,250,300,0.003324,0.001676,8102976.000000,118680.000000,0.014646
321,251,300,0.003322,0.001683,8208413.000000,120309.000000,0.014657
322,252,300,0.003325,0.001574,8269373.000000,118565.000000,0.014338
323,253,300,0.003327,0.001814,8291834.000000,116438.000000,0.014042
324,254,300,0.003427,0.001868,8407234.000000,125371.000000,0.014912
325,255,300,0.003409,0.001654,8473007.000000,124675.000000,0.014714
326,256,300,0.003345,0.002135,8450086.000000,123632.000000,0.014631
327,256,300,0.003324,0.001781,8559826.000000,125648.000000,0.014679
328,256,300,0.003325,0.001645,8456327.000000,118743.000000,0.014042
329,257,300,0.003328,0.001866,8495597.000000,123979.000000,0.014593
330,258,300,0.003325,0.001638,8569544.000000,125195.000000,0.014609
331,259,300,0.003326,0.001711,8708563.000000,126236.000000,0.014496
332,260,300,0.003325,0.001812,8720041.000000,124555.000000,0.014284
333,261,300,0.003326,0.001729,8744268.000000,124858.000000,0.014279
334,262,300,0.003324,0.001717,8802518.000000,128004.000000,0.014542
335,263,299,0.003436,0.001901,8959874.000000,136433.000000,0.015227
336,264,299,0.003433,0.001996,9016540.000000,133169.000000,0.014769
337,265,299,0.003421,0.001773,8998367.000000,130248.000000,0.014475
338,266,299,0.003424,0.001774,9021770.000000,127856.000000,0.014172
339,267,299,0.003428,0.001787,9141920.000000,132163.000000,0.014457
340,268,299,0.003430,0.001768,9122235.000000,131117.000000,0.014373
341,269,299,0.003423,0.001787,9199411.000000,132539.000000,0.014407
342,270,298,0.003438,0.002055,9470082.000000,142750.000000,0.015074
343,271,298,0.003426,0.001893,9468965.000000,131041.000000,0.013839
344,271,298,0.003353,0.001920,9383463.000000,132182.000000,0.014087
345,272,298,0.003331,0.001835,9493787.000000,133273.000000,0.014038
346,273,298,0.003329,0.001878,9538346.000000,134439.000000,0.014095
347,274,298,0.003343,0.001998,9652792.000000,135629.000000,0.014051
348,275,298,0.003326,0.001867,9584232.000000,130234.000000,0.013588
349,276,298,0.003336,0.001899,9628254.000000,133281.000000,0.013843
350,277,298,0.003433,0.002075,9663221.000000,134457.000000,0.013914
351,278,298,0.003433,0.001918,9778188.000000,135151.000000,0.013822
352,279,298,0.003350,0.001947,9829106.000000,136246.000000,0.013861
353,280,298,0.003343,0.002141,9880067.000000,132590.000000,0.013420
354,281,298,0.003330,0.001960,9978168.000000,136296.000000,0.013659
355,282,298,0.003343,0.002146,10111707.000000,141120.000000,0.013956
356,282,298,0.003339,0.002034,10230210.000000,138631.000000,0.013551
357,283,298,0.003337,0.002035,10266741.000000,135739.000000,0.013221
358,283,298,0.003347,0.002240,10319789.000000,141632.000000,0.013724
359,283,298,0.003343,0.002114,10309057.000000,140085.000000,0.013589
360,284,298,0.003344,0.002064,10343775.000000,138322.000000,0.013372
361,284,298,0.003340,0.002118,10510364.000000,144872.000000,0.013784
362,285,297,0.003376,0.002409,10741409.000000,162315.000000,0.015111
363,286,297,0.003387,0.002519,10913441.000000,157040.000000,0.014390
364,287,297,0.003317,0.002115,10765653.000000,143549.000000,0.013334
365,288,297,0.003813,0.002862,11233697.000000,173689.000000,0.015461
366,288,297,0.003367,0.002716,10974845.000000,154884.000000,0.014113
367,288,297,0.003359,0.002176,10803255.000000,143214.000000,0.013257
368,289,297,0.003336,0.002180,10869681.000000,145216.000000,0.013360
369,290,297,0.003342,0.002166,10884332.000000,148162.000000,0.013612
370,291,297,0.003351,0.002227,10959447.000000,146944.000000,0.013408
371,292,296,0.003359,0.002162,11048096.000000,148220.000000,0.013416
372,293,296,0.003445,0.002421,11292908.000000,149451.000000,0.013234
373,293,296,0.003380,0.002406,11602406.000000,156172.000000,0.013460
374,294,296,0.003354,0.002343,11508576.000000,154003.000000,0.013382
375,295,296,0.003349,0.002277,11532253.000000,149859.000000,0.012995
376,296,296,0.003351,0.002295,11564798.000000,153110.000000,0.013239
377,297,296,0.003349,0.002287,11562227.000000,145470.000000,0.012581
378,297,296,0.003358,0.002294,11584865.000000,151782.000000,0.013102
379,297,296,0.003350,0.002292,11569452.000000,150265.000000,0.012988
380,297,296,0.003351,0.002288,11629331.000000,152701.000000,0.013131
381,298,296,0.003350,0.002289,11653061.000000,150970.000000,0.012955
382,299,296,0.003352,0.002298,11704851.000000,149046.000000,0.012734
383,300,296,0.003353,0.002315,11896334.000000,152787.000000,0.012843
384,301,296,0.003354,0.002307,11818331.000000,152246.000000,0.012882
385,302,296,0.003352,0.002327,11893686.000000,151927.000000,0.012774
386,303,296,0.003358,0.002355,11948870.000000,152505.000000,0.012763
387,304,295,0.003870,0.002875,12335010.000000,182318.000000,0.014781
388,305,295,0.003354,0.002784,12306159.000000,167167.000000,0.013584
389,306,295,0.003362,0.002487,12152806.000000,162964.000000,0.013410
390,306,295,0.003356,0.002353,12158142.000000,154227.000000,0.012685
391,307,295,0.003362,0.002396,12334551.000000,157642.000000,0.012781
392,308,295,0.003354,0.002430,12355670.000000,155694.000000,0.012601
393,308,295,0.003543,0.002854,12524779.000000,161265.000000,0.012876
394,309,295,0.003384,0.002803,12654269.000000,164328.000000,0.012986
395,310,295,0.003364,0.002572,12756310.000000,163374.000000,0.012807
396,311,295,0.003368,0.002512,12788279.000000,162389.000000,0.012698
397,312,295,0.003370,0.002533,12833592.000000,158811.000000,0.012375
398,312,295,0.003368,0.002687,12950421.000000,164547.000000,0.012706
399,313,295,0.003368,0.002577,13041608.000000,164530.000000,0.012616
400,313,295,0.003364,0.002561,13058405.000000,162357.000000,0.012433
401,313,295,0.003366,0.002605,13111339.000000,161834.000000,0.012343
402,313,296,0.003365,0.002601,13066541.000000,158538.000000,0.012133
403,314,296,0.003368,0.002620,13197482.000000,162879.000000,0.012342
404,315,296,0.003367,0.002602,13255630.000000,162824.000000,0.012283
405,316,296,0.003369,0.002669,13399094.000000,164750.000000,0.012296
406,316,296,0.003368,0.002651,13375205.000000,163972.000000,0.012259
407,317,295,0.003368,0.002638,13342284.000000,160545.000000,0.012033
408,318,295,0.003369,0.002655,13441489.000000,164871.000000,0.012266
409,319,295,0.003371,0.002717,13572987.000000,166902.000000,0.012297
410,320,295,0.003370,0.002687,13617099.000000,167007.000000,0.012265
411,321,296,0.003371,0.002711,13757749.000000,168399.000000,0.012240
412,322,296,0.003373,0.002742,13867095.000000,166789.000000,0.012028
413,322,295,0.003372,0.002734,13895893.000000,169457.000000,0.012195
414,323,295,0.003375,0.002777,13965912.000000,170430.000000,0.012203
415,324,295,0.003374,0.002788,14008274.000000,171640.000000,0.012253
416,324,295,0.003374,0.002762,14023270.000000,166883.000000,0.011900
417,324,295,0.003376,0.002794,14167790.000000,172668.000000,0.012187
418,325,295,0.003376,0.002813,14221622.000000,173898.000000,0.012228
419,326,295,0.003369,0.002829,14355482.000000,176187.000000,0.012273
420,327,295,0.003383,0.002912,14489148.000000,177649.000000,0.012261
421,328,293,0.004771,0.003010,14520003.000000,179478.000000,0.012361
422,329,292,0.003879,0.003222,14661060.000000,183421.000000,0.012511
423,330,292,0.003968,0.003289,14807647.000000,212441.000000,0.014347
424,330,290,0.004323,0.003350,14893006.000000,202645.000000,0.013607
425,330,290,0.003618,0.002991,14632296.000000,177116.000000,0.012104
426,331,290,0.003823,0.002896,14756375.000000,181075.000000,0.012271
427,332,289,0.003963,0.003527,15148679.000000,206917.000000,0.013659
428,333,289,0.003430,0.003058,14980573.000000,183391.000000,0.012242
429,334,289,0.003385,0.002944,14937978.000000,182141.000000,0.012193
430,334,289,0.003352,0.002936,14883940.000000,177570.000000,0.011930
431,335,289,0.003384,0.002935,14979834.000000,181460.000000,0.012114
432,336,289,0.003385,0.002959,15079660.000000,183726.000000,0.012184
433,337,289,0.003461,0.003053,15254832.000000,187036.000000,0.012261
434,338,288,0.003536,0.003144,15303971.000000,185645.000000,0.012131
435,339,288,0.003409,0.003074,15376868.000000,182914.000000,0.011895
436,340,288,0.003545,0.003186,15633348.000000,190114.000000,0.012161
437,341,288,0.003438,0.003099,15367754.000000,185951.000000,0.012100
438,342,288,0.003437,0.003092,15472068.000000,185514.000000,0.011990
439,343,287,0.003559,0.003219,15882482.000000,191413.000000,0.012052
440,344,287,0.003577,0.003240,15923428.000000,186413.000000,0.011707
441,344,287,0.003541,0.003215,16146578.000000,190393.000000,0.011792
442,345,286,0.003669,0.003299,16223001.000000,191930.000000,0.011831
443,346,286,0.003713,0.003332,16309046.000000,191729.000000,0.011756
444,347,286,0.003616,0.003231,16290477.000000,190706.000000,0.011707
445,347,285,0.003575,0.003229,16424920.000000,193156.000000,0.011760
446,348,285,0.003584,0.003241,16530320.000000,193736.000000,0.011720
447,349,284,0.004243,0.003421,16482744.000000,194989.000000,0.011830
448,350,283,0.004442,0.003715,16826134.000000,204763.000000,0.012169
449,351,282,0.004176,0.003511,16640996.000000,193224.000000,0.011611
450,351,281,0.003938,0.003572,16829530.000000,203951.000000,0.012119
451,352,281,0.003768,0.003380,16889610.000000,199180.000000,0.011793
452,352,280,0.003720,0.003370,16877360.000000,194657.000000,0.011534
453,353,280,0.003701,0.003361,16838679.000000,192970.000000,0.011460
454,354,279,0.003737,0.003375,16922882.000000,196411.000000,0.011606
455,355,279,0.003768,0.003388,17050823.000000,196417.000000,0.011520
456,356,278,0.003821,0.003443,17177600.000000,199374.000000,0.011607
457,357,278,0.003754,0.003432,17062332.000000,196858.000000,0.011538
458,358,277,0.003828,0.003448,17206534.000000,201972.000000,0.011738
459,359,277,0.003879,0.003524,17656692.000000,205504.000000,0.011639
460,360,276,0.003873,0.003517,17470897.000000,202859.000000,0.011611
461,361,275,0.003843,0.003496,17455235.000000,197837.000000,0.011334
462,362,275,0.003883,0.003510,17545571.000000,200453.000000,0.011425
463,363,274,0.003851,0.003516,17578492.000000,202764.000000,0.011535
464,364,273,0.003927,0.003548,17673431.000000,203144.000000,0.011494
465,365,273,0.003945,0.003558,17873378.000000,204488.000000,0.011441
466,366,272,0.003975,0.003620,17965756.000000,203138.000000,0.011307
467,367,271,0.004044,0.003676,18051523.000000,206785.000000,0.011455
468,367,270,0.003972,0.003618,18095816.000000,209048.000000,0.011552
469,368,270,0.004003,0.003652,18197374.000000,208133.000000,0.011438
470,368,269,0.004004,0.003650,18250778.000000,205299.000000,0.011249
471,369,268,0.003989,0.003589,18091806.000000,206820.000000,0.011432
472,370,267,0.004008,0.003636,18169042.000000,209163.000000,0.011512
473,371,267,0.003999,0.003645,18204281.000000,206691.000000,0.011354
474,371,266,0.004004,0.003662,18176528.000000,205767.000000,0.011320
475,372,265,0.004001,0.003641,18205418.000000,208478.000000,0.011451
476,373,264,0.004169,0.003765,18383833.000000,212373.000000,0.011552
477,374,263,0.004097,0.003702,18626859.000000,212805.000000,0.011425
478,375,263,0.004031,0.003672,18439762.000000,209267.000000,0.011349
479,376,262,0.004126,0.003755,18740664.000000,213222.000000,0.011378
480,377,261,0.004151,0.003800,18935148.000000,214981.000000,0.011354
481,378,262,0.004155,0.003817,18866505.000000,214063.000000,0.011346
482,379,261,0.004140,0.003792,18909350.000000,212203.000000,0.011222
483,380,261,0.004219,0.003853,19140881.000000,219252.000000,0.011455
484,381,261,0.004180,0.003812,19220583.000000,217177.000000,0.011299
485,382,260,0.004240,0.003910,19375036.000000,219191.000000,0.011313
486,382,260,0.004227,0.003910,19336085.000000,214758.000000,0.011107
487,383,260,0.004270,0.003905,19468879.000000,220551.000000,0.011328
488,384,259,0.004319,0.003964,19670007.000000,221293.000000,0.011250
489,384,258,0.004296,0.003946,19752191.000000,223386.000000,0.011309
490,385,257,0.004277,0.003928,19631313.000000,215916.000000,0.010999
491,386,255,0.004410,0.004023,19915482.000000,227866.000000,0.011442
492,386,254,0.004369,0.004000,19989394.000000,226523.000000,0.011332
493,387,253,0.004335,0.003977,19807974.000000,223255.000000,0.011271
494,388,253,0.004306,0.003968,19825946.000000,219409.000000,0.011067
495,389,251,0.004426,0.004058,20124605.000000,229502.000000,0.011404
496,390,251,0.004402,0.004052,20225452.000000,228261.000000,0.011286
497,391,250,0.004465,0.004115,20463693.000000,229303.000000,0.011205
498,392,248,0.004441,0.004074,20484726.000000,223478.000000,0.010909
499,392,247,0.004511,0.004168,20488574.000000,230342.000000,0.011242
500,393,247,0.004532,0.004157,20578515.000000,228606.000000,0.011109
501,394,246,0.004510,0.004157,20655167.000000,226226.000000,0.010953
502,395,245,0.004587,0.004228,20794949.000000,232285.000000,0.011170
503,396,244,0.004660,0.004286,21052670.000000,235955.000000,0.011208
504,396,243,0.004592,0.004242,21026466.000000,232993.000000,0.011081
505,397,242,0.004599,0.004235,21088524.000000,231384.000000,0.010972
506,398,241,0.004655,0.004300,21302371.000000,236342.000000,0.011095
507,399,240,0.004679,0.004293,21378500.000000,236588.000000,0.011067
508,400,240,0.004700,0.004300,21439086.000000,236073.000000,0.011011
509,401,239,0.004724,0.004374,21580663.000000,235379.000000,0.010907
510,402,239,0.004734,0.004350,21684106.000000,239443.000000,0.011042
511,403,238,0.004774,0.004380,21919873.000000,241272.000000,0.011007
512,404,237,0.004753,0.004406,21932221.000000,234999.000000,0.010715
513,405,236,0.004843,0.004463,22067282.000000,243705.000000,0.011044
514,405,235,0.004776,0.004433,22028799.000000,240542.000000,0.010919
515,406,234,0.004826,0.004436,22159790.000000,241699.000000,0.010907
516,407,233,0.004850,0.004494,22238842.000000,239109.000000,0.010752
517,408,232,0.004758,0.004414,22015841.000000,238664.000000,0.010841
518,409,231,0.004824,0.004423,22093781.000000,240495.000000,0.010885
519,410,230,0.004805,0.004459,22116199.000000,235169.000000,0.010633
520,410,229,0.004860,0.004433,22142516.000000,241349.000000,0.010900
521,411,228,0.004908,0.004520,22286257.000000,243108.000000,0.010908
522,412,228,0.004883,0.004520,22346806.000000,239865.000000,0.010734
523,413,227,0.004971,0.004600,22757620.000000,247624.000000,0.010881
524,414,226,0.004941,0.004573,22836048.000000,245665.000000,0.010758
525,415,225,0.004947,0.004586,22719203.000000,246019.000000,0.010829
526,416,224,0.004968,0.004609,22821404.000000,242440.000000,0.010623
527,417,223,0.004997,0.004642,22974705.000000,249123.000000,0.010843
528,417,222,0.004960,0.004601,23022028.000000,247678.000000,0.010758
529,417,222,0.004988,0.004648,23082122.000000,245375.000000,0.010631
530,418,221,0.005073,0.004719,23271991.000000,251617.000000,0.010812
531,419,220,0.005028,0.004684,23313412.000000,252628.000000,0.010836
532,420,219,0.005114,0.004738,23413043.000000,256400.000000,0.010951
533,421,218,0.005034,0.004692,23400683.000000,252118.000000,0.010774
534,422,217,0.005117,0.004700,23529619.000000,257892.000000,0.010960
535,423,216,0.005332,0.004964,23838215.000000,260308.000000,0.010920
536,424,215,0.005411,0.005046,23926063.000000,261577.000000,0.010933
537,424,214,0.005150,0.004783,24017322.000000,259405.000000,0.010801
538,425,214,0.005236,0.004852,24150401.000000,259263.000000,0.010735
539,425,213,0.005201,0.004878,24229617.000000,255551.000000,0.010547
540,425,212,0.005386,0.005005,24346434.000000,262640.000000,0.010788
541,426,211,0.005331,0.004950,24322812.000000,260328.000000,0.010703
542,427,210,0.005205,0.004853,24270996.000000,255599.000000,0.010531
543,428,209,0.005284,0.004936,24426115.000000,261090.000000,0.010689
544,429,209,0.005265,0.004904,24482509.000000,261587.000000,0.010685
545,430,208,0.005470,0.005124,24749693.000000,262293.000000,0.010598
546,430,207,0.005311,0.004955,24763578.000000,264657.000000,0.010687
547,431,206,0.005850,0.005213,24755797.000000,264273.000000,0.010675
548,431,205,0.005725,0.004976,24881507.000000,274003.000000,0.011012
549,431,204,0.005632,0.005000,24727579.000000,264254.000000,0.010687
550,432,203,0.005738,0.005053,24879646.000000,274919.000000,0.011050
551,433,202,0.005830,0.005061,25015678.000000,263918.000000,0.010550
552,434,201,0.005699,0.005041,25066059.000000,267050.000000,0.010654
553,435,200,0.006006,0.005290,25388510.000000,272962.000000,0.010751
554,436,199,0.005782,0.005139,25447349.000000,267154.000000,0.010498
555,437,198,0.005792,0.005103,25461147.000000,272735.000000,0.010712
556,438,197,0.005805,0.005098,25341232.000000,270775.000000,0.010685
557,439,196,0.005808,0.005174,25752092.000000,269937.000000,0.010482
558,440,195,0.006187,0.005799,25991594.000000,284045.000000,0.010928
559,441,194,0.005569,0.005178,25864927.000000,272516.000000,0.010536
560,442,194,0.005546,0.005199,25900369.000000,272138.000000,0.010507
561,443,193,0.005656,0.005273,26121850.000000,277611.000000,0.010628
562,444,192,0.005645,0.005246,26323489.000000,277647.000000,0.010547
563,445,192,0.005564,0.005194,26144364.000000,271445.000000,0.010383
564,446,191,0.005632,0.005238,26315599.000000,275601.000000,0.010473
565,446,191,0.005583,0.005233,26202040.000000,274535.000000,0.010478
566,447,190,0.005606,0.005251,26283021.000000,274184.000000,0.010432
567,448,189,0.005656,0.005266,26548272.000000,277682.000000,0.010460
568,449,189,0.005678,0.005306,26695607.000000,279085.000000,0.010454
569,450,188,0.005692,0.005312,26663866.000000,277016.000000,0.010389
570,451,188,0.005709,0.005335,26775699.000000,280429.000000,0.010473
571,452,187,0.005904,0.005376,26908723.000000,286869.000000,0.010661
572,453,186,0.005735,0.005379,26895887.000000,278033.000000,0.010337
573,453,186,0.005960,0.005546,27271685.000000,287318.000000,0.010535
574,453,185,0.005926,0.005573,27277957.000000,284255.000000,0.010421
575,454,184,0.005901,0.005533,27291307.000000,291954.000000,0.010698
576,455,184,0.005854,0.005465,27315950.000000,286612.000000,0.010492
577,455,183,0.005817,0.005454,27303497.000000,281799.000000,0.010321
578,456,183,0.005899,0.005519,27478015.000000,287932.000000,0.010479
579,457,182,0.006670,0.006285,28201212.000000,310361.000000,0.011005
580,458,181,0.005923,0.005534,27700219.000000,285785.000000,0.010317
581,459,181,0.005900,0.005508,27713285.000000,289745.000000,0.010455
582,460,180,0.005976,0.005610,27842337.000000,290490.000000,0.010433
583,461,179,0.006007,0.005639,27972766.000000,288295.000000,0.010306
584,462,179,0.005964,0.005601,28066186.000000,291441.000000,0.010384
585,463,178,0.006056,0.005709,28165512.000000,289111.000000,0.010265
586,464,178,0.006016,0.005641,28237195.000000,292584.000000,0.010362
587,465,177,0.006099,0.005732,28746784.000000,296104.000000,0.010300
588,466,176,0.006066,0.005683,28572489.000000,291699.000000,0.010209
589,467,176,0.006141,0.005749,28919036.000000,298643.000000,0.010327
590,468,175,0.006191,0.005789,29013972.000000,297700.000000,0.010261
591,469,175,0.006169,0.005804,28991049.000000,294933.000000,0.010173
592,470,174,0.006346,0.005972,29330448.000000,302778.000000,0.010323
593,470,173,0.006278,0.005880,29444988.000000,302763.000000,0.010282
594,471,173,0.006304,0.005937,29636467.000000,300739.000000,0.010148
595,472,172,0.006320,0.005965,29750175.000000,305185.000000,0.010258
596,473,172,0.006340,0.005965,29812516.000000,300666.000000,0.010085
597,474,171,0.006382,0.005995,30087507.000000,304838.000000,0.010132
598,475,171,0.006441,0.006060,30319526.000000,306126.000000,0.010097
599,476,170,0.007024,0.006629,30508473.000000,307884.000000,0.010092
600,477,169,0.006527,0.006147,30887645.000000,312083.000000,0.010104
601,478,169,0.006508,0.006139,30997889.000000,310064.000000,0.010003
602,479,168,0.006541,0.006180,31110140.000000,313921.000000,0.010091
603,479,167,0.006607,0.006262,31195596.000000,315474.000000,0.010113
604,480,166,0.007341,0.006700,31284760.000000,316244.000000,0.010109
605,481,166,0.007046,0.006380,31503353.000000,319933.000000,0.010156
606,481,165,0.007080,0.006387,31704567.000000,320394.000000,0.010106
607,482,164,0.006901,0.006529,31554582.000000,323286.000000,0.010245
608,482,164,0.006700,0.006332,31498176.000000,321524.000000,0.010208
609,483,164,0.006710,0.006320,31557975.000000,315174.000000,0.009987
610,484,163,0.006730,0.006347,31722108.000000,321794.000000,0.010144
611,485,163,0.006782,0.006421,31863128.000000,318439.000000,0.009994
612,485,162,0.006768,0.006384,31740973.000000,321673.000000,0.010134
613,486,162,0.006773,0.006394,31889996.000000,322419.000000,0.010110
614,487,161,0.006819,0.006457,32112124.000000,318145.000000,0.009907
615,488,161,0.006837,0.006479,32065580.000000,321731.000000,0.010034
616,489,161,0.006803,0.006435,32137482.000000,320495.000000,0.009973
617,490,160,0.006959,0.006579,32767337.000000,328928.000000,0.010038
618,491,160,0.006917,0.006550,32577789.000000,325188.000000,0.009982
619,492,159,0.006973,0.006594,32860111.000000,328443.000000,0.009995
620,493,158,0.007034,0.006657,33026843.000000,332835.000000,0.010078
621,494,158,0.007020,0.006656,33109443.000000,328416.000000,0.009919
622,495,157,0.007062,0.006664,33046602.000000,334105.000000,0.010110
623,496,157,0.007148,0.006781,33681903.000000,332278.000000,0.009865
624,497,156,0.007193,0.006799,33834692.000000,336876.000000,0.009957
625,498,155,0.007198,0.006805,34011194.000000,338756.000000,0.009960
626,499,155,0.007209,0.006844,34060797.000000,338990.000000,0.009952
627,500,154,0.007300,0.006937,34216101.000000,346495.000000,0.010127
628,501,153,0.007293,0.006913,34221411.000000,341663.000000,0.009984
629,501,153,0.007307,0.006915,34412492.000000,343474.000000,0.009981
630,502,152,0.007279,0.006921,34480138.000000,340209.000000,0.009867
631,503,152,0.007367,0.006993,34629802.000000,343793.000000,0.009928
632,504,151,0.007360,0.006986,34678131.000000,341208.000000,0.009839
633,505,150,0.007424,0.007037,34995768.000000,349786.000000,0.009995
634,506,150,0.007579,0.007184,35355418.000000,350621.000000,0.009917
635,506,149,0.007564,0.007179,35299753.000000,349234.000000,0.009893
636,507,149,0.007558,0.007173,35429957.000000,349109.000000,0.009853
637,507,148,0.007494,0.007123,35414246.000000,346022.000000,0.009771
638,508,147,0.007503,0.007113,35549278.000000,349213.000000,0.009823
639,508,147,0.007559,0.007179,35803118.000000,346618.000000,0.009681
640,508,146,0.007567,0.007168,35855562.000000,351309.000000,0.009798
641,509,146,0.007640,0.007266,36129116.000000,352144.000000,0.009747
642,509,145,0.007688,0.007292,36280174.000000,353965.000000,0.009756
643,510,145,0.007618,0.007243,36239925.000000,351163.000000,0.009690
644,511,144,0.007751,0.007341,36342913.000000,355970.000000,0.009795
645,512,143,0.007724,0.007330,36584115.000000,355840.000000,0.009727
646,513,143,0.007695,0.007336,36632032.000000,349615.000000,0.009544
647,514,142,0.007758,0.007350,36860560.000000,358171.000000,0.009717
648,515,142,0.008370,0.007695,37064282.000000,365983.000000,0.009874
649,516,141,0.008232,0.007576,37123513.000000,362022.000000,0.009752
650,517,140,0.008150,0.007485,37112823.000000,357197.000000,0.009625
651,518,139,0.008185,0.007495,37250867.000000,363793.000000,0.009766
652,519,139,0.008344,0.007681,37270247.000000,360558.000000,0.009674
653,520,138,0.008218,0.007559,37419388.000000,366193.000000,0.009786
654,520,138,0.008221,0.007551,37364614.000000,362000.000000,0.009688
655,521,137,0.008224,0.007566,37412119.000000,366477.000000,0.009796
656,522,136,0.008256,0.007597,37455347.000000,362277.000000,0.009672
657,522,136,0.008297,0.007605,37804287.000000,370529.000000,0.009801
658,523,135,0.008208,0.007531,37556757.000000,363183.000000,0.009670
659,524,135,0.008359,0.007653,37822152.000000,370528.000000,0.009797
660,525,134,0.008406,0.007657,37873499.000000,365156.000000,0.009641
661,526,134,0.008170,0.007713,38144879.000000,369655.000000,0.009691
662,527,133,0.008055,0.007667,38239865.000000,364550.000000,0.009533
663,528,133,0.008167,0.007759,38607769.000000,372010.000000,0.009636
664,529,133,0.008095,0.007666,38249779.000000,364800.000000,0.009537
665,530,132,0.008149,0.007774,38493065.000000,371689.000000,0.009656
666,531,132,0.008161,0.007752,38548062.000000,368388.000000,0.009557
667,532,132,0.008224,0.007828,38866677.000000,374816.000000,0.009644
668,533,131,0.008317,0.007930,39041209.000000,371969.000000,0.009528
669,534,131,0.008287,0.007901,39322611.000000,375975.000000,0.009561
670,535,130,0.008515,0.007872,39298432.000000,371035.000000,0.009441
671,535,130,0.008596,0.007925,39314879.000000,380158.000000,0.009670
672,536,129,0.008600,0.007972,39461371.000000,374777.000000,0.009497
673,536,129,0.008499,0.008079,39683764.000000,381500.000000,0.009614
674,537,128,0.008417,0.008034,39786967.000000,378397.000000,0.009511
675,538,128,0.008411,0.008009,39832593.000000,382211.000000,0.009595
676,539,127,0.008389,0.008017,39946329.000000,381661.000000,0.009554
677,540,127,0.008501,0.008109,40298255.000000,385996.000000,0.009578
678,540,127,0.008473,0.008089,40370414.000000,381610.000000,0.009453
679,540,126,0.008450,0.008080,40148664.000000,385003.000000,0.009589
680,541,126,0.008488,0.008091,40255519.000000,383187.000000,0.009519
681,542,125,0.008628,0.008224,40772857.000000,389424.000000,0.009551
682,543,125,0.009039,0.008391,40635248.000000,384426.000000,0.009460
683,544,124,0.008848,0.008199,40614195.000000,387213.000000,0.009534
684,544,124,0.008748,0.008326,40591648.000000,387201.000000,0.009539
685,545,124,0.008774,0.008349,40747472.000000,390626.000000,0.009587
686,546,123,0.008578,0.008196,40705574.000000,380426.000000,0.009346
687,547,123,0.008652,0.008258,41087486.000000,392679.000000,0.009557
688,548,122,0.008683,0.008342,41313098.000000,390485.000000,0.009452
689,548,122,0.008842,0.008353,41647155.000000,402240.000000,0.009658
690,549,122,0.008705,0.008347,41637198.000000,394214.000000,0.009468
691,550,121,0.008783,0.008419,41824261.000000,393157.000000,0.009400
692,551,121,0.008917,0.008484,42030532.000000,399081.000000,0.009495
693,552,121,0.009143,0.008715,42344973.000000,398925.000000,0.009421
694,552,120,0.008904,0.008509,42189140.000000,397376.000000,0.009419
695,553,120,0.008915,0.008548,42207688.000000,394663.000000,0.009351
696,554,120,0.009215,0.008778,42497802.000000,403727.000000,0.009500
697,555,119,0.009234,0.008811,42875268.000000,406113.000000,0.009472
698,556,119,0.009320,0.008882,42996326.000000,406352.000000,0.009451
699,557,118,0.009038,0.008683,42724397.000000,396956.000000,0.009291
700,558,118,0.009052,0.008667,42836643.000000,404087.000000,0.009433
701,559,118,0.009056,0.008722,42879478.000000,399992.000000,0.009328
702,560,117,0.009015,0.008647,42950198.000000,400055.000000,0.009314
703,561,117,0.009177,0.008750,43354417.000000,405947.000000,0.009363
704,562,117,0.009140,0.008776,43449293.000000,401769.000000,0.009247
705,563,116,0.009280,0.008884,43714177.000000,410477.000000,0.009390
706,564,116,0.009292,0.008920,43972550.000000,409029.000000,0.009302
707,564,116,0.009451,0.009002,44083009.000000,413128.000000,0.009372
708,565,115,0.009235,0.008847,44117303.000000,412129.000000,0.009342
709,566,115,0.010160,0.009764,45146212.000000,467210.000000,0.010349
710,567,115,0.009389,0.009027,44612810.000000,449663.000000,0.010079
711,568,114,0.009460,0.009091,44945712.000000,453007.000000,0.010079
712,568,114,0.009590,0.009215,45340732.000000,459577.000000,0.010136
713,568,114,0.009495,0.009126,45211099.000000,454394.000000,0.010050
714,569,114,0.009473,0.009102,45112381.000000,458617.000000,0.010166
715,570,113,0.009624,0.009253,45622579.000000,461711.000000,0.010120
716,571,113,0.009622,0.009240,45771363.000000,465879.000000,0.010178
717,572,113,0.009866,0.009518,46107832.000000,468686.000000,0.010165
718,573,112,0.009647,0.009283,46043014.000000,463669.000000,0.010070
719,574,112,0.009721,0.009357,46319337.000000,469698.000000,0.010140
720,574,112,0.009692,0.009323,46381221.000000,463833.000000,0.010000
721,575,111,0.009785,0.009437,46794068.000000,472482.000000,0.010097
722,576,111,0.009798,0.009441,46836015.000000,467049.000000,0.009972
723,577,111,0.009859,0.009529,46957368.000000,470554.000000,0.010021
724,578,110,0.009914,0.009536,47083298.000000,474731.000000,0.010083
725,579,110,0.009917,0.009540,47275381.000000,474182.000000,0.010030
726,580,110,0.009987,0.009615,47626107.000000,477545.000000,0.010027
727,580,109,0.010065,0.009733,47555405.000000,475154.000000,0.009992
728,581,109,0.009988,0.009619,47614761.000000,474288.000000,0.009961
729,582,109,0.010055,0.009669,47976089.000000,481069.000000,0.010027
730,583,108,0.010001,0.009638,47781909.000000,477069.000000,0.009984
731,584,108,0.010133,0.009751,48324260.000000,484292.000000,0.010022
732,585,108,0.010089,0.009724,48269094.000000,479861.000000,0.009941
733,586,107,0.010096,0.009714,48264299.000000,478847.000000,0.009921
734,587,107,0.010294,0.009858,48515883.000000,489584.000000,0.010091
735,588,107,0.010241,0.009852,48637931.000000,485102.000000,0.009974
736,589,106,0.010598,0.010072,49030800.000000,493180.000000,0.010059
737,589,106,0.010487,0.010111,49009854.000000,489518.000000,0.009988
738,589,106,0.010319,0.009950,49288711.000000,489310.000000,0.009927
739,590,105,0.010297,0.009884,49203985.000000,492364.000000,0.010007
740,590,105,0.010394,0.010010,49670944.000000,491550.000000,0.009896
741,591,105,0.010308,0.009939,49461238.000000,488808.000000,0.009883
742,591,104,0.010373,0.009984,49636659.000000,493956.000000,0.009951
743,592,104,0.010352,0.010015,49674876.000000,492369.000000,0.009912
744,593,104,0.010446,0.010058,49857285.000000,496172.000000,0.009952
745,594,103,0.010451,0.010097,50128259.000000,494123.000000,0.009857
746,595,103,0.010560,0.010212,50236278.000000,494787.000000,0.009849
747,596,103,0.010719,0.010360,50382890.000000,499630.000000,0.009917
748,597,102,0.010528,0.010171,50301499.000000,495211.000000,0.009845
749,598,102,0.010566,0.010227,50405254.000000,497498.000000,0.009870
750,598,102,0.010602,0.010213,50427716.000000,502262.000000,0.009960
751,599,101,0.010689,0.010336,50459767.000000,500443.000000,0.009918
752,600,101,0.010665,0.010281,50610153.000000,505159.000000,0.009981
753,601,101,0.010720,0.010346,50791345.000000,501974.000000,0.009883
754,601,100,0.010625,0.010279,50723317.000000,499262.000000,0.009843
755,601,100,0.010708,0.010318,50785208.000000,503722.000000,0.009919
756,602,100,0.010913,0.010530,50999481.000000,505383.000000,0.009910
757,603,100,0.010725,0.010335,50970300.000000,504123.000000,0.009891
758,604,99,0.010665,0.010285,51042285.000000,509345.000000,0.009979
759,605,99,0.010785,0.010411,51279592.000000,507781.000000,0.009902
760,606,99,0.010772,0.010386,51411225.000000,506467.000000,0.009851
761,607,99,0.011115,0.010609,51809870.000000,511344.000000,0.009870
762,608,98,0.010958,0.010458,51843634.000000,509994.000000,0.009837
763,609,98,0.010962,0.010488,52072782.000000,508826.000000,0.009771
764,610,98,0.011043,0.010525,52246440.000000,517235.000000,0.009900
765,610,97,0.011329,0.010949,52892397.000000,519166.000000,0.009816
766,611,97,0.010938,0.010575,52556322.000000,513750.000000,0.009775
767,612,97,0.011061,0.010686,52758053.000000,520945.000000,0.009874
768,612,96,0.010974,0.010641,52663499.000000,514328.000000,0.009766
769,613,96,0.010993,0.010653,52675717.000000,513159.000000,0.009742
770,614,96,0.011023,0.010640,52785351.000000,514299.000000,0.009743
771,615,96,0.011042,0.010707,52892416.000000,515685.000000,0.009750
772,616,96,0.011030,0.010676,52983728.000000,517892.000000,0.009775
773,617,95,0.011089,0.010721,53363573.000000,522150.000000,0.009785
774,618,95,0.011247,0.010852,53272437.000000,521215.000000,0.009784
775,618,95,0.011256,0.010880,53740538.000000,522187.000000,0.009717
776,618,95,0.011144,0.010787,53433068.000000,522170.000000,0.009772
777,618,94,0.011139,0.010783,53505144.000000,520612.000000,0.009730
778,618,94,0.011276,0.010912,54071445.000000,529574.000000,0.009794
779,619,94,0.011284,0.010906,54119360.000000,531320.000000,0.009818
780,620,94,0.011258,0.010869,53899630.000000,526184.000000,0.009762
781,621,94,0.011389,0.011031,54433041.000000,529247.000000,0.009723
782,622,93,0.011410,0.011030,54630056.000000,533401.000000,0.009764
783,623,93,0.011723,0.011244,54720975.000000,533926.000000,0.009757
784,624,93,0.011601,0.011226,54856807.000000,534620.000000,0.009746
785,625,93,0.011542,0.011182,55126196.000000,536726.000000,0.009736
786,626,92,0.011497,0.011129,55134534.000000,533284.000000,0.009672
787,627,92,0.012811,0.012336,56401340.000000,558773.000000,0.009907
788,627,92,0.011510,0.011138,55488546.000000,535915.000000,0.009658
789,628,91,0.011616,0.011259,55650165.000000,542369.000000,0.009746
790,629,91,0.011609,0.011235,55715331.000000,536692.000000,0.009633
791,630,91,0.011630,0.011290,55957906.000000,539128.000000,0.009635
792,631,91,0.011821,0.011428,56215715.000000,545353.000000,0.009701
793,631,91,0.011927,0.011555,56512811.000000,542834.000000,0.009606
794,632,90,0.011986,0.011613,56600256.000000,543219.000000,0.009597
795,633,90,0.011829,0.011424,56511297.000000,543438.000000,0.009616
796,634,90,0.011821,0.011433,56616200.000000,542517.000000,0.009582
797,635,90,0.012183,0.011809,57055627.000000,550590.000000,0.009650
798,636,89,0.011916,0.011533,57008804.000000,547953.000000,0.009612
799,637,89,0.012080,0.011674,57346522.000000,552985.000000,0.009643
800,638,89,0.012304,0.011900,57604911.000000,555195.000000,0.009638
801,639,89,0.012142,0.011776,57400357.000000,552917.000000,0.009633
802,639,88,0.012396,0.012003,57557127.000000,555701.000000,0.009655
803,639,88,0.012053,0.011659,57363051.000000,555371.000000,0.009682
804,639,88,0.012009,0.011639,57294009.000000,550253.000000,0.009604
805,639,88,0.012051,0.011690,57313986.000000,552715.000000,0.009644
806,640,88,0.012125,0.011718,57524302.000000,556666.000000,0.009677
807,641,87,0.012514,0.012120,58087609.000000,561655.000000,0.009669
808,642,87,0.012473,0.012068,57886020.000000,559735.000000,0.009670
809,642,87,0.012089,0.011710,57951183.000000,557101.000000,0.009613
810,643,87,0.012192,0.011798,58217886.000000,562329.000000,0.009659
811,644,87,0.012216,0.011875,58765502.000000,560597.000000,0.009540
812,644,86,0.015454,0.015061,61378448.000000,595687.000000,0.009705
813,644,86,0.012208,0.011838,58997056.000000,559352.000000,0.009481
814,645,86,0.012316,0.011941,59079101.000000,563506.000000,0.009538
815,646,85,0.012407,0.012009,59664097.000000,570054.000000,0.009554
816,647,85,0.012448,0.012061,59500660.000000,562069.000000,0.009446
817,648,85,0.012476,0.012106,59810400.000000,564325.000000,0.009435
818,649,85,0.012497,0.012109,60038257.000000,570244.000000,0.009498
819,650,85,0.012507,0.012143,60182303.000000,570299.000000,0.009476
820,651,84,0.012641,0.012251,60590050.000000,571232.000000,0.009428
821,652,84,0.012638,0.012278,60923113.000000,570856.000000,0.009370
822,653,84,0.012658,0.012287,60974646.000000,573591.000000,0.009407
823,654,84,0.012645,0.012266,60976365.000000,576238.000000,0.009450
824,654,84,0.012775,0.012385,61193686.000000,575101.000000,0.009398
825,655,83,0.012651,0.012302,60851439.000000,574812.000000,0.009446
826,656,83,0.012682,0.012301,60991250.000000,572088.000000,0.009380
827,657,83,0.012693,0.012305,61182455.000000,578572.000000,0.009457
828,658,83,0.012706,0.012342,61137138.000000,572758.000000,0.009368
829,659,83,0.012911,0.012506,61444406.000000,579735.000000,0.009435
830,660,82,0.012968,0.012583,62016501.000000,583711.000000,0.009412
831,661,82,0.012967,0.012560,61914494.000000,584293.000000,0.009437
832,661,82,0.013119,0.012715,62101676.000000,583525.000000,0.009396
833,662,82,0.013014,0.012649,62253646.000000,584405.000000,0.009387
834,663,81,0.013152,0.012767,62448289.000000,586161.000000,0.009386
835,664,81,0.013383,0.012855,62792661.000000,588147.000000,0.009366
836,665,81,0.013546,0.012668,62864331.000000,591973.000000,0.009417
837,666,81,0.013209,0.012726,62953858.000000,592198.000000,0.009407
838,666,80,0.013198,0.012701,62924683.000000,590510.000000,0.009384
839,667,80,0.013208,0.012849,62957844.000000,595059.000000,0.009452
840,667,80,0.013175,0.012817,63034813.000000,591604.000000,0.009385
841,667,80,0.013100,0.012705,63123472.000000,593277.000000,0.009399
842,667,80,0.013059,0.012714,63146975.000000,589921.000000,0.009342
843,668,80,0.013082,0.012739,63172133.000000,589708.000000,0.009335
844,669,79,0.013112,0.012742,63286165.000000,591107.000000,0.009340
845,669,79,0.013186,0.012793,63699329.000000,597501.000000,0.009380
846,670,79,0.013253,0.012883,63901200.000000,595714.000000,0.009322
847,671,79,0.013408,0.013026,63999576.000000,597825.000000,0.009341
848,672,79,0.013332,0.012960,64094976.000000,598420.000000,0.009336
849,673,79,0.013304,0.012963,64180210.000000,600617.000000,0.009358
850,674,78,0.013345,0.012950,64328150.000000,605465.000000,0.009412
851,675,78,0.013401,0.013042,64577223.000000,605177.000000,0.009371
852,675,78,0.013393,0.013050,64562595.000000,604969.000000,0.009370
853,675,78,0.013452,0.013074,64692664.000000,602758.000000,0.009317
854,676,78,0.013494,0.013090,64915057.000000,605782.000000,0.009332
855,677,78,0.013826,0.013418,64980136.000000,610903.000000,0.009401
856,677,77,0.013594,0.013197,64857596.000000,602865.000000,0.009295
857,678,77,0.013585,0.013195,65329413.000000,604690.000000,0.009256
858,679,77,0.013398,0.013006,65069967.000000,601537.000000,0.009244
859,679,77,0.013498,0.013124,65357535.000000,605093.000000,0.009258
860,679,77,0.013455,0.013099,65319145.000000,600008.000000,0.009186
861,680,77,0.013554,0.013179,65410122.000000,609682.000000,0.009321
862,680,77,0.013889,0.013528,65512735.000000,610463.000000,0.009318
863,681,76,0.013658,0.013286,65353271.000000,608903.000000,0.009317
864,681,76,0.013675,0.013287,65452847.000000,606587.000000,0.009268
865,681,76,0.013760,0.013294,65652642.000000,619785.000000,0.009440
866,682,76,0.013736,0.013335,65682397.000000,610997.000000,0.009302
867,683,76,0.013835,0.013465,65948363.000000,616577.000000,0.009349
868,684,76,0.013718,0.013344,65987595.000000,615500.000000,0.009328
869,684,75,0.013844,0.013486,66160417.000000,618351.000000,0.009346
870,685,75,0.013711,0.013335,66170476.000000,616052.000000,0.009310
871,685,75,0.013882,0.013488,66426927.000000,616171.000000,0.009276
872,686,75,0.013912,0.013495,66703809.000000,626212.000000,0.009388
873,687,75,0.013810,0.013422,66621237.000000,619974.000000,0.009306
874,688,75,0.013935,0.013544,67213183.000000,622747.000000,0.009265
875,688,75,0.013926,0.013536,67192116.000000,621609.000000,0.009251
876,689,75,0.014238,0.013835,67538412.000000,626048.000000,0.009270
877,690,75,0.014095,0.013699,67663315.000000,624647.000000,0.009232
878,691,74,0.014117,0.013706,67881028.000000,630587.000000,0.009290
879,692,74,0.014094,0.013712,68018527.000000,625899.000000,0.009202
880,692,74,0.014168,0.013779,68232777.000000,628168.000000,0.009206
881,693,74,0.014276,0.013893,68460442.000000,633503.000000,0.009254
882,693,74,0.014197,0.013802,68444486.000000,625507.000000,0.009139
883,694,74,0.014446,0.014012,68288819.000000,628900.000000,0.009209
884,695,73,0.014758,0.014352,68862576.000000,632224.000000,0.009181
885,696,73,0.014536,0.014133,68810253.000000,631705.000000,0.009180
886,697,73,0.014755,0.014379,69006426.000000,631840.000000,0.009156
887,698,73,0.014806,0.014439,69158555.000000,632561.000000,0.009147
888,699,73,0.014819,0.014404,69262857.000000,631919.000000,0.009123
889,700,73,0.014761,0.014393,69504672.000000,637569.000000,0.009173
890,701,72,0.014947,0.014562,69705265.000000,638006.000000,0.009153
891,702,72,0.014415,0.014041,69454452.000000,636338.000000,0.009162
892,703,72,0.014423,0.014034,69576178.000000,635495.000000,0.009134
893,704,72,0.014506,0.014126,69987532.000000,636402.000000,0.009093
894,705,72,0.014619,0.014218,70256658.000000,639523.000000,0.009103
895,706,72,0.014803,0.014402,70319391.000000,644465.000000,0.009165
896,707,72,0.014541,0.014157,70352225.000000,638693.000000,0.009079
897,707,72,0.014775,0.014396,70563537.000000,641273.000000,0.009088
898,708,71,0.014711,0.014305,70659710.000000,640278.000000,0.009061
899,709,71,0.014805,0.014415,71268595.000000,643791.000000,0.009033
900,710,71,0.014942,0.014543,71686572.000000,648768.000000,0.009050
901,711,71,0.015002,0.014601,71940271.000000,650307.000000,0.009040
902,712,71,0.014926,0.014544,72228254.000000,650208.000000,0.009002
903,713,71,0.015162,0.014745,72795158.000000,660468.000000,0.009073
904,714,70,0.015510,0.015092,73143537.000000,662185.000000,0.009053
905,715,70,0.015123,0.014733,72916948.000000,659312.000000,0.009042
906,716,70,0.015190,0.014807,73077885.000000,660301.000000,0.009036
907,717,70,0.015372,0.014975,73435398.000000,661771.000000,0.009012
908,718,70,0.015443,0.015033,73846807.000000,663706.000000,0.008988
909,718,70,0.015376,0.014986,74360624.000000,663844.000000,0.008927
910,719,69,0.015485,0.015091,74004854.000000,665897.000000,0.008998
911,720,69,0.015411,0.015003,74201425.000000,664967.000000,0.008962
912,721,69,0.015744,0.015214,74432546.000000,670138.000000,0.009003
913,722,69,0.015610,0.015083,74933118.000000,675416.000000,0.009014
914,723,69,0.015553,0.015036,74676796.000000,671383.000000,0.008991
915,724,69,0.015702,0.015176,75142106.000000,677659.000000,0.009018
916,725,68,0.015897,0.015338,75392158.000000,682763.000000,0.009056
917,726,68,0.015888,0.015464,75552197.000000,680192.000000,0.009003
918,727,68,0.015743,0.015349,75650121.000000,676181.000000,0.008938
919,727,68,0.015731,0.015344,75836882.000000,678734.000000,0.008950
920,727,68,0.015741,0.015351,76057291.000000,681716.000000,0.008963
921,728,68,0.015730,0.015339,75756286.000000,677245.000000,0.008940
922,729,67,0.015675,0.015281,75857143.000000,677124.000000,0.008926
923,730,67,0.016080,0.015712,76725150.000000,685526.000000,0.008935
924,730,67,0.015898,0.015529,76589217.000000,684444.000000,0.008937
925,730,67,0.015784,0.015424,76526913.000000,683329.000000,0.008929
926,731,67,0.015950,0.015555,76738136.000000,687327.000000,0.008957
927,732,67,0.015980,0.015598,76997858.000000,687915.000000,0.008934
928,733,66,0.016592,0.016135,77255456.000000,689696.000000,0.008927
929,734,66,0.016346,0.015950,77552230.000000,692738.000000,0.008933
930,735,66,0.016104,0.015706,77607291.000000,689850.000000,0.008889
931,736,66,0.016108,0.015739,77717578.000000,690997.000000,0.008891
932,737,66,0.016265,0.015738,77971037.000000,703071.000000,0.009017
933,738,65,0.016134,0.015735,77904868.000000,693851.000000,0.008906
934,739,65,0.016194,0.015812,78010929.000000,692418.000000,0.008876
935,740,65,0.016374,0.015988,78313325.000000,699999.000000,0.008938
936,740,65,0.016498,0.015953,78475007.000000,697778.000000,0.008892
937,741,65,0.016379,0.015880,78666559.000000,698935.000000,0.008885
938,741,65,0.016417,0.015911,78638082.000000,696863.000000,0.008862
939,742,64,0.016328,0.015826,78636529.000000,695570.000000,0.008845
940,743,64,0.016425,0.015903,78772423.000000,698320.000000,0.008865
941,744,64,0.016417,0.015900,78885813.000000,698432.000000,0.008854
942,745,64,0.016833,0.016421,79293351.000000,703752.000000,0.008875
943,746,64,0.017186,0.016769,79841854.000000,708992.000000,0.008880
944,747,64,0.016428,0.016025,79489163.000000,702007.000000,0.008831
945,748,64,0.016591,0.016204,79706478.000000,706508.000000,0.008864
946,748,63,0.016488,0.016113,79640920.000000,705228.000000,0.008855
947,749,63,0.016468,0.016083,79644556.000000,704822.000000,0.008850
948,750,63,0.016950,0.016534,80030458.000000,712992.000000,0.008909
949,750,63,0.017095,0.016531,79997485.000000,711103.000000,0.008889
950,750,63,0.016750,0.016242,80038773.000000,711521.000000,0.008890
951,751,63,0.016660,0.016131,80161182.000000,712349.000000,0.008886
952,752,63,0.016753,0.016212,80345635.000000,712959.000000,0.008874
953,753,62,0.017049,0.016424,80493766.000000,716783.000000,0.008905
954,754,62,0.016799,0.016247,80626869.000000,715547.000000,0.008875
955,754,62,0.017119,0.016573,81258173.000000,719448.000000,0.008854
956,755,62,0.016944,0.016415,81488323.000000,721024.000000,0.008848
957,756,62,0.016903,0.016404,81309821.000000,717719.000000,0.008827
958,756,62,0.016944,0.016435,81325837.000000,718833.000000,0.008839
959,757,62,0.017095,0.016682,81590625.000000,723550.000000,0.008868
960,758,61,0.016927,0.016521,82009064.000000,722491.000000,0.008810
961,759,61,0.017076,0.016707,82396721.000000,727678.000000,0.008831
962,760,61,0.017148,0.016751,82526266.000000,728888.000000,0.008832
963,761,61,0.017169,0.016786,82609619.000000,727619.000000,0.008808
964,762,61,0.017107,0.016709,82648752.000000,725109.000000,0.008773
965,763,61,0.017383,0.016968,83022828.000000,730993.000000,0.008805
966,764,61,0.017206,0.016797,83134744.000000,728729.000000,0.008766
967,764,61,0.017124,0.016744,82949687.000000,727479.000000,0.008770
968,765,60,0.017130,0.016739,83075814.000000,729210.000000,0.008778
969,766,60,0.017286,0.016902,83286369.000000,733156.000000,0.008803
970,767,60,0.017278,0.016879,83369883.000000,734668.000000,0.008812
971,767,60,0.017449,0.017036,83705302.000000,735833.000000,0.008791
972,768,60,0.017564,0.017165,84118011.000000,736193.000000,0.008752
973,769,60,0.017317,0.016939,84095240.000000,735933.000000,0.008751
974,770,60,0.017486,0.017080,84292484.000000,738367.000000,0.008760
975,771,60,0.017737,0.017324,84877044.000000,744235.000000,0.008768
976,772,60,0.017592,0.017182,84939022.000000,746085.000000,0.008784
977,772,59,0.017810,0.017430,85147514.000000,748172.000000,0.008787
