frame,nb of entities,FPS,frame length,physics length,L1-dcache-loads,L1-dcache-load-misses,L1-dcache-load-miss-ratio
0,3,302,0.001477,0.000040,609524.000000,37043.000000,0.060774
1,4,302,0.003322,0.000041,777914.000000,43484.000000,0.055898
2,5,302,0.003316,0.000045,769338.000000,42526.000000,0.055276
3,6,302,0.003319,0.000043,760406.000000,42835.000000,0.056332
4,7,302,0.003323,0.000035,784325.000000,38056.000000,0.048521
5,8,302,0.003325,0.000029,751499.000000,34394.000000,0.045767
6,9,302,0.003325,0.000030,765083.000000,38176.000000,0.049898
7,10,302,0.003322,0.000038,777388.000000,38781.000000,0.049886
8,11,302,0.003325,0.000032,787373.000000,38655.000000,0.049094
9,12,302,0.003325,0.000034,768371.000000,39285.000000,0.051128
10,13,302,0.003312,0.000058,783640.000000,37989.000000,0.048478
11,14,303,0.003325,0.000035,800939.000000,39381.000000,0.049169
12,15,303,0.003326,0.000041,767634.000000,38047.000000,0.049564
13,16,303,0.003325,0.000053,782665.000000,40081.000000,0.051211
14,17,303,0.003318,0.000076,787185.000000,44790.000000,0.056899
15,18,303,0.003316,0.000044,775806.000000,34881.000000,0.044961
16,19,303,0.003329,0.000063,809045.000000,45430.000000,0.056153
17,20,303,0.003319,0.000047,789390.000000,38822.000000,0.049180
18,21,303,0.003322,0.000048,808492.000000,38934.000000,0.048156
19,22,303,0.003323,0.000058,809725.000000,39651.000000,0.048968
20,23,303,0.003326,0.000050,763502.000000,34902.000000,0.045713
21,24,303,0.003322,0.000050,834495.000000,39989.000000,0.047920
22,25,303,0.003324,0.000053,856459.000000,39672.000000,0.046321
23,26,303,0.003328,0.000045,820901.000000,39458.000000,0.048067
24,26,303,0.003316,0.000094,844888.000000,47753.000000,0.056520
25,27,303,0.003325,0.000065,786151.000000,36256.000000,0.046118
26,27,303,0.003324,0.000054,822627.000000,39626.000000,0.048170
27,28,303,0.003324,0.000059,819462.000000,39627.000000,0.048357
28,29,303,0.003317,0.000053,878524.000000,40355.000000,0.045935
29,30,302,0.003596,0.000078,794654.000000,45940.000000,0.057811
30,31,302,0.003318,0.000092,888394.000000,43316.000000,0.048758
31,31,302,0.003323,0.000050,874842.000000,41880.000000,0.047872
32,31,302,0.003323,0.000078,878338.000000,45336.000000,0.051616
33,32,302,0.003319,0.000063,915403.000000,41502.000000,0.045337
34,33,302,0.003325,0.000070,894773.000000,41316.000000,0.046175
35,33,302,0.003321,0.000070,843116.000000,37473.000000,0.044446
36,34,303,0.003323,0.000100,933067.000000,46521.000000,0.049858
37,35,303,0.003319,0.000094,909315.000000,47853.000000,0.052625
38,36,303,0.003322,0.000073,893761.000000,41219.000000,0.046119
39,37,303,0.003321,0.000102,941535.000000,48561.000000,0.051576
40,38,303,0.003323,0.000109,887864.000000,44231.000000,0.049817
41,38,303,0.003321,0.000097,922035.000000,47740.000000,0.051777
42,39,303,0.003322,0.000111,954220.000000,48455.000000,0.050780
43,40,303,0.003324,0.000101,944201.000000,47861.000000,0.050689
44,41,303,0.003321,0.000069,917950.000000,41888.000000,0.045632
45,42,303,0.003324,0.000096,945763.000000,39238.000000,0.041488
46,43,303,0.003320,0.000089,925877.000000,42472.000000,0.045872
47,43,303,0.003326,0.000083,932126.000000,42242.000000,0.045318
48,44,303,0.003316,0.000094,957411.000000,45002.000000,0.047004
49,45,303,0.003325,0.000087,952803.000000,42373.000000,0.044472
50,46,303,0.003322,0.000105,913211.000000,40886.000000,0.044772
51,47,303,0.003322,0.000107,976487.000000,43591.000000,0.044641
52,48,303,0.003320,0.000101,969114.000000,43006.000000,0.044377
53,49,303,0.003321,0.000094,990172.000000,43108.000000,0.043536
54,50,303,0.003325,0.000157,953840.000000,44306.000000,0.046450
55,50,303,0.003321,0.000092,942183.000000,39433.000000,0.041853
56,51,303,0.003321,0.000100,963758.000000,42795.000000,0.044404
57,52,303,0.003326,0.000101,970109.000000,43541.000000,0.044883
58,53,303,0.003319,0.000081,999652.000000,44032.000000,0.044047
59,54,303,0.003326,0.000090,972776.000000,42912.000000,0.044113
60,55,300,0.003319,0.000167,994480.000000,40943.000000,0.041170
61,56,300,0.003327,0.000095,1008909.000000,44100.000000,0.043711
62,57,300,0.003317,0.000106,1000016.000000,43309.000000,0.043308
63,58,300,0.003327,0.000102,1027186.000000,43694.000000,0.042538
64,59,300,0.003325,0.000110,991674.000000,43129.000000,0.043491
65,60,300,0.003320,0.000110,971881.000000,39884.000000,0.041038
66,61,300,0.003325,0.000173,1036377.000000,45850.000000,0.044241
67,62,300,0.003323,0.000120,1043098.000000,44947.000000,0.043090
68,63,300,0.003325,0.000129,1077901.000000,45599.000000,0.042304
69,63,300,0.003319,0.000138,1088826.000000,47887.000000,0.043980
70,64,300,0.003329,0.000115,1017050.000000,41131.000000,0.040441
71,65,300,0.003318,0.000123,1057818.000000,44366.000000,0.041941
72,65,300,0.003325,0.000145,1089306.000000,45820.000000,0.042063
73,66,300,0.003321,0.000127,1068735.000000,44804.000000,0.041922
74,67,300,0.003327,0.000118,1077552.000000,45047.000000,0.041805
75,68,300,0.003321,0.000147,1064922.000000,44653.000000,0.041931
76,69,300,0.003325,0.000131,1125889.000000,47142.000000,0.041871
77,70,300,0.003323,0.000125,1117649.000000,46994.000000,0.042047
78,71,300,0.003325,0.000154,1110054.000000,47879.000000,0.043132
79,72,300,0.003321,0.000130,1111613.000000,46464.000000,0.041799
80,73,300,0.003326,0.000138,1121602.000000,43148.000000,0.038470
81,73,300,0.003323,0.000142,1161567.000000,48459.000000,0.041719
82,74,300,0.003326,0.000134,1143525.000000,46828.000000,0.040951
83,75,300,0.003322,0.000119,1173216.000000,47199.000000,0.040230
84,75,300,0.003327,0.000165,1192304.000000,50300.000000,0.042187
85,76,300,0.003321,0.000135,1148941.000000,44522.000000,0.038750
86,77,300,0.003325,0.000147,1187839.000000,48967.000000,0.041224
87,78,300,0.003320,0.000168,1199400.000000,50981.000000,0.042505
88,79,300,0.003328,0.000152,1201020.000000,48886.000000,0.040704
89,79,300,0.003319,0.000138,1187829.000000,47913.000000,0.040337
90,79,300,0.003325,0.000168,1162218.000000,47239.000000,0.040646
91,80,300,0.003325,0.000178,1197199.000000,49469.000000,0.041321
92,81,300,0.003323,0.000159,1219513.000000,49237.000000,0.040374
93,81,300,0.003327,0.000171,1212568.000000,50514.000000,0.041659
94,82,300,0.003323,0.000153,1213003.000000,48963.000000,0.040365
95,83,300,0.003325,0.000153,1189164.000000,45559.000000,0.038312
96,84,300,0.003321,0.000183,1231665.000000,52010.000000,0.042227
97,85,300,0.003327,0.000152,1239300.000000,49475.000000,0.039922
98,86,300,0.003322,0.000172,1266844.000000,50891.000000,0.040171
99,87,300,0.003326,0.000200,1272705.000000,53673.000000,0.042172
100,88,300,0.003320,0.000186,1264500.000000,47033.000000,0.037195
101,88,300,0.003326,0.000148,1287309.000000,50129.000000,0.038941
102,89,300,0.003324,0.000194,1295363.000000,52718.000000,0.040697
103,89,300,0.003323,0.000161,1281994.000000,49946.000000,0.038960
104,90,300,0.003319,0.000172,1290884.000000,50261.000000,0.038935
105,90,300,0.003328,0.000197,1255233.000000,50091.000000,0.039906
106,91,300,0.003321,0.000188,1279092.000000,51012.000000,0.039881
107,92,300,0.003325,0.000172,1290550.000000,52025.000000,0.040312
108,93,300,0.003325,0.000231,1325030.000000,54891.000000,0.041426
109,93,300,0.003318,0.000181,1345199.000000,52576.000000,0.039084
110,93,300,0.003323,0.000198,1279151.000000,47980.000000,0.037509
111,94,300,0.003326,0.000236,1375126.000000,55530.000000,0.040382
112,94,300,0.003323,0.000187,1342332.000000,52525.000000,0.039130
113,95,300,0.003323,0.000211,1377509.000000,53562.000000,0.038883
114,95,300,0.003321,0.000209,1399025.000000,54488.000000,0.038947
115,96,300,0.003326,0.000192,1327773.000000,49964.000000,0.037630
116,97,300,0.003321,0.000194,1416983.000000,54989.000000,0.038807
117,98,300,0.003325,0.000225,1439368.000000,56853.000000,0.039499
118,99,300,0.003326,0.000208,1429369.000000,55747.000000,0.039001
119,100,300,0.003322,0.000216,1455805.000000,55511.000000,0.038131
120,100,300,0.003328,0.000239,1436414.000000,53709.000000,0.037391
121,101,300,0.003321,0.000213,1500490.000000,55728.000000,0.037140
122,102,300,0.003327,0.000253,1561648.000000,60370.000000,0.038658
123,103,300,0.003320,0.000264,1574489.000000,60786.000000,0.038607
124,104,300,0.003326,0.000245,1591398.000000,59125.000000,0.037153
125,105,300,0.003320,0.000246,1560359.000000,55381.000000,0.035492
126,106,300,0.003326,0.000276,1603901.000000,61393.000000,0.038277
127,107,300,0.003321,0.000278,1604797.000000,59931.000000,0.037345
128,108,300,0.003326,0.000263,1630689.000000,61103.000000,0.037471
129,109,300,0.003354,0.000405,1561389.000000,63699.000000,0.040796
130,110,300,0.003342,0.000260,1567284.000000,57186.000000,0.036487
131,111,300,0.003350,0.000237,1649896.000000,62827.000000,0.038079
132,112,300,0.003356,0.000302,1717943.000000,65402.000000,0.038070
133,112,300,0.003367,0.000258,1720651.000000,64355.000000,0.037402
134,113,300,0.003403,0.000308,1700998.000000,62279.000000,0.036613
135,113,300,0.003341,0.000259,1701842.000000,63789.000000,0.037482
136,114,300,0.003358,0.000298,1720354.000000,65458.000000,0.038049
137,114,300,0.003343,0.000265,1706637.000000,64791.000000,0.037964
138,114,300,0.003360,0.000363,1726000.000000,67131.000000,0.038894
139,115,300,0.003354,0.000279,1686053.000000,61506.000000,0.036479
140,116,300,0.003328,0.000427,1821392.000000,69177.000000,0.037980
141,117,300,0.003312,0.000345,1871413.000000,65490.000000,0.034995
142,118,300,0.003326,0.000280,1870787.000000,66811.000000,0.035713
143,119,300,0.003322,0.000350,1856467.000000,66685.000000,0.035920
144,120,300,0.003323,0.000360,1853795.000000,64401.000000,0.034740
145,121,300,0.003323,0.000406,1952110.000000,74695.000000,0.038264
146,121,300,0.003323,0.000357,1975913.000000,70312.000000,0.035585
147,122,300,0.003325,0.000339,1956866.000000,68965.000000,0.035243
148,123,300,0.003325,0.000330,1988454.000000,70750.000000,0.035580
149,124,300,0.003326,0.000396,1954064.000000,66788.000000,0.034179
150,124,300,0.003319,0.000385,2020980.000000,70070.000000,0.034671
151,125,300,0.003325,0.000405,2058414.000000,72645.000000,0.035292
152,126,300,0.003321,0.000391,2143806.000000,74034.000000,0.034534
153,126,300,0.003327,0.000382,2179630.000000,74256.000000,0.034068
154,126,300,0.003319,0.000447,2160955.000000,74079.000000,0.034281
155,127,300,0.003328,0.000448,2212713.000000,80579.000000,0.036416
156,128,300,0.003319,0.000450,2213935.000000,76055.000000,0.034353
157,128,300,0.003327,0.000387,2273731.000000,76869.000000,0.033807
158,129,300,0.003320,0.000438,2296147.000000,79385.000000,0.034573
159,130,300,0.003328,0.000421,2255527.000000,74512.000000,0.033035
160,131,300,0.003321,0.000425,2364099.000000,80385.000000,0.034002
161,132,300,0.003327,0.000398,2370439.000000,81274.000000,0.034286
162,133,300,0.003319,0.000516,2393296.000000,82120.000000,0.034313
163,133,300,0.003329,0.000456,2387639.000000,83434.000000,0.034944
164,134,300,0.003318,0.000508,2358361.000000,77163.000000,0.032719
165,135,300,0.003326,0.000456,2395890.000000,81809.000000,0.034146
166,136,300,0.003323,0.000447,2468772.000000,84700.000000,0.034309
167,136,300,0.003323,0.000470,2475520.000000,84379.000000,0.034085
168,137,300,0.003322,0.000473,2480234.000000,83786.000000,0.033781
169,138,300,0.003325,0.000465,2472847.000000,81789.000000,0.033075
170,139,300,0.003323,0.000523,2572496.000000,87997.000000,0.034207
171,140,300,0.003324,0.000486,2562069.000000,86221.000000,0.033653
172,140,300,0.003326,0.000495,2612527.000000,88515.000000,0.033881
173,141,300,0.003322,0.000577,2630289.000000,88325.000000,0.033580
174,142,300,0.003328,0.000514,2613509.000000,84642.000000,0.032386
175,142,300,0.003322,0.000504,2687895.000000,90273.000000,0.033585
176,143,300,0.003327,0.000540,2673614.000000,90169.000000,0.033726
177,144,300,0.003320,0.000577,2719874.000000,90351.000000,0.033219
178,145,300,0.003327,0.000524,2742286.000000,92401.000000,0.033695
179,145,300,0.003319,0.000538,2701115.000000,87918.000000,0.032549
180,145,300,0.003328,0.000529,2725995.000000,89562.000000,0.032855
181,146,300,0.003322,0.000547,2741410.000000,92334.000000,0.033681
182,147,300,0.003324,0.000554,2809809.000000,92830.000000,0.033038
183,148,300,0.003320,0.000621,2857985.000000,95181.000000,0.033304
184,149,300,0.003326,0.000580,2835278.000000,92734.000000,0.032707
185,150,300,0.003319,0.000655,2932660.000000,97311.000000,0.033182
186,151,300,0.003328,0.000591,2963391.000000,98572.000000,0.033263
187,151,300,0.003320,0.000590,2981228.000000,98660.000000,0.033094
188,152,300,0.003327,0.000633,3023968.000000,100257.000000,0.033154
189,153,300,0.003319,0.000671,2996129.000000,95392.000000,0.031838
190,154,300,0.003327,0.000664,3088944.000000,103577.000000,0.033532
191,155,300,0.003323,0.000595,3102181.000000,102380.000000,0.033003
192,156,300,0.003323,0.000730,3144490.000000,103690.000000,0.032975
193,157,300,0.003317,0.000616,3164745.000000,104201.000000,0.032926
194,157,300,0.003324,0.000650,3127273.000000,100160.000000,0.032028
195,158,300,0.003322,0.000711,3184793.000000,104790.000000,0.032903
196,159,300,0.003326,0.000637,3212292.000000,105873.000000,0.032959
197,160,300,0.003321,0.000718,3222357.000000,105782.000000,0.032828
198,161,300,0.003323,0.000663,3240750.000000,106231.000000,0.032780
199,161,300,0.003326,0.000646,3207538.000000,102881.000000,0.032075
200,162,300,0.003321,0.000674,3307332.000000,107574.000000,0.032526
201,163,300,0.003326,0.000671,3323143.000000,106355.000000,0.032004
202,164,300,0.003321,0.000682,3386437.000000,110050.000000,0.032497
203,165,300,0.003326,0.000713,3447450.000000,112685.000000,0.032686
204,166,300,0.003372,0.000838,3371838.000000,107830.000000,0.031980
205,167,300,0.003381,0.000911,3550152.000000,131956.000000,0.037169
206,168,300,0.003379,0.000740,3532649.000000,114381.000000,0.032378
207,169,300,0.003374,0.000796,3536011.000000,115970.000000,0.032797
208,169,300,0.003379,0.000888,3654570.000000,130689.000000,0.035760
209,169,300,0.003376,0.000751,3520728.000000,111324.000000,0.031620
210,170,300,0.003371,0.000677,3600382.000000,116703.000000,0.032414
211,171,300,0.003383,0.000904,3749822.000000,130591.000000,0.034826
212,172,300,0.003371,0.000691,3661607.000000,117457.000000,0.032078
213,173,300,0.003377,0.000742,3690629.000000,119329.000000,0.032333
214,174,299,0.003407,0.000850,3761141.000000,124330.000000,0.033056
215,175,299,0.003376,0.000789,3776359.000000,121257.000000,0.032110
216,175,299,0.003365,0.000738,3781983.000000,121568.000000,0.032144
217,176,299,0.003377,0.000863,3833539.000000,124915.000000,0.032585
218,177,299,0.003372,0.000735,3822237.000000,122562.000000,0.032066
219,178,299,0.003373,0.000900,3819721.000000,120968.000000,0.031669
220,179,299,0.003320,0.000753,3985272.000000,127848.000000,0.032080
221,180,299,0.003322,0.000810,4087525.000000,128137.000000,0.031348
222,181,299,0.003322,0.000984,4176078.000000,132013.000000,0.031612
223,182,299,0.003323,0.001056,4270387.000000,135625.000000,0.031759
224,183,299,0.003323,0.000882,4327824.000000,133243.000000,0.030788
225,184,299,0.003325,0.000984,4419457.000000,138439.000000,0.031325
226,185,299,0.003325,0.000957,4504728.000000,142592.000000,0.031654
227,186,299,0.003324,0.000906,4433736.000000,140124.000000,0.031604
228,187,299,0.003321,0.000988,4501374.000000,142019.000000,0.031550
229,187,299,0.003324,0.000964,4537173.000000,139823.000000,0.030817
230,187,299,0.003326,0.000937,4551906.000000,142365.000000,0.031276
231,188,299,0.003323,0.000998,4571111.000000,142570.000000,0.031189
232,189,299,0.003324,0.000990,4599231.000000,144756.000000,0.031474
233,190,299,0.003327,0.000953,4629668.000000,145069.000000,0.031335
234,191,299,0.003326,0.001048,4662493.000000,143620.000000,0.030803
235,192,299,0.003322,0.001099,4727742.000000,149699.000000,0.031664
236,193,299,0.003326,0.000988,4833641.000000,149803.000000,0.030992
237,194,299,0.003318,0.001182,4934691.000000,152239.000000,0.030851
238,195,299,0.003327,0.001035,4811752.000000,150347.000000,0.031246
239,196,299,0.003320,0.001034,4827967.000000,147900.000000,0.030634
240,197,299,0.003326,0.001105,4959818.000000,154273.000000,0.031105
241,198,299,0.003320,0.001157,5055278.000000,155353.000000,0.030731
242,199,299,0.003324,0.001080,5159878.000000,159954.000000,0.031000
243,199,299,0.003319,0.001049,5186994.000000,159294.000000,0.030710
244,199,299,0.003330,0.001144,5084918.000000,154140.000000,0.030313
245,200,299,0.003320,0.001117,5138791.000000,158527.000000,0.030849
246,201,299,0.003325,0.001209,5231760.000000,162154.000000,0.030994
247,201,299,0.003319,0.001195,5212890.000000,160506.000000,0.030790
248,202,299,0.003324,0.001137,5296673.000000,162945.000000,0.030764
249,202,299,0.003322,0.001069,5313724.000000,159987.000000,0.030108
250,203,299,0.003325,0.001321,5259367.000000,173183.000000,0.032928
251,204,299,0.003326,0.001193,5260594.000000,163848.000000,0.031146
252,204,299,0.003320,0.001080,5300944.000000,163323.000000,0.030810
253,205,299,0.003328,0.001289,5307164.000000,165427.000000,0.031171
254,206,299,0.003413,0.001131,5354720.000000,162959.000000,0.030433
255,207,299,0.003389,0.001252,5434417.000000,170368.000000,0.031350
256,207,299,0.003389,0.001196,5480513.000000,169551.000000,0.030937
257,208,299,0.003395,0.001239,5590592.000000,177342.000000,0.031722
258,209,299,0.003409,0.001236,5649163.000000,173055.000000,0.030634
259,210,298,0.003405,0.001505,5789100.000000,185095.000000,0.031973
260,211,298,0.003393,0.001265,5644904.000000,174364.000000,0.030889
261,211,298,0.003409,0.001468,5795265.000000,191742.000000,0.033086
262,212,298,0.003391,0.001161,5766928.000000,176345.000000,0.030579
263,213,298,0.003407,0.001536,5749621.000000,195943.000000,0.034079
264,213,298,0.003395,0.001207,5683269.000000,172840.000000,0.030412
265,214,298,0.003403,0.001319,5875475.000000,193460.000000,0.032927
266,215,298,0.003404,0.001338,5938424.000000,185101.000000,0.031170
267,216,298,0.003402,0.001290,5869147.000000,192820.000000,0.032853
268,216,298,0.003393,0.001183,5943079.000000,181000.000000,0.030456
269,217,298,0.003328,0.001341,6027637.000000,191770.000000,0.031815
270,218,298,0.003319,0.001263,6177287.000000,185357.000000,0.030006
271,219,298,0.003325,0.001417,6178787.000000,187757.000000,0.030387
272,220,298,0.003321,0.001274,6335072.000000,190624.000000,0.030090
273,221,298,0.003326,0.001245,6213604.000000,186757.000000,0.030056
274,222,298,0.003417,0.001593,6278525.000000,190778.000000,0.030386
275,223,298,0.003406,0.001337,6363445.000000,192526.000000,0.030255
276,223,298,0.003429,0.001301,6524150.000000,197271.000000,0.030237
277,224,298,0.003418,0.001326,6568723.000000,198392.000000,0.030203
278,224,298,0.003436,0.001429,6705883.000000,203097.000000,0.030286
279,225,298,0.003338,0.001716,6813894.000000,217830.000000,0.031969
280,226,298,0.003399,0.001519,6926381.000000,207433.000000,0.029948
281,227,298,0.003436,0.001867,7059235.000000,212068.000000,0.030041
282,227,298,0.003413,0.001656,7145616.000000,228147.000000,0.031928
283,227,297,0.003424,0.001720,7063320.000000,213672.000000,0.030251
284,228,297,0.003375,0.001713,7048513.000000,210447.000000,0.029857
285,228,297,0.003425,0.001693,7158509.000000,223846.000000,0.031270
286,229,297,0.003402,0.001443,7120736.000000,213148.000000,0.029933
287,229,297,0.003418,0.001528,7137257.000000,214907.000000,0.030111
288,230,297,0.003423,0.001749,7434304.000000,240873.000000,0.032400
289,230,297,0.003415,0.001526,7209463.000000,215986.000000,0.029959
290,231,296,0.003405,0.001489,7308380.000000,216528.000000,0.029627
291,232,296,0.003413,0.001612,7220952.000000,216659.000000,0.030004
292,232,296,0.003405,0.001492,7230794.000000,216562.000000,0.029950
293,233,296,0.003414,0.001675,7271932.000000,215863.000000,0.029684
294,233,296,0.003403,0.001509,7373206.000000,221463.000000,0.030036
295,233,296,0.003416,0.001571,7419095.000000,222537.000000,0.029995
296,233,296,0.003414,0.001625,7492350.000000,223596.000000,0.029843
297,234,296,0.003415,0.001601,7445806.000000,224070.000000,0.030093
298,235,295,0.003419,0.001696,7550979.000000,223899.000000,0.029652
299,236,295,0.003419,0.001593,7598807.000000,226215.000000,0.029770
300,237,295,0.003421,0.001813,7723642.000000,229676.000000,0.029737
301,237,295,0.003418,0.001646,7783032.000000,231072.000000,0.029689
302,238,295,0.003419,0.001662,8008301.000000,236769.000000,0.029565
303,239,295,0.003365,0.001639,7759970.000000,227853.000000,0.029363
304,239,295,0.003419,0.001620,7875325.000000,234141.000000,0.029731
305,240,295,0.003421,0.001787,7956406.000000,235536.000000,0.029603
306,241,294,0.003421,0.001723,8148653.000000,242053.000000,0.029705
307,241,294,0.003423,0.001792,8253477.000000,243546.000000,0.029508
308,242,294,0.003421,0.001736,8084480.000000,239515.000000,0.029627
309,243,294,0.003448,0.002313,8238121.000000,249962.000000,0.030342
310,244,294,0.003395,0.002000,8366006.000000,253489.000000,0.030300
311,245,294,0.003425,0.001773,8298752.000000,246723.000000,0.029730
312,246,294,0.003436,0.002088,8445563.000000,255983.000000,0.030310
313,247,293,0.003427,0.001843,8348594.000000,245109.000000,0.029359
314,248,293,0.003443,0.002180,8608386.000000,274621.000000,0.031902
315,249,293,0.003423,0.001815,8439371.000000,252892.000000,0.029966
316,249,293,0.003437,0.002006,8625381.000000,259653.000000,0.030103
317,250,293,0.003437,0.002062,8785170.000000,271046.000000,0.030853
318,251,293,0.003436,0.002056,8694155.000000,261953.000000,0.030130
319,252,293,0.003430,0.002108,8674355.000000,257915.000000,0.029733
320,253,293,0.003445,0.002191,8937771.000000,274609.000000,0.030725
321,254,293,0.003475,0.001892,8804654.000000,263898.000000,0.029973
322,255,293,0.003391,0.002071,8943882.000000,267346.000000,0.029891
323,256,293,0.003440,0.002096,8934224.000000,270939.000000,0.030326
324,257,293,0.003443,0.002114,9154969.000000,277139.000000,0.030272
325,258,293,0.003430,0.001875,9113453.000000,269026.000000,0.029520
326,259,293,0.003450,0.002326,9240539.000000,284305.000000,0.030767
327,260,293,0.003432,0.001883,9052007.000000,265522.000000,0.029333
328,261,293,0.003446,0.002144,9368901.000000,282141.000000,0.030115
329,261,292,0.003438,0.002119,9439831.000000,283144.000000,0.029995
330,262,292,0.003357,0.002390,9408193.000000,283715.000000,0.030156
331,263,292,0.003332,0.001934,9355034.000000,274879.000000,0.029383
332,264,292,0.003333,0.001977,9371426.000000,274495.000000,0.029291
333,264,292,0.003340,0.002076,9439346.000000,276438.000000,0.029286
334,265,292,0.003334,0.001984,9464345.000000,280405.000000,0.029628
335,266,293,0.003334,0.001965,9507277.000000,279192.000000,0.029366
336,267,293,0.003344,0.002142,9699659.000000,287878.000000,0.029679
337,268,293,0.003331,0.002026,9668076.000000,280914.000000,0.029056
338,269,293,0.003455,0.002423,9947520.000000,301219.000000,0.030281
339,270,293,0.003442,0.002131,9993564.000000,292300.000000,0.029249
340,271,293,0.003452,0.002278,10089959.000000,309176.000000,0.030642
341,272,293,0.003437,0.002088,10048269.000000,293480.000000,0.029207
342,273,292,0.003452,0.002345,10139461.000000,310868.000000,0.030659
343,274,292,0.003439,0.002114,10106034.000000,295357.000000,0.029226
344,274,292,0.003446,0.002251,10208748.000000,315944.000000,0.030948
345,274,292,0.003443,0.002177,10155531.000000,297066.000000,0.029252
346,275,292,0.003451,0.002253,10192430.000000,314346.000000,0.030841
347,276,292,0.003435,0.002111,10138751.000000,292976.000000,0.028897
348,277,292,0.003457,0.002653,10422584.000000,323565.000000,0.031045
349,277,292,0.003446,0.002358,10442199.000000,313614.000000,0.030033
350,278,292,0.003450,0.002295,10486781.000000,318503.000000,0.030372
351,279,292,0.003470,0.002264,10502171.000000,304502.000000,0.028994
352,280,292,0.003415,0.002635,10728586.000000,332300.000000,0.030973
353,281,292,0.003480,0.002265,10688095.000000,311712.000000,0.029164
354,282,292,0.003449,0.002529,10813819.000000,331809.000000,0.030684
355,283,292,0.003487,0.002437,10820651.000000,317616.000000,0.029353
356,284,292,0.003488,0.002393,10859978.000000,328021.000000,0.030205
357,285,292,0.003457,0.002279,10937947.000000,316319.000000,0.028919
358,286,291,0.003463,0.002833,11635695.000000,350498.000000,0.030123
359,287,291,0.003466,0.002321,11142611.000000,319053.000000,0.028634
360,288,291,0.003463,0.002575,11337721.000000,344708.000000,0.030404
361,289,291,0.003459,0.002524,11293244.000000,325381.000000,0.028812
362,290,291,0.003464,0.002611,11395690.000000,343388.000000,0.030133
363,291,291,0.003489,0.002396,11371183.000000,327953.000000,0.028841
364,292,291,0.003449,0.002640,11555575.000000,351544.000000,0.030422
365,293,291,0.003454,0.002504,11488069.000000,332198.000000,0.028917
366,294,291,0.003492,0.002682,11569042.000000,351060.000000,0.030345
367,294,291,0.003381,0.002856,11635317.000000,339546.000000,0.029182
368,294,291,0.003360,0.002530,11671714.000000,335730.000000,0.028764
369,294,291,0.003361,0.002410,11492313.000000,331650.000000,0.028858
370,294,291,0.003361,0.002436,11569493.000000,331461.000000,0.028650
371,295,291,0.003373,0.002714,11728401.000000,335499.000000,0.028606
372,296,291,0.003369,0.002542,11743904.000000,336748.000000,0.028674
373,297,291,0.003355,0.002470,11817244.000000,337812.000000,0.028586
374,297,292,0.003371,0.002592,11934270.000000,346868.000000,0.029065
375,298,292,0.003362,0.002556,11972474.000000,342147.000000,0.028578
376,298,292,0.003373,0.002566,12127207.000000,344578.000000,0.028414
377,299,292,0.003365,0.002700,12481668.000000,360376.000000,0.028872
378,300,291,0.003945,0.003108,12421278.000000,378561.000000,0.030477
379,301,291,0.003466,0.002613,12394123.000000,360430.000000,0.029081
380,301,291,0.003479,0.003151,12469266.000000,364759.000000,0.029253
381,301,291,0.003371,0.002664,12395715.000000,359019.000000,0.028963
382,302,291,0.003374,0.002643,12493278.000000,362879.000000,0.029046
383,303,291,0.003339,0.002666,12570091.000000,365838.000000,0.029104
384,304,291,0.003390,0.002948,12609631.000000,368530.000000,0.029226
385,304,292,0.003365,0.002645,12574437.000000,366571.000000,0.029152
386,305,292,0.003367,0.002649,12541947.000000,362277.000000,0.028885
387,306,292,0.003368,0.002640,12607439.000000,367949.000000,0.029185
388,307,292,0.003369,0.002677,12667263.000000,368837.000000,0.029117
389,307,292,0.003368,0.002658,12647611.000000,367713.000000,0.029074
390,308,292,0.003368,0.002675,12624311.000000,364426.000000,0.028867
391,309,292,0.003339,0.002666,12682659.000000,368742.000000,0.029075
392,309,292,0.003369,0.002672,12708331.000000,369429.000000,0.029070
393,310,292,0.003371,0.002686,12791622.000000,372607.000000,0.029129
394,311,292,0.003437,0.003073,13050056.000000,378258.000000,0.028985
395,312,292,0.003379,0.002817,13122548.000000,377329.000000,0.028754
396,313,291,0.003741,0.003064,13153491.000000,398050.000000,0.030262
397,314,291,0.003515,0.002868,13121529.000000,382379.000000,0.029141
398,315,291,0.003460,0.002808,13175747.000000,382528.000000,0.029033
399,316,290,0.003627,0.002956,13362553.000000,391266.000000,0.029281
400,317,290,0.003575,0.002924,13386348.000000,386289.000000,0.028857
401,318,290,0.003487,0.002840,13316350.000000,387764.000000,0.029119
402,319,290,0.003533,0.002913,13481747.000000,392253.000000,0.029095
403,320,290,0.003609,0.002969,13557206.000000,394460.000000,0.029096
404,320,290,0.003597,0.002971,13728047.000000,399592.000000,0.029108
405,320,290,0.003553,0.002925,13783592.000000,393984.000000,0.028584
406,321,289,0.003646,0.003026,13890195.000000,404009.000000,0.029086
407,322,289,0.003607,0.002969,13909736.000000,403187.000000,0.028986
408,323,289,0.003730,0.003066,14120220.000000,411227.000000,0.029123
409,324,288,0.003658,0.002991,14121205.000000,406293.000000,0.028772
410,325,288,0.003716,0.003093,14377521.000000,418165.000000,0.029085
411,326,288,0.003775,0.003148,14462613.000000,417872.000000,0.028893
412,327,287,0.003801,0.003163,14645639.000000,426494.000000,0.029121
413,328,286,0.003880,0.003262,14744816.000000,428156.000000,0.029038
414,329,286,0.003814,0.003209,14787515.000000,425392.000000,0.028767
415,330,285,0.003892,0.003258,14942248.000000,433239.000000,0.028994
416,331,285,0.003863,0.003245,14951568.000000,434367.000000,0.029052
417,332,284,0.003869,0.003237,14970800.000000,433120.000000,0.028931
418,333,284,0.003822,0.003196,15060923.000000,431687.000000,0.028663
419,333,283,0.003949,0.003318,15185733.000000,439197.000000,0.028922
420,334,283,0.003897,0.003283,15135142.000000,438739.000000,0.028988
421,335,282,0.003873,0.003220,15168504.000000,438447.000000,0.028905
422,336,282,0.003889,0.003284,15206592.000000,437376.000000,0.028762
423,337,281,0.003986,0.003637,15422326.000000,452845.000000,0.029363
424,338,281,0.003623,0.003294,15324828.000000,444036.000000,0.028975
425,339,280,0.003603,0.003265,15355880.000000,443676.000000,0.028893
426,340,280,0.003631,0.003291,15448534.000000,446255.000000,0.028887
427,341,280,0.003665,0.003328,15557255.000000,445381.000000,0.028629
428,342,279,0.003758,0.003421,15867889.000000,458883.000000,0.028919
429,343,279,0.003743,0.003414,15921354.000000,458196.000000,0.028779
430,343,278,0.003761,0.003429,15974218.000000,459669.000000,0.028776
431,344,278,0.003761,0.003434,16027818.000000,458373.000000,0.028599
432,345,277,0.003838,0.003497,16278443.000000,469721.000000,0.028855
433,345,277,0.003848,0.003506,16362986.000000,470725.000000,0.028768
434,346,276,0.003827,0.003481,16287983.000000,470669.000000,0.028897
435,347,275,0.003849,0.003505,16338982.000000,471462.000000,0.028855
436,348,275,0.003849,0.003516,16443868.000000,470206.000000,0.028595
437,348,274,0.003880,0.003556,16492030.000000,475110.000000,0.028808
438,348,274,0.003853,0.003515,16467565.000000,475399.000000,0.028869
439,349,274,0.003889,0.003555,16556202.000000,476973.000000,0.028809
440,350,273,0.003904,0.003596,16568034.000000,475785.000000,0.028717
441,351,273,0.003896,0.003563,16636316.000000,479247.000000,0.028807
442,352,272,0.003946,0.003607,16755001.000000,482374.000000,0.028790
443,353,271,0.003930,0.003601,16829775.000000,483730.000000,0.028743
444,353,270,0.003956,0.003647,16858717.000000,482644.000000,0.028629
445,354,270,0.003981,0.003649,16955562.000000,487781.000000,0.028768
446,355,269,0.004012,0.003666,17089207.000000,492940.000000,0.028845
447,356,268,0.004029,0.003695,17156550.000000,494263.000000,0.028809
448,356,267,0.003999,0.003692,17146542.000000,489956.000000,0.028575
449,357,266,0.004315,0.003961,17327721.000000,502603.000000,0.029006
450,358,265,0.004170,0.003817,17332257.000000,499796.000000,0.028836
451,359,264,0.004171,0.003794,17418323.000000,505753.000000,0.029036
452,360,263,0.004065,0.003746,17478393.000000,498714.000000,0.028533
453,361,263,0.004169,0.003812,17615282.000000,506364.000000,0.028746
454,361,262,0.004203,0.003862,17795521.000000,512725.000000,0.028812
455,362,261,0.004192,0.003849,17860784.000000,512455.000000,0.028692
456,362,260,0.004236,0.003919,17908741.000000,515334.000000,0.028776
457,363,259,0.004167,0.003829,17949240.000000,514412.000000,0.028659
458,364,259,0.004266,0.003894,18122430.000000,520627.000000,0.028728
459,365,258,0.004220,0.003888,18165811.000000,520384.000000,0.028646
460,366,257,0.004259,0.003946,18201395.000000,519105.000000,0.028520
461,367,256,0.004350,0.003996,18345576.000000,527263.000000,0.028741
462,368,255,0.004288,0.003945,18510893.000000,529398.000000,0.028599
463,369,254,0.004395,0.004057,18628941.000000,534193.000000,0.028675
464,370,254,0.004363,0.004031,18681308.000000,534550.000000,0.028614
465,371,253,0.004416,0.004082,18794504.000000,541506.000000,0.028812
466,372,252,0.004454,0.004116,18885151.000000,541265.000000,0.028661
467,372,251,0.004369,0.004041,18837689.000000,540327.000000,0.028683
468,373,250,0.004407,0.004092,18839923.000000,537528.000000,0.028531
469,373,250,0.004396,0.004060,18840938.000000,541017.000000,0.028715
470,373,249,0.004420,0.004093,18856695.000000,539687.000000,0.028620
471,374,248,0.004441,0.004086,18953078.000000,541423.000000,0.028566
472,375,247,0.005178,0.004536,19252201.000000,553579.000000,0.028754
473,376,246,0.004761,0.004127,19073598.000000,543576.000000,0.028499
474,376,245,0.004864,0.004160,19285389.000000,553389.000000,0.028695
475,377,244,0.004797,0.004187,19342375.000000,550720.000000,0.028472
476,378,243,0.004914,0.004276,19725132.000000,564332.000000,0.028610
477,379,242,0.004949,0.004303,19828373.000000,566452.000000,0.028568
478,379,241,0.004928,0.004316,20032928.000000,573385.000000,0.028622
479,380,240,0.004971,0.004363,20036557.000000,567861.000000,0.028341
480,381,239,0.005020,0.004401,20159194.000000,576960.000000,0.028620
481,382,238,0.005001,0.004348,20175843.000000,575170.000000,0.028508
482,383,237,0.005026,0.004400,20324499.000000,581094.000000,0.028591
483,384,235,0.005079,0.004445,20462376.000000,584894.000000,0.028584
484,385,234,0.005135,0.004472,20475267.000000,586937.000000,0.028666
485,386,233,0.005170,0.004502,20567466.000000,587370.000000,0.028558
486,387,231,0.005068,0.004424,20559988.000000,588610.000000,0.028629
487,387,230,0.005142,0.004476,20632255.000000,586787.000000,0.028440
488,388,229,0.005129,0.004483,20712972.000000,589015.000000,0.028437
489,388,228,0.005128,0.004487,20778540.000000,592854.000000,0.028532
490,389,226,0.005176,0.004555,20932079.000000,597856.000000,0.028562
491,390,225,0.005246,0.004601,21006502.000000,598865.000000,0.028509
492,391,224,0.005231,0.004861,21270575.000000,610235.000000,0.028689
493,392,223,0.004978,0.004609,21299237.000000,606393.000000,0.028470
494,393,222,0.005025,0.004672,21435334.000000,610068.000000,0.028461
495,394,221,0.005001,0.004672,21406300.000000,606133.000000,0.028316
496,395,220,0.005012,0.004679,21489791.000000,612910.000000,0.028521
497,395,219,0.004981,0.004625,21532472.000000,612366.000000,0.028439
498,396,218,0.005014,0.004671,21659277.000000,611102.000000,0.028214
499,396,217,0.005045,0.004713,21718079.000000,616140.000000,0.028370
500,397,217,0.005010,0.004675,21700568.000000,616790.000000,0.028423
501,398,216,0.005067,0.004721,21772019.000000,618963.000000,0.028429
502,398,215,0.005058,0.004735,21766673.000000,613449.000000,0.028183
503,399,214,0.005085,0.004742,21889443.000000,621985.000000,0.028415
504,400,213,0.005142,0.004793,21983728.000000,624554.000000,0.028410
505,400,212,0.005088,0.004723,21907680.000000,619735.000000,0.028288
506,401,211,0.005090,0.004724,22021812.000000,621896.000000,0.028240
507,402,210,0.005160,0.004801,22234277.000000,628982.000000,0.028289
508,402,210,0.005158,0.004813,22317612.000000,628870.000000,0.028178
509,403,209,0.005205,0.004853,22436464.000000,635001.000000,0.028302
510,404,208,0.005263,0.004909,22639866.000000,640591.000000,0.028295
511,405,207,0.005374,0.004989,22953048.000000,643832.000000,0.028050
512,406,206,0.005487,0.005131,23000166.000000,654044.000000,0.028436
513,407,205,0.005353,0.004969,23007304.000000,650455.000000,0.028272
514,408,205,0.005348,0.005017,23091311.000000,653275.000000,0.028291
515,409,204,0.005485,0.005129,23218197.000000,657930.000000,0.028337
516,410,203,0.005479,0.005110,23351365.000000,661921.000000,0.028346
517,411,202,0.005441,0.005083,23413576.000000,660099.000000,0.028193
518,412,201,0.005464,0.005066,23477242.000000,663361.000000,0.028255
519,413,200,0.005589,0.005214,23916065.000000,674575.000000,0.028206
520,414,199,0.005598,0.005236,23962795.000000,672346.000000,0.028058
521,415,199,0.005620,0.005259,24032302.000000,676298.000000,0.028141
522,416,198,0.005603,0.005239,24189263.000000,681731.000000,0.028183
523,417,197,0.005775,0.005404,24537815.000000,687474.000000,0.028017
524,418,196,0.005716,0.005349,24455796.000000,687082.000000,0.028095
525,418,195,0.005721,0.005348,24449733.000000,687722.000000,0.028128
526,418,194,0.005674,0.005339,24399229.000000,683653.000000,0.028019
527,419,193,0.005665,0.005297,24474850.000000,688266.000000,0.028121
528,419,193,0.005757,0.005379,24663178.000000,692631.000000,0.028084
529,420,192,0.005827,0.005451,24756429.000000,694480.000000,0.028053
530,420,191,0.005841,0.005425,24823048.000000,696232.000000,0.028048
531,421,190,0.005803,0.005427,24893280.000000,698315.000000,0.028052
532,422,190,0.005811,0.005446,24994052.000000,699297.000000,0.027979
533,422,189,0.005815,0.005472,25057747.000000,707105.000000,0.028219
534,423,188,0.005820,0.005441,25054739.000000,702812.000000,0.028051
535,423,188,0.005889,0.005445,25168286.000000,714981.000000,0.028408
536,424,187,0.005792,0.005410,25129077.000000,702356.000000,0.027950
537,425,187,0.005878,0.005500,25237547.000000,707357.000000,0.028028
538,426,186,0.005909,0.005549,25388580.000000,709185.000000,0.027933
539,427,186,0.005947,0.005567,25529394.000000,717441.000000,0.028103
540,428,185,0.005951,0.005591,25520233.000000,715794.000000,0.028048
541,429,184,0.006304,0.005669,25595942.000000,717013.000000,0.028013
542,429,184,0.006236,0.005601,25743411.000000,723403.000000,0.028101
543,430,183,0.006290,0.005593,25819634.000000,719431.000000,0.027864
544,430,182,0.006304,0.005646,26120618.000000,731760.000000,0.028015
545,430,182,0.006486,0.005825,26008320.000000,727154.000000,0.027959
546,431,181,0.006204,0.005869,26181309.000000,734521.000000,0.028055
547,432,180,0.006047,0.005681,26268952.000000,734221.000000,0.027950
548,433,180,0.006161,0.005819,26563359.000000,741541.000000,0.027916
549,433,179,0.006057,0.005720,26473924.000000,736103.000000,0.027805
550,434,179,0.006089,0.005745,26539745.000000,741389.000000,0.027935
551,434,178,0.006142,0.005786,26585518.000000,737843.000000,0.027754
552,434,178,0.006145,0.005758,26734754.000000,744643.000000,0.027853
553,435,177,0.006168,0.005789,26641435.000000,743490.000000,0.027907
554,435,177,0.006129,0.005778,26716504.000000,740590.000000,0.027720
555,436,176,0.006237,0.005881,27018595.000000,753696.000000,0.027895
556,437,175,0.006200,0.005868,26943327.000000,753993.000000,0.027984
557,438,175,0.006189,0.005824,26954077.000000,748116.000000,0.027755
558,439,174,0.006257,0.005879,27254916.000000,760464.000000,0.027902
559,440,174,0.006266,0.005927,27443175.000000,762031.000000,0.027768
560,441,173,0.006311,0.005977,27547052.000000,769960.000000,0.027951
561,442,172,0.006346,0.005985,27649923.000000,772739.000000,0.027947
562,443,171,0.006737,0.006396,27853211.000000,779551.000000,0.027988
563,444,171,0.006541,0.006102,27926064.000000,779883.000000,0.027927
564,445,170,0.006813,0.006391,28474752.000000,793133.000000,0.027854
565,446,169,0.006617,0.006210,28345830.000000,788021.000000,0.027800
566,447,169,0.006466,0.006117,28433807.000000,794118.000000,0.027929
567,448,168,0.006636,0.006271,28556181.000000,791331.000000,0.027711
568,449,167,0.006632,0.006286,28763020.000000,799724.000000,0.027804
569,450,166,0.006621,0.006253,28818745.000000,800926.000000,0.027792
570,451,166,0.006701,0.006346,29021660.000000,808608.000000,0.027862
571,452,165,0.006674,0.006320,29079260.000000,809316.000000,0.027831
572,453,165,0.006736,0.006406,29143045.000000,811212.000000,0.027836
573,454,164,0.006740,0.006373,29214465.000000,814207.000000,0.027870
574,455,163,0.006831,0.006451,29401675.000000,820440.000000,0.027905
575,456,163,0.006798,0.006437,29477662.000000,817718.000000,0.027740
576,457,162,0.006789,0.006440,29435317.000000,821771.000000,0.027918
577,457,162,0.006873,0.006541,29439133.000000,821994.000000,0.027922
578,458,161,0.006808,0.006434,29451313.000000,822576.000000,0.027930
579,459,160,0.006756,0.006386,29496252.000000,822297.000000,0.027878
580,459,160,0.006816,0.006467,29661301.000000,825229.000000,0.027822
581,460,159,0.006860,0.006498,29759207.000000,829885.000000,0.027887
582,460,159,0.006777,0.006440,29755358.000000,825940.000000,0.027758
583,461,158,0.006848,0.006487,29872719.000000,831715.000000,0.027842
584,462,158,0.006864,0.006514,29992940.000000,832481.000000,0.027756
585,463,157,0.006892,0.006531,30157518.000000,838777.000000,0.027813
586,464,157,0.006934,0.006568,30188913.000000,842121.000000,0.027895
587,465,156,0.006946,0.006587,30293342.000000,838236.000000,0.027671
588,465,156,0.007036,0.006675,30701439.000000,853510.000000,0.027800
589,465,155,0.007027,0.006683,30646931.000000,848560.000000,0.027688
590,466,155,0.007091,0.006715,30726148.000000,854301.000000,0.027804
591,466,154,0.007053,0.006669,30768269.000000,856469.000000,0.027836
592,467,154,0.007192,0.006822,30894028.000000,855583.000000,0.027694
593,468,153,0.007147,0.006760,30998232.000000,860189.000000,0.027750
594,469,153,0.007074,0.006715,30785400.000000,852310.000000,0.027686
595,470,152,0.007121,0.006707,30921239.000000,856686.000000,0.027705
596,470,152,0.007976,0.007303,31234759.000000,862909.000000,0.027627
597,471,151,0.007498,0.006771,31257944.000000,865895.000000,0.027702
598,472,150,0.007382,0.006739,31191489.000000,862192.000000,0.027642
599,473,150,0.007520,0.006819,31366292.000000,867731.000000,0.027664
600,473,149,0.007713,0.006860,31494472.000000,875806.000000,0.027808
601,474,149,0.007652,0.006993,31661897.000000,877714.000000,0.027721
602,475,148,0.007624,0.006959,31956903.000000,887712.000000,0.027778
603,475,148,0.007666,0.006993,32147483.000000,887734.000000,0.027614
604,476,147,0.007953,0.007260,32244414.000000,892650.000000,0.027684
605,476,147,0.007656,0.007273,32352775.000000,894770.000000,0.027657
606,476,146,0.007468,0.007058,32408690.000000,894575.000000,0.027603
607,477,146,0.007427,0.007050,32457500.000000,895973.000000,0.027604
608,478,145,0.007472,0.007080,32677624.000000,903989.000000,0.027664
609,479,145,0.007583,0.007229,32808516.000000,905839.000000,0.027610
610,479,144,0.007958,0.007263,32969747.000000,909739.000000,0.027593
611,479,143,0.007814,0.007182,33072909.000000,910176.000000,0.027520
612,480,143,0.007848,0.007207,33130081.000000,914503.000000,0.027603
613,481,142,0.007866,0.007208,33179248.000000,915792.000000,0.027601
614,482,142,0.007886,0.007259,33328563.000000,920196.000000,0.027610
615,482,141,0.007719,0.007336,33474710.000000,924509.000000,0.027618
616,483,141,0.007637,0.007280,33491088.000000,926137.000000,0.027653
617,484,140,0.007730,0.007313,33585768.000000,928447.000000,0.027644
618,485,140,0.007795,0.007417,33704768.000000,930023.000000,0.027593
619,486,139,0.007760,0.007358,33781374.000000,934473.000000,0.027662
620,487,139,0.007768,0.007395,33824014.000000,934383.000000,0.027625
621,487,138,0.007737,0.007334,33912157.000000,935018.000000,0.027572
622,488,138,0.007842,0.007467,34063372.000000,936149.000000,0.027483
623,488,137,0.007873,0.007512,34160522.000000,944162.000000,0.027639
624,488,137,0.007855,0.007486,34105981.000000,941204.000000,0.027596
625,489,137,0.007759,0.007381,34155289.000000,943281.000000,0.027617
626,490,136,0.007944,0.007508,34259600.000000,950381.000000,0.027741
627,491,136,0.008098,0.007647,34441346.000000,953565.000000,0.027687
628,492,135,0.007863,0.007516,34405467.000000,950238.000000,0.027619
629,493,135,0.007967,0.007573,34533400.000000,954198.000000,0.027631
630,493,135,0.008077,0.007699,34642389.000000,959044.000000,0.027684
631,494,134,0.008169,0.007766,34723077.000000,959892.000000,0.027644
632,495,134,0.008004,0.007621,34763834.000000,961712.000000,0.027664
633,496,133,0.007952,0.007597,34760550.000000,956442.000000,0.027515
634,497,133,0.008057,0.007646,35022915.000000,965075.000000,0.027556
635,498,133,0.008055,0.007673,35104907.000000,965027.000000,0.027490
636,499,132,0.008214,0.007821,35478532.000000,978731.000000,0.027587
637,500,132,0.008029,0.007652,35069844.000000,963994.000000,0.027488
638,501,132,0.008156,0.007757,35447986.000000,976640.000000,0.027551
639,502,131,0.008138,0.007764,35648974.000000,979673.000000,0.027481
640,502,131,0.008226,0.007823,35969413.000000,990306.000000,0.027532
641,502,130,0.008235,0.007865,35829403.000000,984281.000000,0.027471
642,503,130,0.008217,0.007810,35979439.000000,989974.000000,0.027515
643,504,129,0.008344,0.007934,35894476.000000,989727.000000,0.027573
644,505,129,0.008338,0.007937,36326636.000000,1000574.000000,0.027544
645,506,129,0.008305,0.007882,36104343.000000,992710.000000,0.027496
646,507,128,0.008407,0.008013,36643919.000000,1010227.000000,0.027569
647,508,128,0.008416,0.008030,36573769.000000,1004165.000000,0.027456
648,509,127,0.008507,0.008085,36926180.000000,1014615.000000,0.027477
649,510,127,0.008966,0.008588,37283605.000000,1029414.000000,0.027610
650,511,127,0.008520,0.008141,37129843.000000,1023351.000000,0.027561
651,512,126,0.008489,0.008097,37158203.000000,1019326.000000,0.027432
652,512,126,0.008658,0.008216,37490060.000000,1030180.000000,0.027479
653,513,125,0.009165,0.008786,37736047.000000,1047266.000000,0.027752
654,514,125,0.008860,0.008458,37952338.000000,1044886.000000,0.027532
655,514,124,0.009007,0.008529,37881486.000000,1041250.000000,0.027487
656,515,124,0.008599,0.008214,37879517.000000,1035436.000000,0.027335
657,516,124,0.008627,0.008246,38030249.000000,1036750.000000,0.027261
658,517,124,0.008644,0.008281,37961707.000000,1040396.000000,0.027406
659,518,123,0.008636,0.008247,38039705.000000,1044274.000000,0.027452
660,519,123,0.008695,0.008328,38285303.000000,1049016.000000,0.027400
661,520,123,0.008683,0.008293,38201864.000000,1053715.000000,0.027583
662,521,122,0.008753,0.008383,38508556.000000,1055105.000000,0.027399
663,522,122,0.008802,0.008417,38668215.000000,1067010.000000,0.027594
664,523,122,0.008821,0.008452,38812324.000000,1067060.000000,0.027493
665,524,122,0.008841,0.008460,38972542.000000,1065871.000000,0.027349
666,525,121,0.009105,0.008725,39109647.000000,1075497.000000,0.027500
667,526,121,0.008897,0.008510,39297923.000000,1077702.000000,0.027424
668,527,120,0.008973,0.008607,39575828.000000,1086280.000000,0.027448
669,528,120,0.008979,0.008594,39629296.000000,1088062.000000,0.027456
670,529,120,0.009098,0.008625,39777045.000000,1098959.000000,0.027628
671,529,120,0.009017,0.008610,39786445.000000,1092112.000000,0.027449
672,530,119,0.009036,0.008653,40031097.000000,1094788.000000,0.027348
673,531,119,0.009056,0.008675,39921959.000000,1091383.000000,0.027338
674,531,119,0.009140,0.008774,40428424.000000,1110427.000000,0.027466
675,532,118,0.009171,0.008804,40502267.000000,1108183.000000,0.027361
676,533,118,0.009240,0.008832,40726819.000000,1116122.000000,0.027405
677,534,118,0.009464,0.009082,40964280.000000,1124101.000000,0.027441
678,535,117,0.009242,0.008844,40882568.000000,1122193.000000,0.027449
679,535,117,0.009289,0.008921,40883789.000000,1120169.000000,0.027399
680,536,117,0.009222,0.008857,40895949.000000,1123367.000000,0.027469
681,537,116,0.009306,0.008926,41006957.000000,1122660.000000,0.027377
682,537,116,0.009347,0.008961,41187318.000000,1127624.000000,0.027378
683,538,116,0.009331,0.008933,41341175.000000,1131792.000000,0.027377
684,539,115,0.009397,0.009025,41631066.000000,1136986.000000,0.027311
685,540,115,0.009399,0.009031,41635591.000000,1138991.000000,0.027356
686,540,115,0.009385,0.009053,41650178.000000,1139893.000000,0.027368
687,540,114,0.009437,0.009059,41801604.000000,1143499.000000,0.027355
688,541,114,0.009661,0.009321,41945125.000000,1147509.000000,0.027357
689,542,114,0.009475,0.009118,41939642.000000,1144693.000000,0.027294
690,543,113,0.009506,0.009157,42188214.000000,1156621.000000,0.027416
691,544,113,0.009527,0.009165,42209240.000000,1153251.000000,0.027322
692,545,113,0.009531,0.009183,42335251.000000,1161032.000000,0.027425
693,546,112,0.009538,0.009190,42365725.000000,1157647.000000,0.027325
694,546,112,0.009592,0.009215,42591566.000000,1166420.000000,0.027386
695,547,112,0.009661,0.009306,42737007.000000,1168678.000000,0.027346
696,548,111,0.009685,0.009353,42956466.000000,1174490.000000,0.027341
697,549,111,0.009691,0.009323,43051220.000000,1176552.000000,0.027329
698,550,110,0.010426,0.009950,43225635.000000,1186689.000000,0.027453
699,550,110,0.010063,0.009538,43205000.000000,1188369.000000,0.027505
700,551,110,0.010144,0.009633,43235880.000000,1186078.000000,0.027433
701,551,109,0.010032,0.009520,43147121.000000,1183555.000000,0.027431
702,552,109,0.010126,0.009571,43370305.000000,1189084.000000,0.027417
703,553,109,0.010138,0.009591,43638032.000000,1191350.000000,0.027301
704,554,108,0.010150,0.009598,43638041.000000,1197369.000000,0.027439
705,555,108,0.010216,0.009695,43762078.000000,1197639.000000,0.027367
706,556,107,0.010383,0.009852,43834303.000000,1198833.000000,0.027349
707,556,107,0.010103,0.009569,43819644.000000,1200185.000000,0.027389
708,557,107,0.010236,0.009831,43902165.000000,1200889.000000,0.027354
709,558,107,0.009947,0.009530,43894772.000000,1194794.000000,0.027220
710,558,106,0.010031,0.009645,43975123.000000,1198181.000000,0.027247
711,558,106,0.009968,0.009545,44059463.000000,1196728.000000,0.027162
712,559,106,0.010149,0.009713,44482207.000000,1215161.000000,0.027318
713,560,106,0.010042,0.009637,44364931.000000,1200860.000000,0.027068
714,561,105,0.010167,0.009753,44777961.000000,1216835.000000,0.027175
715,561,105,0.010163,0.009754,44612650.000000,1208864.000000,0.027097
716,562,105,0.010137,0.009729,44740975.000000,1211027.000000,0.027068
717,563,105,0.010195,0.009754,44955070.000000,1219059.000000,0.027117
718,564,104,0.011094,0.010705,45237916.000000,1228972.000000,0.027167
719,565,104,0.010251,0.009879,45239979.000000,1224663.000000,0.027070
720,566,104,0.010266,0.009881,45584320.000000,1233241.000000,0.027054
721,567,103,0.010228,0.009873,45649127.000000,1234067.000000,0.027034
722,567,103,0.010377,0.009990,45904469.000000,1243259.000000,0.027084
723,567,103,0.010271,0.009920,45912163.000000,1240016.000000,0.027008
724,568,102,0.010409,0.010029,45978784.000000,1243742.000000,0.027050
725,569,102,0.010518,0.010103,46156863.000000,1251650.000000,0.027117
726,569,102,0.010367,0.010002,46104290.000000,1246786.000000,0.027043
727,570,102,0.010547,0.010158,46280157.000000,1254693.000000,0.027111
728,571,101,0.010435,0.010090,46355043.000000,1256864.000000,0.027114
729,572,101,0.010376,0.010023,46335339.000000,1251208.000000,0.027003
730,573,101,0.010449,0.010102,46462071.000000,1257187.000000,0.027058
731,574,101,0.010437,0.010072,46511167.000000,1255220.000000,0.026987
732,575,100,0.010471,0.010114,46818994.000000,1260788.000000,0.026929
733,576,100,0.010623,0.010250,47088268.000000,1274057.000000,0.027057
734,577,100,0.010587,0.010223,47194827.000000,1273021.000000,0.026974
735,577,100,0.010777,0.010404,47403240.000000,1281975.000000,0.027044
736,578,99,0.010770,0.010396,47618700.000000,1289248.000000,0.027074
737,579,99,0.010903,0.010543,47505843.000000,1285541.000000,0.027061
738,580,99,0.012126,0.011744,48451921.000000,1329848.000000,0.027447
739,580,98,0.010777,0.010404,47915931.000000,1292428.000000,0.026973
740,581,98,0.010752,0.010382,48039018.000000,1294026.000000,0.026937
741,582,98,0.010769,0.010414,48028636.000000,1293247.000000,0.026927
742,583,98,0.010796,0.010439,48140842.000000,1305263.000000,0.027113
743,584,97,0.010823,0.010454,48206087.000000,1301903.000000,0.027007
744,585,97,0.010900,0.010516,48462654.000000,1310733.000000,0.027046
745,585,97,0.010902,0.010537,48736058.000000,1312751.000000,0.026936
746,586,97,0.011006,0.010663,48546189.000000,1313464.000000,0.027056
747,587,96,0.010882,0.010504,48574623.000000,1312318.000000,0.027017
748,588,96,0.010977,0.010621,48683383.000000,1316162.000000,0.027035
749,588,96,0.010909,0.010563,48626958.000000,1313089.000000,0.027003
750,589,96,0.011025,0.010660,48698944.000000,1319250.000000,0.027090
751,590,96,0.010984,0.010584,48768471.000000,1316584.000000,0.026997
752,591,95,0.011070,0.010690,49121375.000000,1324957.000000,0.026973
753,592,95,0.011059,0.010705,49043238.000000,1327390.000000,0.027066
754,593,95,0.011003,0.010656,48975826.000000,1322244.000000,0.026998
755,593,95,0.011269,0.010897,49202542.000000,1327333.000000,0.026977
756,593,94,0.011026,0.010648,49294246.000000,1330074.000000,0.026982
757,594,94,0.011034,0.010668,49421275.000000,1330199.000000,0.026916
758,595,94,0.011163,0.010794,49804735.000000,1344443.000000,0.026994
759,596,94,0.011127,0.010759,49618196.000000,1341760.000000,0.027042
760,596,94,0.011093,0.010747,49637398.000000,1339473.000000,0.026985
761,597,94,0.011175,0.010810,49764343.000000,1342867.000000,0.026985
762,598,94,0.011220,0.010854,49906121.000000,1352112.000000,0.027093
763,599,93,0.011223,0.010855,49981134.000000,1348697.000000,0.026984
764,600,93,0.011576,0.011202,50451907.000000,1362214.000000,0.027000
765,601,93,0.011469,0.011078,50632474.000000,1368943.000000,0.027037
766,601,93,0.011436,0.011050,50883613.000000,1370145.000000,0.026927
767,602,93,0.011492,0.011003,50876009.000000,1378045.000000,0.027086
768,603,92,0.011512,0.011160,50989363.000000,1378542.000000,0.027036
769,604,92,0.011427,0.011073,51005818.000000,1375887.000000,0.026975
770,605,92,0.011761,0.011289,51108050.000000,1381457.000000,0.027030
771,606,92,0.011890,0.011512,51379710.000000,1388488.000000,0.027024
772,607,91,0.011679,0.011292,51845082.000000,1400304.000000,0.027009
773,608,91,0.011845,0.011477,52025010.000000,1400444.000000,0.026919
774,609,91,0.011895,0.011512,52250992.000000,1407734.000000,0.026942
775,610,91,0.011858,0.011481,52381982.000000,1415233.000000,0.027018
776,610,91,0.011847,0.011479,52523160.000000,1414369.000000,0.026928
777,611,90,0.011863,0.011501,52690623.000000,1420129.000000,0.026952
778,612,90,0.012022,0.011652,53057016.000000,1429131.000000,0.026936
779,613,90,0.012018,0.011642,53251996.000000,1435424.000000,0.026955
780,614,90,0.012026,0.011685,53289364.000000,1437267.000000,0.026971
781,615,89,0.012259,0.011888,53468261.000000,1441623.000000,0.026962
782,615,89,0.012175,0.011803,53546703.000000,1445454.000000,0.026994
783,616,89,0.012047,0.011657,53579689.000000,1439921.000000,0.026874
784,617,89,0.012266,0.011897,54017522.000000,1452556.000000,0.026890
785,618,88,0.012177,0.011819,54094881.000000,1455640.000000,0.026909
786,619,88,0.012227,0.011873,54248475.000000,1464750.000000,0.027001
787,620,88,0.012214,0.011852,54253067.000000,1459060.000000,0.026894
788,621,88,0.012478,0.012054,54766786.000000,1473717.000000,0.026909
789,621,87,0.012496,0.012111,54899609.000000,1473723.000000,0.026844
790,622,87,0.012412,0.012020,55088800.000000,1478764.000000,0.026843
791,623,87,0.012442,0.012068,55228223.000000,1480585.000000,0.026808
792,624,87,0.012416,0.012024,55205061.000000,1479635.000000,0.026803
793,624,86,0.012475,0.012090,55405457.000000,1483807.000000,0.026781
794,625,86,0.012470,0.012060,55272998.000000,1486423.000000,0.026892
795,626,86,0.012596,0.012211,55647997.000000,1493116.000000,0.026831
796,627,86,0.012645,0.012274,56155710.000000,1506616.000000,0.026829
797,627,86,0.012859,0.012491,56428040.000000,1513448.000000,0.026821
798,627,85,0.012646,0.012249,56334121.000000,1510885.000000,0.026820
799,628,85,0.012563,0.012186,56020060.000000,1504420.000000,0.026855
800,628,85,0.012636,0.012261,56133657.000000,1503477.000000,0.026784
801,628,85,0.012639,0.012276,56284175.000000,1509437.000000,0.026818
802,629,85,0.012699,0.012321,56383749.000000,1514161.000000,0.026855
803,630,84,0.012695,0.012297,56359936.000000,1509955.000000,0.026791
804,631,84,0.012749,0.012372,56721419.000000,1518188.000000,0.026766
805,632,84,0.013248,0.012840,57200482.000000,1536369.000000,0.026859
806,633,84,0.012913,0.012516,57415113.000000,1538675.000000,0.026799
807,633,83,0.013172,0.012788,57418041.000000,1537754.000000,0.026782
808,634,83,0.012850,0.012469,57582330.000000,1539838.000000,0.026742
809,635,83,0.012923,0.012544,57728463.000000,1542525.000000,0.026720
810,635,83,0.012940,0.012584,57825219.000000,1547511.000000,0.026762
811,636,82,0.012885,0.012501,57922578.000000,1549347.000000,0.026749
812,636,82,0.012905,0.012548,57998106.000000,1550554.000000,0.026735
813,636,82,0.013135,0.012777,58067201.000000,1553892.000000,0.026760
814,637,82,0.013034,0.012651,58102086.000000,1552235.000000,0.026716
815,637,82,0.013105,0.012708,58504239.000000,1565177.000000,0.026753
816,637,81,0.012987,0.012609,58064068.000000,1550091.000000,0.026696
817,638,81,0.013113,0.012749,58448649.000000,1561452.000000,0.026715
818,638,81,0.013125,0.012746,58645154.000000,1566241.000000,0.026707
819,639,81,0.013098,0.012718,59049975.000000,1578886.000000,0.026738
820,640,80,0.013482,0.013073,59635969.000000,1612142.000000,0.027033
821,640,80,0.013333,0.012982,59478368.000000,1588629.000000,0.026709
822,641,80,0.013334,0.012953,59614759.000000,1589369.000000,0.026661
823,642,80,0.013383,0.012983,59744964.000000,1593783.000000,0.026676
824,643,80,0.013664,0.013245,59974798.000000,1603143.000000,0.026730
825,644,79,0.013467,0.013052,60071451.000000,1605587.000000,0.026728
826,645,79,0.013528,0.013161,60191992.000000,1607885.000000,0.026713
827,645,79,0.013678,0.013325,60209296.000000,1610785.000000,0.026753
828,645,79,0.013776,0.013379,60300461.000000,1613946.000000,0.026765
829,646,78,0.013573,0.013172,60271001.000000,1609248.000000,0.026700
830,646,78,0.013695,0.013309,60422728.000000,1616574.000000,0.026754
831,647,78,0.013713,0.013282,60518605.000000,1619345.000000,0.026758
832,648,78,0.013646,0.013258,60755164.000000,1621209.000000,0.026684
833,648,78,0.013699,0.013315,60723537.000000,1620483.000000,0.026686
834,649,77,0.013722,0.013332,60787042.000000,1623167.000000,0.026703
835,650,77,0.013825,0.013374,60929167.000000,1625325.000000,0.026676
836,650,77,0.013720,0.013305,60981639.000000,1632206.000000,0.026766
837,651,77,0.013942,0.013249,61007649.000000,1629516.000000,0.026710
838,651,77,0.013944,0.013446,61748614.000000,1648774.000000,0.026701
839,652,76,0.013939,0.013566,61705160.000000,1648574.000000,0.026717
840,653,76,0.013842,0.013471,61986788.000000,1652785.000000,0.026664
841,654,76,0.014005,0.013636,62350007.000000,1660838.000000,0.026637
842,655,76,0.014424,0.014037,62735744.000000,1679553.000000,0.026772
843,656,76,0.014172,0.013760,62677208.000000,1668419.000000,0.026619
844,657,75,0.014263,0.013865,63037707.000000,1681034.000000,0.026667
845,658,75,0.014352,0.013844,63238600.000000,1693111.000000,0.026773
846,659,75,0.014225,0.013819,63051679.000000,1680884.000000,0.026659
847,660,75,0.014159,0.013779,63161142.000000,1686057.000000,0.026695
848,661,75,0.014467,0.014088,63519084.000000,1695869.000000,0.026699
849,661,75,0.014355,0.013955,63557360.000000,1701256.000000,0.026767
850,662,74,0.014366,0.014009,63546605.000000,1698440.000000,0.026727
851,663,74,0.014186,0.013810,63562593.000000,1691955.000000,0.026619
852,664,74,0.014337,0.013950,64174057.000000,1706503.000000,0.026592
853,665,74,0.014382,0.013991,64001274.000000,1704015.000000,0.026625
854,666,74,0.014862,0.014460,64785983.000000,1729878.000000,0.026701
855,667,73,0.014602,0.014211,64487411.000000,1718596.000000,0.026650
856,668,73,0.014680,0.014302,64972411.000000,1734800.000000,0.026701
857,669,73,0.014583,0.014169,65055657.000000,1734507.000000,0.026662
858,670,73,0.014599,0.014222,65381207.000000,1739726.000000,0.026609
859,671,73,0.014605,0.014243,65113755.000000,1732948.000000,0.026614
860,672,73,0.014661,0.014301,65277635.000000,1739840.000000,0.026653
861,673,72,0.014595,0.014220,65373580.000000,1738281.000000,0.026590
862,674,72,0.014716,0.014334,65782172.000000,1749081.000000,0.026589
863,675,72,0.015048,0.014668,66069639.000000,1760785.000000,0.026650
864,676,72,0.014899,0.014502,66250280.000000,1763350.000000,0.026616
865,676,72,0.014872,0.014501,66289883.000000,1765315.000000,0.026630
866,677,71,0.014903,0.014499,66320722.000000,1771189.000000,0.026706
867,677,71,0.014895,0.014527,66232087.000000,1763073.000000,0.026620
868,678,71,0.014878,0.014512,66284749.000000,1765041.000000,0.026628
869,679,71,0.014900,0.014492,66408913.000000,1765060.000000,0.026579
870,679,71,0.015304,0.014925,67047638.000000,1785751.000000,0.026634
871,679,71,0.015257,0.014749,66900642.000000,1782625.000000,0.026646
872,680,70,0.015074,0.014559,66956681.000000,1780753.000000,0.026596
873,681,70,0.015087,0.014573,67081812.000000,1783541.000000,0.026588
874,682,70,0.015094,0.014611,67174252.000000,1787412.000000,0.026609
875,683,70,0.015126,0.014614,67296885.000000,1787555.000000,0.026562
876,684,70,0.015726,0.015004,67803383.000000,1808583.000000,0.026674
877,684,70,0.015301,0.014765,67511435.000000,1794145.000000,0.026575
878,685,69,0.015206,0.014732,67582940.000000,1797085.000000,0.026591
879,686,69,0.015435,0.014912,67690228.000000,1799966.000000,0.026591
880,687,69,0.015314,0.014804,67944821.000000,1806411.000000,0.026586
881,688,69,0.015332,0.014822,68135288.000000,1810397.000000,0.026571
882,689,69,0.015285,0.014798,67990747.000000,1808641.000000,0.026601
883,689,69,0.015550,0.015083,68033215.000000,1813294.000000,0.026653
884,690,68,0.015260,0.014869,68000663.000000,1811114.000000,0.026634
885,691,68,0.015210,0.014812,68126672.000000,1808511.000000,0.026546
886,691,68,0.015331,0.014935,68702588.000000,1822552.000000,0.026528
887,692,68,0.015520,0.015046,68690025.000000,1822568.000000,0.026533
888,693,68,0.015750,0.015284,68998749.000000,1830322.000000,0.026527
889,693,68,0.015545,0.015116,69497932.000000,1845851.000000,0.026560
890,693,68,0.015348,0.014953,68963803.000000,1825497.000000,0.026470
891,694,67,0.015481,0.015088,69268951.000000,1839783.000000,0.026560
892,695,67,0.015568,0.015195,69508702.000000,1844313.000000,0.026534
893,696,67,0.015499,0.015112,69591040.000000,1843719.000000,0.026494
894,696,67,0.015573,0.015216,69883300.000000,1854785.000000,0.026541
895,697,67,0.015573,0.015203,69984189.000000,1854464.000000,0.026498
896,698,67,0.016337,0.015805,70333462.000000,1866696.000000,0.026541
897,699,66,0.015831,0.015314,70392342.000000,1866517.000000,0.026516
898,700,66,0.015868,0.015343,70599326.000000,1871444.000000,0.026508
899,700,66,0.015925,0.015438,70654294.000000,1876735.000000,0.026562
900,701,66,0.016058,0.015572,70653933.000000,1875350.000000,0.026543
901,701,66,0.015932,0.015409,70805736.000000,1877013.000000,0.026509
902,702,66,0.016229,0.015828,71155373.000000,1891913.000000,0.026588
903,703,66,0.015952,0.015563,71511599.000000,1892880.000000,0.026470
904,704,66,0.015837,0.015460,71268780.000000,1886126.000000,0.026465
905,705,65,0.015888,0.015522,71450644.000000,1892486.000000,0.026487
906,705,65,0.016036,0.015659,71732793.000000,1899926.000000,0.026486
907,706,65,0.016056,0.015689,72099187.000000,1909422.000000,0.026483
908,706,65,0.016367,0.015968,72382519.000000,1925506.000000,0.026602
909,707,65,0.016179,0.015801,72363358.000000,1915795.000000,0.026475
910,708,65,0.016149,0.015783,72447556.000000,1920036.000000,0.026502
911,709,65,0.016298,0.015813,72713902.000000,1932873.000000,0.026582
912,710,64,0.016309,0.015914,72825760.000000,1929444.000000,0.026494
913,711,64,0.016297,0.015916,73006909.000000,1934306.000000,0.026495
914,712,64,0.016713,0.016272,73520012.000000,1955685.000000,0.026601
915,712,64,0.016283,0.015907,73030598.000000,1936642.000000,0.026518
916,712,64,0.016295,0.015938,73043769.000000,1936435.000000,0.026511
917,712,64,0.016313,0.015941,73048047.000000,1938458.000000,0.026537
918,713,64,0.016329,0.015949,73187536.000000,1941593.000000,0.026529
919,714,64,0.016337,0.015984,73276185.000000,1944800.000000,0.026541
920,715,63,0.016389,0.016022,73308435.000000,1944839.000000,0.026530
921,715,63,0.016391,0.016024,73297329.000000,1946376.000000,0.026555
922,716,63,0.016254,0.015898,73225832.000000,1941687.000000,0.026516
923,717,63,0.016411,0.016014,73442874.000000,1945138.000000,0.026485
924,717,63,0.016327,0.015971,73458035.000000,1947226.000000,0.026508
925,718,63,0.016326,0.015949,73556006.000000,1947343.000000,0.026474
926,719,63,0.016592,0.016186,73905700.000000,1959034.000000,0.026507
927,720,63,0.016965,0.016419,74321883.000000,1970086.000000,0.026507
928,720,63,0.016944,0.016219,74162950.000000,1965551.000000,0.026503
929,721,62,0.016735,0.016206,74404883.000000,1973211.000000,0.026520
930,722,62,0.016877,0.016318,74812169.000000,1983712.000000,0.026516
931,723,62,0.017018,0.016502,75190454.000000,1991173.000000,0.026482
932,724,62,0.016949,0.016440,75257130.000000,1993504.000000,0.026489
933,725,62,0.017022,0.016500,75486721.000000,2001241.000000,0.026511
934,726,62,0.016961,0.016464,75549957.000000,2002672.000000,0.026508
935,727,62,0.016988,0.016486,75649059.000000,2004620.000000,0.026499
936,728,62,0.016952,0.016461,75755320.000000,2008484.000000,0.026513
937,729,62,0.017027,0.016507,75890025.000000,2008512.000000,0.026466
938,730,61,0.017135,0.016612,76406211.000000,2027602.000000,0.026537
939,731,61,0.017292,0.016845,76649326.000000,2030825.000000,0.026495
940,732,61,0.017308,0.016908,76955261.000000,2036581.000000,0.026464
941,732,61,0.017455,0.017034,77234854.000000,2043670.000000,0.026460
942,733,61,0.017163,0.016760,76847862.000000,2031590.000000,0.026437
943,734,61,0.017242,0.016844,77044594.000000,2040051.000000,0.026479
944,734,61,0.017304,0.016931,77191481.000000,2045715.000000,0.026502
945,734,61,0.017209,0.016825,77127465.000000,2044511.000000,0.026508
946,735,60,0.017319,0.016911,77332865.000000,2047813.000000,0.026481
947,736,60,0.017352,0.016968,77726612.000000,2058112.000000,0.026479
948,737,60,0.017601,0.017214,77911361.000000,2067610.000000,0.026538
949,738,60,0.017332,0.016954,77876736.000000,2059387.000000,0.026444
950,738,60,0.017591,0.017220,78103442.000000,2071557.000000,0.026523
951,739,60,0.017863,0.017461,78385732.000000,2081293.000000,0.026552
952,740,60,0.017983,0.017587,78821175.000000,2090569.000000,0.026523
953,740,60,0.017623,0.017220,78644489.000000,2080543.000000,0.026455
954,741,59,0.017645,0.017238,78818076.000000,2084431.000000,0.026446
