frame,nb of entities,FPS,frame length,physics length,L1-dcache-loads,L1-dcache-load-misses,L1-dcache-load-miss-ratio
0,3,302,0.001562,0.000040,613675.000000,39572.000000,0.064484
1,4,302,0.003314,0.000040,762639.000000,43189.000000,0.056631
2,5,302,0.003325,0.000033,751324.000000,37368.000000,0.049736
3,6,302,0.003320,0.000032,741280.000000,36910.000000,0.049792
4,7,302,0.003325,0.000032,740554.000000,37092.000000,0.050087
5,8,302,0.003319,0.000049,717528.000000,34407.000000,0.047952
6,9,302,0.003327,0.000034,741172.000000,37108.000000,0.050067
7,10,302,0.003319,0.000035,752193.000000,37445.000000,0.049781
8,11,302,0.003328,0.000036,753831.000000,38459.000000,0.051018
9,12,302,0.003318,0.000036,753904.000000,37481.000000,0.049716
10,13,302,0.003327,0.000049,738505.000000,33938.000000,0.045955
11,14,302,0.003321,0.000044,779817.000000,38415.000000,0.049262
12,15,302,0.003328,0.000045,771521.000000,37465.000000,0.048560
13,15,302,0.003319,0.000041,775906.000000,38099.000000,0.049103
14,15,302,0.003328,0.000041,799166.000000,37780.000000,0.047274
15,16,302,0.003321,0.000043,776568.000000,35396.000000,0.045580
16,17,302,0.003320,0.000049,828060.000000,38115.000000,0.046029
17,17,302,0.003325,0.000048,793522.000000,38665.000000,0.048726
18,18,302,0.003324,0.000050,814234.000000,38126.000000,0.046824
19,19,302,0.003326,0.000041,794518.000000,38007.000000,0.047837
20,20,303,0.003321,0.000054,756688.000000,36279.000000,0.047944
21,21,303,0.003318,0.000052,814430.000000,38512.000000,0.047287
22,22,303,0.003331,0.000053,790798.000000,37454.000000,0.047362
23,23,303,0.003313,0.000083,818130.000000,41097.000000,0.050233
24,23,303,0.003326,0.000051,794316.000000,37078.000000,0.046679
25,24,303,0.003319,0.000056,787430.000000,34201.000000,0.043434
26,24,303,0.003328,0.000051,817345.000000,38789.000000,0.047457
27,25,303,0.003319,0.000057,806726.000000,37911.000000,0.046994
28,26,303,0.003325,0.000055,805407.000000,37982.000000,0.047159
29,27,303,0.003327,0.000056,825051.000000,39756.000000,0.048186
30,28,303,0.003318,0.000063,803508.000000,34597.000000,0.043057
31,29,303,0.003326,0.000060,839960.000000,39132.000000,0.046588
32,29,303,0.003322,0.000073,831110.000000,39652.000000,0.047710
33,30,303,0.003329,0.000063,848467.000000,38631.000000,0.045530
34,31,303,0.003319,0.000081,888788.000000,44726.000000,0.050322
35,32,303,0.003321,0.000088,857130.000000,40399.000000,0.047133
36,33,303,0.003321,0.000086,890875.000000,44576.000000,0.050036
37,34,303,0.003325,0.000084,916870.000000,46035.000000,0.050209
38,34,303,0.003317,0.000083,897254.000000,43872.000000,0.048896
39,35,303,0.003325,0.000092,915208.000000,46292.000000,0.050581
40,36,303,0.003319,0.000094,886107.000000,41697.000000,0.047056
41,37,303,0.003324,0.000096,919912.000000,46782.000000,0.050855
42,38,303,0.003320,0.000099,925662.000000,46046.000000,0.049744
43,39,303,0.003325,0.000098,932449.000000,46161.000000,0.049505
44,40,303,0.003320,0.000104,941404.000000,46937.000000,0.049859
45,40,303,0.003326,0.000095,908358.000000,42084.000000,0.046330
46,41,303,0.003320,0.000103,937200.000000,45810.000000,0.048880
47,42,303,0.003324,0.000102,934053.000000,47727.000000,0.051097
48,43,303,0.003320,0.000087,919005.000000,40272.000000,0.043821
49,44,303,0.003323,0.000068,948464.000000,40219.000000,0.042404
50,45,303,0.003322,0.000077,928804.000000,36596.000000,0.039401
51,45,303,0.003327,0.000067,942326.000000,39556.000000,0.041977
52,46,303,0.003326,0.000104,975571.000000,44455.000000,0.045568
53,46,303,0.003320,0.000109,963602.000000,47955.000000,0.049766
54,47,303,0.003318,0.000114,965286.000000,46844.000000,0.048529
55,48,303,0.003327,0.000088,965235.000000,36874.000000,0.038202
56,49,303,0.003326,0.000077,978163.000000,42145.000000,0.043086
57,49,303,0.003318,0.000087,965405.000000,40019.000000,0.041453
58,50,303,0.003328,0.000091,939272.000000,40109.000000,0.042702
59,51,303,0.003322,0.000091,935520.000000,40494.000000,0.043285
60,52,300,0.003323,0.000098,931010.000000,36718.000000,0.039439
61,53,300,0.003317,0.000090,1002023.000000,41348.000000,0.041265
62,54,300,0.003325,0.000090,989687.000000,41019.000000,0.041446
63,55,300,0.003321,0.000091,1002088.000000,40547.000000,0.040463
64,56,300,0.003327,0.000089,1001903.000000,40713.000000,0.040636
65,57,300,0.003317,0.000096,983666.000000,37610.000000,0.038235
66,57,300,0.003329,0.000097,1008489.000000,40794.000000,0.040451
67,58,300,0.003318,0.000100,1022270.000000,41513.000000,0.040609
68,59,300,0.003326,0.000102,1025154.000000,41921.000000,0.040892
69,60,300,0.003322,0.000111,1049463.000000,42181.000000,0.040193
70,61,300,0.003325,0.000114,1005897.000000,37679.000000,0.037458
71,61,300,0.003322,0.000114,1035627.000000,41181.000000,0.039764
72,61,300,0.003329,0.000101,1019058.000000,40515.000000,0.039757
73,62,300,0.003320,0.000112,1029521.000000,40680.000000,0.039514
74,62,300,0.003328,0.000103,1029444.000000,41373.000000,0.040190
75,63,300,0.003322,0.000116,1010164.000000,37274.000000,0.036899
76,64,300,0.003327,0.000108,1049980.000000,41170.000000,0.039210
77,65,300,0.003322,0.000122,1090864.000000,43033.000000,0.039449
78,66,300,0.003325,0.000120,1081602.000000,41882.000000,0.038722
79,67,300,0.003327,0.000115,1067488.000000,42373.000000,0.039694
80,68,300,0.003320,0.000141,1084160.000000,38917.000000,0.035896
81,69,300,0.003325,0.000120,1104624.000000,42542.000000,0.038513
82,70,300,0.003325,0.000132,1141270.000000,43430.000000,0.038054
83,70,300,0.003327,0.000141,1135527.000000,42633.000000,0.037545
84,71,300,0.003323,0.000132,1125258.000000,42837.000000,0.038069
85,71,300,0.003330,0.000141,1131784.000000,39740.000000,0.035113
86,72,300,0.003318,0.000179,1173824.000000,45015.000000,0.038349
87,72,300,0.003326,0.000122,1127839.000000,42523.000000,0.037703
88,72,300,0.003321,0.000132,1124948.000000,42482.000000,0.037764
89,73,300,0.003320,0.000142,1166129.000000,43780.000000,0.037543
90,74,300,0.003323,0.000140,1141761.000000,39656.000000,0.034732
91,75,300,0.003327,0.000135,1138179.000000,43853.000000,0.038529
92,75,300,0.003319,0.000155,1186818.000000,43619.000000,0.036753
93,76,300,0.003325,0.000139,1203869.000000,43893.000000,0.036460
94,76,300,0.003330,0.000122,1194230.000000,44134.000000,0.036956
95,77,300,0.003323,0.000138,1183193.000000,41214.000000,0.034833
96,78,300,0.003321,0.000174,1232185.000000,44738.000000,0.036308
97,79,300,0.003326,0.000167,1251478.000000,45134.000000,0.036065
98,80,300,0.003320,0.000186,1277096.000000,45998.000000,0.036018
99,81,300,0.003327,0.000162,1296402.000000,45415.000000,0.035032
100,81,300,0.003322,0.000169,1261900.000000,41254.000000,0.032692
101,82,300,0.003327,0.000185,1290229.000000,45861.000000,0.035545
102,83,300,0.003322,0.000196,1316568.000000,45484.000000,0.034547
103,83,300,0.003325,0.000194,1320299.000000,48267.000000,0.036558
104,84,300,0.003328,0.000193,1302287.000000,46133.000000,0.035425
105,85,300,0.003338,0.000191,1214281.000000,42084.000000,0.034658
106,86,300,0.003416,0.000210,1276290.000000,47759.000000,0.037420
107,87,300,0.003342,0.000194,1255667.000000,46428.000000,0.036975
108,88,300,0.003343,0.000180,1275884.000000,46912.000000,0.036768
109,88,300,0.003347,0.000181,1260177.000000,46712.000000,0.037068
110,89,300,0.003350,0.000199,1263316.000000,42903.000000,0.033961
111,90,300,0.003336,0.000184,1289430.000000,46274.000000,0.035887
112,91,300,0.003339,0.000198,1306246.000000,47174.000000,0.036114
113,92,300,0.003352,0.000208,1326926.000000,47164.000000,0.035544
114,92,300,0.003338,0.000222,1338160.000000,46283.000000,0.034587
115,93,300,0.003335,0.000210,1327080.000000,44193.000000,0.033301
116,94,300,0.003340,0.000194,1404123.000000,48385.000000,0.034459
117,94,300,0.003322,0.000208,1469884.000000,47461.000000,0.032289
118,95,300,0.003326,0.000251,1470907.000000,48032.000000,0.032655
119,96,300,0.003319,0.000234,1485372.000000,47597.000000,0.032044
120,97,300,0.003328,0.000216,1458160.000000,44254.000000,0.030349
121,97,300,0.003321,0.000216,1480595.000000,47631.000000,0.032170
122,98,300,0.003325,0.000238,1477130.000000,47257.000000,0.031992
123,98,300,0.003322,0.000237,1500218.000000,48117.000000,0.032073
124,99,300,0.003326,0.000252,1499723.000000,49430.000000,0.032959
125,100,300,0.003318,0.000240,1498681.000000,44657.000000,0.029798
126,101,300,0.003327,0.000257,1577930.000000,51999.000000,0.032954
127,102,300,0.003324,0.000228,1580173.000000,49649.000000,0.031420
128,103,300,0.003325,0.000272,1591090.000000,49408.000000,0.031053
129,103,300,0.003318,0.000263,1596851.000000,49245.000000,0.030839
130,103,300,0.003326,0.000234,1572416.000000,45794.000000,0.029123
131,104,300,0.003319,0.000212,1620303.000000,48843.000000,0.030144
132,105,300,0.003324,0.000242,1627203.000000,49112.000000,0.030182
133,106,300,0.003325,0.000261,1630986.000000,51197.000000,0.031390
134,107,300,0.003322,0.000285,1641648.000000,49656.000000,0.030248
135,108,300,0.003324,0.000247,1622707.000000,46242.000000,0.028497
136,109,300,0.003324,0.000276,1685516.000000,51298.000000,0.030435
137,110,300,0.003328,0.000225,1680334.000000,49950.000000,0.029726
138,111,300,0.003320,0.000269,1706547.000000,50353.000000,0.029506
139,112,300,0.003326,0.000257,1736927.000000,50985.000000,0.029354
140,113,300,0.003321,0.000241,1762578.000000,47148.000000,0.026749
141,113,300,0.003326,0.000271,1766873.000000,51860.000000,0.029351
142,114,300,0.003322,0.000284,1790430.000000,52179.000000,0.029143
143,115,300,0.003324,0.000247,1815346.000000,51849.000000,0.028561
144,115,300,0.003321,0.000283,1810911.000000,51910.000000,0.028665
145,116,300,0.003326,0.000300,1836461.000000,49944.000000,0.027196
146,117,300,0.003322,0.000286,1902656.000000,54256.000000,0.028516
147,118,300,0.003327,0.000304,1892071.000000,53178.000000,0.028106
148,119,300,0.003322,0.000313,1941129.000000,55112.000000,0.028392
149,120,300,0.003324,0.000391,1948718.000000,55883.000000,0.028677
150,121,300,0.003318,0.000366,1929717.000000,50557.000000,0.026199
151,122,300,0.003326,0.000322,1978671.000000,54183.000000,0.027384
152,123,300,0.003320,0.000369,2015501.000000,54997.000000,0.027287
153,123,300,0.003326,0.000332,2011782.000000,54720.000000,0.027200
154,124,300,0.003323,0.000338,2044968.000000,55580.000000,0.027179
155,125,300,0.003331,0.000385,1964475.000000,52840.000000,0.026898
156,126,300,0.003322,0.000357,2107928.000000,56123.000000,0.026625
157,127,300,0.003326,0.000346,2121054.000000,56141.000000,0.026468
158,128,300,0.003321,0.000421,2190000.000000,57346.000000,0.026185
159,128,300,0.003323,0.000424,2185016.000000,57297.000000,0.026223
160,128,300,0.003324,0.000425,2138728.000000,52516.000000,0.024555
161,129,300,0.003324,0.000413,2228056.000000,56953.000000,0.025562
162,129,300,0.003326,0.000402,2294619.000000,56850.000000,0.024775
163,130,300,0.003322,0.000392,2328064.000000,57937.000000,0.024886
164,130,300,0.003325,0.000457,2373694.000000,56881.000000,0.023963
165,131,300,0.003322,0.000420,2355784.000000,55944.000000,0.023748
166,132,300,0.003327,0.000427,2419862.000000,59707.000000,0.024674
167,133,300,0.003320,0.000481,2435191.000000,59786.000000,0.024551
168,134,300,0.003327,0.000455,2463035.000000,61325.000000,0.024898
169,134,300,0.003320,0.000449,2452789.000000,60532.000000,0.024679
170,135,300,0.003325,0.000487,2470368.000000,56367.000000,0.022817
171,136,300,0.003327,0.000457,2484606.000000,60242.000000,0.024246
172,137,300,0.003327,0.000454,2527901.000000,60101.000000,0.023775
173,138,300,0.003317,0.000506,2533755.000000,59727.000000,0.023573
174,139,300,0.003330,0.000516,2569207.000000,62130.000000,0.024183
175,139,300,0.003320,0.000485,2573736.000000,57727.000000,0.022429
176,140,300,0.003326,0.000520,2670589.000000,66613.000000,0.024943
177,141,300,0.003319,0.000540,2641168.000000,61424.000000,0.023256
178,142,300,0.003328,0.000503,2689307.000000,64295.000000,0.023908
179,142,300,0.003319,0.000575,2695940.000000,65591.000000,0.024330
180,143,300,0.003329,0.000515,2699555.000000,59607.000000,0.022080
181,144,300,0.003315,0.000495,2743142.000000,62547.000000,0.022801
182,145,300,0.003323,0.000564,2783184.000000,63604.000000,0.022853
183,146,300,0.003323,0.000569,2820127.000000,64762.000000,0.022964
184,147,300,0.003325,0.000525,2845324.000000,63649.000000,0.022370
185,148,300,0.003322,0.000625,2854869.000000,63811.000000,0.022352
186,149,300,0.003323,0.000578,2987796.000000,65573.000000,0.021947
187,150,300,0.003325,0.000571,2984648.000000,66638.000000,0.022327
188,151,300,0.003323,0.000617,2991299.000000,65355.000000,0.021848
189,152,300,0.003325,0.000641,3038072.000000,65979.000000,0.021717
190,152,300,0.003321,0.000589,3061895.000000,61579.000000,0.020111
191,153,300,0.003327,0.000544,3178866.000000,66541.000000,0.020932
192,153,300,0.003321,0.000612,3213368.000000,65383.000000,0.020347
193,154,300,0.003325,0.000614,3242342.000000,66861.000000,0.020621
194,155,300,0.003324,0.000556,3248880.000000,65433.000000,0.020140
195,156,300,0.003327,0.000635,3253192.000000,63095.000000,0.019395
196,157,300,0.003321,0.000702,3396866.000000,69328.000000,0.020409
197,158,300,0.003327,0.000588,3332216.000000,66974.000000,0.020099
198,158,300,0.003319,0.000728,3389805.000000,67366.000000,0.019873
199,159,300,0.003327,0.000666,3428951.000000,67874.000000,0.019794
200,159,300,0.003320,0.000640,3463348.000000,64590.000000,0.018650
201,159,300,0.003328,0.000711,3499985.000000,68292.000000,0.019512
202,160,300,0.003321,0.000710,3498766.000000,67343.000000,0.019248
203,161,300,0.003326,0.000690,3556448.000000,72918.000000,0.020503
204,162,300,0.003321,0.000798,3591784.000000,68888.000000,0.019179
205,163,300,0.003326,0.000705,3567450.000000,66007.000000,0.018503
206,163,300,0.003320,0.000744,3669657.000000,73961.000000,0.020155
207,164,300,0.003324,0.000719,3634821.000000,69348.000000,0.019079
208,165,300,0.003324,0.000757,3681637.000000,73369.000000,0.019928
209,165,300,0.003323,0.000684,3710343.000000,69060.000000,0.018613
210,166,300,0.003324,0.000759,3758893.000000,66294.000000,0.017637
211,166,300,0.003326,0.000712,3725821.000000,67751.000000,0.018184
212,167,300,0.003322,0.000704,3755328.000000,71203.000000,0.018961
213,167,300,0.003324,0.000764,3743158.000000,69687.000000,0.018617
214,167,300,0.003329,0.000730,3735195.000000,68557.000000,0.018354
215,168,300,0.003322,0.000709,3738476.000000,68285.000000,0.018265
216,169,300,0.003322,0.000765,3843359.000000,71076.000000,0.018493
217,170,300,0.003324,0.000760,3885155.000000,70975.000000,0.018268
218,171,300,0.003324,0.000753,3914522.000000,72490.000000,0.018518
219,172,300,0.003321,0.000892,3995296.000000,72569.000000,0.018164
220,173,300,0.003327,0.000774,3846646.000000,66528.000000,0.017295
221,174,300,0.003321,0.000752,3872018.000000,70623.000000,0.018239
222,174,300,0.003327,0.000773,3856527.000000,69542.000000,0.018032
223,174,300,0.003321,0.000804,3846550.000000,69378.000000,0.018036
224,175,300,0.003326,0.000770,3932513.000000,71632.000000,0.018215
225,176,300,0.003320,0.000877,3900334.000000,67089.000000,0.017201
226,177,300,0.003326,0.000804,4022442.000000,73804.000000,0.018348
227,177,300,0.003321,0.000791,4026172.000000,73826.000000,0.018337
228,178,300,0.003326,0.000835,4030576.000000,75063.000000,0.018623
229,179,300,0.003322,0.000849,4057091.000000,74382.000000,0.018334
230,180,300,0.003326,0.000840,4180246.000000,73758.000000,0.017644
231,181,300,0.003318,0.000923,4124229.000000,74827.000000,0.018143
232,182,300,0.003324,0.000829,4208763.000000,75120.000000,0.017848
233,183,300,0.003324,0.000864,4278651.000000,79010.000000,0.018466
234,184,300,0.003324,0.000883,4325498.000000,76862.000000,0.017770
235,184,300,0.003330,0.000934,4220042.000000,74417.000000,0.017634
236,185,300,0.003313,0.000881,4316632.000000,79650.000000,0.018452
237,186,300,0.003324,0.000935,4348763.000000,80959.000000,0.018617
238,187,300,0.003322,0.000882,4363342.000000,78262.000000,0.017936
239,188,300,0.003324,0.000794,4416148.000000,78027.000000,0.017669
240,189,300,0.003323,0.000919,4453595.000000,75274.000000,0.016902
241,189,300,0.003330,0.000901,4529082.000000,79612.000000,0.017578
242,190,300,0.003316,0.000837,4586407.000000,79562.000000,0.017347
243,191,300,0.003326,0.000844,4558648.000000,78721.000000,0.017268
244,192,300,0.003319,0.000930,4615618.000000,79043.000000,0.017125
245,193,300,0.003326,0.000842,4601624.000000,76911.000000,0.016714
246,194,300,0.003324,0.000938,4638752.000000,79786.000000,0.017200
247,195,300,0.003326,0.000933,4654796.000000,80504.000000,0.017295
248,196,300,0.003320,0.000956,4746189.000000,80437.000000,0.016948
249,197,300,0.003325,0.000925,4830465.000000,82907.000000,0.017163
250,198,300,0.003319,0.001053,4847696.000000,79714.000000,0.016444
251,198,300,0.003327,0.000920,4935597.000000,84147.000000,0.017049
252,199,300,0.003322,0.000928,4943908.000000,83755.000000,0.016941
253,200,300,0.003330,0.001022,4956271.000000,83708.000000,0.016889
254,200,300,0.003314,0.001022,5008746.000000,83279.000000,0.016627
255,201,300,0.003323,0.000972,5065390.000000,81676.000000,0.016124
256,202,300,0.003326,0.001162,5199322.000000,88316.000000,0.016986
257,202,300,0.003321,0.001069,5146942.000000,85345.000000,0.016582
258,203,300,0.003323,0.001014,5218255.000000,87476.000000,0.016763
259,204,300,0.003327,0.001071,5263563.000000,87510.000000,0.016626
260,205,300,0.003323,0.001129,5326752.000000,85611.000000,0.016072
261,206,300,0.003323,0.001056,5432735.000000,91146.000000,0.016777
262,207,300,0.003328,0.001171,5474787.000000,90442.000000,0.016520
263,208,300,0.003321,0.001138,5479287.000000,88219.000000,0.016100
264,209,300,0.003323,0.001098,5547935.000000,91191.000000,0.016437
265,210,300,0.003331,0.001155,5507790.000000,86286.000000,0.015666
266,210,300,0.003318,0.001202,5699675.000000,97306.000000,0.017072
267,211,300,0.003323,0.001115,5772507.000000,91901.000000,0.015920
268,212,300,0.003327,0.001307,5963789.000000,94443.000000,0.015836
269,213,300,0.003318,0.001225,5919146.000000,93990.000000,0.015879
270,214,300,0.003329,0.001189,6073605.000000,92699.000000,0.015263
271,214,300,0.003325,0.001233,5978556.000000,93189.000000,0.015587
272,215,300,0.003325,0.001251,5991654.000000,93085.000000,0.015536
273,216,300,0.003318,0.001180,6032168.000000,94205.000000,0.015617
274,217,300,0.003327,0.001306,6121271.000000,98101.000000,0.016026
275,218,300,0.003321,0.001150,6124582.000000,91722.000000,0.014976
276,219,300,0.003326,0.001236,6195170.000000,96099.000000,0.015512
277,219,300,0.003326,0.001375,6215326.000000,95854.000000,0.015422
278,220,300,0.003324,0.001335,6225191.000000,95927.000000,0.015409
279,221,300,0.003318,0.001238,6258008.000000,96298.000000,0.015388
280,221,300,0.003332,0.001360,6315849.000000,96413.000000,0.015265
281,222,300,0.003312,0.001340,6409589.000000,98181.000000,0.015318
282,223,300,0.003322,0.001289,6547009.000000,98687.000000,0.015074
283,224,300,0.003327,0.001463,6588558.000000,100161.000000,0.015202
284,224,300,0.003323,0.001423,6604826.000000,99004.000000,0.014990
285,225,300,0.003324,0.001320,6661249.000000,98908.000000,0.014848
286,226,300,0.003327,0.001396,6791771.000000,101296.000000,0.014915
287,226,300,0.003318,0.001485,6849278.000000,101903.000000,0.014878
288,227,300,0.003326,0.001268,6783121.000000,101356.000000,0.014942
289,228,300,0.003328,0.001396,6802011.000000,101525.000000,0.014926
290,229,300,0.003319,0.001424,7018696.000000,115657.000000,0.016478
291,229,300,0.003328,0.001292,6898699.000000,101604.000000,0.014728
292,230,300,0.003325,0.001430,6948044.000000,101600.000000,0.014623
293,230,300,0.003321,0.001464,6906357.000000,100912.000000,0.014611
294,231,300,0.003325,0.001324,6954931.000000,100951.000000,0.014515
295,231,300,0.003326,0.001335,6987647.000000,99798.000000,0.014282
296,231,300,0.003319,0.001435,7059888.000000,110019.000000,0.015584
297,232,300,0.003317,0.001404,7096415.000000,103592.000000,0.014598
298,233,300,0.003322,0.001325,6981936.000000,101878.000000,0.014592
299,234,300,0.003325,0.001356,7022912.000000,104015.000000,0.014811
300,235,300,0.003322,0.001342,7051067.000000,99657.000000,0.014134
301,236,300,0.003419,0.001603,7164290.000000,106006.000000,0.014796
302,237,300,0.003403,0.001371,7158815.000000,105216.000000,0.014697
303,238,300,0.003366,0.001421,7197954.000000,106707.000000,0.014825
304,239,300,0.003411,0.001568,7265098.000000,107396.000000,0.014782
305,240,300,0.003416,0.001485,7340113.000000,105968.000000,0.014437
306,240,300,0.003398,0.001419,7485227.000000,109223.000000,0.014592
307,240,300,0.003336,0.001921,7396320.000000,111686.000000,0.015100
308,240,300,0.003322,0.001410,7351592.000000,107462.000000,0.014618
309,240,300,0.003329,0.001610,7387362.000000,106787.000000,0.014455
310,241,300,0.003329,0.001839,7470298.000000,106581.000000,0.014267
311,242,300,0.003324,0.001401,7436363.000000,106555.000000,0.014329
312,243,300,0.003327,0.001559,7554821.000000,110473.000000,0.014623
313,244,300,0.003321,0.001596,7768944.000000,112285.000000,0.014453
314,244,300,0.003323,0.001604,7731110.000000,114397.000000,0.014797
315,245,300,0.003327,0.001602,7666714.000000,107833.000000,0.014065
316,246,300,0.003324,0.001760,7851276.000000,115207.000000,0.014674
317,247,300,0.003324,0.001500,7848137.000000,111155.000000,0.014163
318,248,300,0.003329,0.001750,7901160.000000,116635.000000,0.014762
319,249,300,0.003320,0.001661,7885696.000000,112488.000000,0.014265
320,250,300,0.003323,0.001569,8012023.000000,114260.000000,0.014261
321,251,300,0.003328,0.001658,8051990.000000,112344.000000,0.013952
322,252,300,0.003326,0.001746,8194015.000000,117031.000000,0.014282
323,253,300,0.003324,0.001547,8145469.000000,113790.000000,0.013970
324,254,300,0.003331,0.001696,8194913.000000,115067.000000,0.014041
325,255,300,0.003329,0.001757,8218287.000000,112357.000000,0.013672
326,256,300,0.003312,0.001862,8386860.000000,119242.000000,0.014218
327,257,300,0.003323,0.001591,8310368.000000,115754.000000,0.013929
328,258,300,0.003327,0.001777,8428616.000000,118987.000000,0.014117
329,258,300,0.003323,0.001620,8528180.000000,117264.000000,0.013750
330,258,300,0.003329,0.001597,8342821.000000,111454.000000,0.013359
331,259,300,0.003324,0.001809,8444757.000000,117871.000000,0.013958
332,260,300,0.003323,0.001667,8606196.000000,118036.000000,0.013715
333,261,300,0.003324,0.001646,8576478.000000,118187.000000,0.013780
334,262,300,0.003332,0.001903,8696873.000000,121553.000000,0.013977
335,262,300,0.003322,0.001766,8790580.000000,118655.000000,0.013498
336,263,300,0.003330,0.001833,8692956.000000,120526.000000,0.013865
337,264,300,0.003331,0.001868,8738129.000000,121190.000000,0.013869
338,265,300,0.003322,0.001727,8826880.000000,122483.000000,0.013876
339,265,300,0.003333,0.001909,8909231.000000,122431.000000,0.013742
340,265,300,0.003328,0.001850,8852421.000000,117922.000000,0.013321
341,266,300,0.003324,0.001814,8986332.000000,125051.000000,0.013916
342,267,300,0.003333,0.001876,9099018.000000,123793.000000,0.013605
343,267,300,0.003331,0.001842,9174703.000000,126420.000000,0.013779
344,267,300,0.003328,0.001838,9220358.000000,132110.000000,0.014328
345,268,300,0.003335,0.001997,9298894.000000,126203.000000,0.013572
346,268,300,0.003327,0.001773,9163132.000000,123560.000000,0.013484
347,269,300,0.003327,0.001883,9230599.000000,129457.000000,0.014025
348,270,299,0.003339,0.001995,9253872.000000,126745.000000,0.013696
349,270,299,0.003330,0.001786,9287982.000000,126095.000000,0.013576
350,271,299,0.003325,0.001834,9359329.000000,124166.000000,0.013267
351,271,299,0.003343,0.001960,9522232.000000,127704.000000,0.013411
352,272,299,0.003324,0.001853,9536509.000000,129135.000000,0.013541
353,273,299,0.003331,0.001833,9533156.000000,125741.000000,0.013190
354,274,299,0.003329,0.001872,9630956.000000,128148.000000,0.013306
355,274,299,0.003334,0.001889,9658940.000000,125308.000000,0.012973
356,275,299,0.003333,0.002041,9857044.000000,132471.000000,0.013439
357,276,299,0.003343,0.002047,9849916.000000,129696.000000,0.013167
358,277,299,0.003329,0.001945,9927831.000000,132225.000000,0.013319
359,278,299,0.003333,0.001935,9999799.000000,132952.000000,0.013295
360,279,299,0.003355,0.002275,10239677.000000,133945.000000,0.013081
361,280,299,0.003342,0.002021,10252371.000000,136819.000000,0.013345
362,281,299,0.003339,0.002074,10387963.000000,138058.000000,0.013290
363,282,300,0.003346,0.002201,10439006.000000,137558.000000,0.013177
364,283,300,0.003361,0.002427,10751406.000000,151166.000000,0.014060
365,283,300,0.003340,0.002091,10569228.000000,135421.000000,0.012813
366,283,300,0.003356,0.002383,10699581.000000,138982.000000,0.012989
367,284,300,0.003348,0.002164,10631057.000000,140578.000000,0.013223
368,285,300,0.003342,0.002175,10834762.000000,141310.000000,0.013042
369,286,300,0.003348,0.002196,10870995.000000,141760.000000,0.013040
370,287,300,0.003347,0.002276,10979320.000000,139509.000000,0.012707
371,288,300,0.003345,0.002143,10999511.000000,140079.000000,0.012735
372,289,300,0.003350,0.002298,11380045.000000,147018.000000,0.012919
373,289,300,0.003353,0.002309,11430130.000000,145597.000000,0.012738
374,290,300,0.003345,0.002247,11381026.000000,139177.000000,0.012229
375,291,299,0.003348,0.002239,11437543.000000,143108.000000,0.012512
376,292,299,0.003354,0.002285,11520442.000000,147141.000000,0.012772
377,293,299,0.003346,0.002238,11514094.000000,143578.000000,0.012470
378,294,299,0.003354,0.002295,11641491.000000,147973.000000,0.012711
379,294,299,0.003349,0.002289,11607891.000000,140754.000000,0.012126
380,295,299,0.003349,0.002271,11633336.000000,144775.000000,0.012445
381,296,299,0.003349,0.002285,11679349.000000,145454.000000,0.012454
382,297,299,0.003356,0.002327,11751967.000000,147242.000000,0.012529
383,298,299,0.003347,0.002286,11792412.000000,146503.000000,0.012423
384,298,299,0.003355,0.002342,11912416.000000,145018.000000,0.012174
385,299,299,0.003360,0.002365,12074512.000000,149065.000000,0.012345
386,300,299,0.003354,0.002404,12177204.000000,150328.000000,0.012345
387,301,299,0.003351,0.002384,12157985.000000,148703.000000,0.012231
388,302,299,0.003359,0.002408,12171169.000000,149976.000000,0.012322
389,303,299,0.003354,0.002382,12190350.000000,147166.000000,0.012072
390,304,299,0.003352,0.002435,12417226.000000,152006.000000,0.012242
391,305,299,0.003360,0.002468,12489515.000000,153290.000000,0.012273
392,306,299,0.003360,0.002481,12584676.000000,154522.000000,0.012279
393,307,299,0.003359,0.002505,12624608.000000,154415.000000,0.012231
394,307,299,0.003361,0.002514,12688859.000000,152377.000000,0.012009
395,308,299,0.003366,0.002519,12780610.000000,155842.000000,0.012194
396,308,299,0.003359,0.002532,12838501.000000,154264.000000,0.012016
397,309,299,0.003365,0.002584,12913306.000000,158374.000000,0.012264
398,310,298,0.003363,0.002545,12928440.000000,156766.000000,0.012126
399,310,298,0.003362,0.002549,12880195.000000,152194.000000,0.011816
400,310,298,0.003326,0.002560,12977911.000000,157089.000000,0.012104
401,311,298,0.003364,0.002569,13006770.000000,157754.000000,0.012129
402,312,298,0.003364,0.002570,13007906.000000,158535.000000,0.012188
403,313,298,0.003365,0.002590,13063017.000000,158705.000000,0.012149
404,314,298,0.003363,0.002574,13045616.000000,155471.000000,0.011917
405,314,298,0.003365,0.002597,13096260.000000,159630.000000,0.012189
406,315,298,0.003365,0.002597,13097690.000000,158853.000000,0.012128
407,316,298,0.003366,0.002609,13150707.000000,159879.000000,0.012157
408,317,298,0.003370,0.002594,13178554.000000,160000.000000,0.012141
409,318,298,0.003362,0.002620,13229488.000000,157022.000000,0.011869
410,318,298,0.003367,0.002610,13331678.000000,160138.000000,0.012012
411,319,298,0.003367,0.002650,13437199.000000,163549.000000,0.012171
412,320,298,0.003371,0.002689,13634276.000000,161838.000000,0.011870
413,320,298,0.003367,0.002658,13449512.000000,163988.000000,0.012193
414,321,298,0.003369,0.002679,13474170.000000,158265.000000,0.011746
415,321,298,0.003382,0.002888,13668127.000000,170656.000000,0.012486
416,322,298,0.003361,0.002909,13631949.000000,163148.000000,0.011968
417,323,298,0.003369,0.002679,13672683.000000,164152.000000,0.012006
418,324,297,0.003373,0.002720,13721158.000000,165132.000000,0.012035
419,325,297,0.003382,0.002905,13733496.000000,159146.000000,0.011588
420,326,297,0.003372,0.002742,13826068.000000,165619.000000,0.011979
421,326,297,0.003381,0.002774,13820757.000000,167290.000000,0.012104
422,327,297,0.003366,0.002705,13863085.000000,165848.000000,0.011963
423,327,297,0.003426,0.002747,13962874.000000,167725.000000,0.012012
424,327,297,0.003329,0.002807,14093597.000000,163689.000000,0.011614
425,328,297,0.003378,0.002784,14029388.000000,167702.000000,0.011954
426,328,297,0.003428,0.002831,14149520.000000,170756.000000,0.012068
427,329,297,0.003330,0.002811,14201843.000000,171842.000000,0.012100
428,330,297,0.003383,0.002880,14335428.000000,173413.000000,0.012097
429,331,297,0.003372,0.002870,14400052.000000,168124.000000,0.011675
430,332,297,0.003380,0.002935,14563469.000000,176680.000000,0.012132
431,333,297,0.003389,0.002935,14598900.000000,175868.000000,0.012047
432,333,296,0.003879,0.003233,14667078.000000,176164.000000,0.012011
433,334,296,0.003577,0.002943,14668097.000000,175937.000000,0.011995
434,335,295,0.003651,0.003017,14687284.000000,173738.000000,0.011829
435,336,295,0.003599,0.002944,14712650.000000,176641.000000,0.012006
436,337,295,0.003586,0.002943,14754079.000000,174856.000000,0.011851
437,338,294,0.003640,0.002977,14789226.000000,176323.000000,0.011922
438,339,294,0.003591,0.002959,14954669.000000,173739.000000,0.011618
439,340,294,0.003478,0.003113,15082259.000000,180181.000000,0.011947
440,341,294,0.003384,0.003038,15279206.000000,179586.000000,0.011754
441,341,293,0.003407,0.003058,15383893.000000,180787.000000,0.011752
442,342,293,0.003391,0.003060,15390414.000000,181695.000000,0.011806
443,342,293,0.003402,0.003082,15416593.000000,176951.000000,0.011478
444,343,293,0.003693,0.003330,15665750.000000,187634.000000,0.011977
445,344,293,0.003469,0.003131,15647877.000000,186333.000000,0.011908
446,344,293,0.003458,0.003105,15740406.000000,184950.000000,0.011750
447,344,292,0.003496,0.003158,15833526.000000,185045.000000,0.011687
448,345,292,0.003515,0.003159,15834890.000000,182439.000000,0.011521
449,346,292,0.003528,0.003185,15941669.000000,187649.000000,0.011771
450,347,292,0.003548,0.003206,16074233.000000,188274.000000,0.011713
451,348,291,0.003577,0.003210,16157954.000000,188018.000000,0.011636
452,349,291,0.003589,0.003265,16331669.000000,186773.000000,0.011436
453,349,291,0.003653,0.003279,16441854.000000,189203.000000,0.011507
454,350,290,0.003661,0.003303,16559364.000000,190527.000000,0.011506
455,351,290,0.003710,0.003357,16760964.000000,192965.000000,0.011513
456,352,289,0.003710,0.003341,16756247.000000,193243.000000,0.011533
457,353,289,0.003677,0.003353,16773762.000000,188148.000000,0.011217
458,354,288,0.003693,0.003349,16857778.000000,194450.000000,0.011535
459,355,288,0.003731,0.003390,16914806.000000,196954.000000,0.011644
460,356,287,0.003788,0.003449,17005300.000000,196631.000000,0.011563
461,357,286,0.003957,0.003599,17156011.000000,200061.000000,0.011661
462,358,285,0.004041,0.003680,17282710.000000,214108.000000,0.012389
463,358,284,0.004045,0.003654,17604334.000000,200920.000000,0.011413
464,358,284,0.004070,0.003702,17538181.000000,204714.000000,0.011672
465,359,283,0.004064,0.003703,17717651.000000,206873.000000,0.011676
466,360,282,0.004022,0.003701,17493558.000000,198404.000000,0.011342
467,360,281,0.003988,0.003548,17517738.000000,201639.000000,0.011511
468,361,280,0.004061,0.003648,17666988.000000,202953.000000,0.011488
469,362,279,0.004152,0.003788,17838725.000000,208936.000000,0.011712
470,363,278,0.004182,0.003781,17723922.000000,208015.000000,0.011736
471,364,277,0.003916,0.003531,17689717.000000,202829.000000,0.011466
472,365,276,0.003931,0.003575,17890573.000000,204071.000000,0.011407
473,366,276,0.003968,0.003587,17993197.000000,205289.000000,0.011409
474,367,275,0.004052,0.003708,18188417.000000,207156.000000,0.011389
475,368,274,0.003941,0.003589,18023191.000000,205093.000000,0.011379
476,369,273,0.004019,0.003651,18187718.000000,206544.000000,0.011356
477,369,272,0.004010,0.003653,18280499.000000,206327.000000,0.011287
478,370,272,0.004020,0.003654,18348540.000000,201563.000000,0.010985
479,370,271,0.003989,0.003645,18242023.000000,205943.000000,0.011289
480,371,270,0.004041,0.003669,18397668.000000,206835.000000,0.011242
481,372,269,0.004123,0.003766,18494960.000000,210436.000000,0.011378
482,373,268,0.004091,0.003715,18561677.000000,207482.000000,0.011178
483,374,268,0.004062,0.003691,18642258.000000,207214.000000,0.011115
484,374,267,0.004118,0.003757,18745087.000000,209441.000000,0.011173
485,375,266,0.004088,0.003744,18770528.000000,210125.000000,0.011194
486,376,265,0.004144,0.003794,18872753.000000,209399.000000,0.011095
487,376,264,0.004115,0.003779,18909684.000000,212357.000000,0.011230
488,377,263,0.004125,0.003768,18991201.000000,212647.000000,0.011197
489,378,262,0.004257,0.003888,19102112.000000,210554.000000,0.011023
490,379,261,0.004312,0.003870,19211678.000000,210263.000000,0.010945
491,379,260,0.004212,0.003840,19327111.000000,215941.000000,0.011173
492,380,260,0.004300,0.003913,19235226.000000,213840.000000,0.011117
493,381,259,0.004219,0.003859,19504963.000000,215260.000000,0.011036
494,382,258,0.004237,0.003906,19528711.000000,213824.000000,0.010949
495,382,257,0.004769,0.004328,19718735.000000,219851.000000,0.011149
496,382,256,0.004274,0.003913,19745003.000000,217519.000000,0.011016
497,383,256,0.004193,0.003853,19527896.000000,214285.000000,0.010973
498,383,255,0.004216,0.003874,19573983.000000,213083.000000,0.010886
499,384,254,0.004405,0.004029,19783486.000000,219542.000000,0.011097
500,385,253,0.004347,0.003972,20114030.000000,221242.000000,0.010999
501,386,252,0.004328,0.003975,19963842.000000,218749.000000,0.010957
502,387,251,0.004283,0.003961,19944978.000000,215073.000000,0.010783
503,387,250,0.004343,0.003949,20059910.000000,219536.000000,0.010944
504,388,249,0.004662,0.004253,20248320.000000,222860.000000,0.011006
505,389,248,0.004337,0.003980,20199316.000000,220484.000000,0.010915
506,390,247,0.004419,0.004084,20381738.000000,218231.000000,0.010707
507,390,246,0.004397,0.004032,20486741.000000,224078.000000,0.010938
508,391,245,0.004461,0.004111,20568218.000000,225113.000000,0.010945
509,392,244,0.004419,0.004091,20560521.000000,222123.000000,0.010803
510,393,243,0.004483,0.004123,20741247.000000,228303.000000,0.011007
511,394,242,0.004642,0.004266,20872782.000000,229074.000000,0.010975
512,395,241,0.004625,0.004239,21366150.000000,233509.000000,0.010929
513,395,241,0.004492,0.004148,20922295.000000,222743.000000,0.010646
514,396,240,0.004544,0.004164,21078416.000000,231015.000000,0.010960
515,397,239,0.004875,0.004468,21344208.000000,233698.000000,0.010949
516,398,238,0.004561,0.004190,21286891.000000,231964.000000,0.010897
517,399,237,0.004852,0.004507,21525061.000000,239184.000000,0.011112
518,400,235,0.005073,0.004702,21919172.000000,239203.000000,0.010913
519,401,234,0.004705,0.004351,21846658.000000,235522.000000,0.010781
520,401,234,0.004673,0.004337,21893011.000000,230596.000000,0.010533
521,402,233,0.004756,0.004392,22076960.000000,238974.000000,0.010825
522,403,232,0.004810,0.004443,22319106.000000,240432.000000,0.010772
523,404,231,0.005485,0.005064,22689322.000000,268805.000000,0.011847
524,405,230,0.004804,0.004454,22294142.000000,240486.000000,0.010787
525,405,229,0.005289,0.004868,22711055.000000,254390.000000,0.011201
526,406,228,0.004988,0.004605,22594637.000000,241378.000000,0.010683
527,407,228,0.004838,0.004498,22614261.000000,238828.000000,0.010561
528,408,227,0.004935,0.004564,22911425.000000,245608.000000,0.010720
529,409,226,0.005652,0.005001,22904601.000000,254036.000000,0.011091
530,410,225,0.005319,0.004957,22834552.000000,245375.000000,0.010746
531,410,224,0.004983,0.004637,22818872.000000,243620.000000,0.010676
532,411,223,0.005021,0.004657,22899112.000000,246864.000000,0.010781
533,411,222,0.005003,0.004656,22950435.000000,242093.000000,0.010549
534,412,221,0.005000,0.004644,22890444.000000,246195.000000,0.010755
535,413,220,0.004969,0.004619,22963409.000000,245788.000000,0.010703
536,414,220,0.004967,0.004624,23044460.000000,245983.000000,0.010674
537,415,219,0.005200,0.004843,23201886.000000,248136.000000,0.010695
538,416,218,0.005129,0.004723,23334646.000000,250178.000000,0.010721
539,417,217,0.005050,0.004672,23401361.000000,247621.000000,0.010581
540,418,216,0.005080,0.004729,23305985.000000,246361.000000,0.010571
541,419,215,0.005208,0.004846,23487375.000000,253630.000000,0.010799
542,420,214,0.005078,0.004713,23439248.000000,250619.000000,0.010692
543,421,213,0.005534,0.004892,23476658.000000,253610.000000,0.010803
544,422,212,0.005357,0.004729,23543135.000000,252107.000000,0.010708
545,423,211,0.005411,0.004774,23621031.000000,253452.000000,0.010730
546,424,210,0.005377,0.004757,23496082.000000,247209.000000,0.010521
547,425,210,0.005375,0.004715,23509995.000000,248913.000000,0.010588
548,425,209,0.005332,0.004672,23510486.000000,249643.000000,0.010618
549,426,208,0.005541,0.004920,23540931.000000,249841.000000,0.010613
550,427,207,0.005389,0.004745,23734963.000000,255680.000000,0.010772
551,428,206,0.005464,0.004828,23955798.000000,254670.000000,0.010631
552,429,205,0.005564,0.004820,24221358.000000,264002.000000,0.010900
553,430,204,0.005523,0.004890,24428230.000000,257878.000000,0.010557
554,430,203,0.005587,0.004913,24548559.000000,260438.000000,0.010609
555,430,203,0.005584,0.004951,24517320.000000,254008.000000,0.010360
556,431,202,0.005553,0.005188,24728678.000000,265620.000000,0.010741
557,432,201,0.005309,0.004943,24676707.000000,260315.000000,0.010549
558,432,200,0.005293,0.004954,24760351.000000,255636.000000,0.010324
559,433,200,0.005334,0.004960,24917607.000000,261420.000000,0.010491
560,434,199,0.005385,0.005022,25178378.000000,262846.000000,0.010439
561,435,198,0.005416,0.005068,25275449.000000,262811.000000,0.010398
562,435,198,0.005424,0.005080,25370399.000000,260634.000000,0.010273
563,436,197,0.005474,0.005103,25580072.000000,266660.000000,0.010425
564,437,196,0.005486,0.005122,25582298.000000,266244.000000,0.010407
565,438,196,0.005467,0.005120,25627351.000000,260609.000000,0.010169
566,439,195,0.005535,0.005185,25732722.000000,268717.000000,0.010443
567,440,194,0.005543,0.005166,25772442.000000,266927.000000,0.010357
568,441,193,0.005540,0.005192,25903299.000000,267826.000000,0.010339
569,442,193,0.005674,0.005284,26203428.000000,275397.000000,0.010510
570,443,192,0.005649,0.005271,26313335.000000,275401.000000,0.010466
571,444,191,0.005735,0.005364,26455797.000000,272122.000000,0.010286
572,444,191,0.005669,0.005319,26352996.000000,274060.000000,0.010400
573,445,190,0.005678,0.005312,26418963.000000,275181.000000,0.010416
574,446,189,0.005878,0.005500,26668353.000000,276289.000000,0.010360
575,447,189,0.005806,0.005408,26852906.000000,280067.000000,0.010430
576,448,188,0.005796,0.005457,26992499.000000,276149.000000,0.010231
577,449,187,0.006201,0.005556,27071246.000000,282471.000000,0.010434
578,450,186,0.006156,0.005487,27206856.000000,281693.000000,0.010354
579,450,186,0.006138,0.005475,27385610.000000,279117.000000,0.010192
580,451,185,0.006115,0.005477,27344754.000000,280995.000000,0.010276
581,451,184,0.006162,0.005514,27404554.000000,280704.000000,0.010243
582,451,183,0.006173,0.005546,27519230.000000,279819.000000,0.010168
583,452,183,0.006195,0.005550,27545478.000000,282317.000000,0.010249
584,452,182,0.006233,0.005588,27682402.000000,284789.000000,0.010288
585,453,181,0.006200,0.005550,27647644.000000,281673.000000,0.010188
586,454,181,0.006304,0.005650,27850394.000000,286327.000000,0.010281
587,454,180,0.006236,0.005620,27817582.000000,281776.000000,0.010129
588,455,179,0.006257,0.005629,27858667.000000,286457.000000,0.010283
589,456,179,0.006332,0.005619,27964361.000000,287663.000000,0.010287
590,456,178,0.006247,0.005882,28254649.000000,288334.000000,0.010205
591,457,178,0.006056,0.005673,28108808.000000,286620.000000,0.010197
592,457,177,0.006177,0.005769,28287644.000000,291050.000000,0.010289
593,458,177,0.006135,0.005753,28366692.000000,290242.000000,0.010232
594,459,176,0.006069,0.005702,28369872.000000,291374.000000,0.010271
595,459,175,0.006200,0.005852,28441674.000000,286177.000000,0.010062
596,460,175,0.006170,0.005777,28538170.000000,292840.000000,0.010261
597,460,174,0.006217,0.005835,28682302.000000,292000.000000,0.010180
598,461,174,0.006240,0.005861,28768951.000000,289604.000000,0.010067
599,461,173,0.006177,0.005779,28665136.000000,290977.000000,0.010151
600,462,173,0.006266,0.005864,29071192.000000,296391.000000,0.010195
601,463,172,0.006230,0.005875,28991036.000000,292825.000000,0.010101
602,464,171,0.006312,0.005918,29185937.000000,296710.000000,0.010166
603,465,171,0.006349,0.005966,29313298.000000,295384.000000,0.010077
604,466,171,0.006368,0.005993,29705804.000000,298018.000000,0.010032
605,467,170,0.006376,0.005983,29698752.000000,298329.000000,0.010045
606,468,170,0.006578,0.006203,29935447.000000,301263.000000,0.010064
607,469,169,0.006345,0.005952,29703778.000000,297992.000000,0.010032
608,470,169,0.006395,0.006056,29851152.000000,297574.000000,0.009969
609,471,168,0.006416,0.006034,29974857.000000,301903.000000,0.010072
610,472,168,0.006463,0.006091,30225335.000000,302954.000000,0.010023
611,473,167,0.006508,0.006121,30325049.000000,301734.000000,0.009950
612,474,167,0.006516,0.006145,30494665.000000,305266.000000,0.010010
613,475,166,0.006534,0.006139,30522481.000000,305999.000000,0.010025
614,476,166,0.006617,0.006262,30874365.000000,307820.000000,0.009970
615,477,165,0.006610,0.006229,30895277.000000,311559.000000,0.010084
616,478,165,0.006647,0.006271,31025110.000000,308158.000000,0.009933
617,479,164,0.006672,0.006296,31186234.000000,313852.000000,0.010064
618,480,164,0.006662,0.006270,31202556.000000,315235.000000,0.010103
619,481,163,0.006660,0.006312,31377193.000000,311185.000000,0.009918
620,482,162,0.006817,0.006407,31656042.000000,318833.000000,0.010072
621,482,162,0.006880,0.006512,31776423.000000,321944.000000,0.010132
622,483,161,0.006748,0.006331,31621483.000000,313328.000000,0.009909
623,483,161,0.006847,0.006440,31892542.000000,315595.000000,0.009896
624,484,160,0.006866,0.006493,32263649.000000,318588.000000,0.009875
625,485,159,0.006777,0.006401,32086595.000000,313674.000000,0.009776
626,486,159,0.006841,0.006459,32251146.000000,317362.000000,0.009840
627,487,158,0.006995,0.006576,32591875.000000,323775.000000,0.009934
628,488,158,0.007058,0.006645,33004327.000000,322439.000000,0.009770
629,489,157,0.007156,0.006710,33207057.000000,326576.000000,0.009835
630,490,156,0.007060,0.006697,33091379.000000,326284.000000,0.009860
631,490,156,0.007047,0.006685,33063697.000000,326754.000000,0.009883
632,490,155,0.007078,0.006690,33162047.000000,325773.000000,0.009824
633,491,155,0.007177,0.006785,33321656.000000,326601.000000,0.009801
634,492,154,0.007154,0.006768,33589162.000000,332851.000000,0.009909
635,493,154,0.007096,0.006738,33504561.000000,326740.000000,0.009752
636,494,153,0.008008,0.007314,33888145.000000,337916.000000,0.009972
637,495,152,0.007465,0.006804,33822493.000000,334428.000000,0.009888
638,496,152,0.007511,0.006816,34038305.000000,328836.000000,0.009661
639,497,151,0.007525,0.006872,34203760.000000,334473.000000,0.009779
640,497,151,0.007554,0.006936,34376269.000000,332201.000000,0.009664
641,498,150,0.007610,0.006950,34487605.000000,338172.000000,0.009806
642,499,150,0.007550,0.006930,34510973.000000,336514.000000,0.009751
643,500,149,0.007646,0.006997,34634581.000000,340079.000000,0.009819
644,501,149,0.007652,0.007000,34898212.000000,338085.000000,0.009688
645,502,148,0.007718,0.007052,35098944.000000,343395.000000,0.009784
646,503,147,0.007722,0.007083,35356482.000000,340509.000000,0.009631
647,504,147,0.007748,0.007087,35249918.000000,344904.000000,0.009785
648,505,146,0.007851,0.007177,35537294.000000,347244.000000,0.009771
649,505,146,0.007781,0.007402,35666392.000000,346958.000000,0.009728
650,505,145,0.007556,0.007198,35602517.000000,348401.000000,0.009786
651,506,145,0.007544,0.007168,35623145.000000,344682.000000,0.009676
652,507,144,0.007587,0.007185,35872269.000000,349771.000000,0.009750
653,508,144,0.007583,0.007197,35975763.000000,349339.000000,0.009710
654,509,143,0.007584,0.007215,35920713.000000,351751.000000,0.009792
655,510,143,0.007581,0.007224,35984008.000000,347215.000000,0.009649
656,511,142,0.007654,0.007286,36220987.000000,351735.000000,0.009711
657,511,142,0.007635,0.007282,36180600.000000,348941.000000,0.009644
658,512,141,0.007660,0.007299,36215284.000000,352823.000000,0.009742
659,512,141,0.007649,0.007269,36286999.000000,352205.000000,0.009706
660,513,140,0.007714,0.007347,36437005.000000,351405.000000,0.009644
661,514,140,0.007635,0.007267,36255167.000000,351061.000000,0.009683
662,514,139,0.008016,0.007658,36404012.000000,358119.000000,0.009837
663,515,139,0.007782,0.007376,36464944.000000,355179.000000,0.009740
664,516,138,0.007737,0.007354,36751726.000000,352766.000000,0.009599
665,517,138,0.007670,0.007291,36581744.000000,355334.000000,0.009713
666,518,138,0.007754,0.007365,36872695.000000,355351.000000,0.009637
667,519,137,0.007967,0.007506,36918947.000000,360936.000000,0.009776
668,520,137,0.008328,0.007653,37086556.000000,359871.000000,0.009704
669,521,136,0.008224,0.007554,37219275.000000,365492.000000,0.009820
670,521,135,0.008245,0.007578,37472496.000000,361917.000000,0.009658
671,522,135,0.008275,0.007589,37511766.000000,365659.000000,0.009748
672,523,134,0.008264,0.007611,37617808.000000,362450.000000,0.009635
673,524,134,0.008299,0.007627,37784645.000000,366415.000000,0.009697
674,524,133,0.008780,0.008110,37860621.000000,367508.000000,0.009707
675,525,133,0.008343,0.007677,38217489.000000,370801.000000,0.009702
676,526,132,0.008404,0.007747,38383417.000000,366073.000000,0.009537
677,526,132,0.008589,0.007863,38885615.000000,372125.000000,0.009570
678,527,131,0.008441,0.007795,38541163.000000,367587.000000,0.009538
679,528,131,0.008499,0.007812,38683262.000000,372860.000000,0.009639
680,529,130,0.008438,0.007768,38693756.000000,368066.000000,0.009512
681,529,130,0.008512,0.007827,38857979.000000,372957.000000,0.009598
682,530,129,0.008585,0.007931,39136163.000000,373710.000000,0.009549
683,531,129,0.008571,0.007906,39023634.000000,375340.000000,0.009618
684,531,128,0.008539,0.007885,39259598.000000,373528.000000,0.009514
685,531,128,0.008671,0.007965,39474845.000000,378972.000000,0.009600
686,532,127,0.008654,0.008295,39358059.000000,377472.000000,0.009591
687,532,127,0.008291,0.007924,39248145.000000,376797.000000,0.009600
688,533,126,0.008288,0.007904,39307753.000000,375755.000000,0.009559
689,534,126,0.008454,0.008049,39605149.000000,380316.000000,0.009603
690,535,125,0.009910,0.009506,40770892.000000,419240.000000,0.010283
691,535,125,0.010211,0.009727,41013835.000000,410692.000000,0.010013
692,536,124,0.008738,0.008291,39999465.000000,384474.000000,0.009612
693,537,124,0.008899,0.008483,40193717.000000,386931.000000,0.009627
694,538,123,0.009282,0.008871,40573611.000000,398063.000000,0.009811
695,539,122,0.009632,0.009045,40920581.000000,409182.000000,0.009999
696,540,122,0.008672,0.008268,40297320.000000,385909.000000,0.009577
697,540,122,0.009588,0.009143,40968706.000000,398364.000000,0.009724
698,541,121,0.009190,0.008740,40840281.000000,395927.000000,0.009695
699,542,121,0.008558,0.008146,40433861.000000,382898.000000,0.009470
700,543,121,0.008521,0.008095,40408622.000000,386235.000000,0.009558
701,544,121,0.008789,0.008396,40653082.000000,392824.000000,0.009663
702,544,120,0.009830,0.009369,41542646.000000,405650.000000,0.009765
703,545,120,0.008829,0.008405,41007511.000000,392031.000000,0.009560
704,546,119,0.008735,0.008315,40955634.000000,387017.000000,0.009450
705,547,119,0.008778,0.008359,41095131.000000,391179.000000,0.009519
706,548,119,0.008785,0.008424,41164309.000000,390493.000000,0.009486
707,549,119,0.008783,0.008398,41311232.000000,396508.000000,0.009598
708,550,118,0.009010,0.008637,41832383.000000,399304.000000,0.009545
709,551,118,0.008738,0.008345,41688093.000000,396250.000000,0.009505
710,552,118,0.008835,0.008468,42160432.000000,394990.000000,0.009369
711,553,118,0.008824,0.008470,42268473.000000,397204.000000,0.009397
712,553,117,0.008892,0.008562,42335107.000000,395047.000000,0.009331
713,554,117,0.009876,0.009494,43088234.000000,418495.000000,0.009713
714,555,116,0.009040,0.008679,42689829.000000,398797.000000,0.009342
715,556,116,0.009014,0.008645,42975220.000000,406354.000000,0.009456
716,557,116,0.008969,0.008620,42783372.000000,400064.000000,0.009351
717,558,116,0.009024,0.008664,42979310.000000,402320.000000,0.009361
718,559,115,0.009108,0.008756,43382715.000000,408093.000000,0.009407
719,560,115,0.009290,0.008922,43537835.000000,408401.000000,0.009380
720,561,114,0.009201,0.008847,43692922.000000,410245.000000,0.009389
721,562,114,0.009279,0.008923,43789548.000000,405996.000000,0.009272
722,562,114,0.009229,0.008880,43856658.000000,410959.000000,0.009371
723,563,114,0.009301,0.008919,43944993.000000,411864.000000,0.009372
724,564,113,0.009403,0.008892,44185858.000000,419609.000000,0.009496
725,564,113,0.010411,0.009830,44735458.000000,421177.000000,0.009415
726,565,112,0.009830,0.009324,44362090.000000,420629.000000,0.009482
727,565,112,0.009800,0.009203,44540178.000000,420713.000000,0.009446
728,566,112,0.009400,0.008941,44402438.000000,404165.000000,0.009102
729,567,111,0.009451,0.008955,44514219.000000,410355.000000,0.009219
730,567,111,0.009787,0.009449,44710647.000000,411978.000000,0.009214
731,567,111,0.009358,0.008993,44731463.000000,408744.000000,0.009138
732,568,110,0.010611,0.010240,45661624.000000,454270.000000,0.009949
733,569,110,0.009505,0.009131,45061024.000000,410372.000000,0.009107
734,570,110,0.009442,0.009086,45143596.000000,412051.000000,0.009128
735,571,110,0.009492,0.009127,45219858.000000,409807.000000,0.009063
736,572,109,0.009511,0.009163,45331432.000000,415969.000000,0.009176
737,573,109,0.009563,0.009218,45390690.000000,415354.000000,0.009151
738,574,109,0.009569,0.009203,45574919.000000,414998.000000,0.009106
739,574,109,0.009646,0.009280,45680489.000000,417966.000000,0.009150
740,574,108,0.009834,0.009462,45796126.000000,417829.000000,0.009124
741,575,108,0.009587,0.009198,45729783.000000,419126.000000,0.009165
742,576,108,0.009571,0.009232,45760996.000000,415109.000000,0.009071
743,577,108,0.009591,0.009196,45893046.000000,418999.000000,0.009130
744,578,108,0.010423,0.009913,46549058.000000,428480.000000,0.009205
745,579,107,0.009930,0.009541,46314878.000000,421825.000000,0.009108
746,580,107,0.009711,0.009353,46459810.000000,424706.000000,0.009141
747,581,107,0.009735,0.009361,46525973.000000,420919.000000,0.009047
748,582,106,0.009835,0.009449,47095531.000000,427920.000000,0.009086
749,582,106,0.009875,0.009499,47394626.000000,428566.000000,0.009043
750,583,106,0.009869,0.009517,46984222.000000,425867.000000,0.009064
751,584,106,0.009844,0.009440,47104179.000000,427418.000000,0.009074
752,585,106,0.010097,0.009711,47816344.000000,432807.000000,0.009051
753,586,106,0.009958,0.009566,47598107.000000,433040.000000,0.009098
754,586,106,0.009997,0.009617,47898105.000000,429608.000000,0.008969
755,587,106,0.010013,0.009637,48045453.000000,429627.000000,0.008942
756,588,105,0.010155,0.009792,48518891.000000,437833.000000,0.009024
757,589,105,0.010103,0.009751,48536287.000000,434079.000000,0.008943
758,590,105,0.010183,0.009758,48648785.000000,440444.000000,0.009054
759,590,104,0.011776,0.011327,49451866.000000,451531.000000,0.009131
760,591,104,0.010373,0.010000,49035005.000000,440043.000000,0.008974
761,591,104,0.010097,0.009714,48910695.000000,439809.000000,0.008992
762,592,104,0.010150,0.009788,49048748.000000,433896.000000,0.008846
763,593,104,0.010604,0.010109,49206680.000000,437609.000000,0.008893
764,594,103,0.010497,0.009948,49320733.000000,446608.000000,0.009055
765,595,103,0.010412,0.010044,49385420.000000,442577.000000,0.008962
766,596,103,0.010366,0.010004,49556014.000000,445942.000000,0.008999
767,597,102,0.010381,0.009990,49625672.000000,443383.000000,0.008935
768,598,102,0.010438,0.010081,49958427.000000,443188.000000,0.008871
769,599,102,0.010471,0.010076,50164651.000000,451409.000000,0.008999
770,600,101,0.010734,0.010358,50453038.000000,449681.000000,0.008913
771,601,101,0.010564,0.010151,50484664.000000,450330.000000,0.008920
772,602,101,0.010734,0.010312,50861444.000000,451865.000000,0.008884
773,603,101,0.010955,0.010446,50636622.000000,448279.000000,0.008853
774,604,100,0.010754,0.010269,50877038.000000,451036.000000,0.008865
775,605,100,0.010798,0.010247,50977833.000000,456032.000000,0.008946
776,605,100,0.010767,0.010300,51019517.000000,452667.000000,0.008872
777,606,99,0.010820,0.010280,51149989.000000,457508.000000,0.008944
778,607,99,0.010859,0.010359,51352552.000000,455056.000000,0.008861
779,608,99,0.011362,0.010859,51619174.000000,462062.000000,0.008951
780,609,99,0.010874,0.010377,51459251.000000,463110.000000,0.009000
781,610,98,0.010883,0.010389,51520046.000000,458370.000000,0.008897
782,611,98,0.010984,0.010497,51784890.000000,461734.000000,0.008916
783,612,98,0.010990,0.010461,51937183.000000,468038.000000,0.009012
784,613,97,0.011041,0.010542,52239833.000000,464035.000000,0.008883
785,614,97,0.010996,0.010466,52016104.000000,462116.000000,0.008884
786,614,97,0.011102,0.010583,52412520.000000,467857.000000,0.008926
787,615,97,0.011087,0.010600,52542539.000000,465027.000000,0.008850
788,616,97,0.011278,0.010894,53065234.000000,474373.000000,0.008939
789,616,96,0.011176,0.010759,53357460.000000,473272.000000,0.008870
790,617,96,0.011054,0.010684,53203487.000000,465867.000000,0.008756
791,618,96,0.011081,0.010718,53287810.000000,468570.000000,0.008793
792,618,96,0.011176,0.010791,53435084.000000,473993.000000,0.008870
793,618,96,0.011158,0.010811,53406623.000000,471442.000000,0.008827
794,618,95,0.011150,0.010786,53493312.000000,471813.000000,0.008820
795,619,95,0.011258,0.010860,53752823.000000,479042.000000,0.008912
796,620,95,0.011239,0.010763,53719050.000000,481212.000000,0.008958
797,621,95,0.011369,0.010985,53790489.000000,475743.000000,0.008844
798,622,94,0.011583,0.011199,54299744.000000,480585.000000,0.008851
799,623,94,0.011274,0.010888,54092742.000000,476397.000000,0.008807
800,623,94,0.011255,0.010870,54062488.000000,475345.000000,0.008793
801,624,94,0.011346,0.010949,54448764.000000,478089.000000,0.008781
802,625,93,0.011366,0.010980,54329151.000000,481115.000000,0.008856
803,626,93,0.011299,0.010931,54422821.000000,478403.000000,0.008790
804,627,93,0.011482,0.011097,54837195.000000,479967.000000,0.008753
805,628,93,0.011383,0.010995,54637596.000000,482798.000000,0.008836
806,628,92,0.011666,0.011284,55105799.000000,483706.000000,0.008778
807,629,92,0.011494,0.011131,55132096.000000,481628.000000,0.008736
808,630,92,0.011531,0.011144,55258324.000000,490087.000000,0.008869
809,631,92,0.011461,0.011093,55271163.000000,484369.000000,0.008764
810,632,91,0.011485,0.011130,55378348.000000,486584.000000,0.008787
811,633,91,0.011625,0.011209,55571383.000000,489650.000000,0.008811
812,634,91,0.011667,0.011294,56050938.000000,491001.000000,0.008760
813,634,91,0.011702,0.011334,56077635.000000,490921.000000,0.008754
814,634,90,0.011866,0.011474,56221278.000000,498956.000000,0.008875
815,635,90,0.011750,0.011356,56297321.000000,492219.000000,0.008743
816,636,90,0.011744,0.011368,56432747.000000,491513.000000,0.008710
817,637,90,0.011762,0.011380,56481252.000000,492779.000000,0.008725
818,638,90,0.011882,0.011498,56763471.000000,498607.000000,0.008784
819,639,90,0.011811,0.011429,56801925.000000,495723.000000,0.008727
820,639,89,0.011892,0.011509,57170375.000000,496741.000000,0.008689
821,639,89,0.011947,0.011533,57419711.000000,503840.000000,0.008775
822,640,89,0.012380,0.011875,58139632.000000,504549.000000,0.008678
823,641,89,0.012470,0.012078,58179293.000000,504891.000000,0.008678
824,642,88,0.012095,0.011723,58177556.000000,503489.000000,0.008654
825,642,88,0.012136,0.011762,58237570.000000,505978.000000,0.008688
826,643,88,0.012224,0.011869,58262817.000000,505066.000000,0.008669
827,644,88,0.012212,0.011825,58350657.000000,504570.000000,0.008647
828,645,87,0.012244,0.011875,58736335.000000,508231.000000,0.008653
829,646,87,0.012190,0.011767,58555644.000000,512328.000000,0.008749
830,647,87,0.012289,0.011906,58959911.000000,514072.000000,0.008719
831,648,87,0.012492,0.012103,59454847.000000,515751.000000,0.008675
832,649,86,0.012437,0.012059,59283799.000000,516441.000000,0.008711
833,650,86,0.012474,0.012060,59406121.000000,519985.000000,0.008753
834,650,86,0.012505,0.012105,59712959.000000,518321.000000,0.008680
835,651,86,0.012575,0.012185,60097917.000000,518222.000000,0.008623
836,652,86,0.012552,0.012192,60314585.000000,520150.000000,0.008624
837,653,85,0.012608,0.012202,60471977.000000,525506.000000,0.008690
838,654,85,0.012670,0.012292,60805786.000000,521596.000000,0.008578
839,655,85,0.012902,0.012516,60976587.000000,524739.000000,0.008606
840,656,85,0.012986,0.012486,60875058.000000,521007.000000,0.008559
841,657,85,0.012815,0.012258,60977162.000000,527514.000000,0.008651
842,658,84,0.012844,0.012324,61362124.000000,524470.000000,0.008547
843,658,84,0.012964,0.012451,61687447.000000,527146.000000,0.008545
844,659,84,0.012950,0.012427,61723758.000000,528298.000000,0.008559
845,660,84,0.013023,0.012487,62096011.000000,532051.000000,0.008568
846,661,83,0.013055,0.012569,62350856.000000,529525.000000,0.008493
847,662,83,0.013257,0.012859,62627134.000000,533760.000000,0.008523
848,663,83,0.013143,0.012757,62736806.000000,535269.000000,0.008532
849,664,83,0.013097,0.012691,62777057.000000,535722.000000,0.008534
850,665,82,0.013082,0.012670,62884286.000000,538260.000000,0.008560
851,665,82,0.013089,0.012690,62966367.000000,535322.000000,0.008502
852,666,82,0.013149,0.012789,63049167.000000,533458.000000,0.008461
853,667,82,0.013251,0.012864,63174770.000000,536146.000000,0.008487
854,667,82,0.013379,0.012998,63355676.000000,543656.000000,0.008581
855,668,81,0.013188,0.012751,63363714.000000,544838.000000,0.008599
856,669,81,0.013296,0.012932,63829525.000000,543580.000000,0.008516
857,670,81,0.013259,0.012870,63867253.000000,540740.000000,0.008467
858,671,81,0.013404,0.013002,64051064.000000,541064.000000,0.008447
859,671,80,0.013320,0.012948,63991745.000000,541821.000000,0.008467
860,672,80,0.013441,0.013033,64091163.000000,547809.000000,0.008547
861,673,80,0.013254,0.012841,64082094.000000,542561.000000,0.008467
862,674,80,0.013725,0.013311,64694251.000000,553406.000000,0.008554
863,674,80,0.013408,0.013026,64175067.000000,545633.000000,0.008502
864,675,79,0.013357,0.012988,64132649.000000,543904.000000,0.008481
865,676,79,0.013492,0.013040,64322399.000000,551815.000000,0.008579
866,677,79,0.013463,0.013094,64531086.000000,549694.000000,0.008518
867,678,79,0.013528,0.013118,64698382.000000,550760.000000,0.008513
868,679,78,0.013674,0.013285,65645818.000000,553638.000000,0.008434
869,680,78,0.013869,0.013489,65580319.000000,557008.000000,0.008494
870,680,78,0.013485,0.013086,65529663.000000,556810.000000,0.008497
871,680,78,0.013551,0.013160,65638098.000000,553114.000000,0.008427
872,681,78,0.014142,0.013740,66280466.000000,558416.000000,0.008425
873,682,77,0.013922,0.013510,66205569.000000,559517.000000,0.008451
874,683,77,0.013848,0.013468,66511653.000000,565008.000000,0.008495
875,684,77,0.014091,0.013560,66830248.000000,577170.000000,0.008636
876,685,77,0.014275,0.013864,67224319.000000,577235.000000,0.008587
877,685,76,0.013800,0.013447,67085051.000000,560592.000000,0.008356
878,686,76,0.013798,0.013403,67236290.000000,561897.000000,0.008357
879,686,76,0.013908,0.013524,67613172.000000,565572.000000,0.008365
880,687,76,0.013960,0.013574,67840664.000000,566414.000000,0.008349
881,687,76,0.013955,0.013576,68030130.000000,567287.000000,0.008339
882,688,75,0.013903,0.013524,67737241.000000,569680.000000,0.008410
883,689,75,0.013926,0.013552,67801950.000000,567428.000000,0.008369
884,690,75,0.014650,0.014157,68144036.000000,577131.000000,0.008469
885,691,75,0.014205,0.013663,68075438.000000,572124.000000,0.008404
886,692,75,0.014634,0.014125,68373867.000000,577211.000000,0.008442
887,693,74,0.014298,0.013773,68420367.000000,576976.000000,0.008433
888,694,74,0.014424,0.013894,68519780.000000,579137.000000,0.008452
889,695,74,0.014488,0.013874,68695523.000000,582098.000000,0.008474
890,696,74,0.014663,0.013974,69179472.000000,585173.000000,0.008459
891,697,74,0.014597,0.014029,69271716.000000,582849.000000,0.008414
892,697,73,0.014633,0.014138,69466661.000000,584277.000000,0.008411
893,697,73,0.014456,0.013966,69325696.000000,582706.000000,0.008405
894,698,73,0.014613,0.014113,69419373.000000,584572.000000,0.008421
895,699,73,0.014480,0.013973,69434674.000000,583115.000000,0.008398
896,700,73,0.014518,0.014022,69581621.000000,586104.000000,0.008423
897,701,72,0.015440,0.014832,69877681.000000,598252.000000,0.008561
898,702,72,0.014673,0.014170,69813374.000000,588942.000000,0.008436
899,703,72,0.014671,0.014159,69932850.000000,589408.000000,0.008428
900,703,72,0.014792,0.014281,70370090.000000,589954.000000,0.008384
901,704,72,0.014915,0.014398,70612472.000000,593588.000000,0.008406
902,705,72,0.014817,0.014293,70807661.000000,594807.000000,0.008400
903,706,71,0.014904,0.014390,70993578.000000,594997.000000,0.008381
904,707,71,0.015158,0.014757,71525260.000000,602273.000000,0.008420
905,708,71,0.014816,0.014397,71591552.000000,602192.000000,0.008411
906,709,71,0.014783,0.014355,71790594.000000,598236.000000,0.008333
907,710,71,0.014828,0.014373,72021591.000000,604063.000000,0.008387
908,710,71,0.015001,0.014574,72287593.000000,600332.000000,0.008305
909,710,70,0.015543,0.015019,72346416.000000,602641.000000,0.008330
910,711,70,0.015273,0.014722,72518079.000000,608507.000000,0.008391
911,711,70,0.015282,0.014868,72763230.000000,602641.000000,0.008282
912,712,70,0.014957,0.014590,72529645.000000,598912.000000,0.008257
913,712,70,0.015005,0.014641,72532450.000000,599225.000000,0.008261
914,712,70,0.014988,0.014627,72506925.000000,599361.000000,0.008266
915,713,70,0.014987,0.014608,72617751.000000,601060.000000,0.008277
916,713,69,0.015037,0.014651,72833003.000000,600668.000000,0.008247
917,714,69,0.015502,0.015080,73212391.000000,615198.000000,0.008403
918,715,69,0.015560,0.015057,73167545.000000,607521.000000,0.008303
919,716,69,0.015253,0.014737,73191599.000000,606358.000000,0.008285
920,717,69,0.015245,0.014737,73293312.000000,604349.000000,0.008246
921,718,69,0.015323,0.014795,73422418.000000,605661.000000,0.008249
922,719,68,0.015397,0.014864,74061059.000000,610035.000000,0.008237
923,720,68,0.015338,0.014816,73850595.000000,610621.000000,0.008268
924,721,68,0.015707,0.015330,74532678.000000,618650.000000,0.008300
925,722,68,0.015307,0.014911,74514260.000000,613129.000000,0.008228
926,723,68,0.015564,0.015161,75226520.000000,623563.000000,0.008289
927,723,68,0.015396,0.015016,74923818.000000,619829.000000,0.008273
928,724,68,0.015442,0.015050,75155700.000000,618096.000000,0.008224
929,724,67,0.015438,0.015056,74950222.000000,617935.000000,0.008245
930,725,67,0.015745,0.015333,75578538.000000,626904.000000,0.008295
931,726,67,0.015849,0.015401,76230953.000000,630699.000000,0.008274
932,726,67,0.015940,0.015388,75860884.000000,625015.000000,0.008239
933,726,67,0.015841,0.015298,75875708.000000,622016.000000,0.008198
934,726,67,0.015746,0.015218,75939990.000000,622056.000000,0.008191
935,726,67,0.015810,0.015279,76175911.000000,626154.000000,0.008220
936,727,66,0.015800,0.015309,76252137.000000,625920.000000,0.008209
937,728,66,0.016405,0.015993,76643417.000000,634457.000000,0.008278
938,729,66,0.016009,0.015585,77220065.000000,636180.000000,0.008239
939,730,66,0.015986,0.015575,77398653.000000,635556.000000,0.008211
940,731,66,0.016090,0.015694,77518841.000000,636235.000000,0.008207
941,732,66,0.016094,0.015694,77622729.000000,636207.000000,0.008196
942,732,65,0.016250,0.015719,78010746.000000,649960.000000,0.008332
943,733,65,0.016261,0.015862,78144321.000000,641383.000000,0.008208
944,734,65,0.016120,0.015715,78238905.000000,637716.000000,0.008151
945,734,65,0.016165,0.015788,78305693.000000,639267.000000,0.008164
946,735,65,0.016273,0.015900,78357281.000000,642843.000000,0.008204
947,735,65,0.016206,0.015840,78304100.000000,640255.000000,0.008177
948,736,65,0.016169,0.015813,78305219.000000,639969.000000,0.008173
949,737,64,0.016427,0.016018,78572950.000000,646831.000000,0.008232
950,738,64,0.016308,0.015930,78585917.000000,645403.000000,0.008213
951,739,64,0.016339,0.015942,78704865.000000,645768.000000,0.008205
952,740,64,0.016304,0.015930,78789136.000000,644879.000000,0.008185
953,740,64,0.016335,0.015938,78902783.000000,641730.000000,0.008133
954,741,64,0.016354,0.015983,78994067.000000,643770.000000,0.008150
955,742,64,0.016635,0.016237,79263350.000000,648979.000000,0.008188
956,743,64,0.016505,0.016137,79287606.000000,646688.000000,0.008156
957,743,64,0.016316,0.015944,79172269.000000,647541.000000,0.008179
958,744,63,0.016478,0.016110,79245525.000000,647554.000000,0.008171
959,744,63,0.016445,0.016058,79248734.000000,649494.000000,0.008196
960,745,63,0.017205,0.016699,79217726.000000,648900.000000,0.008191
961,745,63,0.017527,0.017147,79358634.000000,656072.000000,0.008267
962,745,63,0.016393,0.016025,79196680.000000,643879.000000,0.008130
963,746,63,0.016432,0.016049,79346584.000000,646469.000000,0.008147
964,747,63,0.016463,0.016094,79456101.000000,648711.000000,0.008164
965,748,63,0.016596,0.016187,79666908.000000,649464.000000,0.008152
966,749,62,0.016593,0.016217,79940817.000000,654660.000000,0.008189
967,750,62,0.016827,0.016406,80207199.000000,658401.000000,0.008209
968,751,62,0.016839,0.016408,80396773.000000,657581.000000,0.008179
969,752,62,0.016784,0.016367,80563246.000000,658413.000000,0.008173
970,753,62,0.016802,0.016412,80843543.000000,661350.000000,0.008181
971,753,62,0.016788,0.016418,80819664.000000,661791.000000,0.008188
972,754,62,0.017548,0.017126,81548198.000000,668203.000000,0.008194
973,755,62,0.017154,0.016746,81566212.000000,667752.000000,0.008187
974,755,61,0.017058,0.016657,81505134.000000,669766.000000,0.008217
975,756,61,0.017150,0.016750,81747538.000000,671071.000000,0.008209
976,756,61,0.017109,0.016732,81999869.000000,672019.000000,0.008195
977,757,61,0.017101,0.016688,82064249.000000,669498.000000,0.008158
978,758,61,0.017130,0.016721,82325141.000000,673420.000000,0.008180
979,759,61,0.017499,0.017068,82731716.000000,680167.000000,0.008221
980,759,61,0.017389,0.017007,82935722.000000,678032.000000,0.008175
981,760,61,0.017216,0.016802,82927631.000000,675568.000000,0.008146
982,761,60,0.017178,0.016794,83018295.000000,676343.000000,0.008147
983,762,60,0.017299,0.016908,83191360.000000,676471.000000,0.008132
984,763,60,0.017284,0.016886,83576950.000000,679611.000000,0.008132
985,764,60,0.017752,0.017211,83395230.000000,678057.000000,0.008131
986,764,60,0.017368,0.016866,83566738.000000,679729.000000,0.008134
987,765,60,0.017369,0.016845,83675419.000000,681225.000000,0.008141
988,766,60,0.017436,0.016929,83832683.000000,681787.000000,0.008133
989,767,60,0.017441,0.016909,83950592.000000,682050.000000,0.008124
990,768,59,0.018252,0.017718,84504874.000000,689855.000000,0.008163
