frame,nb of entities,FPS,frame length,physics length,L1-dcache-loads,L1-dcache-load-misses,L1-dcache-load-miss-ratio
0,3,302,0.001811,0.000025,679646.000000,36628.000000,0.053893
1,4,302,0.003318,0.000028,759829.000000,38283.000000,0.050384
2,5,302,0.003322,0.000030,743550.000000,37912.000000,0.050988
3,6,302,0.003322,0.000030,731585.000000,37213.000000,0.050866
4,6,302,0.003325,0.000025,741603.000000,36902.000000,0.049760
5,7,302,0.003322,0.000026,715843.000000,34129.000000,0.047677
6,8,302,0.003325,0.000032,744637.000000,37568.000000,0.050451
7,9,302,0.003323,0.000032,736040.000000,37471.000000,0.050909
8,10,302,0.003325,0.000042,742331.000000,38542.000000,0.051920
9,10,302,0.003320,0.000029,732335.000000,37150.000000,0.050728
10,11,302,0.003326,0.000034,710710.000000,33689.000000,0.047402
11,12,302,0.003322,0.000036,763982.000000,38671.000000,0.050618
12,13,302,0.003327,0.000040,754054.000000,38039.000000,0.050446
13,14,302,0.003322,0.000038,763444.000000,38209.000000,0.050048
14,15,302,0.003325,0.000045,795369.000000,39435.000000,0.049581
15,16,302,0.003324,0.000048,756445.000000,36913.000000,0.048798
16,17,302,0.003323,0.000044,774856.000000,39121.000000,0.050488
17,18,302,0.003320,0.000071,816299.000000,43298.000000,0.053042
18,19,302,0.003318,0.000057,814012.000000,43290.000000,0.053181
19,20,302,0.003322,0.000060,824932.000000,43480.000000,0.052707
20,21,302,0.003320,0.000059,788882.000000,38654.000000,0.048998
21,22,302,0.003326,0.000062,835952.000000,43438.000000,0.051962
22,23,302,0.003319,0.000063,831940.000000,43371.000000,0.052132
23,24,302,0.003323,0.000068,844800.000000,44202.000000,0.052322
24,25,302,0.003318,0.000064,841560.000000,43403.000000,0.051574
25,26,302,0.003325,0.000070,814791.000000,40641.000000,0.049879
26,27,302,0.003320,0.000070,853072.000000,44408.000000,0.052057
27,28,302,0.003324,0.000071,855596.000000,44201.000000,0.051661
28,29,302,0.003320,0.000070,861746.000000,44849.000000,0.052044
29,30,302,0.003324,0.000077,887736.000000,46140.000000,0.051975
30,31,302,0.003319,0.000076,838453.000000,39826.000000,0.047499
31,31,302,0.003327,0.000048,842421.000000,39354.000000,0.046715
32,32,302,0.003316,0.000067,866139.000000,39633.000000,0.045758
33,33,302,0.003323,0.000066,859422.000000,38943.000000,0.045313
34,34,302,0.003322,0.000067,860000.000000,39293.000000,0.045690
35,35,302,0.003327,0.000090,882597.000000,37675.000000,0.042687
36,36,302,0.003320,0.000094,906189.000000,49732.000000,0.054880
37,37,302,0.003322,0.000096,930712.000000,47805.000000,0.051364
38,37,302,0.003316,0.000090,914567.000000,46457.000000,0.050797
39,37,302,0.003329,0.000053,877839.000000,39608.000000,0.045120
40,37,302,0.003322,0.000066,828304.000000,35681.000000,0.043077
41,38,302,0.003325,0.000074,881058.000000,40665.000000,0.046155
42,38,303,0.003318,0.000069,888796.000000,39776.000000,0.044753
43,39,303,0.003320,0.000073,879605.000000,39440.000000,0.044838
44,40,303,0.003323,0.000073,888137.000000,39886.000000,0.044910
45,41,303,0.003327,0.000074,863215.000000,36507.000000,0.042292
46,41,303,0.003327,0.000075,884107.000000,41071.000000,0.046455
47,42,303,0.003320,0.000075,882104.000000,39978.000000,0.045321
48,43,303,0.003323,0.000075,902167.000000,40601.000000,0.045004
49,44,303,0.003320,0.000078,890911.000000,39567.000000,0.044412
50,45,303,0.003326,0.000078,867487.000000,36173.000000,0.041699
51,46,303,0.003324,0.000077,888822.000000,39502.000000,0.044443
52,46,303,0.003329,0.000073,879213.000000,39576.000000,0.045013
53,47,303,0.003316,0.000069,950696.000000,42127.000000,0.044312
54,48,303,0.003323,0.000081,924391.000000,40529.000000,0.043844
55,49,303,0.003320,0.000100,922402.000000,38793.000000,0.042057
56,50,303,0.003322,0.000091,966320.000000,41440.000000,0.042884
57,51,303,0.003324,0.000078,954468.000000,40946.000000,0.042899
58,52,303,0.003325,0.000094,956234.000000,41648.000000,0.043554
59,53,303,0.003320,0.000089,945810.000000,40920.000000,0.043265
60,53,300,0.003330,0.000083,898900.000000,36125.000000,0.040188
61,54,300,0.003318,0.000159,964087.000000,49749.000000,0.051602
62,54,300,0.003322,0.000085,963024.000000,40541.000000,0.042098
63,55,300,0.003322,0.000072,952650.000000,40123.000000,0.042117
64,55,300,0.003327,0.000075,924752.000000,39649.000000,0.042875
65,56,300,0.003319,0.000096,952479.000000,38883.000000,0.040823
66,57,300,0.003327,0.000086,976736.000000,41779.000000,0.042774
67,58,300,0.003319,0.000094,980688.000000,42405.000000,0.043240
68,58,300,0.003321,0.000080,968178.000000,41570.000000,0.042936
69,59,300,0.003325,0.000092,992092.000000,42251.000000,0.042588
70,60,300,0.003324,0.000084,943965.000000,37851.000000,0.040098
71,61,300,0.003326,0.000088,973940.000000,41592.000000,0.042705
72,61,300,0.003319,0.000091,958452.000000,40824.000000,0.042594
73,62,300,0.003328,0.000088,985971.000000,41402.000000,0.041991
74,63,300,0.003319,0.000088,992236.000000,41623.000000,0.041949
75,64,300,0.003326,0.000091,958472.000000,37593.000000,0.039222
76,65,300,0.003323,0.000091,992109.000000,41789.000000,0.042121
77,65,300,0.003324,0.000098,1028137.000000,43680.000000,0.042485
78,66,300,0.003322,0.000099,1022428.000000,42594.000000,0.041660
79,67,300,0.003326,0.000098,1006358.000000,42254.000000,0.041987
80,68,300,0.003322,0.000094,979529.000000,38361.000000,0.039163
81,69,300,0.003327,0.000098,1012360.000000,41693.000000,0.041184
82,70,300,0.003321,0.000098,1013174.000000,41576.000000,0.041035
83,70,300,0.003322,0.000105,1023102.000000,43618.000000,0.042633
84,71,300,0.003318,0.000109,1033383.000000,41853.000000,0.040501
85,72,300,0.003324,0.000112,1063792.000000,41067.000000,0.038604
86,72,300,0.003325,0.000091,1038070.000000,43051.000000,0.041472
87,73,300,0.003323,0.000118,1042897.000000,42763.000000,0.041004
88,74,300,0.003322,0.000091,1049901.000000,42242.000000,0.040234
89,75,300,0.003325,0.000106,1062880.000000,43793.000000,0.041202
90,76,300,0.003320,0.000108,1043780.000000,39009.000000,0.037373
91,77,300,0.003325,0.000110,1073204.000000,42912.000000,0.039985
92,78,300,0.003321,0.000110,1081834.000000,43716.000000,0.040409
93,79,300,0.003326,0.000135,1093685.000000,43837.000000,0.040082
94,80,300,0.003317,0.000124,1139062.000000,45286.000000,0.039757
95,81,300,0.003321,0.000123,1111111.000000,40676.000000,0.036608
96,81,300,0.003322,0.000116,1124706.000000,42722.000000,0.037985
97,82,300,0.003325,0.000121,1129739.000000,43799.000000,0.038769
98,83,300,0.003329,0.000120,1129406.000000,43703.000000,0.038696
99,84,300,0.003321,0.000124,1134923.000000,43412.000000,0.038251
100,85,300,0.003327,0.000124,1109996.000000,40780.000000,0.036739
101,86,300,0.003326,0.000133,1160867.000000,45284.000000,0.039009
102,86,300,0.003320,0.000138,1170764.000000,44172.000000,0.037729
103,87,300,0.003323,0.000126,1165453.000000,44806.000000,0.038445
104,88,300,0.003326,0.000129,1187424.000000,45068.000000,0.037954
105,89,300,0.003321,0.000137,1155715.000000,40654.000000,0.035176
106,90,300,0.003325,0.000138,1205268.000000,45644.000000,0.037870
107,91,300,0.003352,0.000148,1168480.000000,47027.000000,0.040246
108,92,300,0.003344,0.000156,1164907.000000,47070.000000,0.040407
109,93,300,0.003347,0.000178,1206428.000000,48056.000000,0.039833
110,94,300,0.003343,0.000207,1170429.000000,42799.000000,0.036567
111,95,300,0.003343,0.000155,1219531.000000,47115.000000,0.038634
112,95,300,0.003549,0.000171,1218258.000000,47951.000000,0.039360
113,96,300,0.003343,0.000157,1218974.000000,47817.000000,0.039227
114,97,300,0.003361,0.000163,1245569.000000,48253.000000,0.038740
115,98,300,0.003345,0.000190,1200158.000000,43049.000000,0.035869
116,99,300,0.003345,0.000171,1244634.000000,46757.000000,0.037567
117,99,300,0.003329,0.000210,1307920.000000,48987.000000,0.037454
118,99,300,0.003344,0.000190,1330973.000000,48174.000000,0.036195
119,100,300,0.003343,0.000204,1344644.000000,48964.000000,0.036414
120,100,300,0.003326,0.000204,1328187.000000,45264.000000,0.034080
121,100,300,0.003333,0.000194,1326218.000000,47605.000000,0.035895
122,101,300,0.003341,0.000196,1376435.000000,48694.000000,0.035377
123,102,300,0.003323,0.000353,1514655.000000,50369.000000,0.033254
124,103,300,0.003323,0.000211,1544722.000000,49335.000000,0.031938
125,104,300,0.003327,0.000245,1516136.000000,47132.000000,0.031087
126,105,300,0.003356,0.000348,1482062.000000,52088.000000,0.035146
127,105,300,0.003351,0.000234,1525462.000000,52383.000000,0.034339
128,105,299,0.003345,0.000235,1446376.000000,50263.000000,0.034751
129,106,299,0.003350,0.000222,1449684.000000,50426.000000,0.034784
130,107,299,0.003345,0.000230,1430710.000000,47616.000000,0.033281
131,107,299,0.003349,0.000225,1468130.000000,50141.000000,0.034153
132,108,299,0.003323,0.000366,1706797.000000,66185.000000,0.038777
133,108,299,0.003326,0.000255,1691014.000000,52376.000000,0.030973
134,108,299,0.003317,0.000253,1615856.000000,50886.000000,0.031492
135,109,299,0.003325,0.000293,1622443.000000,48385.000000,0.029822
136,109,299,0.003322,0.000274,1644686.000000,51263.000000,0.031169
137,109,299,0.003330,0.000292,1654219.000000,52604.000000,0.031800
138,109,299,0.003316,0.000250,1676067.000000,51984.000000,0.031015
139,110,299,0.003325,0.000254,1682521.000000,52133.000000,0.030985
140,111,299,0.003324,0.000227,1652802.000000,48588.000000,0.029397
141,112,299,0.003322,0.000318,1737258.000000,56606.000000,0.032584
142,113,299,0.003327,0.000225,1709305.000000,52795.000000,0.030887
143,114,299,0.003322,0.000316,1755355.000000,54895.000000,0.031273
144,115,299,0.003319,0.000302,1752357.000000,53321.000000,0.030428
145,116,299,0.003327,0.000283,1777101.000000,50328.000000,0.028320
146,116,299,0.003320,0.000291,1843552.000000,52544.000000,0.028502
147,117,299,0.003332,0.000304,1896330.000000,55371.000000,0.029199
148,118,299,0.003317,0.000282,1810830.000000,52468.000000,0.028975
149,118,299,0.003325,0.000300,1802031.000000,53043.000000,0.029435
150,119,299,0.003324,0.000316,1826182.000000,51280.000000,0.028080
151,120,299,0.003323,0.000299,1897661.000000,52469.000000,0.027649
152,121,299,0.003323,0.000319,1928139.000000,54737.000000,0.028389
153,122,299,0.003325,0.000361,1998630.000000,54205.000000,0.027121
154,123,299,0.003325,0.000332,2020780.000000,54746.000000,0.027092
155,124,299,0.003319,0.000344,1996481.000000,51602.000000,0.025846
156,124,299,0.003326,0.000328,2011582.000000,54142.000000,0.026915
157,125,299,0.003323,0.000331,2004900.000000,54059.000000,0.026963
158,125,299,0.003330,0.000336,1984109.000000,54426.000000,0.027431
159,126,299,0.003317,0.000336,2041787.000000,54686.000000,0.026783
160,127,299,0.003328,0.000337,2046665.000000,51329.000000,0.025079
161,128,299,0.003321,0.000370,2148602.000000,56443.000000,0.026270
162,129,299,0.003326,0.000349,2103372.000000,55335.000000,0.026308
163,130,299,0.003319,0.000426,2170827.000000,58143.000000,0.026784
164,131,299,0.003325,0.000393,2162611.000000,57862.000000,0.026756
165,132,299,0.003320,0.000378,2126350.000000,51690.000000,0.024309
166,133,299,0.003330,0.000375,2171359.000000,55685.000000,0.025645
167,133,299,0.003317,0.000422,2189651.000000,56080.000000,0.025611
168,134,299,0.003328,0.000377,2229333.000000,56621.000000,0.025398
169,135,299,0.003320,0.000465,2320085.000000,59724.000000,0.025742
170,135,300,0.003328,0.000411,2301600.000000,53886.000000,0.023412
171,136,300,0.003322,0.000409,2370175.000000,60222.000000,0.025408
172,137,300,0.003328,0.000436,2365704.000000,60750.000000,0.025679
173,137,300,0.003320,0.000375,2360049.000000,58362.000000,0.024729
174,138,300,0.003321,0.000455,2387399.000000,59752.000000,0.025028
175,139,300,0.003324,0.000451,2381232.000000,56065.000000,0.023545
176,140,300,0.003324,0.000430,2433028.000000,59004.000000,0.024251
177,140,300,0.003326,0.000459,2463921.000000,61088.000000,0.024793
178,141,300,0.003322,0.000466,2484296.000000,62465.000000,0.025144
179,142,300,0.003328,0.000461,2538298.000000,60450.000000,0.023815
180,142,300,0.003321,0.000431,2500703.000000,55791.000000,0.022310
181,143,300,0.003327,0.000551,2563234.000000,62259.000000,0.024289
182,144,300,0.003323,0.000471,2572511.000000,60930.000000,0.023685
183,144,300,0.003326,0.000444,2600024.000000,60116.000000,0.023121
184,145,300,0.003319,0.000500,2627211.000000,63115.000000,0.024024
185,146,300,0.003328,0.000497,2648840.000000,58329.000000,0.022021
186,147,300,0.003320,0.000485,2706554.000000,62369.000000,0.023044
187,148,300,0.003327,0.000603,2754268.000000,65249.000000,0.023690
188,149,300,0.003321,0.000584,2817558.000000,64369.000000,0.022846
189,150,300,0.003326,0.000534,2922080.000000,65583.000000,0.022444
190,151,300,0.003319,0.000613,2833092.000000,61036.000000,0.021544
191,152,300,0.003328,0.000550,2909430.000000,65111.000000,0.022379
192,153,300,0.003321,0.000549,3000559.000000,65066.000000,0.021685
193,154,300,0.003327,0.000614,3022877.000000,68380.000000,0.022621
194,155,300,0.003319,0.000635,3030218.000000,65736.000000,0.021693
195,155,300,0.003327,0.000550,3059838.000000,61543.000000,0.020113
196,156,300,0.003321,0.000686,3111386.000000,67883.000000,0.021818
197,156,300,0.003334,0.000600,3121899.000000,66076.000000,0.021165
198,156,300,0.003308,0.000559,3119339.000000,65569.000000,0.021020
199,157,300,0.003324,0.000639,3180483.000000,68737.000000,0.021612
200,158,300,0.003326,0.000655,3232391.000000,65427.000000,0.020241
201,159,300,0.003321,0.000645,3347949.000000,69473.000000,0.020751
202,160,300,0.003331,0.000673,3337719.000000,69838.000000,0.020924
203,161,300,0.003325,0.000621,3488263.000000,69630.000000,0.019961
204,161,300,0.003315,0.000630,3440074.000000,67022.000000,0.019483
205,162,300,0.003322,0.000704,3464682.000000,66256.000000,0.019123
206,163,300,0.003327,0.000688,3532762.000000,68909.000000,0.019506
207,164,300,0.003314,0.000653,3573243.000000,67867.000000,0.018993
208,165,300,0.003326,0.000735,3649519.000000,71347.000000,0.019550
209,166,300,0.003322,0.000762,3685331.000000,71653.000000,0.019443
210,167,300,0.003320,0.000683,3637349.000000,65812.000000,0.018093
211,168,300,0.003320,0.000779,3733063.000000,71819.000000,0.019239
212,169,300,0.003326,0.000746,3773952.000000,72169.000000,0.019123
213,170,300,0.003309,0.000751,3919919.000000,71667.000000,0.018283
214,171,300,0.003328,0.000787,3801553.000000,72370.000000,0.019037
215,172,300,0.003320,0.000821,3849008.000000,67539.000000,0.017547
216,173,300,0.003330,0.000742,3925724.000000,72983.000000,0.018591
217,174,300,0.003319,0.000917,3984475.000000,72460.000000,0.018186
218,175,300,0.003327,0.000814,4003457.000000,74980.000000,0.018729
219,176,300,0.003312,0.000797,4029640.000000,73553.000000,0.018253
220,177,300,0.003328,0.000837,4014284.000000,71622.000000,0.017842
221,177,300,0.003320,0.000870,4053545.000000,73634.000000,0.018165
222,178,300,0.003325,0.000772,4120992.000000,75471.000000,0.018314
223,179,300,0.003313,0.000970,4271866.000000,77438.000000,0.018127
224,180,300,0.003325,0.000863,4267485.000000,76476.000000,0.017921
225,180,300,0.003319,0.000843,4262152.000000,71621.000000,0.016804
226,181,300,0.003324,0.000901,4378044.000000,77949.000000,0.017805
227,182,300,0.003326,0.000915,4463111.000000,80811.000000,0.018106
228,183,300,0.003313,0.000832,4394589.000000,76699.000000,0.017453
229,184,300,0.003323,0.000967,4447322.000000,79930.000000,0.017973
230,185,300,0.003326,0.000899,4408373.000000,73353.000000,0.016639
231,186,300,0.003316,0.000917,4508073.000000,79565.000000,0.017649
232,187,300,0.003325,0.001029,4509454.000000,79127.000000,0.017547
233,187,300,0.003329,0.000826,4582955.000000,79033.000000,0.017245
234,188,300,0.003311,0.000948,4602851.000000,80581.000000,0.017507
235,189,300,0.003325,0.000915,4621491.000000,77625.000000,0.016797
236,190,300,0.003321,0.000937,4672842.000000,79631.000000,0.017041
237,191,300,0.003319,0.000974,4903041.000000,84991.000000,0.017334
238,192,300,0.003317,0.000894,4692293.000000,81254.000000,0.017316
239,193,300,0.003326,0.000960,4691324.000000,79635.000000,0.016975
240,193,301,0.003318,0.001010,4638479.000000,76035.000000,0.016392
241,194,301,0.003324,0.000922,4779310.000000,82169.000000,0.017193
242,195,301,0.003323,0.001052,4831217.000000,81912.000000,0.016955
243,196,301,0.003320,0.000959,4805805.000000,82962.000000,0.017263
244,197,301,0.003320,0.000933,4852336.000000,82887.000000,0.017082
245,198,301,0.003328,0.001015,4906538.000000,79336.000000,0.016169
246,199,301,0.003315,0.000954,4882791.000000,82809.000000,0.016959
247,200,301,0.003328,0.000949,4936333.000000,83997.000000,0.017016
248,201,301,0.003320,0.001085,4971888.000000,83380.000000,0.016770
249,202,301,0.003319,0.000994,5074265.000000,84063.000000,0.016567
250,202,301,0.003324,0.000987,4957919.000000,80007.000000,0.016137
251,203,301,0.003326,0.001024,5014567.000000,82383.000000,0.016429
252,204,301,0.003318,0.001066,5053636.000000,85441.000000,0.016907
253,205,301,0.003322,0.001003,5148834.000000,85636.000000,0.016632
254,205,301,0.003324,0.001081,5189161.000000,85897.000000,0.016553
255,206,301,0.003319,0.001048,5251861.000000,84034.000000,0.016001
256,207,301,0.003327,0.001021,5228416.000000,86706.000000,0.016584
257,208,301,0.003323,0.001080,5281251.000000,86228.000000,0.016327
258,208,301,0.003315,0.001083,5274319.000000,88468.000000,0.016773
259,209,301,0.003324,0.001018,5309431.000000,87956.000000,0.016566
260,209,301,0.003325,0.001104,5299833.000000,84024.000000,0.015854
261,210,301,0.003316,0.001077,5362072.000000,86947.000000,0.016215
262,210,301,0.003327,0.001121,5424506.000000,90041.000000,0.016599
263,211,300,0.003388,0.001143,5463793.000000,92220.000000,0.016878
264,211,300,0.003388,0.001111,5437125.000000,88379.000000,0.016255
265,212,300,0.003388,0.001037,5515452.000000,86326.000000,0.015652
266,213,300,0.003398,0.001145,5481642.000000,90232.000000,0.016461
267,214,300,0.003381,0.001196,5644932.000000,92472.000000,0.016381
268,214,300,0.003407,0.001280,5593657.000000,90930.000000,0.016256
269,214,300,0.003384,0.001173,5597513.000000,87404.000000,0.015615
270,215,300,0.003393,0.001115,5563221.000000,91046.000000,0.016366
271,216,300,0.003400,0.001215,5575727.000000,90198.000000,0.016177
272,217,300,0.003390,0.001144,5654594.000000,91010.000000,0.016095
273,218,299,0.003399,0.001356,5911363.000000,95518.000000,0.016158
274,219,299,0.003393,0.001230,5611361.000000,85711.000000,0.015275
275,219,299,0.003385,0.001130,5723151.000000,91914.000000,0.016060
276,220,299,0.003409,0.001257,5802824.000000,94307.000000,0.016252
277,220,299,0.003390,0.001191,5886092.000000,91235.000000,0.015500
278,221,299,0.003412,0.001286,6000210.000000,95126.000000,0.015854
279,222,299,0.003396,0.001338,6197004.000000,94140.000000,0.015191
280,223,299,0.003397,0.001145,6165502.000000,96954.000000,0.015725
281,224,298,0.003398,0.001355,6277058.000000,97259.000000,0.015494
282,224,298,0.003391,0.001188,6325306.000000,97378.000000,0.015395
283,225,298,0.003370,0.001203,6399449.000000,99286.000000,0.015515
284,226,298,0.003424,0.001291,6433437.000000,94984.000000,0.014764
285,227,298,0.003397,0.001217,6405669.000000,99240.000000,0.015493
286,228,298,0.003403,0.001344,6485557.000000,103540.000000,0.015965
287,228,298,0.003399,0.001266,6622238.000000,101962.000000,0.015397
288,229,298,0.003414,0.001403,6719060.000000,103189.000000,0.015358
289,230,298,0.003409,0.001406,6913462.000000,118970.000000,0.017208
290,231,297,0.003405,0.001242,6655281.000000,100678.000000,0.015128
291,232,297,0.003401,0.001294,6765308.000000,102222.000000,0.015110
292,233,297,0.003324,0.001628,6879158.000000,109860.000000,0.015970
293,234,297,0.003326,0.001664,7052924.000000,113893.000000,0.016148
294,235,297,0.003322,0.001571,6991354.000000,116072.000000,0.016602
295,236,297,0.003323,0.001567,7235813.000000,115682.000000,0.015987
296,237,297,0.003327,0.001439,7017277.000000,103816.000000,0.014794
297,238,297,0.003328,0.001874,7413817.000000,132428.000000,0.017862
298,238,297,0.003325,0.001393,7273179.000000,110167.000000,0.015147
299,239,297,0.003326,0.001701,7227259.000000,122514.000000,0.016952
300,239,297,0.003323,0.001606,7257174.000000,121785.000000,0.016781
301,240,297,0.003327,0.001448,7302832.000000,117665.000000,0.016112
302,240,297,0.003324,0.001495,7323642.000000,106714.000000,0.014571
303,241,297,0.003328,0.001703,7506332.000000,127657.000000,0.017007
304,242,297,0.003433,0.001701,7313314.000000,106394.000000,0.014548
305,243,297,0.003401,0.001572,7499319.000000,111071.000000,0.014811
306,244,297,0.003409,0.001414,7423695.000000,112191.000000,0.015113
307,245,297,0.003384,0.001482,7486834.000000,112208.000000,0.014987
308,246,297,0.003412,0.001606,7536770.000000,111732.000000,0.014825
309,246,296,0.003406,0.001501,7553594.000000,109013.000000,0.014432
310,247,296,0.003414,0.001648,7618474.000000,110508.000000,0.014505
311,248,296,0.003416,0.001534,7737014.000000,113531.000000,0.014674
312,249,296,0.003417,0.001584,7845666.000000,115943.000000,0.014778
313,250,296,0.003414,0.001593,7729614.000000,112379.000000,0.014539
314,251,296,0.003406,0.001505,7800738.000000,109327.000000,0.014015
315,252,296,0.003423,0.001725,7948203.000000,115601.000000,0.014544
316,253,296,0.003409,0.001520,7979640.000000,114518.000000,0.014351
317,254,295,0.003424,0.001744,8063514.000000,116888.000000,0.014496
318,255,295,0.003410,0.001557,8074037.000000,117208.000000,0.014517
319,256,295,0.003417,0.001617,8111146.000000,114839.000000,0.014158
320,257,295,0.003413,0.001615,8165834.000000,117292.000000,0.014364
321,258,295,0.003331,0.001630,8227032.000000,119160.000000,0.014484
322,259,295,0.003317,0.001668,8328685.000000,121149.000000,0.014546
323,260,295,0.003323,0.001719,8354778.000000,118679.000000,0.014205
324,261,295,0.003320,0.001626,8392337.000000,116045.000000,0.013827
325,261,295,0.003328,0.001802,8751570.000000,122538.000000,0.014002
326,262,295,0.003323,0.001764,8555715.000000,119848.000000,0.014008
327,263,295,0.003325,0.001688,8641794.000000,120814.000000,0.013980
328,264,296,0.003328,0.001799,8707456.000000,122069.000000,0.014019
329,264,296,0.003324,0.001807,8830240.000000,118213.000000,0.013387
330,265,296,0.003325,0.001754,8967586.000000,123682.000000,0.013792
331,266,296,0.003332,0.001893,9098452.000000,124561.000000,0.013690
332,266,296,0.003324,0.001778,9035483.000000,124733.000000,0.013805
333,267,296,0.003326,0.001763,9032019.000000,122761.000000,0.013592
334,268,296,0.003333,0.001870,9028409.000000,120870.000000,0.013388
335,269,296,0.003325,0.001870,9099755.000000,124958.000000,0.013732
336,269,296,0.003325,0.001794,9186364.000000,127084.000000,0.013834
337,270,296,0.003336,0.001897,9305604.000000,125620.000000,0.013499
338,271,297,0.003329,0.001935,9383415.000000,127754.000000,0.013615
339,272,297,0.003340,0.001861,9511733.000000,125260.000000,0.013169
340,273,297,0.003319,0.001872,9616853.000000,128378.000000,0.013349
341,274,297,0.003336,0.001889,9742084.000000,128702.000000,0.013211
342,275,297,0.003333,0.001921,9808111.000000,129597.000000,0.013213
343,275,297,0.003336,0.002094,9804612.000000,127940.000000,0.013049
344,275,297,0.003334,0.001915,9786912.000000,126418.000000,0.012917
345,276,297,0.003323,0.001913,9920701.000000,128082.000000,0.012911
346,276,297,0.003345,0.002123,9972146.000000,128420.000000,0.012878
347,277,297,0.003333,0.001986,10095981.000000,133386.000000,0.013212
348,278,298,0.003338,0.001952,9951928.000000,128758.000000,0.012938
349,279,298,0.003336,0.002062,10203078.000000,140361.000000,0.013757
350,279,298,0.003337,0.002028,10240254.000000,134269.000000,0.013112
351,279,298,0.003342,0.002008,10289563.000000,135042.000000,0.013124
352,280,298,0.003334,0.002026,10355887.000000,134725.000000,0.013010
353,280,298,0.003336,0.002052,10355543.000000,132961.000000,0.012840
354,280,298,0.003338,0.002025,10422580.000000,133352.000000,0.012795
355,280,298,0.003347,0.002240,10480413.000000,136614.000000,0.013035
356,280,298,0.003341,0.002050,10514667.000000,136980.000000,0.013028
357,281,298,0.003334,0.002078,10553414.000000,135340.000000,0.012824
358,282,298,0.003342,0.002159,10520223.000000,132524.000000,0.012597
359,283,298,0.003345,0.002107,10648407.000000,138110.000000,0.012970
360,284,298,0.003338,0.002065,10675956.000000,137733.000000,0.012901
361,285,298,0.003347,0.002227,10768974.000000,137393.000000,0.012758
362,286,298,0.003343,0.002118,10794754.000000,138541.000000,0.012834
363,287,298,0.003341,0.002127,10805244.000000,135505.000000,0.012541
364,287,298,0.003340,0.002101,10811641.000000,137301.000000,0.012699
365,287,298,0.003348,0.002132,10832054.000000,138852.000000,0.012819
366,287,298,0.003338,0.002101,10809862.000000,135959.000000,0.012577
367,288,298,0.003341,0.002133,10832130.000000,139940.000000,0.012919
368,289,298,0.003326,0.002119,10884386.000000,135301.000000,0.012431
369,290,298,0.003344,0.002157,11078795.000000,142262.000000,0.012841
370,291,298,0.003343,0.002136,10971376.000000,140271.000000,0.012785
371,292,298,0.003349,0.002185,11155734.000000,141741.000000,0.012706
372,293,298,0.003340,0.002163,11067934.000000,143361.000000,0.012953
373,294,299,0.003348,0.002194,11137194.000000,138614.000000,0.012446
374,295,299,0.003343,0.002186,11191884.000000,143673.000000,0.012837
375,296,299,0.003349,0.002208,11252065.000000,141783.000000,0.012601
376,297,299,0.003437,0.002187,11278800.000000,144111.000000,0.012777
377,298,299,0.003379,0.002316,11450075.000000,148176.000000,0.012941
378,299,299,0.003349,0.002433,11445928.000000,141743.000000,0.012384
379,300,299,0.003351,0.002258,11624474.000000,147093.000000,0.012654
380,301,299,0.003347,0.002252,11622007.000000,145598.000000,0.012528
381,302,299,0.003372,0.002468,11798321.000000,158084.000000,0.013399
382,303,299,0.003356,0.002445,11883385.000000,151351.000000,0.012736
383,304,299,0.003359,0.002352,11926938.000000,145846.000000,0.012228
384,305,299,0.003356,0.002422,12235876.000000,152744.000000,0.012483
385,306,299,0.003356,0.002361,12075783.000000,149405.000000,0.012372
386,307,299,0.003365,0.002479,12295636.000000,159269.000000,0.012953
387,308,299,0.003365,0.002425,12267397.000000,156641.000000,0.012769
388,308,299,0.003356,0.002447,12226998.000000,151643.000000,0.012402
389,309,299,0.003362,0.002508,12292749.000000,162328.000000,0.013205
390,310,299,0.003359,0.002442,12343837.000000,156990.000000,0.012718
391,311,298,0.003363,0.002425,12463538.000000,156171.000000,0.012530
392,312,298,0.003362,0.002562,12499193.000000,162436.000000,0.012996
393,313,298,0.003361,0.002493,12726916.000000,155508.000000,0.012219
394,314,298,0.003361,0.002502,12663481.000000,158889.000000,0.012547
395,315,298,0.003370,0.002625,12811755.000000,169009.000000,0.013192
396,316,298,0.003363,0.002536,12862987.000000,160894.000000,0.012508
397,317,298,0.003366,0.002576,13201592.000000,165483.000000,0.012535
398,318,298,0.003368,0.002619,13002243.000000,162047.000000,0.012463
399,318,298,0.003363,0.002540,13100174.000000,161568.000000,0.012333
400,319,298,0.003369,0.002649,13224438.000000,166969.000000,0.012626
401,320,298,0.003370,0.002642,13287823.000000,165915.000000,0.012486
402,320,298,0.003368,0.002669,13348388.000000,165946.000000,0.012432
403,321,298,0.003367,0.002613,13312763.000000,162185.000000,0.012183
404,322,298,0.003374,0.002730,13560420.000000,169701.000000,0.012514
405,323,298,0.003372,0.002712,13632132.000000,170717.000000,0.012523
406,324,298,0.003376,0.002777,13758197.000000,175498.000000,0.012756
407,325,298,0.003374,0.002766,13919427.000000,171270.000000,0.012304
408,326,298,0.003379,0.002845,14142022.000000,173076.000000,0.012238
409,327,297,0.003376,0.002768,14108863.000000,172202.000000,0.012205
410,328,297,0.003376,0.002822,13990932.000000,175914.000000,0.012573
411,329,297,0.003429,0.003086,14109021.000000,176725.000000,0.012526
412,329,297,0.003381,0.002744,14133800.000000,171338.000000,0.012123
413,330,297,0.003375,0.002813,14377794.000000,171670.000000,0.011940
414,330,297,0.003380,0.002742,14039980.000000,170338.000000,0.012132
415,331,297,0.003650,0.002929,14226091.000000,172911.000000,0.012154
416,332,297,0.003278,0.002888,14577630.000000,176010.000000,0.012074
417,333,297,0.003386,0.002915,14581445.000000,177490.000000,0.012172
418,333,297,0.003380,0.002914,14524249.000000,172888.000000,0.011903
419,333,297,0.003375,0.002840,14514401.000000,175384.000000,0.012083
420,334,297,0.003385,0.002922,14556535.000000,178933.000000,0.012292
421,335,296,0.003379,0.002890,14661055.000000,179144.000000,0.012219
422,336,296,0.003381,0.002903,14732446.000000,178627.000000,0.012125
423,337,296,0.003352,0.002991,14741426.000000,177484.000000,0.012040
424,338,296,0.003387,0.002929,14827839.000000,177656.000000,0.011981
425,338,296,0.003389,0.002989,14945116.000000,180357.000000,0.012068
426,338,296,0.003319,0.002960,15014304.000000,179981.000000,0.011987
427,339,296,0.003437,0.003087,15275132.000000,185244.000000,0.012127
428,339,296,0.003354,0.003007,15003129.000000,177138.000000,0.011807
429,339,296,0.003356,0.003005,15098505.000000,181605.000000,0.012028
430,340,296,0.003376,0.003019,15196337.000000,183285.000000,0.012061
431,340,295,0.003786,0.003389,15582358.000000,204463.000000,0.013121
432,341,294,0.004347,0.003995,15821746.000000,211483.000000,0.013367
433,342,292,0.004445,0.004020,16016386.000000,215205.000000,0.013437
434,342,292,0.003549,0.003138,15551343.000000,187153.000000,0.012035
435,343,292,0.003389,0.003066,15338658.000000,183207.000000,0.011944
436,343,292,0.003385,0.003064,15321532.000000,184316.000000,0.012030
437,344,292,0.003395,0.003049,15379769.000000,181107.000000,0.011776
438,344,292,0.003535,0.003187,15842454.000000,188694.000000,0.011911
439,345,292,0.003557,0.003072,15581609.000000,184941.000000,0.011869
440,346,291,0.004010,0.003118,15697156.000000,188444.000000,0.012005
441,347,290,0.003794,0.003184,15717019.000000,183326.000000,0.011664
442,347,289,0.003751,0.003108,15795084.000000,189582.000000,0.012003
443,348,289,0.003833,0.003215,15956555.000000,190115.000000,0.011915
444,349,288,0.003774,0.003152,15923522.000000,188035.000000,0.011809
445,350,288,0.003839,0.003210,16053678.000000,191456.000000,0.011926
446,351,287,0.003849,0.003218,16143726.000000,189736.000000,0.011753
447,352,286,0.003857,0.003223,16191049.000000,194340.000000,0.012003
448,353,285,0.003897,0.003218,16362473.000000,193712.000000,0.011839
449,354,285,0.003915,0.003280,16397352.000000,196161.000000,0.011963
450,355,284,0.003898,0.003251,16492659.000000,190962.000000,0.011579
451,356,283,0.003960,0.003342,16652295.000000,199104.000000,0.011957
452,357,282,0.003950,0.003328,16641878.000000,197352.000000,0.011859
453,358,282,0.003972,0.003333,16788765.000000,198326.000000,0.011813
454,359,281,0.003983,0.003368,16832483.000000,192955.000000,0.011463
455,360,280,0.004102,0.003472,17124130.000000,200829.000000,0.011728
456,360,279,0.004092,0.003464,17085765.000000,199825.000000,0.011695
457,361,278,0.004063,0.003441,17175757.000000,201282.000000,0.011719
458,361,277,0.004037,0.003399,17150949.000000,195077.000000,0.011374
459,362,276,0.004041,0.003429,17190989.000000,198781.000000,0.011563
460,363,275,0.004042,0.003403,17261974.000000,199815.000000,0.011575
461,364,274,0.004174,0.003539,17489757.000000,204342.000000,0.011684
462,365,273,0.004162,0.003525,17643507.000000,200463.000000,0.011362
463,366,272,0.004204,0.003595,17897323.000000,205548.000000,0.011485
464,367,271,0.004206,0.003592,17934433.000000,204115.000000,0.011381
465,368,270,0.004372,0.003727,18170431.000000,211184.000000,0.011622
466,369,269,0.004271,0.003671,18080814.000000,203422.000000,0.011251
467,370,268,0.004196,0.003852,18188802.000000,211032.000000,0.011602
468,370,267,0.003980,0.003631,18129918.000000,207555.000000,0.011448
469,371,267,0.003980,0.003638,18188908.000000,208208.000000,0.011447
470,372,266,0.003964,0.003629,18221401.000000,204608.000000,0.011229
471,373,265,0.003978,0.003652,18314199.000000,209256.000000,0.011426
472,374,264,0.004003,0.003662,18367683.000000,208959.000000,0.011376
473,375,264,0.004042,0.003697,18492760.000000,212124.000000,0.011471
474,376,263,0.004047,0.003706,18583461.000000,213504.000000,0.011489
475,376,262,0.004059,0.003744,18690291.000000,208729.000000,0.011168
476,377,261,0.004139,0.003790,18817857.000000,213078.000000,0.011323
477,377,261,0.004126,0.003749,18926930.000000,212996.000000,0.011254
478,378,260,0.004187,0.003812,19149307.000000,215296.000000,0.011243
479,379,259,0.004171,0.003859,19235076.000000,214427.000000,0.011148
480,380,258,0.004181,0.003843,19301035.000000,216242.000000,0.011204
481,381,257,0.004198,0.003868,19359944.000000,217950.000000,0.011258
482,381,256,0.004234,0.003867,19423767.000000,218076.000000,0.011227
483,382,255,0.004238,0.003908,19437219.000000,217394.000000,0.011184
484,383,254,0.004230,0.003894,19517984.000000,218979.000000,0.011219
485,384,253,0.004257,0.003925,19587857.000000,221465.000000,0.011306
486,385,252,0.004262,0.003922,19596245.000000,216674.000000,0.011057
487,386,251,0.004329,0.003977,19814512.000000,224209.000000,0.011315
488,386,250,0.004299,0.003948,19881749.000000,221911.000000,0.011162
489,386,249,0.004951,0.004266,20180506.000000,228064.000000,0.011301
490,387,247,0.004607,0.003936,19913061.000000,220184.000000,0.011057
491,388,246,0.004627,0.003976,20097066.000000,225370.000000,0.011214
492,389,246,0.004678,0.004048,20164367.000000,224723.000000,0.011145
493,390,246,0.004700,0.004071,20330254.000000,228516.000000,0.011240
494,391,245,0.004778,0.004167,20722140.000000,226310.000000,0.010921
495,392,243,0.004746,0.004117,20621270.000000,227008.000000,0.011008
496,393,242,0.004809,0.004195,20677979.000000,230305.000000,0.011138
497,394,241,0.004732,0.004114,20694567.000000,225393.000000,0.010891
498,394,239,0.004837,0.004198,20859921.000000,229292.000000,0.010992
499,394,238,0.004834,0.004217,20993962.000000,232764.000000,0.011087
500,395,237,0.004845,0.004208,21040914.000000,231712.000000,0.011012
501,396,236,0.004836,0.004227,21084506.000000,229929.000000,0.010905
502,396,235,0.004902,0.004257,21184892.000000,233275.000000,0.011011
503,397,234,0.004916,0.004236,21333850.000000,234520.000000,0.010993
504,398,233,0.004959,0.004342,21623869.000000,233782.000000,0.010811
505,399,232,0.004948,0.004331,21569796.000000,236028.000000,0.010943
506,400,231,0.005005,0.004369,21651539.000000,237208.000000,0.010956
507,401,230,0.005030,0.004358,21892248.000000,241159.000000,0.011016
508,402,229,0.005073,0.004457,21967030.000000,237625.000000,0.010817
509,403,228,0.005054,0.004665,22114380.000000,250087.000000,0.011309
510,404,227,0.005018,0.004659,22217373.000000,246451.000000,0.011093
511,405,226,0.004763,0.004417,22023245.000000,237653.000000,0.010791
512,406,226,0.004802,0.004438,22152028.000000,242098.000000,0.010929
513,407,225,0.004837,0.004468,22372799.000000,244431.000000,0.010925
514,408,224,0.004807,0.004468,22195263.000000,236257.000000,0.010644
515,409,224,0.004788,0.004441,22257712.000000,242726.000000,0.010905
516,409,223,0.004804,0.004466,22262236.000000,241765.000000,0.010860
517,410,222,0.004789,0.004454,22260276.000000,243136.000000,0.010922
518,411,222,0.004833,0.004472,22332432.000000,240584.000000,0.010773
519,412,221,0.004900,0.004517,22605616.000000,246366.000000,0.010898
520,412,220,0.004876,0.004524,22394801.000000,244744.000000,0.010929
521,413,220,0.004880,0.004473,22439946.000000,242004.000000,0.010785
522,414,219,0.004901,0.004529,22709009.000000,247729.000000,0.010909
523,415,219,0.004958,0.004588,22770490.000000,250589.000000,0.011005
524,415,218,0.004965,0.004612,22857802.000000,251265.000000,0.010993
525,416,218,0.004960,0.004625,22842962.000000,250258.000000,0.010956
526,417,217,0.005022,0.004634,22944419.000000,252028.000000,0.010984
527,418,216,0.005007,0.004635,23083620.000000,253324.000000,0.010974
528,419,216,0.004975,0.004612,23088903.000000,247406.000000,0.010715
529,420,215,0.004957,0.004615,23188381.000000,251382.000000,0.010841
530,421,214,0.005104,0.004734,23333923.000000,255073.000000,0.010931
531,422,213,0.005031,0.004699,23405837.000000,249441.000000,0.010657
532,423,212,0.005088,0.004708,23528941.000000,255595.000000,0.010863
533,424,212,0.005117,0.004735,23759410.000000,258009.000000,0.010859
534,425,211,0.005139,0.004802,23823872.000000,252957.000000,0.010618
535,426,210,0.005131,0.004791,23915460.000000,258872.000000,0.010824
536,427,209,0.005219,0.004830,24003650.000000,258539.000000,0.010771
537,428,208,0.005193,0.004814,24077706.000000,259564.000000,0.010780
538,429,208,0.005172,0.004817,24092722.000000,255668.000000,0.010612
539,429,207,0.005211,0.004836,24175328.000000,260838.000000,0.010789
540,429,206,0.005317,0.004932,24149569.000000,259417.000000,0.010742
541,430,205,0.005167,0.004847,24116247.000000,257657.000000,0.010684
542,431,205,0.005220,0.004850,24226868.000000,260346.000000,0.010746
543,431,204,0.005260,0.004872,24461139.000000,262637.000000,0.010737
544,432,203,0.005240,0.004907,24300229.000000,260178.000000,0.010707
545,433,203,0.005266,0.004897,24482987.000000,264964.000000,0.010822
546,433,202,0.005361,0.004992,24734551.000000,267487.000000,0.010814
547,434,201,0.005416,0.004964,24950326.000000,275822.000000,0.011055
548,435,200,0.005341,0.004967,24828132.000000,267058.000000,0.010756
549,436,200,0.006043,0.005333,25166429.000000,277010.000000,0.011007
550,437,199,0.005629,0.005013,24952783.000000,264792.000000,0.010612
551,437,198,0.005683,0.005059,24982486.000000,269018.000000,0.010768
552,438,198,0.005663,0.005019,25066174.000000,268846.000000,0.010725
553,439,197,0.005722,0.005092,25398674.000000,267933.000000,0.010549
554,440,196,0.005728,0.005093,25412245.000000,272078.000000,0.010707
555,441,196,0.005830,0.005148,25584872.000000,275476.000000,0.010767
556,442,195,0.005812,0.005167,25649932.000000,271563.000000,0.010587
557,442,194,0.005819,0.005171,25815007.000000,276403.000000,0.010707
558,443,194,0.005898,0.005254,26047710.000000,278470.000000,0.010691
559,444,193,0.005816,0.005207,26062494.000000,274424.000000,0.010529
560,445,192,0.005925,0.005281,26183738.000000,279299.000000,0.010667
561,446,192,0.006004,0.005321,26558381.000000,281664.000000,0.010605
562,446,191,0.005932,0.005297,26507979.000000,276402.000000,0.010427
563,447,190,0.006052,0.005426,26848749.000000,284439.000000,0.010594
564,448,190,0.006099,0.005460,26949459.000000,287832.000000,0.010680
565,449,189,0.006123,0.005494,27052273.000000,284814.000000,0.010528
566,450,188,0.006109,0.005702,27451805.000000,293103.000000,0.010677
567,451,188,0.005830,0.005454,27138887.000000,284673.000000,0.010489
568,452,187,0.005848,0.005472,27237043.000000,290800.000000,0.010677
569,453,187,0.005954,0.005534,27514013.000000,290644.000000,0.010563
570,453,186,0.005888,0.005527,27572106.000000,285917.000000,0.010370
571,454,186,0.005945,0.005560,27526585.000000,288979.000000,0.010498
572,455,185,0.005943,0.005560,27725229.000000,291683.000000,0.010520
573,456,184,0.005961,0.005578,27740680.000000,289413.000000,0.010433
574,456,184,0.006047,0.005657,28145117.000000,293822.000000,0.010440
575,457,183,0.006110,0.005742,28441544.000000,295526.000000,0.010391
576,458,182,0.006054,0.005662,28116594.000000,291800.000000,0.010378
577,459,181,0.006172,0.005786,28697967.000000,297646.000000,0.010372
578,460,181,0.006107,0.005746,28515698.000000,290867.000000,0.010200
579,460,180,0.006131,0.005729,28535922.000000,295856.000000,0.010368
580,461,179,0.006197,0.005792,28815709.000000,298849.000000,0.010371
581,461,179,0.006253,0.005912,28971915.000000,299118.000000,0.010324
582,462,177,0.006914,0.006088,29144103.000000,310150.000000,0.010642
583,462,177,0.006510,0.005834,29086300.000000,301805.000000,0.010376
584,463,176,0.006474,0.005830,29046362.000000,298444.000000,0.010275
585,464,175,0.006516,0.005853,29214343.000000,303992.000000,0.010406
586,465,174,0.006598,0.005953,29525045.000000,300673.000000,0.010184
587,466,173,0.006679,0.006023,29855443.000000,309273.000000,0.010359
588,467,173,0.006643,0.005997,29953723.000000,308482.000000,0.010299
589,468,172,0.006751,0.006104,30218420.000000,308783.000000,0.010218
590,468,171,0.006613,0.006052,29969801.000000,308472.000000,0.010293
591,469,170,0.006427,0.006040,29980576.000000,306090.000000,0.010210
592,469,170,0.006357,0.005961,30046697.000000,306545.000000,0.010202
593,470,169,0.006497,0.006052,30349518.000000,311275.000000,0.010256
594,470,168,0.006417,0.006039,30173138.000000,304574.000000,0.010094
595,470,168,0.006448,0.006074,30258063.000000,308453.000000,0.010194
596,471,167,0.006432,0.006067,30291785.000000,304885.000000,0.010065
597,471,167,0.006532,0.006134,30518009.000000,313759.000000,0.010281
598,472,166,0.006661,0.006264,30872569.000000,316288.000000,0.010245
599,473,165,0.006526,0.006171,30661528.000000,309706.000000,0.010101
600,474,165,0.006588,0.006143,30799253.000000,315111.000000,0.010231
601,475,164,0.006583,0.006201,31018840.000000,315852.000000,0.010183
602,476,163,0.006669,0.006282,31310869.000000,321355.000000,0.010263
603,477,163,0.006831,0.006461,31471067.000000,328485.000000,0.010438
604,478,162,0.006710,0.006324,31450330.000000,319735.000000,0.010166
605,479,161,0.006809,0.006422,31784095.000000,326087.000000,0.010259
606,479,161,0.006802,0.006427,31730481.000000,325352.000000,0.010254
607,480,160,0.006802,0.006414,31886355.000000,329095.000000,0.010321
608,480,160,0.006842,0.006448,31792341.000000,328084.000000,0.010320
609,481,159,0.006888,0.006502,31926862.000000,326263.000000,0.010219
610,482,159,0.006762,0.006366,31739095.000000,326900.000000,0.010300
611,483,158,0.006871,0.006512,31959102.000000,330251.000000,0.010334
612,484,158,0.006865,0.006456,32032689.000000,337939.000000,0.010550
613,485,157,0.006928,0.006554,32243590.000000,331319.000000,0.010275
614,486,157,0.006888,0.006506,32267267.000000,327297.000000,0.010143
615,486,156,0.006956,0.006563,32585573.000000,334385.000000,0.010262
616,487,156,0.006902,0.006530,32645050.000000,329633.000000,0.010097
617,488,155,0.006980,0.006592,32857024.000000,334645.000000,0.010185
618,489,155,0.007093,0.006681,32708835.000000,331821.000000,0.010145
619,490,154,0.007354,0.006974,33177276.000000,338925.000000,0.010216
620,491,154,0.007040,0.006628,33022956.000000,338120.000000,0.010239
621,492,153,0.007053,0.006663,33230128.000000,336966.000000,0.010140
622,492,153,0.007123,0.006736,33423171.000000,341650.000000,0.010222
623,493,152,0.007072,0.006691,33527733.000000,336674.000000,0.010042
624,494,152,0.007114,0.006735,33675312.000000,343130.000000,0.010189
625,495,152,0.007190,0.006812,33884657.000000,345396.000000,0.010193
626,495,151,0.007139,0.006760,33938352.000000,339872.000000,0.010014
627,496,151,0.007807,0.007437,34031860.000000,351232.000000,0.010321
628,497,150,0.007291,0.006903,33939591.000000,344621.000000,0.010154
629,498,149,0.007291,0.006896,34312756.000000,348661.000000,0.010161
630,498,149,0.007258,0.006912,34050147.000000,342834.000000,0.010069
631,499,148,0.007311,0.006905,34206709.000000,347763.000000,0.010167
632,500,148,0.007375,0.006981,34300256.000000,345755.000000,0.010080
633,501,147,0.007361,0.006954,34459464.000000,348821.000000,0.010123
634,502,147,0.007669,0.006998,34651536.000000,349573.000000,0.010088
635,503,146,0.008091,0.007430,34832284.000000,355851.000000,0.010216
636,504,145,0.008116,0.007433,34906064.000000,355644.000000,0.010189
637,504,145,0.007703,0.007037,34876078.000000,348428.000000,0.009990
638,505,144,0.007714,0.007052,34983021.000000,352536.000000,0.010077
639,506,144,0.007718,0.007099,35031262.000000,349994.000000,0.009991
640,507,143,0.007688,0.007297,35257427.000000,357074.000000,0.010128
641,508,143,0.007530,0.007134,35236064.000000,351485.000000,0.009975
642,509,143,0.007666,0.007235,35394136.000000,357835.000000,0.010110
643,510,142,0.007518,0.007131,35347357.000000,353047.000000,0.009988
644,511,142,0.007603,0.007167,35497490.000000,362239.000000,0.010205
645,512,141,0.007618,0.007221,35773219.000000,356027.000000,0.009952
646,513,141,0.007601,0.007192,35851701.000000,360318.000000,0.010050
647,514,141,0.007736,0.007289,36067853.000000,365247.000000,0.010127
648,515,140,0.007747,0.007332,36200465.000000,358552.000000,0.009905
649,516,140,0.007782,0.007366,36400215.000000,362317.000000,0.009954
650,517,140,0.007753,0.007351,36431806.000000,357937.000000,0.009825
651,518,139,0.007844,0.007429,36569828.000000,366334.000000,0.010017
652,519,139,0.007843,0.007426,36601476.000000,362367.000000,0.009900
653,520,138,0.008013,0.007568,36937471.000000,368811.000000,0.009985
654,521,138,0.007904,0.007486,37079734.000000,365201.000000,0.009849
655,522,137,0.007929,0.007499,37118819.000000,369521.000000,0.009955
656,523,137,0.007984,0.007564,37389716.000000,366901.000000,0.009813
657,524,136,0.008016,0.007589,37592614.000000,371533.000000,0.009883
658,525,136,0.007960,0.007545,37392654.000000,364916.000000,0.009759
659,526,135,0.008087,0.007680,37804486.000000,374268.000000,0.009900
660,527,135,0.008062,0.007651,37855748.000000,371599.000000,0.009816
661,528,135,0.008125,0.007718,38087603.000000,378686.000000,0.009943
662,529,134,0.008082,0.007668,38095524.000000,371560.000000,0.009753
663,530,134,0.008176,0.007753,38388180.000000,382401.000000,0.009961
664,530,133,0.008135,0.007739,38325208.000000,377523.000000,0.009851
665,531,133,0.008407,0.007987,38424742.000000,384578.000000,0.010009
666,532,132,0.008077,0.007705,38386768.000000,376523.000000,0.009809
667,532,132,0.008158,0.007783,38526685.000000,381083.000000,0.009891
668,533,132,0.008186,0.007787,38538165.000000,377678.000000,0.009800
669,534,131,0.008267,0.007867,38746033.000000,383179.000000,0.009890
670,534,131,0.008337,0.007955,38893020.000000,382783.000000,0.009842
671,535,130,0.008926,0.008449,39201571.000000,391309.000000,0.009982
672,536,130,0.008472,0.008028,39065863.000000,383112.000000,0.009807
673,537,129,0.008375,0.007900,39134582.000000,388828.000000,0.009936
674,538,129,0.008572,0.008181,39372760.000000,386587.000000,0.009819
675,539,128,0.008328,0.007940,39526947.000000,391175.000000,0.009896
676,540,128,0.008246,0.007867,39295734.000000,386114.000000,0.009826
677,541,128,0.008425,0.008024,39719011.000000,394283.000000,0.009927
678,542,127,0.008334,0.007952,39491995.000000,387104.000000,0.009802
679,542,127,0.008371,0.007977,39813871.000000,392246.000000,0.009852
680,542,127,0.008387,0.008002,39935086.000000,389491.000000,0.009753
681,543,126,0.008505,0.008092,40223345.000000,396970.000000,0.009869
682,543,126,0.008561,0.008167,40218303.000000,393428.000000,0.009782
683,543,126,0.008586,0.008154,40347325.000000,397502.000000,0.009852
684,544,125,0.008601,0.008175,40487816.000000,396925.000000,0.009804
685,544,125,0.008594,0.008136,40458520.000000,397750.000000,0.009831
686,545,124,0.008617,0.008194,40623097.000000,399644.000000,0.009838
687,545,124,0.008776,0.008340,41282055.000000,406526.000000,0.009848
688,546,124,0.008810,0.008301,41198373.000000,410985.000000,0.009976
689,547,123,0.008732,0.008318,41153680.000000,403689.000000,0.009809
690,548,123,0.008679,0.008282,41175078.000000,397586.000000,0.009656
691,549,123,0.009003,0.008483,41439228.000000,406086.000000,0.009800
692,550,122,0.008815,0.008284,41471796.000000,402827.000000,0.009713
693,551,122,0.008903,0.008429,41748729.000000,407780.000000,0.009767
694,552,122,0.008932,0.008444,41833892.000000,404895.000000,0.009679
695,553,121,0.009005,0.008487,42193832.000000,411050.000000,0.009742
696,553,121,0.008989,0.008531,42165498.000000,406293.000000,0.009636
697,554,121,0.008997,0.008526,42256567.000000,409608.000000,0.009693
698,555,120,0.009020,0.008545,42356963.000000,413484.000000,0.009762
699,555,120,0.009010,0.008529,42424400.000000,409831.000000,0.009660
700,556,120,0.009493,0.008989,42733641.000000,420693.000000,0.009845
701,557,119,0.009140,0.008654,42913867.000000,417982.000000,0.009740
702,557,119,0.009155,0.008641,43003317.000000,422988.000000,0.009836
703,557,119,0.009210,0.008688,43116471.000000,418300.000000,0.009702
704,557,118,0.009098,0.008598,42955529.000000,420413.000000,0.009787
705,558,118,0.009132,0.008657,43057508.000000,419032.000000,0.009732
706,559,117,0.009236,0.008725,43181785.000000,423470.000000,0.009807
707,560,117,0.009247,0.008757,43461918.000000,423004.000000,0.009733
708,561,117,0.009166,0.008670,43262202.000000,419741.000000,0.009702
709,562,116,0.009422,0.008923,43971263.000000,429167.000000,0.009760
710,563,116,0.009308,0.008805,43742145.000000,426003.000000,0.009739
711,564,116,0.009463,0.008947,44169770.000000,436892.000000,0.009891
712,565,115,0.009473,0.008971,44232497.000000,429550.000000,0.009711
713,566,115,0.009443,0.008960,44317844.000000,432639.000000,0.009762
714,567,115,0.009486,0.008990,44398136.000000,428665.000000,0.009655
715,568,114,0.009555,0.009072,44743067.000000,431612.000000,0.009646
716,569,114,0.009575,0.009063,44943546.000000,437334.000000,0.009731
717,570,114,0.009579,0.009071,44887884.000000,434379.000000,0.009677
718,570,113,0.009615,0.009090,45114816.000000,437891.000000,0.009706
719,571,113,0.009638,0.009148,45385849.000000,434843.000000,0.009581
720,572,113,0.009811,0.009260,45614785.000000,441146.000000,0.009671
721,572,112,0.009870,0.009330,45646153.000000,440040.000000,0.009640
722,573,112,0.009764,0.009223,45748370.000000,439074.000000,0.009598
723,574,111,0.009826,0.009318,46404974.000000,445950.000000,0.009610
724,574,111,0.009892,0.009350,46382199.000000,441459.000000,0.009518
725,575,111,0.010088,0.009398,46617938.000000,448333.000000,0.009617
726,575,110,0.010208,0.009658,46902834.000000,445441.000000,0.009497
727,576,110,0.009955,0.009400,46737695.000000,444587.000000,0.009512
728,577,110,0.010025,0.009490,47246928.000000,452312.000000,0.009573
729,578,109,0.010033,0.009514,47198513.000000,450116.000000,0.009537
730,579,109,0.010055,0.009516,47407183.000000,452944.000000,0.009554
731,579,109,0.010177,0.009827,47698001.000000,454671.000000,0.009532
732,580,108,0.010088,0.009690,47789540.000000,454177.000000,0.009504
733,581,108,0.010078,0.009688,47890658.000000,459485.000000,0.009594
734,582,108,0.010017,0.009651,47883837.000000,454399.000000,0.009490
735,583,107,0.010046,0.009676,48028167.000000,455637.000000,0.009487
736,583,107,0.010082,0.009741,48007579.000000,452019.000000,0.009416
737,584,107,0.010155,0.009769,48168929.000000,454503.000000,0.009436
738,585,106,0.010253,0.009838,48535441.000000,459063.000000,0.009458
739,585,106,0.010202,0.009847,48380274.000000,456744.000000,0.009441
740,586,106,0.010225,0.009820,48503439.000000,461516.000000,0.009515
741,587,105,0.010377,0.009985,48742860.000000,464550.000000,0.009531
742,588,105,0.010359,0.009981,48879244.000000,462814.000000,0.009469
743,589,105,0.010325,0.009903,48894757.000000,465882.000000,0.009528
744,589,104,0.010275,0.009924,48902295.000000,463382.000000,0.009476
745,590,104,0.010333,0.009963,49032171.000000,462188.000000,0.009426
746,591,104,0.010421,0.010027,49268415.000000,466265.000000,0.009464
747,592,103,0.010360,0.009983,49200450.000000,463707.000000,0.009425
748,593,103,0.010425,0.010030,49414518.000000,469585.000000,0.009503
749,594,103,0.010469,0.010108,49890029.000000,469434.000000,0.009409
750,595,102,0.010493,0.010125,49864248.000000,468470.000000,0.009395
751,595,102,0.010599,0.010228,50037313.000000,473335.000000,0.009460
752,596,102,0.010448,0.010077,50014282.000000,469673.000000,0.009391
753,596,102,0.010521,0.010159,50356255.000000,471655.000000,0.009366
754,597,101,0.010549,0.010128,50229758.000000,475311.000000,0.009463
755,597,101,0.010610,0.010239,50715375.000000,477109.000000,0.009408
756,598,101,0.010740,0.010351,50932770.000000,480906.000000,0.009442
757,598,100,0.010742,0.010393,50992409.000000,475825.000000,0.009331
758,598,100,0.010746,0.010388,50996307.000000,475895.000000,0.009332
759,599,100,0.010784,0.010406,51048799.000000,480252.000000,0.009408
760,600,100,0.010923,0.010522,51216555.000000,480313.000000,0.009378
761,601,99,0.010818,0.010443,51476815.000000,481510.000000,0.009354
762,601,99,0.010804,0.010418,51498435.000000,483261.000000,0.009384
763,602,99,0.010897,0.010524,51646410.000000,479978.000000,0.009294
764,603,98,0.010892,0.010521,51786127.000000,483774.000000,0.009342
765,604,98,0.010898,0.010529,51922803.000000,488037.000000,0.009399
766,605,98,0.010918,0.010533,51989545.000000,485971.000000,0.009347
767,606,98,0.011065,0.010680,52285600.000000,487436.000000,0.009323
768,606,97,0.010965,0.010574,52236361.000000,488618.000000,0.009354
769,607,97,0.011121,0.010767,52304445.000000,490393.000000,0.009376
770,608,97,0.010981,0.010601,52312699.000000,483188.000000,0.009237
771,609,97,0.011173,0.010793,52530151.000000,494661.000000,0.009417
772,610,96,0.010979,0.010618,52474949.000000,487925.000000,0.009298
773,611,96,0.011069,0.010704,52713078.000000,490911.000000,0.009313
774,612,96,0.011103,0.010716,52895706.000000,495193.000000,0.009362
775,612,96,0.011068,0.010729,52915626.000000,489401.000000,0.009249
776,612,95,0.011009,0.010670,52895204.000000,489396.000000,0.009252
777,613,95,0.011246,0.010842,53162787.000000,497533.000000,0.009359
778,614,95,0.011291,0.010901,53364990.000000,499059.000000,0.009352
779,615,95,0.011013,0.010638,53008346.000000,490070.000000,0.009245
780,616,94,0.011131,0.010750,53232244.000000,498392.000000,0.009363
781,617,94,0.011132,0.010768,53403562.000000,494141.000000,0.009253
782,617,94,0.011107,0.010733,53218150.000000,492105.000000,0.009247
783,618,94,0.011189,0.010817,53601607.000000,498078.000000,0.009292
784,619,94,0.011233,0.010848,53604100.000000,493820.000000,0.009212
785,620,93,0.011332,0.010990,54012179.000000,497903.000000,0.009218
786,621,93,0.011425,0.011042,54160914.000000,502295.000000,0.009274
787,622,93,0.011911,0.011410,54603699.000000,519122.000000,0.009507
788,623,93,0.011434,0.011043,54519794.000000,501932.000000,0.009206
789,624,93,0.011557,0.011163,54935895.000000,510281.000000,0.009289
790,625,92,0.011526,0.011137,54914065.000000,506449.000000,0.009223
791,626,92,0.011641,0.011259,55278428.000000,506161.000000,0.009157
792,627,92,0.011451,0.011064,55011435.000000,509730.000000,0.009266
793,628,92,0.011478,0.011095,55207591.000000,508573.000000,0.009212
794,629,92,0.011633,0.011251,55587888.000000,507846.000000,0.009136
795,630,91,0.011639,0.011272,55501821.000000,508177.000000,0.009156
796,631,91,0.011697,0.011294,55676994.000000,513155.000000,0.009217
797,632,91,0.011778,0.011391,55996505.000000,513169.000000,0.009164
798,632,91,0.011815,0.011437,56317691.000000,513370.000000,0.009116
799,633,90,0.011821,0.011388,56212356.000000,520455.000000,0.009259
800,633,90,0.011716,0.011316,56270884.000000,514266.000000,0.009139
801,634,90,0.011675,0.011307,56285295.000000,513691.000000,0.009127
802,635,90,0.011826,0.011429,56555005.000000,522492.000000,0.009239
803,636,90,0.011843,0.011476,56832178.000000,518953.000000,0.009131
804,637,89,0.012022,0.011627,56959415.000000,522971.000000,0.009181
805,638,89,0.011992,0.011623,57314560.000000,521962.000000,0.009107
806,639,89,0.011969,0.011580,57415904.000000,527430.000000,0.009186
807,640,89,0.012018,0.011672,57503936.000000,528506.000000,0.009191
808,641,89,0.012001,0.011632,57601444.000000,530089.000000,0.009203
809,642,88,0.012078,0.011697,57957506.000000,528858.000000,0.009125
810,643,88,0.012021,0.011630,57934449.000000,531332.000000,0.009171
811,644,88,0.012119,0.011750,58150269.000000,528356.000000,0.009086
812,645,88,0.012165,0.011794,58305857.000000,529280.000000,0.009078
813,646,87,0.012450,0.012069,58646828.000000,538977.000000,0.009190
814,647,87,0.012243,0.011873,58552964.000000,531160.000000,0.009071
815,648,87,0.012240,0.011880,58616504.000000,534667.000000,0.009121
816,649,87,0.012316,0.011927,58749851.000000,535392.000000,0.009113
817,650,87,0.012369,0.011994,59067258.000000,542134.000000,0.009178
818,651,86,0.012352,0.011970,59113354.000000,537806.000000,0.009098
819,652,86,0.012460,0.012079,59545605.000000,540617.000000,0.009079
820,653,86,0.012508,0.012121,59582491.000000,542818.000000,0.009110
821,654,86,0.012744,0.012328,60238648.000000,550548.000000,0.009139
822,655,86,0.012589,0.012202,60088443.000000,542495.000000,0.009028
823,655,85,0.012822,0.012313,60101799.000000,545166.000000,0.009071
824,655,85,0.012622,0.012107,60194198.000000,545233.000000,0.009058
825,655,85,0.012692,0.012164,60420255.000000,549787.000000,0.009099
826,655,85,0.012652,0.012131,60188013.000000,547493.000000,0.009096
827,656,84,0.012650,0.012173,60240020.000000,547487.000000,0.009088
828,657,84,0.012741,0.012362,60378607.000000,549302.000000,0.009098
829,658,84,0.012872,0.012453,60805247.000000,556988.000000,0.009160
830,659,84,0.012749,0.012344,60851050.000000,552294.000000,0.009076
831,660,84,0.012880,0.012482,61642378.000000,554187.000000,0.008990
832,661,83,0.012760,0.012362,61053270.000000,551958.000000,0.009041
833,662,83,0.012778,0.012397,61404363.000000,553974.000000,0.009022
834,662,83,0.012839,0.012448,61846891.000000,559579.000000,0.009048
835,663,83,0.013028,0.012647,62436528.000000,561481.000000,0.008993
836,664,83,0.013193,0.012809,62344674.000000,567183.000000,0.009098
837,665,82,0.013076,0.012694,62489129.000000,562205.000000,0.008997
838,666,82,0.013062,0.012657,62604636.000000,566176.000000,0.009044
839,667,82,0.013143,0.012764,62967791.000000,564758.000000,0.008969
840,667,82,0.013096,0.012685,62945822.000000,564111.000000,0.008962
841,668,81,0.013206,0.012810,63195489.000000,567163.000000,0.008975
842,669,81,0.013242,0.012866,63779147.000000,573768.000000,0.008996
843,670,81,0.013330,0.012930,63830087.000000,577909.000000,0.009054
844,670,81,0.014145,0.013624,64128206.000000,578937.000000,0.009028
845,671,80,0.013442,0.012956,63980265.000000,574210.000000,0.008975
846,672,80,0.013404,0.012910,64063092.000000,575025.000000,0.008976
847,672,80,0.013432,0.012946,64151700.000000,575299.000000,0.008968
848,673,80,0.013491,0.012978,64274868.000000,580956.000000,0.009039
849,674,80,0.013485,0.013004,64326036.000000,576959.000000,0.008969
850,675,79,0.013467,0.012970,64404000.000000,576405.000000,0.008950
851,676,79,0.013683,0.013315,64652930.000000,585364.000000,0.009054
852,677,79,0.013461,0.013071,64737704.000000,577424.000000,0.008919
853,678,79,0.013627,0.013232,65125196.000000,586295.000000,0.009003
854,679,79,0.013535,0.013134,65164340.000000,583571.000000,0.008955
855,680,78,0.013627,0.013270,65602693.000000,583310.000000,0.008892
856,681,78,0.013642,0.013259,65747565.000000,583929.000000,0.008881
857,681,78,0.013826,0.013438,66332177.000000,586065.000000,0.008835
858,682,78,0.013681,0.013319,66255090.000000,586188.000000,0.008847
859,683,78,0.013925,0.013505,66649862.000000,598411.000000,0.008978
860,684,77,0.013892,0.013518,66902969.000000,594431.000000,0.008885
861,685,77,0.013932,0.013557,67098734.000000,592754.000000,0.008834
862,686,77,0.013956,0.013579,67314078.000000,595085.000000,0.008840
863,687,77,0.014087,0.013708,67763128.000000,597835.000000,0.008822
864,687,76,0.014111,0.013748,67468710.000000,597733.000000,0.008859
865,687,76,0.014060,0.013628,67568898.000000,598500.000000,0.008858
866,688,76,0.014195,0.013700,67908830.000000,610628.000000,0.008992
867,689,76,0.014045,0.013683,67790343.000000,592265.000000,0.008737
868,690,76,0.014150,0.013778,67936247.000000,596472.000000,0.008780
869,690,75,0.014117,0.013739,68102258.000000,598583.000000,0.008789
870,691,75,0.014150,0.013769,68333059.000000,600461.000000,0.008787
871,692,75,0.014156,0.013760,68515016.000000,600958.000000,0.008771
872,693,75,0.014266,0.013850,68785170.000000,606068.000000,0.008811
873,694,75,0.014468,0.014108,68986167.000000,610549.000000,0.008850
874,695,74,0.014244,0.013868,68917574.000000,598414.000000,0.008683
875,696,74,0.014294,0.013899,69141428.000000,599975.000000,0.008678
876,697,74,0.014456,0.014069,69577121.000000,601833.000000,0.008650
877,697,74,0.014468,0.014089,69656476.000000,600014.000000,0.008614
878,698,74,0.014506,0.014121,69745126.000000,602619.000000,0.008640
879,698,73,0.014613,0.014217,69946775.000000,609254.000000,0.008710
880,699,73,0.014741,0.014348,70099281.000000,608835.000000,0.008685
881,700,73,0.014594,0.014190,70241080.000000,611182.000000,0.008701
882,701,73,0.014629,0.014242,70397145.000000,610997.000000,0.008679
883,702,73,0.014722,0.014348,70563787.000000,612163.000000,0.008675
884,703,73,0.014618,0.014225,70578386.000000,610883.000000,0.008655
885,704,72,0.014689,0.014326,70713590.000000,612801.000000,0.008666
886,704,72,0.014570,0.014226,70633674.000000,608040.000000,0.008608
887,705,72,0.014839,0.014455,70820940.000000,617324.000000,0.008717
888,706,72,0.014678,0.014308,70786168.000000,611515.000000,0.008639
889,707,72,0.014641,0.014283,70873494.000000,613513.000000,0.008656
890,707,72,0.014659,0.014297,70873653.000000,615062.000000,0.008678
891,708,71,0.014713,0.014354,70918361.000000,614813.000000,0.008669
892,708,71,0.014777,0.014410,70930321.000000,611761.000000,0.008625
893,709,71,0.014837,0.014441,70957784.000000,620438.000000,0.008744
894,710,71,0.015365,0.014805,71225722.000000,629144.000000,0.008833
895,711,71,0.014927,0.014402,71369325.000000,620823.000000,0.008699
896,712,70,0.014969,0.014407,71626101.000000,624941.000000,0.008725
897,713,70,0.015336,0.014819,72249358.000000,627025.000000,0.008679
898,713,70,0.014945,0.014574,71904602.000000,624104.000000,0.008680
899,714,70,0.014980,0.014592,72097724.000000,622578.000000,0.008635
900,715,70,0.015088,0.014697,72350758.000000,623628.000000,0.008620
901,716,70,0.014988,0.014628,72557386.000000,625706.000000,0.008624
902,717,70,0.015102,0.014709,72717115.000000,626300.000000,0.008613
903,718,69,0.015220,0.014855,73240929.000000,631295.000000,0.008619
904,719,69,0.015307,0.014896,73410294.000000,631576.000000,0.008603
905,720,69,0.015431,0.015033,73852003.000000,635278.000000,0.008602
906,721,69,0.015395,0.014999,74388135.000000,639224.000000,0.008593
907,722,69,0.015856,0.015455,74615852.000000,644257.000000,0.008634
908,723,69,0.015405,0.015018,74473811.000000,633901.000000,0.008512
909,724,68,0.015507,0.015116,74750739.000000,639423.000000,0.008554
910,725,68,0.015648,0.015208,75012444.000000,642482.000000,0.008565
911,726,68,0.015486,0.015086,75215329.000000,643602.000000,0.008557
912,727,68,0.015423,0.015026,74973215.000000,640014.000000,0.008537
913,727,68,0.015916,0.015514,75655565.000000,647694.000000,0.008561
914,728,68,0.015459,0.015058,75196638.000000,643948.000000,0.008564
915,729,68,0.015570,0.015178,75804063.000000,648381.000000,0.008553
916,729,67,0.015679,0.015279,75883645.000000,648624.000000,0.008548
917,730,67,0.015665,0.015273,76047568.000000,648539.000000,0.008528
918,731,67,0.015887,0.015502,76530340.000000,653792.000000,0.008543
919,732,67,0.016084,0.015711,76732162.000000,662509.000000,0.008634
920,733,67,0.015796,0.015396,76688555.000000,651692.000000,0.008498
921,734,67,0.016043,0.015645,77220047.000000,658817.000000,0.008532
922,734,66,0.016038,0.015633,77390212.000000,656724.000000,0.008486
923,735,66,0.016067,0.015653,77610379.000000,656555.000000,0.008460
924,736,66,0.016051,0.015686,77289516.000000,655169.000000,0.008477
925,737,66,0.016039,0.015641,77427340.000000,656196.000000,0.008475
926,737,66,0.016515,0.016077,78106448.000000,670560.000000,0.008585
927,738,66,0.016114,0.015747,77532435.000000,659713.000000,0.008509
928,739,66,0.015979,0.015585,77557797.000000,655465.000000,0.008451
929,740,65,0.016195,0.015811,78048653.000000,661432.000000,0.008475
930,740,65,0.016078,0.015680,78004839.000000,664396.000000,0.008517
931,740,65,0.016167,0.015796,78111180.000000,662591.000000,0.008483
932,741,65,0.016739,0.016113,78526679.000000,680508.000000,0.008666
933,742,65,0.016538,0.016030,78509324.000000,669835.000000,0.008532
934,743,65,0.016351,0.015808,78613508.000000,670759.000000,0.008532
935,743,64,0.016498,0.015946,79078627.000000,671522.000000,0.008492
936,743,64,0.016345,0.015820,78801856.000000,669741.000000,0.008499
937,744,64,0.016452,0.016078,79125973.000000,672596.000000,0.008500
938,745,64,0.016780,0.016239,79413987.000000,674072.000000,0.008488
939,745,64,0.016651,0.015954,79328101.000000,672100.000000,0.008472
940,746,64,0.016572,0.016054,79455952.000000,675404.000000,0.008500
941,746,64,0.016517,0.016022,79538314.000000,674149.000000,0.008476
942,747,64,0.016567,0.016028,79703490.000000,677659.000000,0.008502
943,748,63,0.016693,0.016174,80360122.000000,685222.000000,0.008527
944,749,63,0.016883,0.016475,80764731.000000,688627.000000,0.008526
945,749,63,0.016891,0.016357,80648521.000000,683267.000000,0.008472
946,750,63,0.016827,0.016298,80821293.000000,687465.000000,0.008506
947,751,63,0.016822,0.016298,80810928.000000,686602.000000,0.008496
948,751,63,0.016797,0.016279,81024699.000000,686602.000000,0.008474
949,752,62,0.016780,0.016409,80924444.000000,685776.000000,0.008474
950,752,62,0.016842,0.016471,81087180.000000,685932.000000,0.008459
951,753,62,0.016703,0.016305,81108263.000000,684839.000000,0.008444
952,754,62,0.016794,0.016392,81350146.000000,687308.000000,0.008449
953,755,62,0.016950,0.016560,81741514.000000,696296.000000,0.008518
954,756,62,0.016882,0.016479,81827585.000000,697259.000000,0.008521
955,757,62,0.017121,0.016700,82386908.000000,696962.000000,0.008460
956,758,62,0.017211,0.016798,82232569.000000,696450.000000,0.008469
957,759,61,0.017022,0.016622,82470781.000000,694037.000000,0.008416
958,760,61,0.016957,0.016557,82234703.000000,694431.000000,0.008445
959,761,61,0.017133,0.016732,82760110.000000,698667.000000,0.008442
960,761,61,0.017162,0.016780,82800614.000000,696042.000000,0.008406
961,762,61,0.017031,0.016655,82755998.000000,696652.000000,0.008418
962,763,61,0.017331,0.016925,83026458.000000,698771.000000,0.008416
963,763,61,0.017117,0.016733,83016255.000000,699448.000000,0.008425
964,764,61,0.017155,0.016759,83135342.000000,698305.000000,0.008400
965,764,60,0.017181,0.016794,83248379.000000,698379.000000,0.008389
966,765,60,0.017249,0.016853,83406373.000000,701538.000000,0.008411
967,766,60,0.017416,0.016869,83854138.000000,707515.000000,0.008437
968,767,60,0.017516,0.016833,83545144.000000,703315.000000,0.008418
969,767,60,0.017409,0.016896,83813651.000000,710313.000000,0.008475
970,768,60,0.017455,0.016940,83946679.000000,712793.000000,0.008491
971,768,60,0.017695,0.017164,84195962.000000,714503.000000,0.008486
972,769,60,0.017533,0.016984,84423636.000000,714989.000000,0.008469
973,770,60,0.017604,0.017197,84414351.000000,717131.000000,0.008495
974,771,59,0.017420,0.017017,84511589.000000,713033.000000,0.008437
