frame,nb of entities,FPS,frame length,physics length,L1-dcache-loads,L1-dcache-load-misses,L1-dcache-load-miss-ratio
0,3,303,0.001228,0.000028,608146.000000,33504.000000,0.055092
1,4,303,0.003325,0.000025,759512.000000,37698.000000,0.049635
2,5,303,0.003319,0.000031,735474.000000,36977.000000,0.050276
3,6,303,0.003324,0.000032,761840.000000,37215.000000,0.048849
4,6,303,0.003321,0.000023,748927.000000,37026.000000,0.049439
5,7,303,0.003325,0.000033,715158.000000,33648.000000,0.047050
6,8,303,0.003321,0.000035,748764.000000,37675.000000,0.050316
7,9,303,0.003326,0.000034,745649.000000,37384.000000,0.050136
8,10,303,0.003320,0.000036,740731.000000,37676.000000,0.050863
9,11,303,0.003324,0.000037,780882.000000,38156.000000,0.048863
10,12,303,0.003323,0.000034,761412.000000,34038.000000,0.044704
11,13,303,0.003320,0.000034,821901.000000,38957.000000,0.047399
12,14,303,0.003325,0.000035,793374.000000,38340.000000,0.048325
13,15,303,0.003330,0.000045,813620.000000,39145.000000,0.048112
14,16,303,0.003314,0.000075,812346.000000,44436.000000,0.054701
15,17,303,0.003319,0.000055,793800.000000,38710.000000,0.048765
16,18,303,0.003325,0.000059,813016.000000,43219.000000,0.053159
17,19,303,0.003319,0.000060,820843.000000,43399.000000,0.052871
18,20,303,0.003321,0.000064,831740.000000,44256.000000,0.053209
19,21,303,0.003324,0.000062,828387.000000,43405.000000,0.052397
20,22,303,0.003319,0.000072,806750.000000,40185.000000,0.049811
21,23,303,0.003322,0.000063,866124.000000,43444.000000,0.050159
22,23,303,0.003326,0.000077,857579.000000,43836.000000,0.051116
23,24,303,0.003319,0.000070,815212.000000,43733.000000,0.053646
24,25,303,0.003323,0.000070,859910.000000,43981.000000,0.051146
25,26,303,0.003319,0.000069,811987.000000,39063.000000,0.048108
26,27,303,0.003326,0.000070,853086.000000,44618.000000,0.052302
27,28,303,0.003317,0.000081,853901.000000,45716.000000,0.053538
28,29,303,0.003321,0.000088,866605.000000,45589.000000,0.052606
29,30,303,0.003317,0.000073,894468.000000,45502.000000,0.050870
30,31,303,0.003328,0.000050,816387.000000,35907.000000,0.043983
31,32,303,0.003319,0.000064,844877.000000,39672.000000,0.046956
32,32,303,0.003326,0.000093,867109.000000,41311.000000,0.047642
33,32,303,0.003317,0.000065,874049.000000,39886.000000,0.045634
34,33,303,0.003326,0.000064,897506.000000,40069.000000,0.044645
35,33,303,0.003321,0.000067,837975.000000,36302.000000,0.043321
36,34,303,0.003320,0.000056,891928.000000,41590.000000,0.046629
37,35,303,0.003322,0.000053,884549.000000,40540.000000,0.045831
38,36,303,0.003325,0.000067,858484.000000,39637.000000,0.046171
39,36,303,0.003321,0.000061,842367.000000,39238.000000,0.046581
40,37,303,0.003323,0.000067,840688.000000,35674.000000,0.042434
41,38,303,0.003321,0.000056,913770.000000,40004.000000,0.043779
42,39,303,0.003331,0.000073,891491.000000,40921.000000,0.045902
43,40,303,0.003316,0.000073,892467.000000,40371.000000,0.045235
44,41,303,0.003323,0.000074,894323.000000,40243.000000,0.044998
45,42,303,0.003321,0.000073,866829.000000,37048.000000,0.042740
46,43,303,0.003325,0.000075,882197.000000,39899.000000,0.045227
47,44,303,0.003323,0.000076,890953.000000,40367.000000,0.045308
48,45,304,0.003321,0.000079,893099.000000,40369.000000,0.045201
49,45,304,0.003327,0.000072,883065.000000,38988.000000,0.044151
50,46,304,0.003323,0.000078,857206.000000,35743.000000,0.041697
51,46,304,0.003325,0.000077,890242.000000,39836.000000,0.044747
52,47,304,0.003322,0.000079,891471.000000,39653.000000,0.044480
53,48,304,0.003325,0.000081,898599.000000,41446.000000,0.046123
54,49,304,0.003315,0.000084,966458.000000,41924.000000,0.043379
55,49,304,0.003326,0.000062,916741.000000,35675.000000,0.038915
56,50,304,0.003322,0.000083,941891.000000,40355.000000,0.042845
57,51,304,0.003325,0.000066,959665.000000,40916.000000,0.042636
58,52,304,0.003325,0.000079,956288.000000,41864.000000,0.043778
59,53,304,0.003323,0.000092,942874.000000,41319.000000,0.043822
60,54,300,0.003321,0.000093,910516.000000,37650.000000,0.041350
61,55,300,0.003323,0.000092,969369.000000,41837.000000,0.043159
62,56,300,0.003320,0.000088,958961.000000,40845.000000,0.042593
63,57,300,0.003326,0.000093,958992.000000,40980.000000,0.042732
64,57,300,0.003319,0.000091,965963.000000,40656.000000,0.042089
65,58,300,0.003326,0.000088,935127.000000,37221.000000,0.039803
66,59,300,0.003321,0.000100,972119.000000,41612.000000,0.042805
67,60,300,0.003323,0.000102,987908.000000,41699.000000,0.042209
68,61,300,0.003322,0.000097,997129.000000,41340.000000,0.041459
69,61,300,0.003328,0.000091,1010175.000000,43343.000000,0.042906
70,62,300,0.003319,0.000104,974861.000000,37498.000000,0.038465
71,63,300,0.003323,0.000085,1018989.000000,41773.000000,0.040995
72,64,300,0.003325,0.000099,1012600.000000,42443.000000,0.041915
73,65,300,0.003322,0.000108,1009482.000000,41519.000000,0.041129
74,65,300,0.003323,0.000105,1026203.000000,41960.000000,0.040889
75,66,300,0.003324,0.000102,998803.000000,38803.000000,0.038850
76,67,300,0.003325,0.000116,1050942.000000,42534.000000,0.040472
77,67,300,0.003320,0.000099,1062954.000000,43125.000000,0.040571
78,68,300,0.003327,0.000105,1034903.000000,42246.000000,0.040821
79,69,300,0.003320,0.000116,1044470.000000,42162.000000,0.040367
80,70,300,0.003325,0.000109,1023172.000000,39025.000000,0.038141
81,70,300,0.003321,0.000104,1071977.000000,42548.000000,0.039691
82,71,300,0.003328,0.000097,1051481.000000,42423.000000,0.040346
83,72,300,0.003320,0.000120,1057895.000000,42347.000000,0.040029
84,72,300,0.003323,0.000111,1138677.000000,43678.000000,0.038359
85,73,300,0.003323,0.000106,1092970.000000,41459.000000,0.037932
86,74,300,0.003325,0.000143,1139941.000000,45254.000000,0.039699
87,75,300,0.003319,0.000133,1164878.000000,45338.000000,0.038921
88,76,300,0.003326,0.000117,1161781.000000,44918.000000,0.038663
89,76,300,0.003323,0.000111,1142005.000000,44771.000000,0.039204
90,77,300,0.003325,0.000129,1126142.000000,41274.000000,0.036651
91,77,300,0.003323,0.000111,1133781.000000,44390.000000,0.039152
92,77,300,0.003327,0.000124,1129801.000000,44043.000000,0.038983
93,77,300,0.003320,0.000110,1150052.000000,44291.000000,0.038512
94,78,300,0.003327,0.000142,1154359.000000,46930.000000,0.040655
95,79,300,0.003321,0.000130,1140942.000000,43172.000000,0.037839
96,80,300,0.003322,0.000152,1216098.000000,46979.000000,0.038631
97,81,300,0.003321,0.000167,1228350.000000,47086.000000,0.038333
98,82,300,0.003326,0.000156,1248842.000000,47402.000000,0.037957
99,83,300,0.003323,0.000160,1258664.000000,47974.000000,0.038115
100,84,300,0.003321,0.000173,1252016.000000,43541.000000,0.034777
101,85,300,0.003328,0.000143,1284061.000000,46841.000000,0.036479
102,86,300,0.003319,0.000167,1306723.000000,47631.000000,0.036451
103,87,300,0.003324,0.000137,1310020.000000,46603.000000,0.035574
104,88,300,0.003324,0.000144,1291933.000000,47260.000000,0.036581
105,89,300,0.003326,0.000160,1276176.000000,44560.000000,0.034917
106,89,300,0.003322,0.000142,1287101.000000,47102.000000,0.036595
107,89,300,0.003324,0.000186,1313776.000000,47203.000000,0.035929
108,90,300,0.003323,0.000170,1323917.000000,47975.000000,0.036237
109,91,300,0.003326,0.000150,1335328.000000,48256.000000,0.036138
110,92,300,0.003323,0.000161,1309332.000000,44383.000000,0.033897
111,93,300,0.003325,0.000175,1378045.000000,48083.000000,0.034892
112,94,300,0.003322,0.000165,1378180.000000,48041.000000,0.034858
113,94,300,0.003325,0.000180,1408351.000000,48377.000000,0.034350
114,95,300,0.003323,0.000169,1411277.000000,48334.000000,0.034248
115,95,300,0.003326,0.000164,1366623.000000,44119.000000,0.032283
116,95,300,0.003323,0.000164,1405573.000000,48569.000000,0.034555
117,96,300,0.003326,0.000202,1470646.000000,50524.000000,0.034355
118,97,300,0.003322,0.000177,1436452.000000,49074.000000,0.034163
119,98,300,0.003331,0.000199,1461806.000000,52088.000000,0.035633
120,99,300,0.003343,0.000236,1368145.000000,46903.000000,0.034282
121,100,300,0.003339,0.000277,1398060.000000,50868.000000,0.036385
122,100,300,0.003355,0.000216,1392772.000000,51324.000000,0.036850
123,101,300,0.003344,0.000209,1410754.000000,50453.000000,0.035763
124,102,300,0.003365,0.000260,1443668.000000,52431.000000,0.036318
125,103,300,0.003349,0.000214,1427539.000000,48029.000000,0.033645
126,104,300,0.003352,0.000228,1455596.000000,51438.000000,0.035338
127,104,300,0.003350,0.000247,1433268.000000,50207.000000,0.035030
128,105,300,0.003328,0.000343,1573228.000000,52519.000000,0.033383
129,106,300,0.003321,0.000230,1573803.000000,51107.000000,0.032474
130,107,300,0.003326,0.000275,1596520.000000,49234.000000,0.030838
131,108,300,0.003322,0.000233,1649958.000000,52251.000000,0.031668
132,109,300,0.003326,0.000252,1679124.000000,51928.000000,0.030926
133,110,300,0.003324,0.000293,1670085.000000,52569.000000,0.031477
134,111,300,0.003324,0.000275,1685522.000000,53654.000000,0.031832
135,112,300,0.003324,0.000262,1654883.000000,48597.000000,0.029366
136,112,300,0.003323,0.000293,1729751.000000,52661.000000,0.030444
137,113,300,0.003321,0.000311,1756772.000000,54671.000000,0.031120
138,114,300,0.003327,0.000279,1803480.000000,53728.000000,0.029791
139,114,300,0.003325,0.000311,1778232.000000,51699.000000,0.029073
140,114,300,0.003321,0.000315,1788467.000000,48436.000000,0.027082
141,115,300,0.003321,0.000320,1859504.000000,51845.000000,0.027881
142,115,300,0.003328,0.000266,1863304.000000,52305.000000,0.028071
143,116,300,0.003319,0.000330,1867423.000000,53206.000000,0.028492
144,117,300,0.003327,0.000296,1857795.000000,52807.000000,0.028425
145,118,300,0.003319,0.000337,1822639.000000,49470.000000,0.027142
146,119,300,0.003328,0.000359,1842243.000000,54569.000000,0.029621
147,120,300,0.003321,0.000343,1919425.000000,53385.000000,0.027813
148,121,300,0.003320,0.000394,1975276.000000,54456.000000,0.027569
149,122,300,0.003326,0.000324,1996626.000000,53934.000000,0.027013
150,123,300,0.003331,0.000348,2006809.000000,50579.000000,0.025204
151,123,300,0.003315,0.000486,2040507.000000,55671.000000,0.027283
152,124,300,0.003324,0.000353,2087436.000000,55082.000000,0.026387
153,125,300,0.003328,0.000348,2065627.000000,54584.000000,0.026425
154,126,300,0.003319,0.000403,2086479.000000,55117.000000,0.026416
155,127,300,0.003326,0.000359,2068296.000000,51901.000000,0.025094
156,128,300,0.003323,0.000360,2104763.000000,55255.000000,0.026252
157,129,300,0.003323,0.000408,2146180.000000,55850.000000,0.026023
158,129,300,0.003322,0.000375,2166529.000000,55792.000000,0.025752
159,130,300,0.003327,0.000372,2169509.000000,55247.000000,0.025465
160,131,300,0.003320,0.000440,2192026.000000,53125.000000,0.024236
161,132,300,0.003328,0.000434,2276337.000000,63070.000000,0.027707
162,133,300,0.003320,0.000406,2277368.000000,56551.000000,0.024832
163,134,300,0.003325,0.000452,2288289.000000,57464.000000,0.025112
164,135,300,0.003319,0.000455,2361837.000000,58330.000000,0.024697
165,136,300,0.003327,0.000413,2343816.000000,54640.000000,0.023312
166,137,300,0.003320,0.000523,2419909.000000,61809.000000,0.025542
167,138,300,0.003326,0.000436,2422886.000000,59068.000000,0.024379
168,139,300,0.003323,0.000409,2403334.000000,59045.000000,0.024568
169,140,300,0.003326,0.000491,2454342.000000,60132.000000,0.024500
170,141,300,0.003319,0.000497,2460004.000000,55363.000000,0.022505
171,142,300,0.003326,0.000448,2497250.000000,59668.000000,0.023893
172,143,300,0.003318,0.000425,2564690.000000,61754.000000,0.024079
173,143,300,0.003330,0.000519,2583235.000000,63744.000000,0.024676
174,143,300,0.003315,0.000487,2634889.000000,64396.000000,0.024440
175,143,300,0.003322,0.000429,2600296.000000,58702.000000,0.022575
176,144,300,0.003324,0.000550,2707113.000000,69222.000000,0.025570
177,144,300,0.003323,0.000439,2641919.000000,60971.000000,0.023078
178,145,300,0.003323,0.000605,2689267.000000,65562.000000,0.024379
179,146,300,0.003325,0.000506,2691777.000000,62409.000000,0.023185
180,147,300,0.003328,0.000469,2665657.000000,58234.000000,0.021846
181,148,300,0.003320,0.000577,2742564.000000,63153.000000,0.023027
182,149,300,0.003326,0.000537,2792764.000000,64356.000000,0.023044
183,150,300,0.003324,0.000486,2822285.000000,63643.000000,0.022550
184,150,300,0.003325,0.000614,2877026.000000,64761.000000,0.022510
185,151,300,0.003321,0.000558,2888540.000000,61868.000000,0.021418
186,152,300,0.003326,0.000524,2941243.000000,64881.000000,0.022059
187,153,300,0.003321,0.000622,2952826.000000,65002.000000,0.022013
188,154,300,0.003326,0.000587,3027525.000000,66844.000000,0.022079
189,154,300,0.003321,0.000560,3056760.000000,66167.000000,0.021646
190,155,300,0.003325,0.000653,3030320.000000,63254.000000,0.020874
191,156,300,0.003324,0.000540,3124165.000000,67908.000000,0.021736
192,157,300,0.003321,0.000613,3238584.000000,69760.000000,0.021540
193,157,300,0.003322,0.000536,3151523.000000,66760.000000,0.021183
194,158,300,0.003326,0.000605,3141503.000000,66634.000000,0.021211
195,158,300,0.003322,0.000589,3108823.000000,64290.000000,0.020680
196,159,300,0.003324,0.000622,3148885.000000,68319.000000,0.021696
197,160,300,0.003320,0.000606,3176942.000000,66935.000000,0.021069
198,161,300,0.003326,0.000599,3214713.000000,69511.000000,0.021623
199,161,300,0.003322,0.000685,3206947.000000,67108.000000,0.020926
200,162,300,0.003323,0.000552,3186442.000000,63571.000000,0.019950
201,163,300,0.003326,0.000614,3265168.000000,69536.000000,0.021296
202,164,300,0.003324,0.000716,3299322.000000,69376.000000,0.021027
203,165,300,0.003385,0.000863,3395536.000000,84406.000000,0.024858
204,165,300,0.003367,0.000614,3360751.000000,69980.000000,0.020823
205,166,300,0.003374,0.000885,3483050.000000,85498.000000,0.024547
206,167,300,0.003364,0.000670,3478098.000000,70909.000000,0.020387
207,167,300,0.003372,0.000763,3652420.000000,84877.000000,0.023239
208,168,300,0.003342,0.000727,3595759.000000,73380.000000,0.020407
209,168,300,0.003370,0.000683,3609362.000000,73188.000000,0.020277
210,169,300,0.003373,0.000719,3574585.000000,69513.000000,0.019446
211,170,300,0.003377,0.000721,3633377.000000,72302.000000,0.019899
212,171,300,0.003365,0.000705,3710373.000000,74735.000000,0.020142
213,172,300,0.003390,0.000754,3737640.000000,75619.000000,0.020232
214,173,300,0.003374,0.000777,3777926.000000,75016.000000,0.019856
215,174,299,0.003381,0.000771,3781633.000000,72411.000000,0.019148
216,175,299,0.003377,0.000865,3898901.000000,77337.000000,0.019836
217,176,299,0.003381,0.000749,3880680.000000,75425.000000,0.019436
218,177,299,0.003376,0.000803,3911734.000000,76611.000000,0.019585
219,177,299,0.003383,0.000788,3907801.000000,75782.000000,0.019392
220,178,299,0.003377,0.000762,3882640.000000,72618.000000,0.018703
221,179,299,0.003328,0.000799,4041366.000000,77469.000000,0.019169
222,180,299,0.003318,0.000842,4143172.000000,77786.000000,0.018775
223,180,299,0.003325,0.000772,4163498.000000,76598.000000,0.018398
224,181,299,0.003321,0.000750,4177940.000000,77663.000000,0.018589
225,181,299,0.003362,0.000813,4099729.000000,73554.000000,0.017941
226,182,299,0.003417,0.000792,4219810.000000,80129.000000,0.018989
227,183,299,0.003382,0.000844,4152941.000000,78994.000000,0.019021
228,184,299,0.003377,0.000822,4209641.000000,80112.000000,0.019031
229,184,299,0.003380,0.000859,4226264.000000,81248.000000,0.019225
230,185,299,0.003378,0.000846,4226528.000000,75549.000000,0.017875
231,185,298,0.003374,0.000842,4291857.000000,79840.000000,0.018603
232,186,298,0.003382,0.000954,4282970.000000,79105.000000,0.018470
233,186,298,0.003381,0.000879,4285939.000000,79889.000000,0.018640
234,187,298,0.003392,0.000979,4298248.000000,82220.000000,0.019129
235,188,298,0.003383,0.000925,4276221.000000,78518.000000,0.018362
236,189,298,0.003375,0.000877,4359484.000000,82237.000000,0.018864
237,190,298,0.003394,0.001032,4376017.000000,82374.000000,0.018824
238,191,298,0.003381,0.000941,4400222.000000,83011.000000,0.018865
239,192,298,0.003385,0.000951,4366554.000000,78209.000000,0.017911
240,193,298,0.003381,0.000920,4433441.000000,83972.000000,0.018941
241,194,298,0.003376,0.000861,4431898.000000,81355.000000,0.018357
242,195,297,0.003354,0.000974,4475190.000000,84080.000000,0.018788
243,195,297,0.003384,0.000903,4460432.000000,81754.000000,0.018329
244,196,297,0.003374,0.000869,4431627.000000,79312.000000,0.017897
245,197,297,0.003328,0.000960,4542029.000000,82663.000000,0.018200
246,198,297,0.003324,0.000935,4616923.000000,84863.000000,0.018381
247,199,297,0.003319,0.000887,4635086.000000,83715.000000,0.018061
248,200,297,0.003326,0.000973,4647182.000000,85325.000000,0.018361
249,201,297,0.003320,0.000913,4651585.000000,80123.000000,0.017225
250,202,297,0.003325,0.001338,4927247.000000,95508.000000,0.019384
251,203,297,0.003322,0.001056,4825967.000000,92681.000000,0.019205
252,203,297,0.003328,0.000985,4912083.000000,86387.000000,0.017587
253,204,297,0.003319,0.000967,5009305.000000,85845.000000,0.017137
254,204,297,0.003328,0.001107,4938419.000000,83245.000000,0.016857
255,204,297,0.003320,0.001060,4992315.000000,86891.000000,0.017405
256,205,297,0.003325,0.000960,5050636.000000,87481.000000,0.017321
257,206,297,0.003319,0.001159,5122904.000000,90272.000000,0.017621
258,206,297,0.003326,0.001049,5150072.000000,88024.000000,0.017092
259,207,297,0.003323,0.000990,5125708.000000,84140.000000,0.016415
260,208,297,0.003331,0.001169,5203380.000000,90011.000000,0.017299
261,209,297,0.003312,0.001153,5293218.000000,93618.000000,0.017686
262,210,297,0.003322,0.001049,5374829.000000,90427.000000,0.016824
263,211,297,0.003398,0.001026,5301833.000000,93108.000000,0.017561
264,212,297,0.003386,0.001117,5357776.000000,89078.000000,0.016626
265,212,297,0.003374,0.001002,5328151.000000,91481.000000,0.017169
266,213,297,0.003397,0.001183,5446752.000000,94234.000000,0.017301
267,214,297,0.003384,0.001096,5514803.000000,93959.000000,0.017038
268,215,297,0.003399,0.001229,5563305.000000,97990.000000,0.017614
269,215,297,0.003410,0.001168,5515571.000000,91924.000000,0.016666
270,216,297,0.003363,0.001117,5550808.000000,94808.000000,0.017080
271,216,297,0.003401,0.001150,5529608.000000,93456.000000,0.016901
272,217,297,0.003387,0.001189,5608177.000000,95729.000000,0.017070
273,218,297,0.003401,0.001276,5632851.000000,96483.000000,0.017129
274,219,297,0.003392,0.001194,5630136.000000,92361.000000,0.016405
275,220,297,0.003379,0.001069,5713196.000000,97430.000000,0.017054
276,220,297,0.003406,0.001287,5872838.000000,98250.000000,0.016730
277,220,297,0.003407,0.001174,5927574.000000,99313.000000,0.016754
278,220,297,0.003403,0.001200,5792574.000000,95193.000000,0.016434
279,221,297,0.003393,0.001235,5806435.000000,94583.000000,0.016289
280,221,297,0.003375,0.001130,5992045.000000,98810.000000,0.016490
281,221,297,0.003405,0.001244,6049381.000000,99525.000000,0.016452
282,222,297,0.003397,0.001260,6231571.000000,100096.000000,0.016063
283,223,297,0.003401,0.001261,6155170.000000,98377.000000,0.015983
284,224,296,0.003396,0.001273,6228566.000000,97619.000000,0.015673
285,225,296,0.003362,0.001196,6359750.000000,102068.000000,0.016049
286,226,296,0.003399,0.001344,6531569.000000,103628.000000,0.015866
287,227,296,0.003398,0.001226,6443045.000000,101855.000000,0.015809
288,227,296,0.003415,0.001466,6553606.000000,106478.000000,0.016247
289,228,296,0.003405,0.001337,6675680.000000,115550.000000,0.017309
290,229,296,0.003397,0.001257,6514308.000000,104135.000000,0.015986
291,230,296,0.003402,0.001356,6514412.000000,104256.000000,0.016004
292,231,296,0.003394,0.001233,6513980.000000,102805.000000,0.015782
293,232,296,0.003412,0.001347,6538137.000000,103564.000000,0.015840
294,233,296,0.003398,0.001382,6573432.000000,99667.000000,0.015162
295,234,296,0.003402,0.001263,6678449.000000,104524.000000,0.015651
296,235,296,0.003395,0.001291,6765243.000000,105745.000000,0.015631
297,236,296,0.003400,0.001293,6787915.000000,106353.000000,0.015668
298,237,296,0.003409,0.001507,6855214.000000,107649.000000,0.015703
299,238,296,0.003400,0.001311,6832537.000000,103006.000000,0.015076
300,238,296,0.003399,0.001307,6943643.000000,106581.000000,0.015349
301,239,296,0.003409,0.001496,7045408.000000,109262.000000,0.015508
302,240,296,0.003391,0.001358,7113965.000000,110124.000000,0.015480
303,241,296,0.003416,0.001460,7074879.000000,104840.000000,0.014819
304,242,296,0.003406,0.001540,7158861.000000,110577.000000,0.015446
305,243,296,0.003409,0.001394,7329551.000000,112472.000000,0.015345
306,244,296,0.003437,0.001565,7305340.000000,111243.000000,0.015228
307,244,295,0.003406,0.001440,7318154.000000,111399.000000,0.015222
308,245,295,0.003411,0.001600,7327069.000000,108015.000000,0.014742
309,246,295,0.003389,0.001954,7614797.000000,125599.000000,0.016494
310,247,295,0.003418,0.001455,7451237.000000,113567.000000,0.015241
311,248,295,0.003404,0.001564,7502260.000000,113667.000000,0.015151
312,249,295,0.003406,0.001465,7658373.000000,115113.000000,0.015031
313,250,295,0.003417,0.001685,7807195.000000,113832.000000,0.014580
314,251,295,0.003410,0.001516,7925950.000000,118595.000000,0.014963
315,252,294,0.003418,0.001688,7986570.000000,119102.000000,0.014913
316,252,294,0.003418,0.001603,8112956.000000,119641.000000,0.014747
317,253,294,0.003407,0.001587,8106734.000000,119398.000000,0.014728
318,254,294,0.003448,0.001711,8220209.000000,117487.000000,0.014292
319,255,294,0.003413,0.001609,8248808.000000,118558.000000,0.014373
320,255,294,0.003427,0.001872,8429629.000000,123756.000000,0.014681
321,256,294,0.003418,0.001663,8487613.000000,122107.000000,0.014386
322,257,293,0.003429,0.001927,8704887.000000,126791.000000,0.014565
323,257,293,0.003419,0.001701,8586783.000000,119083.000000,0.013868
324,257,293,0.003415,0.001699,8632044.000000,125300.000000,0.014516
325,258,293,0.003417,0.001700,8683707.000000,123507.000000,0.014223
326,258,293,0.003418,0.001705,8756509.000000,125532.000000,0.014336
327,259,293,0.003426,0.001839,8768948.000000,125149.000000,0.014272
328,260,293,0.003419,0.001717,8783641.000000,122892.000000,0.013991
329,261,293,0.003420,0.001758,8841428.000000,126595.000000,0.014318
330,261,293,0.003423,0.001723,8877783.000000,126899.000000,0.014294
331,262,293,0.003421,0.001757,8888645.000000,126531.000000,0.014235
332,263,293,0.003427,0.001843,8938793.000000,127938.000000,0.014313
333,264,293,0.003423,0.001813,8974749.000000,124211.000000,0.013840
334,265,293,0.003429,0.001925,9108233.000000,131219.000000,0.014407
335,266,293,0.003425,0.001804,9176776.000000,130358.000000,0.014205
336,267,293,0.003426,0.001859,9401816.000000,132578.000000,0.014101
337,268,293,0.003424,0.001872,9474191.000000,132513.000000,0.013987
338,269,293,0.003445,0.002202,9501957.000000,138227.000000,0.014547
339,269,293,0.003429,0.001917,9536569.000000,132964.000000,0.013943
340,270,293,0.003432,0.001913,9638121.000000,138238.000000,0.014343
341,270,293,0.003428,0.001895,9668045.000000,132740.000000,0.013730
342,271,292,0.003430,0.001931,9744171.000000,131238.000000,0.013468
343,272,292,0.003432,0.001971,9906934.000000,135663.000000,0.013694
344,273,292,0.003391,0.001914,9829123.000000,134523.000000,0.013686
345,273,292,0.003424,0.001986,9900464.000000,135219.000000,0.013658
346,274,292,0.003432,0.001968,10056639.000000,137051.000000,0.013628
347,274,292,0.003432,0.001969,9942969.000000,131606.000000,0.013236
348,275,292,0.003434,0.002011,10069607.000000,137247.000000,0.013630
349,275,292,0.003438,0.002073,10163770.000000,139254.000000,0.013701
350,276,292,0.003437,0.001946,10059521.000000,135858.000000,0.013505
351,277,292,0.003436,0.001992,10118729.000000,136071.000000,0.013447
352,278,292,0.003432,0.001983,10198222.000000,135464.000000,0.013283
353,278,292,0.003431,0.002075,10412317.000000,141300.000000,0.013570
354,279,292,0.003435,0.002019,10265425.000000,142286.000000,0.013861
355,280,292,0.003437,0.002074,10433135.000000,140261.000000,0.013444
356,281,292,0.003436,0.002037,10499813.000000,141889.000000,0.013513
357,282,292,0.003439,0.002106,10558147.000000,138871.000000,0.013153
358,282,292,0.003440,0.002083,10731619.000000,142876.000000,0.013314
359,283,292,0.003440,0.002141,10663463.000000,143311.000000,0.013439
360,283,292,0.003439,0.002097,10763430.000000,144758.000000,0.013449
361,284,292,0.003442,0.002161,10952130.000000,145115.000000,0.013250
362,285,291,0.003447,0.002153,10837837.000000,141730.000000,0.013077
363,286,291,0.003446,0.002201,10985057.000000,145600.000000,0.013254
364,286,291,0.003447,0.002156,11074848.000000,147489.000000,0.013317
365,287,291,0.003439,0.002240,11119422.000000,146219.000000,0.013150
366,288,291,0.003443,0.002205,11173157.000000,147809.000000,0.013229
367,288,291,0.003366,0.002569,11205158.000000,152456.000000,0.013606
368,289,291,0.003454,0.002438,11193400.000000,147941.000000,0.013217
369,290,291,0.003448,0.002265,11227259.000000,148226.000000,0.013202
370,291,291,0.003442,0.002204,11251876.000000,148238.000000,0.013175
371,292,291,0.003440,0.002295,11292754.000000,146042.000000,0.012932
372,293,291,0.003447,0.002264,11554908.000000,150848.000000,0.013055
373,294,291,0.003453,0.002269,11472366.000000,148811.000000,0.012971
374,294,291,0.003443,0.002310,11549954.000000,151219.000000,0.013093
375,295,291,0.003449,0.002290,11579406.000000,149089.000000,0.012875
376,296,291,0.003355,0.002397,11629888.000000,148648.000000,0.012782
377,297,291,0.003352,0.002317,11742652.000000,150213.000000,0.012792
378,298,291,0.003360,0.002332,11881634.000000,151480.000000,0.012749
379,299,291,0.003350,0.002319,11877515.000000,151899.000000,0.012789
380,300,291,0.003357,0.002377,12066986.000000,154778.000000,0.012827
381,301,292,0.003354,0.002402,12088016.000000,151186.000000,0.012507
382,302,292,0.003358,0.002389,12228933.000000,154767.000000,0.012656
383,303,292,0.003354,0.002429,12333480.000000,158352.000000,0.012839
384,304,292,0.003363,0.002472,12481126.000000,160831.000000,0.012886
385,305,292,0.003363,0.002436,12352613.000000,157520.000000,0.012752
386,306,292,0.003355,0.002478,12391161.000000,156733.000000,0.012649
387,307,292,0.003355,0.002426,12456122.000000,160038.000000,0.012848
388,308,292,0.003361,0.002492,12645697.000000,161659.000000,0.012784
389,308,292,0.003336,0.002505,12659846.000000,160669.000000,0.012691
390,309,292,0.003362,0.002535,12679245.000000,160727.000000,0.012676
391,310,292,0.003365,0.002553,12727020.000000,160083.000000,0.012578
392,311,293,0.003365,0.002598,12960179.000000,166053.000000,0.012813
393,312,293,0.003364,0.002558,13012436.000000,163685.000000,0.012579
394,313,293,0.003368,0.002620,13210629.000000,167189.000000,0.012656
395,313,293,0.003404,0.003062,13347197.000000,177535.000000,0.013301
396,313,293,0.003367,0.002592,12994253.000000,159970.000000,0.012311
397,314,293,0.003338,0.002723,13156083.000000,168907.000000,0.012839
398,315,293,0.003365,0.002608,13109329.000000,165743.000000,0.012643
399,315,293,0.003366,0.002624,13171945.000000,167211.000000,0.012694
400,315,293,0.003368,0.002621,13263015.000000,166641.000000,0.012564
401,316,293,0.003365,0.002626,13309749.000000,162911.000000,0.012240
402,316,293,0.003367,0.002632,13268495.000000,166008.000000,0.012511
403,317,294,0.003366,0.002618,13305405.000000,167428.000000,0.012583
404,318,294,0.003369,0.002669,13451766.000000,168769.000000,0.012546
405,319,294,0.003368,0.002657,13522132.000000,169275.000000,0.012518
406,319,294,0.003368,0.002661,13418891.000000,163060.000000,0.012152
407,319,294,0.003369,0.002669,13536730.000000,167949.000000,0.012407
408,320,294,0.003370,0.002698,13554676.000000,167865.000000,0.012384
409,321,294,0.003371,0.002708,13590462.000000,167615.000000,0.012333
410,322,294,0.003371,0.002724,13638974.000000,170065.000000,0.012469
411,323,294,0.003369,0.002673,13617414.000000,164900.000000,0.012109
412,324,294,0.003373,0.002754,13739248.000000,170198.000000,0.012388
413,325,294,0.003346,0.002726,13759813.000000,170735.000000,0.012408
414,326,294,0.003375,0.002770,13833999.000000,172797.000000,0.012491
415,327,295,0.003374,0.002761,13904066.000000,173283.000000,0.012463
416,328,295,0.003375,0.002791,14128773.000000,169204.000000,0.011976
417,329,295,0.003376,0.002814,14234090.000000,176195.000000,0.012378
418,330,295,0.003377,0.002841,14308194.000000,175543.000000,0.012269
419,331,295,0.003376,0.002822,14300495.000000,173902.000000,0.012161
420,332,295,0.003383,0.002885,14460818.000000,177736.000000,0.012291
421,332,295,0.003384,0.002899,14607948.000000,174564.000000,0.011950
422,333,295,0.003375,0.002831,14418927.000000,176645.000000,0.012251
423,334,295,0.003379,0.002857,14443274.000000,175537.000000,0.012154
424,335,295,0.003380,0.002875,14529585.000000,177972.000000,0.012249
425,336,296,0.003383,0.002917,14724681.000000,178564.000000,0.012127
426,337,296,0.003419,0.003048,14769109.000000,182569.000000,0.012362
427,338,296,0.003339,0.002980,15010099.000000,180493.000000,0.012025
428,338,296,0.003341,0.002991,15062263.000000,180156.000000,0.011961
429,339,296,0.003368,0.003010,15080621.000000,181741.000000,0.012051
430,340,296,0.003358,0.003016,15177174.000000,181674.000000,0.011970
431,341,296,0.003360,0.003038,15222352.000000,180378.000000,0.011850
432,342,296,0.003399,0.003036,15382071.000000,186980.000000,0.012156
433,342,296,0.003400,0.003078,15388848.000000,183860.000000,0.011948
434,342,296,0.003447,0.003064,15493262.000000,186339.000000,0.012027
435,343,296,0.003425,0.003101,15530510.000000,184258.000000,0.011864
436,344,296,0.003454,0.003102,15648156.000000,186022.000000,0.011888
437,345,296,0.003425,0.003084,15560368.000000,186600.000000,0.011992
438,346,296,0.003497,0.003160,15902282.000000,188164.000000,0.011833
439,346,296,0.003544,0.003175,15947420.000000,188711.000000,0.011833
440,346,295,0.003486,0.003164,15916861.000000,185382.000000,0.011647
441,347,295,0.003497,0.003170,16000192.000000,188140.000000,0.011759
442,347,295,0.003552,0.003222,16076412.000000,191537.000000,0.011914
443,348,295,0.003533,0.003204,16105184.000000,190489.000000,0.011828
444,348,294,0.003564,0.003230,16176315.000000,191894.000000,0.011863
445,349,294,0.003551,0.003225,16208405.000000,188106.000000,0.011605
446,350,294,0.003610,0.003264,16444343.000000,194866.000000,0.011850
447,351,293,0.003585,0.003247,16311903.000000,192332.000000,0.011791
448,352,293,0.003705,0.003344,16563930.000000,195388.000000,0.011796
449,353,292,0.003680,0.003326,16650101.000000,194614.000000,0.011688
450,354,292,0.003705,0.003361,16785790.000000,195006.000000,0.011617
451,355,291,0.003715,0.003381,16894597.000000,198919.000000,0.011774
452,356,291,0.003746,0.003399,17032027.000000,200577.000000,0.011776
453,356,290,0.003823,0.003457,17166077.000000,202474.000000,0.011795
454,357,289,0.003876,0.003422,17195928.000000,198324.000000,0.011533
455,357,288,0.004410,0.003707,17093002.000000,203447.000000,0.011902
456,357,287,0.004063,0.003428,17120566.000000,199818.000000,0.011671
457,358,286,0.004100,0.003406,17247219.000000,202188.000000,0.011723
458,359,285,0.004065,0.003433,17399336.000000,199027.000000,0.011439
459,359,284,0.004045,0.003424,17217990.000000,200889.000000,0.011667
460,360,283,0.004054,0.003449,17222802.000000,201203.000000,0.011682
461,361,282,0.004071,0.003450,17264037.000000,201076.000000,0.011647
462,362,281,0.004085,0.003423,17311755.000000,198036.000000,0.011439
463,363,280,0.004098,0.003424,17421317.000000,202247.000000,0.011609
464,363,279,0.004144,0.003511,17612965.000000,203677.000000,0.011564
465,364,278,0.004132,0.003525,17586078.000000,206007.000000,0.011714
466,365,277,0.004156,0.003548,17671706.000000,203029.000000,0.011489
467,366,276,0.004442,0.003749,17846634.000000,208229.000000,0.011668
468,366,275,0.004172,0.003535,17962860.000000,208460.000000,0.011605
469,366,274,0.004255,0.003630,18142684.000000,207841.000000,0.011456
470,367,273,0.004254,0.003602,18106858.000000,206129.000000,0.011384
471,368,272,0.004284,0.003636,18277335.000000,207714.000000,0.011365
472,369,270,0.004416,0.003782,18704529.000000,215107.000000,0.011500
473,370,269,0.004286,0.003662,18567399.000000,213253.000000,0.011485
474,371,268,0.004426,0.003792,18783474.000000,211302.000000,0.011249
475,372,267,0.004372,0.003740,18894805.000000,217062.000000,0.011488
476,373,265,0.004463,0.003783,18925937.000000,217054.000000,0.011469
477,374,264,0.004448,0.003819,19081862.000000,217267.000000,0.011386
478,374,263,0.004389,0.004037,19352982.000000,221020.000000,0.011420
479,374,262,0.004244,0.003879,19438052.000000,219387.000000,0.011286
480,375,261,0.004198,0.003866,19255381.000000,218408.000000,0.011343
481,376,260,0.004198,0.003852,19321933.000000,218658.000000,0.011317
482,376,259,0.004202,0.003890,19389282.000000,214146.000000,0.011045
483,377,258,0.004239,0.003873,19489030.000000,221480.000000,0.011364
484,378,257,0.004254,0.003910,19618967.000000,221027.000000,0.011266
485,379,256,0.004316,0.003959,19864555.000000,223325.000000,0.011242
486,380,255,0.004342,0.004022,19963439.000000,219659.000000,0.011003
487,380,254,0.004337,0.003991,20046366.000000,221797.000000,0.011064
488,381,253,0.004386,0.004031,20190590.000000,226825.000000,0.011234
489,382,252,0.004371,0.004023,20248414.000000,223228.000000,0.011024
490,383,251,0.004381,0.004056,20211824.000000,226252.000000,0.011194
491,383,250,0.004368,0.004030,20191580.000000,224832.000000,0.011135
492,384,249,0.004406,0.004051,20307681.000000,227576.000000,0.011206
493,385,248,0.004456,0.004113,20494941.000000,223831.000000,0.010921
494,386,247,0.004432,0.004064,20513253.000000,228087.000000,0.011119
495,387,246,0.004522,0.004156,20736797.000000,229541.000000,0.011069
496,388,244,0.004575,0.004206,20968644.000000,230029.000000,0.010970
497,389,243,0.004563,0.004222,21004302.000000,227776.000000,0.010844
498,389,242,0.004606,0.004223,21188752.000000,233310.000000,0.011011
499,390,241,0.004614,0.004272,21269447.000000,234952.000000,0.011046
500,390,240,0.004599,0.004264,21311153.000000,234847.000000,0.011020
501,390,239,0.004772,0.004424,21372097.000000,234886.000000,0.010990
502,391,238,0.004612,0.004273,21318727.000000,235045.000000,0.011025
503,392,237,0.004619,0.004244,21369118.000000,234530.000000,0.010975
504,393,236,0.004670,0.004311,21580067.000000,234650.000000,0.010873
505,394,235,0.004656,0.004310,21593145.000000,236659.000000,0.010960
506,395,234,0.004691,0.004352,21662427.000000,235871.000000,0.010888
507,396,233,0.004710,0.004327,21734196.000000,238089.000000,0.010955
508,397,232,0.004720,0.004406,21869482.000000,237970.000000,0.010881
509,397,231,0.004710,0.004361,21875889.000000,238512.000000,0.010903
510,398,230,0.004731,0.004397,21898824.000000,238316.000000,0.010883
511,399,229,0.004718,0.004373,21906310.000000,234716.000000,0.010715
512,399,228,0.004781,0.004436,22170099.000000,241208.000000,0.010880
513,400,227,0.004802,0.004452,22273601.000000,241786.000000,0.010855
514,401,227,0.004828,0.004488,22356375.000000,242381.000000,0.010842
515,402,226,0.004830,0.004502,22364792.000000,238988.000000,0.010686
516,403,226,0.004824,0.004496,22447111.000000,244192.000000,0.010879
517,404,225,0.004834,0.004495,22497029.000000,243753.000000,0.010835
518,405,224,0.004864,0.004533,22616897.000000,242486.000000,0.010721
519,406,223,0.004939,0.004574,22794844.000000,248066.000000,0.010883
520,407,223,0.004992,0.004644,23147209.000000,251575.000000,0.010868
521,408,222,0.004975,0.004624,23025526.000000,251740.000000,0.010933
522,408,221,0.005641,0.005017,23292943.000000,252090.000000,0.010823
523,408,220,0.005257,0.004585,23231953.000000,249823.000000,0.010753
524,409,219,0.005352,0.004715,23361453.000000,253543.000000,0.010853
525,410,218,0.005290,0.004652,23312494.000000,247797.000000,0.010629
526,410,217,0.005374,0.004737,23551244.000000,251385.000000,0.010674
527,411,216,0.005324,0.004679,23590819.000000,252527.000000,0.010704
528,412,215,0.005361,0.004744,23462088.000000,248642.000000,0.010598
529,412,214,0.005315,0.004701,23486129.000000,250924.000000,0.010684
530,413,214,0.005395,0.004757,23587651.000000,252775.000000,0.010716
531,414,213,0.005418,0.004688,23675417.000000,248952.000000,0.010515
532,415,212,0.005305,0.004665,23595805.000000,251457.000000,0.010657
533,415,211,0.005538,0.004898,23989322.000000,257842.000000,0.010748
534,416,210,0.005436,0.004799,24013293.000000,252404.000000,0.010511
535,417,210,0.005490,0.004858,24042886.000000,255792.000000,0.010639
536,418,209,0.005453,0.004801,24191751.000000,258230.000000,0.010674
537,419,208,0.005517,0.004907,24249189.000000,254896.000000,0.010512
538,420,207,0.005517,0.004881,24348504.000000,261033.000000,0.010721
539,421,206,0.005549,0.004923,24404264.000000,259631.000000,0.010639
540,422,205,0.005528,0.005188,24547326.000000,263101.000000,0.010718
541,423,205,0.005210,0.004843,24513041.000000,259250.000000,0.010576
542,424,204,0.005691,0.005279,24684019.000000,266773.000000,0.010808
543,424,203,0.005261,0.004903,24627970.000000,257964.000000,0.010474
544,424,202,0.005289,0.004937,24720658.000000,262325.000000,0.010612
545,425,201,0.005315,0.004962,24782111.000000,260912.000000,0.010528
546,425,201,0.005471,0.005036,25004895.000000,271246.000000,0.010848
547,426,200,0.005304,0.004949,24883302.000000,261605.000000,0.010513
548,427,199,0.005336,0.004994,24960360.000000,261748.000000,0.010487
549,428,199,0.005346,0.004994,25031395.000000,259865.000000,0.010382
550,429,198,0.005420,0.005056,25443342.000000,266734.000000,0.010483
551,430,197,0.005360,0.004998,25132011.000000,263173.000000,0.010472
552,431,197,0.005430,0.005097,25222239.000000,262363.000000,0.010402
553,431,196,0.005395,0.005038,25292566.000000,264553.000000,0.010460
554,432,196,0.005418,0.005052,25422238.000000,264858.000000,0.010418
555,433,195,0.005489,0.005120,25697708.000000,270588.000000,0.010530
556,434,194,0.005441,0.005096,25615190.000000,265949.000000,0.010382
557,435,194,0.005530,0.005172,25897713.000000,270442.000000,0.010443
558,436,193,0.005556,0.005227,26088568.000000,273278.000000,0.010475
559,437,192,0.005948,0.005565,26290483.000000,274275.000000,0.010432
560,438,192,0.005715,0.005322,26509442.000000,278019.000000,0.010488
561,438,191,0.005627,0.005280,26201365.000000,269336.000000,0.010279
562,439,190,0.005709,0.005315,26346166.000000,274663.000000,0.010425
563,439,190,0.005701,0.005336,26354322.000000,277729.000000,0.010538
564,440,189,0.005698,0.005319,26447276.000000,274326.000000,0.010373
565,441,188,0.005817,0.005442,26859562.000000,281480.000000,0.010480
566,441,188,0.005802,0.005413,26969746.000000,280169.000000,0.010388
567,442,187,0.005826,0.005476,27028061.000000,276561.000000,0.010232
568,442,187,0.005767,0.005425,27085820.000000,278702.000000,0.010290
569,443,186,0.006256,0.005628,27133207.000000,283941.000000,0.010465
570,443,185,0.006080,0.005423,27127625.000000,281260.000000,0.010368
571,444,184,0.006155,0.005495,27311105.000000,282700.000000,0.010351
572,445,183,0.006154,0.005484,27244424.000000,282286.000000,0.010361
573,446,183,0.006069,0.005451,27208371.000000,277918.000000,0.010214
574,447,182,0.006153,0.005529,27338973.000000,285149.000000,0.010430
575,447,181,0.006097,0.005473,27308452.000000,284770.000000,0.010428
576,448,180,0.006281,0.005669,27396420.000000,281950.000000,0.010291
577,449,180,0.006176,0.005480,27425633.000000,285090.000000,0.010395
578,450,179,0.006171,0.005565,27570114.000000,283005.000000,0.010265
579,451,178,0.006210,0.005575,27649355.000000,287056.000000,0.010382
580,452,178,0.006196,0.005564,27722178.000000,288821.000000,0.010418
581,453,177,0.006206,0.005559,27726667.000000,282759.000000,0.010198
582,454,177,0.006221,0.005585,27851535.000000,289501.000000,0.010394
583,455,176,0.006231,0.005582,27934363.000000,290293.000000,0.010392
584,456,176,0.006348,0.005706,28286116.000000,287682.000000,0.010170
585,457,175,0.006328,0.005652,28293542.000000,289774.000000,0.010242
586,458,175,0.006310,0.005674,28404950.000000,287027.000000,0.010105
587,458,174,0.006467,0.005822,28717650.000000,293033.000000,0.010204
588,459,173,0.006424,0.005767,28831134.000000,294560.000000,0.010217
589,460,173,0.006306,0.005850,28937924.000000,291201.000000,0.010063
590,461,173,0.006234,0.005876,29187261.000000,294341.000000,0.010085
591,462,172,0.006386,0.005868,29227862.000000,292225.000000,0.009998
592,463,171,0.007153,0.006261,29527619.000000,302622.000000,0.010249
593,464,171,0.006699,0.005995,29598710.000000,300255.000000,0.010144
594,464,170,0.006600,0.005951,29423099.000000,296548.000000,0.010079
595,464,169,0.006687,0.006003,29555406.000000,300141.000000,0.010155
596,465,169,0.006707,0.006018,29573969.000000,297354.000000,0.010055
597,465,168,0.006512,0.005877,29527802.000000,296826.000000,0.010052
598,466,168,0.006636,0.005979,29594197.000000,300074.000000,0.010140
599,467,167,0.006789,0.006126,29698894.000000,299535.000000,0.010086
600,468,167,0.006672,0.006013,29737677.000000,302417.000000,0.010169
601,469,166,0.006696,0.006032,29795513.000000,298938.000000,0.010033
602,470,166,0.006824,0.006118,30229795.000000,309023.000000,0.010222
603,470,165,0.006708,0.006048,29950614.000000,306764.000000,0.010242
604,471,164,0.006735,0.006087,29923619.000000,302170.000000,0.010098
605,472,163,0.007155,0.006475,30293512.000000,320471.000000,0.010579
606,473,163,0.006698,0.006322,30298320.000000,310338.000000,0.010243
607,473,162,0.006584,0.006169,30533076.000000,311316.000000,0.010196
608,474,162,0.006524,0.006152,30542160.000000,308086.000000,0.010087
609,474,161,0.006506,0.006127,30575404.000000,305445.000000,0.009990
610,475,161,0.006642,0.006232,30829622.000000,312726.000000,0.010144
611,476,160,0.006563,0.006200,30872414.000000,305070.000000,0.009882
612,477,160,0.006680,0.006291,31076567.000000,311340.000000,0.010018
613,478,159,0.006689,0.006284,31217357.000000,314200.000000,0.010065
614,479,159,0.006724,0.006352,31344064.000000,309290.000000,0.009868
615,480,158,0.006676,0.006294,31213899.000000,313632.000000,0.010048
616,481,158,0.006702,0.006316,31415274.000000,311743.000000,0.009923
617,482,157,0.006795,0.006399,31615458.000000,315588.000000,0.009982
618,483,156,0.006816,0.006433,31900716.000000,319371.000000,0.010011
619,483,156,0.006724,0.006347,31667750.000000,314027.000000,0.009916
620,483,156,0.006861,0.006476,31997215.000000,318724.000000,0.009961
621,484,155,0.007033,0.006656,32114213.000000,324166.000000,0.010094
622,484,155,0.006807,0.006431,31893183.000000,315661.000000,0.009897
623,484,154,0.006789,0.006405,31881603.000000,316048.000000,0.009913
624,485,154,0.006777,0.006443,31871068.000000,313209.000000,0.009827
625,486,153,0.006791,0.006434,31965490.000000,318678.000000,0.009969
626,487,153,0.006853,0.006485,32123366.000000,318653.000000,0.009920
627,488,153,0.006877,0.006501,32284451.000000,322832.000000,0.010000
628,489,152,0.006885,0.006499,32298025.000000,323995.000000,0.010031
629,490,152,0.006941,0.006573,32622939.000000,319511.000000,0.009794
630,491,152,0.007001,0.006601,32840994.000000,325238.000000,0.009903
631,492,151,0.007020,0.006641,32958540.000000,324032.000000,0.009832
632,492,151,0.007063,0.006688,32998525.000000,327374.000000,0.009921
633,493,151,0.006974,0.006621,33015418.000000,321403.000000,0.009735
634,494,150,0.007045,0.006698,33170636.000000,329652.000000,0.009938
635,494,150,0.007039,0.006687,33161342.000000,328136.000000,0.009895
636,495,149,0.007265,0.006909,33283334.000000,329221.000000,0.009891
637,495,149,0.007125,0.006743,33284728.000000,331208.000000,0.009951
638,496,149,0.007093,0.006737,33299082.000000,326643.000000,0.009809
639,497,148,0.007064,0.006685,33295426.000000,330600.000000,0.009929
640,498,148,0.007132,0.006759,33302172.000000,327952.000000,0.009848
641,499,148,0.007164,0.006773,33436571.000000,332767.000000,0.009952
642,500,147,0.007127,0.006756,33670546.000000,333206.000000,0.009896
643,501,147,0.007254,0.006879,33964038.000000,331692.000000,0.009766
644,502,147,0.007215,0.006849,33886944.000000,335759.000000,0.009908
645,503,146,0.007277,0.006891,33955636.000000,332079.000000,0.009780
646,504,146,0.007229,0.006844,34111242.000000,336535.000000,0.009866
647,505,146,0.007532,0.007134,34416549.000000,337951.000000,0.009819
648,505,145,0.007331,0.006958,34206553.000000,338330.000000,0.009891
649,506,145,0.007304,0.006913,34261636.000000,338194.000000,0.009871
650,507,144,0.007664,0.007241,34590734.000000,339890.000000,0.009826
651,508,144,0.007539,0.007120,34404680.000000,340933.000000,0.009909
652,508,144,0.007364,0.006967,34535684.000000,339037.000000,0.009817
653,508,144,0.007405,0.006997,34699996.000000,342173.000000,0.009861
654,509,143,0.007385,0.006988,34805336.000000,339500.000000,0.009754
655,510,143,0.007468,0.007068,35006535.000000,342806.000000,0.009793
656,511,143,0.007516,0.007138,35191854.000000,343138.000000,0.009750
657,512,143,0.007481,0.007098,35262078.000000,343238.000000,0.009734
658,513,142,0.007534,0.007164,35321398.000000,342681.000000,0.009702
659,514,142,0.007539,0.007147,35460432.000000,346180.000000,0.009762
660,514,142,0.007741,0.007354,35831331.000000,358798.000000,0.010014
661,515,141,0.007994,0.007623,36077262.000000,352729.000000,0.009777
662,516,141,0.007879,0.007460,36198028.000000,355385.000000,0.009818
663,516,141,0.007845,0.007439,36394923.000000,351551.000000,0.009659
664,517,140,0.007690,0.007322,36116676.000000,350548.000000,0.009706
665,518,140,0.007715,0.007330,36178307.000000,348889.000000,0.009644
666,519,140,0.007813,0.007423,36520274.000000,354457.000000,0.009706
667,520,139,0.008528,0.008119,36939239.000000,372375.000000,0.010081
668,520,138,0.010560,0.009518,38347394.000000,391955.000000,0.010221
669,520,137,0.008353,0.007612,36892375.000000,356781.000000,0.009671
670,521,137,0.008409,0.007781,37026732.000000,365668.000000,0.009876
671,522,136,0.009098,0.008130,37395339.000000,375377.000000,0.010038
672,523,135,0.009006,0.008560,38057203.000000,378025.000000,0.009933
673,523,135,0.008555,0.008166,37809497.000000,382624.000000,0.010120
674,524,134,0.008831,0.008417,37899014.000000,382760.000000,0.010099
675,525,133,0.008868,0.008456,38201602.000000,368665.000000,0.009651
676,526,133,0.008093,0.007698,38012960.000000,358820.000000,0.009439
677,526,132,0.008138,0.007706,38315631.000000,366995.000000,0.009578
678,527,132,0.008167,0.007755,38031296.000000,363187.000000,0.009550
679,528,132,0.008170,0.007734,38130959.000000,366752.000000,0.009618
680,529,131,0.008317,0.007826,38492500.000000,370689.000000,0.009630
681,529,131,0.008644,0.008180,38544095.000000,378292.000000,0.009815
682,530,130,0.008217,0.007799,38577262.000000,382133.000000,0.009906
683,531,130,0.008491,0.008105,38910393.000000,373532.000000,0.009600
684,531,129,0.008572,0.008127,38894657.000000,372780.000000,0.009584
685,532,129,0.008548,0.008137,39310881.000000,373287.000000,0.009496
686,532,128,0.008831,0.008440,39338743.000000,380654.000000,0.009676
687,533,128,0.008221,0.007811,39415655.000000,373419.000000,0.009474
688,534,128,0.008255,0.007872,39582970.000000,372395.000000,0.009408
689,535,127,0.008327,0.007927,40026556.000000,373639.000000,0.009335
690,536,127,0.008595,0.008013,40233234.000000,383733.000000,0.009538
691,536,126,0.008617,0.008211,40295876.000000,388072.000000,0.009631
692,537,126,0.008689,0.008279,40487120.000000,377495.000000,0.009324
693,538,125,0.008438,0.008043,40491705.000000,379346.000000,0.009368
694,539,125,0.008379,0.008027,40347481.000000,374138.000000,0.009273
695,540,125,0.008469,0.008074,40504752.000000,381313.000000,0.009414
696,541,124,0.008572,0.008171,40840820.000000,378277.000000,0.009262
697,541,124,0.008794,0.008394,41139745.000000,391347.000000,0.009513
698,542,123,0.012818,0.012359,43383965.000000,457814.000000,0.010553
699,543,121,0.013953,0.013319,43964755.000000,451540.000000,0.010270
700,544,120,0.010395,0.009852,41781030.000000,396952.000000,0.009501
701,544,119,0.009307,0.008866,41267785.000000,392779.000000,0.009518
702,545,119,0.010081,0.009599,41805003.000000,406105.000000,0.009714
703,545,118,0.010618,0.010145,42133928.000000,410942.000000,0.009753
704,546,117,0.009568,0.009064,41505262.000000,401614.000000,0.009676
705,547,117,0.010428,0.009817,42094273.000000,446725.000000,0.010612
706,547,116,0.010405,0.009864,42117785.000000,408151.000000,0.009691
707,548,116,0.008811,0.008392,41405558.000000,386862.000000,0.009343
708,549,115,0.008965,0.008530,42067974.000000,394854.000000,0.009386
709,550,115,0.008879,0.008475,41866491.000000,389054.000000,0.009293
710,551,115,0.009186,0.008760,42381093.000000,405833.000000,0.009576
711,552,114,0.010206,0.009775,43084728.000000,409334.000000,0.009501
712,552,114,0.008994,0.008579,42398446.000000,396737.000000,0.009357
713,553,113,0.009550,0.009179,42816706.000000,410388.000000,0.009585
714,554,113,0.008942,0.008545,42624655.000000,395847.000000,0.009287
715,555,113,0.009113,0.008753,43001498.000000,398542.000000,0.009268
716,556,112,0.009122,0.008744,42905861.000000,401951.000000,0.009368
717,557,112,0.009049,0.008687,43092271.000000,398229.000000,0.009241
718,558,112,0.009026,0.008683,42973874.000000,395886.000000,0.009212
719,559,111,0.009042,0.008655,43075942.000000,401881.000000,0.009330
720,560,111,0.009024,0.008668,43114750.000000,396515.000000,0.009197
721,561,111,0.009728,0.009207,43463799.000000,409049.000000,0.009411
722,562,110,0.009273,0.008705,43454915.000000,400684.000000,0.009221
723,562,110,0.010136,0.009606,44115994.000000,420367.000000,0.009529
724,562,109,0.010036,0.009523,44148704.000000,419013.000000,0.009491
725,563,109,0.009305,0.008795,43543984.000000,404550.000000,0.009291
726,564,109,0.009334,0.008963,43932673.000000,406980.000000,0.009264
727,565,109,0.009236,0.008834,44061634.000000,405948.000000,0.009213
728,566,109,0.009897,0.009495,44784662.000000,427590.000000,0.009548
729,567,109,0.009311,0.008930,44254051.000000,417874.000000,0.009443
730,568,108,0.009526,0.009128,44994917.000000,426791.000000,0.009485
731,569,108,0.009325,0.008964,44663350.000000,419778.000000,0.009399
732,570,108,0.010735,0.010358,45818636.000000,436917.000000,0.009536
733,570,108,0.009510,0.009108,45113907.000000,429201.000000,0.009514
734,571,108,0.009454,0.009114,44970781.000000,423814.000000,0.009424
735,571,108,0.009481,0.009081,45094097.000000,428391.000000,0.009500
736,572,107,0.009552,0.009178,45556028.000000,427218.000000,0.009378
737,573,107,0.009456,0.009089,45223676.000000,428490.000000,0.009475
738,573,107,0.009547,0.009186,45544959.000000,425038.000000,0.009332
739,574,106,0.009580,0.009219,45703544.000000,428284.000000,0.009371
740,575,106,0.009712,0.009341,46105382.000000,434984.000000,0.009435
741,576,106,0.009625,0.009254,45869813.000000,429239.000000,0.009358
742,577,106,0.009867,0.009509,46123883.000000,437827.000000,0.009492
743,577,105,0.009713,0.009331,46093542.000000,429875.000000,0.009326
744,578,105,0.009723,0.009333,46421268.000000,434230.000000,0.009354
745,579,105,0.009779,0.009403,46606202.000000,435300.000000,0.009340
746,580,105,0.009760,0.009415,46493866.000000,434530.000000,0.009346
747,581,105,0.009739,0.009347,46602126.000000,441144.000000,0.009466
748,581,104,0.009808,0.009475,46811741.000000,438178.000000,0.009360
749,582,104,0.009824,0.009457,46921812.000000,442080.000000,0.009422
750,583,104,0.009846,0.009491,46953414.000000,438401.000000,0.009337
751,584,104,0.009868,0.009489,47059554.000000,439175.000000,0.009332
752,584,103,0.010160,0.009757,47980503.000000,449361.000000,0.009365
753,585,103,0.010075,0.009693,47925117.000000,445309.000000,0.009292
754,586,103,0.010034,0.009652,48098631.000000,448862.000000,0.009332
755,587,102,0.010106,0.009736,48268634.000000,445705.000000,0.009234
756,588,102,0.010143,0.009782,48715842.000000,449597.000000,0.009229
757,588,102,0.010194,0.009820,48807179.000000,453729.000000,0.009296
758,589,102,0.010212,0.009840,48940143.000000,450896.000000,0.009213
759,590,103,0.010256,0.009863,49145982.000000,456178.000000,0.009282
760,591,103,0.010321,0.009954,49290075.000000,452847.000000,0.009187
761,592,103,0.010217,0.009860,49074066.000000,451348.000000,0.009197
762,593,103,0.010503,0.010106,49585390.000000,463145.000000,0.009340
763,593,103,0.010370,0.010015,49582920.000000,455298.000000,0.009183
764,593,103,0.010292,0.009957,49305212.000000,452052.000000,0.009168
765,594,103,0.010306,0.009939,49431143.000000,458601.000000,0.009278
766,595,103,0.010360,0.010000,49613525.000000,455032.000000,0.009172
767,595,102,0.010407,0.010002,49814480.000000,460569.000000,0.009246
768,596,102,0.010326,0.009965,49607350.000000,455923.000000,0.009191
769,597,102,0.010412,0.010050,49786507.000000,455999.000000,0.009159
770,597,102,0.010496,0.010121,50171684.000000,460330.000000,0.009175
771,598,102,0.010406,0.010047,49931958.000000,458954.000000,0.009192
772,599,101,0.011082,0.010728,50314763.000000,464687.000000,0.009236
773,599,101,0.010501,0.010139,50228954.000000,463629.000000,0.009230
774,600,101,0.010479,0.010116,50292759.000000,459732.000000,0.009141
775,601,101,0.011058,0.010670,50848208.000000,478119.000000,0.009403
776,602,100,0.011109,0.010551,50874654.000000,470650.000000,0.009251
777,603,100,0.010704,0.010215,50762803.000000,466499.000000,0.009190
778,604,100,0.010810,0.010273,51028043.000000,473608.000000,0.009281
779,605,99,0.010823,0.010337,51280169.000000,469980.000000,0.009165
780,606,99,0.010896,0.010397,51515661.000000,473560.000000,0.009193
781,607,99,0.011063,0.010671,51873538.000000,479462.000000,0.009243
782,608,99,0.010908,0.010528,52103543.000000,474883.000000,0.009114
783,609,98,0.010824,0.010425,51922134.000000,471334.000000,0.009078
784,610,98,0.011566,0.011160,53387984.000000,492357.000000,0.009222
785,610,98,0.011207,0.010856,52522346.000000,479845.000000,0.009136
786,610,98,0.010995,0.010592,52445695.000000,476478.000000,0.009085
787,611,97,0.011023,0.010616,52699930.000000,483839.000000,0.009181
788,612,97,0.010974,0.010611,52701162.000000,477341.000000,0.009058
789,612,97,0.011020,0.010649,52784200.000000,477273.000000,0.009042
790,613,97,0.011233,0.010844,53019175.000000,485045.000000,0.009148
791,614,96,0.011161,0.010663,53124958.000000,492691.000000,0.009274
792,615,96,0.011170,0.010830,53434703.000000,485725.000000,0.009090
793,616,96,0.011130,0.010743,53555871.000000,488848.000000,0.009128
794,617,96,0.011275,0.010911,53926665.000000,492302.000000,0.009129
795,618,95,0.011185,0.010776,53685676.000000,489032.000000,0.009109
796,619,95,0.011290,0.010899,54129722.000000,496437.000000,0.009171
797,620,95,0.011284,0.010909,53934641.000000,490963.000000,0.009103
798,621,95,0.011387,0.011016,54275332.000000,493099.000000,0.009085
799,622,94,0.011644,0.011239,54471185.000000,499151.000000,0.009164
800,623,94,0.011362,0.010997,54324059.000000,495353.000000,0.009118
801,624,94,0.011335,0.010972,54386331.000000,494775.000000,0.009097
802,625,94,0.011357,0.011005,54489317.000000,495121.000000,0.009087
803,626,93,0.011434,0.011029,54636867.000000,499771.000000,0.009147
804,627,93,0.011433,0.011060,54799876.000000,497261.000000,0.009074
805,628,93,0.011500,0.011116,54979346.000000,497893.000000,0.009056
806,628,93,0.011575,0.011168,55193059.000000,502397.000000,0.009103
807,629,92,0.011607,0.011238,55217255.000000,503047.000000,0.009110
808,630,92,0.011798,0.011388,55547457.000000,505502.000000,0.009100
809,631,92,0.011811,0.011385,55867105.000000,508777.000000,0.009107
810,631,91,0.011792,0.011411,56298037.000000,506340.000000,0.008994
811,632,91,0.011797,0.011408,56298818.000000,507993.000000,0.009023
812,633,91,0.011823,0.011424,56714973.000000,515198.000000,0.009084
813,634,91,0.011831,0.011463,56805383.000000,511641.000000,0.009007
814,635,90,0.011859,0.011477,56991939.000000,513606.000000,0.009012
815,636,90,0.011923,0.011541,57212637.000000,515264.000000,0.009006
816,637,90,0.012353,0.011845,57262652.000000,522489.000000,0.009124
817,637,90,0.012044,0.011526,57175391.000000,517211.000000,0.009046
818,638,89,0.012084,0.011601,57416402.000000,515879.000000,0.008985
819,639,89,0.012116,0.011598,57496996.000000,517851.000000,0.009007
820,640,89,0.012193,0.011664,57756454.000000,522823.000000,0.009052
821,641,89,0.012677,0.012158,58230654.000000,525926.000000,0.009032
822,641,88,0.012266,0.011751,58253337.000000,522345.000000,0.008967
823,642,88,0.012334,0.011756,58317122.000000,530852.000000,0.009103
824,643,88,0.012292,0.011892,58501722.000000,524120.000000,0.008959
825,643,88,0.012112,0.011760,58532886.000000,519967.000000,0.008883
826,644,87,0.012257,0.011902,58606083.000000,522236.000000,0.008911
827,645,87,0.012333,0.011920,58759218.000000,528633.000000,0.008997
828,645,87,0.012299,0.011941,58807553.000000,523339.000000,0.008899
829,645,87,0.012136,0.011791,58707507.000000,522764.000000,0.008905
830,646,86,0.012281,0.011926,58777398.000000,522677.000000,0.008892
831,647,86,0.012306,0.011893,58933083.000000,529277.000000,0.008981
832,648,86,0.012562,0.012156,59403457.000000,531438.000000,0.008946
833,649,86,0.012537,0.012125,59534470.000000,531335.000000,0.008925
834,649,86,0.012364,0.012012,59524550.000000,530840.000000,0.008918
835,649,85,0.012458,0.012080,59571759.000000,536657.000000,0.009009
836,650,85,0.012376,0.012017,59532406.000000,532549.000000,0.008946
837,651,85,0.012458,0.012060,59669844.000000,533086.000000,0.008934
838,652,85,0.012657,0.012286,60190043.000000,536184.000000,0.008908
839,652,85,0.012669,0.012291,60226065.000000,540142.000000,0.008969
840,653,84,0.012671,0.012310,60210584.000000,539036.000000,0.008953
841,654,84,0.012492,0.012122,60177605.000000,535281.000000,0.008895
842,655,84,0.012584,0.012205,60431359.000000,537214.000000,0.008890
843,656,84,0.012655,0.012259,60827482.000000,542535.000000,0.008919
844,657,84,0.012645,0.012249,60791190.000000,540634.000000,0.008893
845,658,83,0.012632,0.012253,60928542.000000,542147.000000,0.008898
846,658,83,0.012633,0.012276,61007397.000000,542476.000000,0.008892
847,658,83,0.012656,0.012244,61187050.000000,547583.000000,0.008949
848,658,83,0.012806,0.012452,61269958.000000,546157.000000,0.008914
849,659,83,0.012885,0.012497,61414287.000000,546340.000000,0.008896
850,660,82,0.012857,0.012467,61483956.000000,547292.000000,0.008901
851,661,82,0.012803,0.012413,61539028.000000,548968.000000,0.008921
852,662,82,0.012894,0.012480,61759199.000000,548563.000000,0.008882
853,663,82,0.012822,0.012446,61887877.000000,549579.000000,0.008880
854,664,82,0.012955,0.012571,62177550.000000,549840.000000,0.008843
855,665,81,0.013090,0.012711,62561007.000000,553134.000000,0.008842
856,666,81,0.013339,0.012923,62972326.000000,563894.000000,0.008955
857,666,81,0.013589,0.013074,62915072.000000,559780.000000,0.008897
858,667,81,0.013224,0.012730,62944819.000000,559123.000000,0.008883
859,668,81,0.013166,0.012663,63001011.000000,558729.000000,0.008869
860,669,80,0.013320,0.012797,63280981.000000,560986.000000,0.008865
861,669,80,0.013405,0.012862,63680615.000000,565101.000000,0.008874
862,670,80,0.013266,0.012762,63446368.000000,561261.000000,0.008846
863,671,80,0.013350,0.012774,63631420.000000,561753.000000,0.008828
864,672,80,0.013405,0.013018,63674291.000000,561708.000000,0.008822
865,673,79,0.013336,0.012918,63599686.000000,561773.000000,0.008833
866,674,79,0.013342,0.012864,63739041.000000,567917.000000,0.008910
867,675,79,0.013454,0.013013,63987407.000000,563692.000000,0.008809
868,675,79,0.013364,0.012961,64472185.000000,564607.000000,0.008757
869,675,79,0.013379,0.012992,64662330.000000,566338.000000,0.008758
870,676,78,0.013486,0.013084,64912091.000000,568681.000000,0.008761
871,677,78,0.013703,0.013299,64790443.000000,572332.000000,0.008834
872,678,78,0.013872,0.013348,65169884.000000,581990.000000,0.008930
873,679,78,0.013515,0.013126,64943516.000000,569614.000000,0.008771
874,680,78,0.013618,0.013224,65364400.000000,575905.000000,0.008811
875,681,78,0.013652,0.013250,65203859.000000,574256.000000,0.008807
876,682,77,0.013731,0.013315,65609518.000000,579623.000000,0.008834
877,683,77,0.013727,0.013334,65703676.000000,575509.000000,0.008759
878,683,77,0.013746,0.013380,65848131.000000,578267.000000,0.008782
879,684,77,0.013738,0.013334,65936564.000000,579514.000000,0.008789
880,685,77,0.013918,0.013533,66586488.000000,581486.000000,0.008733
881,686,77,0.013670,0.013269,66244874.000000,577609.000000,0.008719
882,687,76,0.013955,0.013544,66798134.000000,585827.000000,0.008770
883,688,76,0.013766,0.013392,66681301.000000,581095.000000,0.008715
884,689,76,0.013812,0.013425,66885582.000000,582566.000000,0.008710
885,690,76,0.013902,0.013476,66708708.000000,584107.000000,0.008756
886,691,76,0.014069,0.013652,67175254.000000,586648.000000,0.008733
887,692,76,0.013907,0.013509,66933599.000000,583987.000000,0.008725
888,692,75,0.013863,0.013466,67268321.000000,588760.000000,0.008752
889,693,75,0.013957,0.013574,67320139.000000,587161.000000,0.008722
890,694,75,0.014071,0.013690,67539340.000000,589523.000000,0.008729
891,695,75,0.014023,0.013642,67739986.000000,589100.000000,0.008696
892,696,75,0.014248,0.013867,68578133.000000,595645.000000,0.008686
893,696,75,0.014410,0.013991,68502757.000000,594864.000000,0.008684
894,697,74,0.014280,0.013883,68776373.000000,596385.000000,0.008671
895,698,74,0.014523,0.013954,68518043.000000,600896.000000,0.008770
896,699,74,0.014343,0.013808,68700702.000000,599402.000000,0.008725
897,700,74,0.015174,0.014474,69672165.000000,610069.000000,0.008756
898,701,74,0.014451,0.013956,69344276.000000,602818.000000,0.008693
899,701,74,0.014494,0.013951,69476806.000000,603617.000000,0.008688
900,701,73,0.014714,0.014150,69753951.000000,604274.000000,0.008663
901,702,73,0.014700,0.014137,69904762.000000,606440.000000,0.008675
902,703,73,0.014627,0.014106,69951795.000000,606738.000000,0.008674
903,703,73,0.014678,0.014093,70106704.000000,610784.000000,0.008712
904,704,73,0.014689,0.014174,70167801.000000,609749.000000,0.008690
905,705,72,0.014729,0.014170,70273117.000000,607300.000000,0.008642
906,706,72,0.014857,0.014306,70585718.000000,613151.000000,0.008687
907,707,72,0.014962,0.014398,70823561.000000,614392.000000,0.008675
908,707,72,0.014985,0.014428,71362763.000000,613863.000000,0.008602
909,708,72,0.014903,0.014359,71102110.000000,614402.000000,0.008641
910,709,71,0.014990,0.014432,71400199.000000,619338.000000,0.008674
911,710,71,0.014916,0.014375,71497731.000000,614618.000000,0.008596
912,710,71,0.015219,0.014639,71776878.000000,621938.000000,0.008665
913,710,71,0.015218,0.014688,71929699.000000,621111.000000,0.008635
914,711,71,0.015042,0.014486,71826342.000000,618025.000000,0.008604
915,712,71,0.015027,0.014459,71954546.000000,618798.000000,0.008600
916,713,70,0.015138,0.014573,72369606.000000,621870.000000,0.008593
917,713,70,0.015065,0.014538,72221880.000000,618569.000000,0.008565
918,713,70,0.015077,0.014551,72199223.000000,618719.000000,0.008570
919,714,70,0.015146,0.014613,72336535.000000,620349.000000,0.008576
920,715,70,0.015251,0.014703,72594707.000000,624662.000000,0.008605
921,716,70,0.015616,0.015063,72820589.000000,629817.000000,0.008649
922,717,69,0.015216,0.014656,72817234.000000,627660.000000,0.008620
923,718,69,0.015298,0.014725,73245399.000000,630539.000000,0.008609
924,719,69,0.015304,0.014759,73280346.000000,627618.000000,0.008565
925,720,69,0.015287,0.014842,73497902.000000,628911.000000,0.008557
926,721,69,0.015341,0.014931,74017330.000000,631197.000000,0.008528
927,721,69,0.015291,0.014873,73766451.000000,628656.000000,0.008522
928,722,68,0.015380,0.014989,74184584.000000,631612.000000,0.008514
929,723,68,0.015371,0.014976,74343884.000000,632137.000000,0.008503
930,724,68,0.015382,0.014997,74461233.000000,634748.000000,0.008525
931,725,68,0.015364,0.014983,74566991.000000,633115.000000,0.008491
932,725,68,0.015440,0.015073,74661689.000000,634736.000000,0.008501
933,725,68,0.015549,0.015189,74735453.000000,634016.000000,0.008483
934,726,68,0.015678,0.015147,74755876.000000,637045.000000,0.008522
935,726,67,0.015577,0.015076,74779860.000000,634261.000000,0.008482
936,727,67,0.015633,0.015112,74845389.000000,641132.000000,0.008566
937,728,67,0.015795,0.015258,74901351.000000,636651.000000,0.008500
938,729,67,0.015646,0.015137,75044373.000000,641294.000000,0.008546
939,730,67,0.015647,0.015125,75160620.000000,640109.000000,0.008517
940,731,67,0.015851,0.015213,75721359.000000,657102.000000,0.008678
941,732,67,0.015985,0.015273,75790568.000000,645709.000000,0.008520
942,733,66,0.015845,0.015321,76230183.000000,647290.000000,0.008491
943,734,66,0.015869,0.015355,76394382.000000,645705.000000,0.008452
944,735,66,0.015931,0.015395,76615343.000000,648555.000000,0.008465
945,736,66,0.016103,0.015698,76478048.000000,650601.000000,0.008507
946,737,66,0.015829,0.015427,76907825.000000,645739.000000,0.008396
947,738,66,0.015996,0.015599,77369667.000000,651373.000000,0.008419
948,739,65,0.015982,0.015574,77199306.000000,653584.000000,0.008466
949,740,65,0.015977,0.015580,77515939.000000,654385.000000,0.008442
950,741,65,0.016049,0.015643,77825026.000000,655744.000000,0.008426
951,741,65,0.016054,0.015660,78363299.000000,656280.000000,0.008375
952,742,65,0.016350,0.015949,78581082.000000,659658.000000,0.008395
953,743,65,0.016053,0.015655,78224313.000000,656525.000000,0.008393
954,744,65,0.016159,0.015798,78752661.000000,661389.000000,0.008398
955,744,65,0.016287,0.015882,78920486.000000,660353.000000,0.008367
956,745,64,0.016256,0.015891,79011858.000000,662578.000000,0.008386
957,746,64,0.016336,0.015939,79134774.000000,662201.000000,0.008368
958,747,64,0.016563,0.016150,79718755.000000,668267.000000,0.008383
959,747,64,0.016567,0.016164,80085470.000000,668823.000000,0.008351
960,748,64,0.016667,0.016271,80536702.000000,674490.000000,0.008375
961,749,64,0.016999,0.016603,80579725.000000,682318.000000,0.008468
962,749,64,0.016606,0.016202,80669085.000000,672977.000000,0.008342
963,750,63,0.016463,0.016076,80380992.000000,670073.000000,0.008336
964,751,63,0.016933,0.016565,80916428.000000,677250.000000,0.008370
965,752,63,0.016611,0.016205,80822779.000000,672130.000000,0.008316
966,753,63,0.016787,0.016402,81326091.000000,675769.000000,0.008309
967,754,63,0.016777,0.016378,81332653.000000,675543.000000,0.008306
968,755,63,0.016896,0.016500,81977643.000000,681302.000000,0.008311
969,755,63,0.016952,0.016567,82241188.000000,685088.000000,0.008330
970,756,63,0.016961,0.016592,81925708.000000,681522.000000,0.008319
971,757,62,0.016854,0.016467,81979873.000000,680388.000000,0.008299
972,758,62,0.016996,0.016624,82357649.000000,685166.000000,0.008319
973,759,62,0.016882,0.016496,82397599.000000,683878.000000,0.008300
974,760,62,0.017101,0.016737,82776413.000000,688299.000000,0.008315
975,761,62,0.017181,0.016806,82901584.000000,688391.000000,0.008304
976,762,62,0.017309,0.016914,83224934.000000,690042.000000,0.008291
977,763,62,0.017114,0.016700,83294583.000000,689335.000000,0.008276
978,763,62,0.017184,0.016797,83417131.000000,690127.000000,0.008273
979,763,61,0.020172,0.019798,85684080.000000,722927.000000,0.008437
980,764,61,0.017322,0.016906,83633997.000000,692710.000000,0.008283
981,765,61,0.017457,0.017053,83926854.000000,697716.000000,0.008313
982,766,61,0.017748,0.017369,84028580.000000,695962.000000,0.008282
983,767,61,0.017389,0.016981,83902483.000000,696126.000000,0.008297
984,768,61,0.017572,0.017151,84633323.000000,700337.000000,0.008275
985,769,60,0.017295,0.016897,83859334.000000,694187.000000,0.008278
986,770,60,0.017414,0.017019,84293720.000000,696467.000000,0.008262
987,771,60,0.017657,0.017250,84599981.000000,701323.000000,0.008290
988,772,60,0.017720,0.017302,84876486.000000,702748.000000,0.008280
989,773,60,0.017660,0.017253,85257131.000000,705149.000000,0.008271
990,774,60,0.017650,0.017251,85639878.000000,707057.000000,0.008256
991,774,60,0.017925,0.017528,85774998.000000,708134.000000,0.008256
992,775,59,0.017766,0.017320,85711390.000000,705709.000000,0.008234
