frame,nb of entities,FPS,frame length,physics length,L1-dcache-loads,L1-dcache-load-misses,L1-dcache-load-miss-ratio
0,3,302,0.001542,0.000027,657369.000000,36312.000000,0.055238
1,4,302,0.003321,0.000025,756940.000000,37767.000000,0.049894
2,5,302,0.003325,0.000030,671270.000000,37804.000000,0.056317
3,6,302,0.003319,0.000031,727115.000000,36997.000000,0.050882
4,7,302,0.003323,0.000025,734932.000000,36808.000000,0.050084
5,8,302,0.003320,0.000033,703774.000000,33867.000000,0.048122
6,9,302,0.003324,0.000033,741513.000000,37476.000000,0.050540
7,10,302,0.003321,0.000028,741305.000000,37056.000000,0.049988
8,11,302,0.003320,0.000034,758279.000000,38065.000000,0.050199
9,12,302,0.003328,0.000035,783215.000000,38096.000000,0.048641
10,13,302,0.003322,0.000037,710709.000000,33934.000000,0.047747
11,14,302,0.003322,0.000040,783275.000000,40218.000000,0.051346
12,15,302,0.003318,0.000035,785419.000000,38813.000000,0.049417
13,16,302,0.003325,0.000044,815336.000000,38792.000000,0.047578
14,17,302,0.003329,0.000033,720959.000000,40432.000000,0.056081
15,18,302,0.003317,0.000046,766585.000000,34389.000000,0.044860
16,19,302,0.003320,0.000039,804779.000000,38100.000000,0.047342
17,20,302,0.003326,0.000040,810675.000000,38716.000000,0.047758
18,21,303,0.003323,0.000037,799599.000000,37641.000000,0.047075
19,22,303,0.003324,0.000046,797551.000000,38095.000000,0.047765
20,22,303,0.003333,0.000038,655571.000000,34132.000000,0.052065
21,23,303,0.003329,0.000041,738946.000000,39409.000000,0.053331
22,24,303,0.003339,0.000043,711438.000000,38841.000000,0.054595
23,25,303,0.003324,0.000046,740106.000000,38682.000000,0.052265
24,25,303,0.003336,0.000037,699303.000000,38043.000000,0.054401
25,26,303,0.003344,0.000046,672231.000000,34635.000000,0.051522
26,27,303,0.003335,0.000053,713252.000000,39106.000000,0.054828
27,28,303,0.003337,0.000044,718420.000000,38821.000000,0.054037
28,29,302,0.003347,0.000055,730295.000000,39778.000000,0.054468
29,30,302,0.003346,0.000068,757085.000000,40600.000000,0.053627
30,31,302,0.003340,0.000061,701541.000000,35081.000000,0.050006
31,32,302,0.003346,0.000063,757960.000000,39540.000000,0.052166
32,33,302,0.003343,0.000065,754274.000000,39716.000000,0.052655
33,33,302,0.003343,0.000068,752698.000000,39165.000000,0.052033
34,34,302,0.003322,0.000069,833516.000000,39362.000000,0.047224
35,35,302,0.003322,0.000083,861219.000000,36938.000000,0.042890
36,35,302,0.003319,0.000073,883612.000000,39711.000000,0.044942
37,36,302,0.003337,0.000062,780168.000000,40456.000000,0.051855
38,37,302,0.003333,0.000067,762762.000000,39778.000000,0.052150
39,38,302,0.003339,0.000069,779985.000000,40628.000000,0.052088
40,39,302,0.003342,0.000072,754788.000000,37487.000000,0.049666
41,40,302,0.003346,0.000065,794421.000000,39978.000000,0.050323
42,41,302,0.003340,0.000086,798070.000000,40842.000000,0.051176
43,42,302,0.003346,0.000071,794202.000000,39849.000000,0.050175
44,43,302,0.003343,0.000078,797658.000000,40396.000000,0.050643
45,44,302,0.003343,0.000081,774791.000000,37199.000000,0.048012
46,45,302,0.003344,0.000082,813992.000000,41439.000000,0.050908
47,46,302,0.003342,0.000076,812329.000000,40647.000000,0.050038
48,46,302,0.003344,0.000080,806892.000000,40338.000000,0.049992
49,46,302,0.003343,0.000079,774492.000000,36410.000000,0.047011
50,47,302,0.003349,0.000078,827273.000000,40227.000000,0.048626
51,48,302,0.003336,0.000094,846545.000000,41042.000000,0.048482
52,49,302,0.003343,0.000083,847954.000000,41175.000000,0.048558
53,50,302,0.003343,0.000092,871826.000000,41627.000000,0.047747
54,51,302,0.003339,0.000090,815990.000000,37356.000000,0.045780
55,52,302,0.003340,0.000084,843140.000000,41281.000000,0.048961
56,53,302,0.003347,0.000080,851018.000000,40928.000000,0.048093
57,54,302,0.003339,0.000101,878135.000000,41868.000000,0.047678
58,54,302,0.003347,0.000083,843894.000000,40530.000000,0.048027
59,55,302,0.003341,0.000096,819253.000000,37557.000000,0.045843
60,55,299,0.003338,0.000083,859995.000000,41508.000000,0.048265
61,55,299,0.003341,0.000091,861037.000000,41096.000000,0.047728
62,55,299,0.003360,0.000079,848249.000000,40757.000000,0.048048
63,56,299,0.003341,0.000099,847246.000000,40978.000000,0.048366
64,57,299,0.003345,0.000078,836963.000000,38103.000000,0.045525
65,58,299,0.003335,0.000089,884425.000000,41983.000000,0.047469
66,59,299,0.003347,0.000096,891750.000000,42121.000000,0.047234
67,60,299,0.003338,0.000092,889242.000000,41779.000000,0.046983
68,60,299,0.003344,0.000087,893778.000000,41825.000000,0.046796
69,61,299,0.003340,0.000091,877041.000000,39032.000000,0.044504
70,61,299,0.003353,0.000086,893959.000000,41184.000000,0.046069
71,62,299,0.003340,0.000127,912975.000000,43263.000000,0.047387
72,63,299,0.003341,0.000082,899749.000000,41769.000000,0.046423
73,64,299,0.003342,0.000094,910519.000000,41949.000000,0.046072
74,65,299,0.003348,0.000094,864425.000000,37915.000000,0.043862
75,66,299,0.003342,0.000098,914466.000000,42018.000000,0.045948
76,67,299,0.003341,0.000097,933518.000000,43054.000000,0.046120
77,68,299,0.003337,0.000110,951275.000000,44475.000000,0.046753
78,68,299,0.003343,0.000097,931523.000000,42426.000000,0.045545
79,69,299,0.003351,0.000115,888633.000000,38635.000000,0.043477
80,70,299,0.003321,0.000113,952940.000000,42719.000000,0.044829
81,71,299,0.003346,0.000115,960866.000000,42814.000000,0.044558
82,72,299,0.003341,0.000110,972466.000000,42970.000000,0.044187
83,73,299,0.003352,0.000122,969239.000000,43140.000000,0.044509
84,74,299,0.003337,0.000120,925974.000000,38687.000000,0.041780
85,74,299,0.003351,0.000114,995995.000000,43865.000000,0.044041
86,75,299,0.003340,0.000115,980301.000000,43432.000000,0.044305
87,76,299,0.003347,0.000118,983487.000000,42760.000000,0.043478
88,77,299,0.003341,0.000127,984333.000000,43088.000000,0.043774
89,78,299,0.003348,0.000121,978703.000000,40414.000000,0.041293
90,78,299,0.003342,0.000127,1029894.000000,44077.000000,0.042798
91,79,299,0.003352,0.000123,1019434.000000,44054.000000,0.043214
92,79,299,0.003340,0.000132,1005496.000000,43375.000000,0.043138
93,79,299,0.003349,0.000119,1008310.000000,43437.000000,0.043079
94,80,299,0.003335,0.000190,1001397.000000,41531.000000,0.041473
95,81,299,0.003344,0.000134,1065453.000000,45442.000000,0.042650
96,81,299,0.003344,0.000127,1045223.000000,44535.000000,0.042608
97,81,299,0.003327,0.000194,1101290.000000,45914.000000,0.041691
98,81,299,0.003338,0.000135,1060637.000000,44771.000000,0.042211
99,81,299,0.003359,0.000131,1026631.000000,41378.000000,0.040305
100,82,299,0.003346,0.000159,1092075.000000,46602.000000,0.042673
101,82,299,0.003341,0.000121,1088839.000000,44545.000000,0.040911
102,83,299,0.003354,0.000126,1112819.000000,45830.000000,0.041184
103,84,299,0.003346,0.000152,1138003.000000,46639.000000,0.040983
104,85,299,0.003346,0.000131,1089771.000000,42102.000000,0.038634
105,86,299,0.003343,0.000156,1139476.000000,46135.000000,0.040488
106,87,299,0.003348,0.000151,1150499.000000,46678.000000,0.040572
107,88,299,0.003352,0.000162,1163872.000000,46329.000000,0.039806
108,89,299,0.003389,0.000180,1193220.000000,47478.000000,0.039790
109,90,299,0.003340,0.000169,1160368.000000,43191.000000,0.037222
110,91,299,0.003347,0.000165,1190509.000000,46009.000000,0.038646
111,92,299,0.003330,0.000176,1222377.000000,47380.000000,0.038761
112,92,299,0.003346,0.000167,1208678.000000,45770.000000,0.037868
113,93,299,0.003351,0.000171,1219800.000000,46719.000000,0.038301
114,94,299,0.003351,0.000178,1189097.000000,43638.000000,0.036698
115,94,299,0.003344,0.000179,1263667.000000,47203.000000,0.037354
116,95,299,0.003342,0.000183,1265629.000000,47291.000000,0.037366
117,96,299,0.003337,0.000205,1282116.000000,47725.000000,0.037224
118,97,299,0.003344,0.000185,1301051.000000,47445.000000,0.036467
119,98,299,0.003335,0.000223,1298156.000000,44538.000000,0.034309
120,99,299,0.003344,0.000198,1336224.000000,48080.000000,0.035982
121,99,299,0.003340,0.000220,1365334.000000,47921.000000,0.035098
122,100,299,0.003345,0.000215,1386508.000000,49630.000000,0.035795
123,101,299,0.003347,0.000221,1383357.000000,48374.000000,0.034969
124,102,299,0.003350,0.000233,1363900.000000,45537.000000,0.033387
125,103,298,0.003378,0.000224,1432094.000000,50451.000000,0.035229
126,104,299,0.003318,0.000214,1411689.000000,49112.000000,0.034790
127,105,299,0.003337,0.000253,1448359.000000,49598.000000,0.034244
128,106,299,0.003343,0.000277,1453253.000000,50166.000000,0.034520
129,107,298,0.003348,0.000240,1427755.000000,46496.000000,0.032566
130,108,298,0.003358,0.000226,1489465.000000,49665.000000,0.033344
131,109,298,0.003354,0.000284,1551387.000000,51467.000000,0.033175
132,109,298,0.003346,0.000243,1526751.000000,50318.000000,0.032958
133,110,298,0.003354,0.000265,1551315.000000,51861.000000,0.033430
134,110,298,0.003349,0.000257,1529891.000000,47526.000000,0.031065
135,111,298,0.003352,0.000285,1607578.000000,52514.000000,0.032667
136,112,298,0.003357,0.000276,1648468.000000,52556.000000,0.031882
137,113,298,0.003357,0.000272,1633870.000000,51515.000000,0.031529
138,114,298,0.003354,0.000269,1682679.000000,52620.000000,0.031272
139,115,298,0.003345,0.000327,1714513.000000,48809.000000,0.028468
140,116,298,0.003348,0.000316,1822878.000000,54827.000000,0.030077
141,116,298,0.003356,0.000319,1823640.000000,53826.000000,0.029516
142,117,298,0.003355,0.000317,1887555.000000,54854.000000,0.029061
143,117,298,0.003353,0.000332,1896980.000000,54179.000000,0.028561
144,117,298,0.003352,0.000347,1900422.000000,51184.000000,0.026933
145,117,298,0.003361,0.000343,1949991.000000,54289.000000,0.027841
146,118,298,0.003342,0.000352,1952200.000000,54465.000000,0.027899
147,119,298,0.003365,0.000352,1987627.000000,55490.000000,0.027918
148,120,298,0.003342,0.000361,2011238.000000,54548.000000,0.027122
149,121,298,0.003351,0.000349,1946892.000000,51033.000000,0.026213
150,122,298,0.003336,0.000317,1994067.000000,55132.000000,0.027648
151,123,298,0.003354,0.000366,2029164.000000,57141.000000,0.028160
152,123,298,0.003360,0.000419,2060591.000000,57036.000000,0.027679
153,124,298,0.003364,0.000397,2129411.000000,57177.000000,0.026851
154,125,298,0.003343,0.000426,2140122.000000,53463.000000,0.024981
155,125,298,0.003338,0.000405,2178052.000000,58160.000000,0.026703
156,125,298,0.003390,0.000392,2167455.000000,57318.000000,0.026445
157,126,298,0.003345,0.000393,2159571.000000,57367.000000,0.026564
158,126,298,0.003372,0.000406,2193562.000000,59677.000000,0.027206
159,126,298,0.003325,0.000451,2204410.000000,54393.000000,0.024675
160,127,298,0.003323,0.000561,2304651.000000,67244.000000,0.029178
161,128,298,0.003320,0.000488,2302507.000000,62667.000000,0.027217
162,129,298,0.003321,0.000460,2344092.000000,62814.000000,0.026797
163,130,298,0.003356,0.000433,2345178.000000,60238.000000,0.025686
164,130,298,0.003320,0.000478,2346930.000000,57532.000000,0.024514
165,131,298,0.003323,0.000437,2367356.000000,59399.000000,0.025091
166,132,298,0.003324,0.000433,2439679.000000,61364.000000,0.025152
167,133,298,0.003321,0.000413,2539105.000000,62852.000000,0.024754
168,134,298,0.003324,0.000447,2528120.000000,61510.000000,0.024330
169,134,298,0.003323,0.000458,2540954.000000,57594.000000,0.022666
170,134,298,0.003327,0.000420,2584179.000000,62226.000000,0.024080
171,135,298,0.003323,0.000465,2576881.000000,60239.000000,0.023377
172,136,299,0.003325,0.000528,2580532.000000,61467.000000,0.023820
173,137,298,0.003396,0.000546,2573321.000000,62950.000000,0.024463
174,138,298,0.003354,0.000488,2529335.000000,59246.000000,0.023424
175,139,298,0.003362,0.000550,2617762.000000,64029.000000,0.024459
176,140,298,0.003359,0.000548,2654147.000000,63797.000000,0.024037
177,141,298,0.003363,0.000504,2717080.000000,64492.000000,0.023736
178,142,298,0.003359,0.000590,2734942.000000,65295.000000,0.023874
179,143,298,0.003357,0.000480,2750809.000000,62629.000000,0.022767
180,143,298,0.003354,0.000493,2765995.000000,65131.000000,0.023547
181,143,298,0.003351,0.000478,2771519.000000,66268.000000,0.023910
182,143,298,0.003372,0.000470,2755605.000000,65115.000000,0.023630
183,144,298,0.003376,0.000483,2771110.000000,66920.000000,0.024149
184,144,298,0.003355,0.000591,2713910.000000,62064.000000,0.022869
185,145,298,0.003389,0.000474,2769811.000000,66215.000000,0.023906
186,145,298,0.003326,0.000593,2810624.000000,65313.000000,0.023238
187,146,298,0.003319,0.000537,2891288.000000,66517.000000,0.023006
188,147,298,0.003322,0.000546,2952483.000000,67368.000000,0.022817
189,148,298,0.003323,0.000570,2916432.000000,63736.000000,0.021854
190,148,298,0.003326,0.000626,2959157.000000,70022.000000,0.023663
191,149,298,0.003321,0.000633,2983991.000000,71369.000000,0.023917
192,150,298,0.003324,0.000566,2990190.000000,67475.000000,0.022565
193,150,298,0.003326,0.000598,2999588.000000,70132.000000,0.023381
194,151,298,0.003322,0.000565,2983369.000000,63815.000000,0.021390
195,152,298,0.003326,0.000598,3058975.000000,69080.000000,0.022583
196,153,299,0.003323,0.000585,3062032.000000,67682.000000,0.022104
197,154,299,0.003326,0.000591,3081307.000000,69318.000000,0.022496
198,155,299,0.003323,0.000597,3074124.000000,68301.000000,0.022218
199,156,299,0.003322,0.000657,3061128.000000,64665.000000,0.021125
200,157,299,0.003320,0.000599,3122209.000000,68164.000000,0.021832
201,158,299,0.003328,0.000612,3192414.000000,68958.000000,0.021601
202,159,299,0.003322,0.000683,3220163.000000,69499.000000,0.021582
203,160,299,0.003325,0.000639,3301573.000000,70552.000000,0.021369
204,161,299,0.003320,0.000655,3285202.000000,67337.000000,0.020497
205,162,299,0.003327,0.000653,3337556.000000,71094.000000,0.021301
206,163,299,0.003320,0.000659,3356668.000000,70891.000000,0.021119
207,164,299,0.003329,0.000667,3372038.000000,71807.000000,0.021295
208,165,299,0.003321,0.000734,3419697.000000,73026.000000,0.021355
209,166,299,0.003324,0.000725,3493701.000000,72618.000000,0.020785
210,166,299,0.003322,0.000738,3429028.000000,71343.000000,0.020806
211,167,299,0.003327,0.000748,3497428.000000,72622.000000,0.020764
212,168,299,0.003319,0.000680,3441600.000000,71935.000000,0.020902
213,169,299,0.003327,0.000708,3511909.000000,73887.000000,0.021039
214,169,299,0.003364,0.000754,3456839.000000,68958.000000,0.019948
215,170,299,0.003354,0.000689,3582743.000000,75130.000000,0.020970
216,171,299,0.003374,0.000810,3604988.000000,75711.000000,0.021002
217,172,299,0.003379,0.000767,3684944.000000,75641.000000,0.020527
218,172,299,0.003381,0.000726,3751267.000000,76914.000000,0.020503
219,173,299,0.003367,0.000810,3769449.000000,72616.000000,0.019264
220,174,299,0.003373,0.000760,3737342.000000,78862.000000,0.021101
221,175,299,0.003373,0.000895,3794728.000000,76701.000000,0.020213
222,176,299,0.003374,0.000799,3870794.000000,77442.000000,0.020007
223,176,299,0.003377,0.000750,3877652.000000,73390.000000,0.018926
224,177,299,0.003345,0.000804,3947155.000000,78353.000000,0.019850
225,178,299,0.003369,0.000859,3976615.000000,78893.000000,0.019839
226,179,299,0.003380,0.000781,4034393.000000,80003.000000,0.019830
227,180,299,0.003375,0.000840,4073746.000000,80277.000000,0.019706
228,181,298,0.003385,0.000864,4105413.000000,79161.000000,0.019282
229,182,298,0.003380,0.000959,4177595.000000,80460.000000,0.019260
230,183,298,0.003379,0.000857,4196797.000000,80570.000000,0.019198
231,183,298,0.003371,0.000888,4274251.000000,81172.000000,0.018991
232,184,298,0.003395,0.000882,4265492.000000,81014.000000,0.018993
233,185,298,0.003383,0.000926,4245024.000000,79054.000000,0.018623
234,185,298,0.003327,0.000866,4367594.000000,82669.000000,0.018928
235,185,298,0.003319,0.000886,4357802.000000,82535.000000,0.018940
236,186,298,0.003323,0.000873,4394094.000000,82458.000000,0.018766
237,187,298,0.003329,0.000835,4460623.000000,83694.000000,0.018763
238,187,298,0.003322,0.000943,4472363.000000,80275.000000,0.017949
239,188,298,0.003319,0.000955,4559265.000000,84928.000000,0.018628
240,189,299,0.003332,0.000903,4592035.000000,84274.000000,0.018352
241,190,299,0.003316,0.000855,4607294.000000,86102.000000,0.018688
242,191,299,0.003327,0.000934,4624513.000000,85784.000000,0.018550
243,192,299,0.003326,0.000918,4671191.000000,81361.000000,0.017418
244,192,299,0.003319,0.001064,4743315.000000,87147.000000,0.018373
245,192,299,0.003323,0.000963,4792993.000000,85501.000000,0.017839
246,193,299,0.003325,0.000966,4735350.000000,86521.000000,0.018271
247,194,299,0.003321,0.001023,4806720.000000,88269.000000,0.018364
248,194,299,0.003323,0.000991,4840342.000000,83019.000000,0.017151
249,194,299,0.003330,0.000981,4909241.000000,88811.000000,0.018091
250,194,299,0.003320,0.000942,4950832.000000,89860.000000,0.018150
251,195,299,0.003319,0.001085,4965288.000000,88986.000000,0.017922
252,196,299,0.003326,0.001008,5000872.000000,90472.000000,0.018091
253,197,299,0.003324,0.001109,4992511.000000,91872.000000,0.018402
254,198,299,0.003320,0.001018,5026647.000000,88933.000000,0.017692
255,198,299,0.003327,0.001007,5067892.000000,90043.000000,0.017767
256,199,299,0.003322,0.001061,5108586.000000,91021.000000,0.017817
257,200,299,0.003324,0.001071,5182576.000000,90540.000000,0.017470
258,201,299,0.003324,0.001012,5191614.000000,87776.000000,0.016907
259,202,299,0.003320,0.001202,5289043.000000,93472.000000,0.017673
260,203,299,0.003325,0.001010,5302192.000000,92096.000000,0.017369
261,204,299,0.003321,0.001063,5336646.000000,93428.000000,0.017507
262,205,299,0.003326,0.001210,5336045.000000,93409.000000,0.017505
263,206,299,0.003325,0.001179,5385205.000000,92292.000000,0.017138
264,206,299,0.003314,0.001333,5600987.000000,109760.000000,0.019597
265,207,299,0.003330,0.001147,5432353.000000,94637.000000,0.017421
266,207,299,0.003318,0.001155,5395689.000000,92356.000000,0.017117
267,208,299,0.003328,0.001092,5424059.000000,93902.000000,0.017312
268,209,299,0.003323,0.001243,5424017.000000,90911.000000,0.016761
269,210,299,0.003321,0.001150,5587317.000000,95030.000000,0.017008
270,211,299,0.003322,0.001135,5626924.000000,96738.000000,0.017192
271,212,299,0.003326,0.001210,5656568.000000,97460.000000,0.017230
272,212,299,0.003323,0.001177,5645582.000000,96205.000000,0.017041
273,213,299,0.003323,0.001180,5642545.000000,94469.000000,0.016742
274,213,299,0.003328,0.001197,5637341.000000,97174.000000,0.017238
275,214,299,0.003324,0.001192,5644037.000000,96428.000000,0.017085
276,215,299,0.003321,0.001204,5709478.000000,99285.000000,0.017390
277,215,299,0.003326,0.001290,5843821.000000,100061.000000,0.017123
278,216,299,0.003326,0.001271,5878566.000000,98853.000000,0.016816
279,217,299,0.003321,0.001273,6028826.000000,104534.000000,0.017339
280,218,299,0.003317,0.001194,6102087.000000,106770.000000,0.017497
281,219,299,0.003323,0.001164,6123326.000000,100999.000000,0.016494
282,219,300,0.003325,0.001227,6108782.000000,99972.000000,0.016365
283,220,300,0.003326,0.001273,6060981.000000,96547.000000,0.015929
284,221,300,0.003326,0.001325,6121644.000000,100294.000000,0.016384
285,222,300,0.003310,0.001346,6262619.000000,107201.000000,0.017118
286,222,300,0.003325,0.001268,6218618.000000,103666.000000,0.016670
287,223,300,0.003314,0.001174,6200384.000000,101740.000000,0.016409
288,224,300,0.003324,0.001273,6405693.000000,117085.000000,0.018278
289,224,300,0.003323,0.001220,6342052.000000,104375.000000,0.016458
290,225,300,0.003328,0.001303,6328469.000000,102159.000000,0.016143
291,226,300,0.003320,0.001373,6407672.000000,105755.000000,0.016504
292,226,300,0.003325,0.001319,6478515.000000,117080.000000,0.018072
293,227,300,0.003324,0.001409,6401851.000000,100817.000000,0.015748
294,228,300,0.003320,0.001348,6490896.000000,106137.000000,0.016352
295,229,300,0.003323,0.001249,6623177.000000,105573.000000,0.015940
296,229,300,0.003326,0.001350,6479457.000000,104246.000000,0.016089
297,229,300,0.003323,0.001337,6559715.000000,105856.000000,0.016137
298,230,300,0.003326,0.001257,6527074.000000,101328.000000,0.015524
299,231,300,0.003325,0.001381,6563473.000000,105368.000000,0.016054
300,232,300,0.003325,0.001347,6601422.000000,106449.000000,0.016125
301,233,300,0.003325,0.001332,6693196.000000,109341.000000,0.016336
302,234,300,0.003324,0.001398,6697711.000000,107296.000000,0.016020
303,235,300,0.003323,0.001403,6782061.000000,106716.000000,0.015735
304,236,300,0.003326,0.001351,6855398.000000,112894.000000,0.016468
305,237,300,0.003327,0.001467,6928341.000000,112412.000000,0.016225
306,238,300,0.003321,0.001463,6993849.000000,111330.000000,0.015918
307,238,300,0.003329,0.001343,7104934.000000,110252.000000,0.015518
308,238,300,0.003323,0.001484,7163064.000000,108266.000000,0.015114
309,239,300,0.003330,0.001492,7258425.000000,113805.000000,0.015679
310,240,300,0.003328,0.001438,7300138.000000,114754.000000,0.015719
311,241,300,0.003405,0.001616,7328086.000000,116888.000000,0.015951
312,242,300,0.003394,0.001450,7326845.000000,114615.000000,0.015643
313,242,300,0.003412,0.001429,7368149.000000,113946.000000,0.015465
314,243,300,0.003411,0.001614,7457372.000000,118037.000000,0.015828
315,244,300,0.003412,0.001457,7554146.000000,118590.000000,0.015699
316,244,300,0.003416,0.001682,7673548.000000,119656.000000,0.015593
317,245,299,0.003412,0.001506,7785548.000000,119753.000000,0.015381
318,245,299,0.003409,0.001482,7665463.000000,113151.000000,0.014761
319,246,299,0.003411,0.001600,7721467.000000,119891.000000,0.015527
320,246,299,0.003406,0.001481,7693974.000000,117200.000000,0.015233
321,246,299,0.003414,0.001596,7695038.000000,117174.000000,0.015227
322,247,299,0.003409,0.001499,7760280.000000,119097.000000,0.015347
323,248,299,0.003420,0.001728,7864096.000000,117391.000000,0.014927
324,249,299,0.003372,0.001538,7994559.000000,121506.000000,0.015199
325,250,298,0.003414,0.001587,8149245.000000,124259.000000,0.015248
326,250,298,0.003423,0.001721,8056748.000000,121573.000000,0.015090
327,250,298,0.003341,0.001588,8172805.000000,123049.000000,0.015056
328,251,298,0.003320,0.001776,8245699.000000,120050.000000,0.014559
329,252,298,0.003328,0.001624,8347350.000000,123400.000000,0.014783
330,253,298,0.003325,0.001617,8370933.000000,124443.000000,0.014866
331,254,298,0.003331,0.001706,8503228.000000,128228.000000,0.015080
332,255,298,0.003322,0.001806,8549822.000000,129789.000000,0.015180
333,255,298,0.003323,0.001699,8533657.000000,123743.000000,0.014501
334,255,298,0.003332,0.002042,8667982.000000,132633.000000,0.015301
335,256,298,0.003330,0.001689,8632442.000000,127972.000000,0.014825
336,257,298,0.003319,0.001753,8779382.000000,130123.000000,0.014821
337,258,298,0.003333,0.001965,8774503.000000,129850.000000,0.014799
338,259,298,0.003326,0.001778,8776171.000000,127169.000000,0.014490
339,260,298,0.003332,0.001824,8931856.000000,135690.000000,0.015192
340,260,298,0.003339,0.002073,9023397.000000,134884.000000,0.014948
341,261,298,0.003330,0.001862,9044553.000000,133367.000000,0.014746
342,262,298,0.003325,0.001801,9035116.000000,133085.000000,0.014730
343,263,298,0.003335,0.002013,9039492.000000,129086.000000,0.014280
344,264,298,0.003328,0.001819,9122425.000000,134800.000000,0.014777
345,265,298,0.003327,0.001793,9191246.000000,130054.000000,0.014150
346,266,298,0.003336,0.002042,9190657.000000,132710.000000,0.014440
347,266,298,0.003326,0.001796,9149309.000000,130428.000000,0.014256
348,267,298,0.003331,0.001790,9200252.000000,127812.000000,0.013892
349,268,298,0.003338,0.002067,9451258.000000,134420.000000,0.014222
350,269,298,0.003329,0.001821,9335589.000000,132141.000000,0.014155
351,270,298,0.003328,0.001881,9468319.000000,135944.000000,0.014358
352,271,298,0.003341,0.002070,9530190.000000,135781.000000,0.014247
353,271,298,0.003330,0.001911,9729253.000000,133508.000000,0.013722
354,271,298,0.003332,0.001917,9626844.000000,137298.000000,0.014262
355,272,298,0.003344,0.002129,9716942.000000,138607.000000,0.014264
356,273,298,0.003330,0.001959,9875184.000000,140825.000000,0.014260
357,274,298,0.003336,0.001931,9775952.000000,137803.000000,0.014096
358,274,298,0.003337,0.002137,9723805.000000,134226.000000,0.013804
359,274,298,0.003331,0.001925,9757656.000000,137775.000000,0.014120
360,274,298,0.003339,0.002000,9851502.000000,139424.000000,0.014153
361,275,298,0.003341,0.002148,9913726.000000,139452.000000,0.014067
362,276,298,0.003337,0.001984,10006241.000000,140286.000000,0.014020
363,276,298,0.003332,0.001952,9873809.000000,134737.000000,0.013646
364,277,298,0.003343,0.002174,9957043.000000,140788.000000,0.014140
365,277,298,0.003339,0.002017,10084009.000000,143657.000000,0.014246
366,277,298,0.003338,0.002054,10233877.000000,143265.000000,0.013999
367,278,298,0.003349,0.002275,10296171.000000,144533.000000,0.014038
368,279,298,0.003338,0.002070,10272458.000000,140540.000000,0.013681
369,279,298,0.003353,0.002227,10543466.000000,152961.000000,0.014508
370,279,298,0.003338,0.002154,10559407.000000,150894.000000,0.014290
371,280,298,0.003348,0.002104,10552762.000000,144723.000000,0.013714
372,281,298,0.003340,0.002096,10591446.000000,143036.000000,0.013505
373,281,298,0.003345,0.002183,10734266.000000,145949.000000,0.013597
374,281,298,0.003345,0.002148,10827282.000000,146848.000000,0.013563
375,282,298,0.003350,0.002222,10765269.000000,152363.000000,0.014153
376,283,298,0.003342,0.002133,10730083.000000,147828.000000,0.013777
377,284,298,0.003350,0.002151,10785397.000000,146704.000000,0.013602
378,285,298,0.003341,0.002140,10777506.000000,143115.000000,0.013279
379,286,299,0.003344,0.002155,10925208.000000,147470.000000,0.013498
380,287,299,0.003345,0.002181,10965169.000000,145319.000000,0.013253
381,287,299,0.003353,0.002248,11056931.000000,148668.000000,0.013446
382,288,299,0.003344,0.002170,11045468.000000,146661.000000,0.013278
383,289,299,0.003351,0.002219,11084817.000000,145074.000000,0.013088
384,290,299,0.003344,0.002227,11174347.000000,151259.000000,0.013536
385,291,299,0.003351,0.002270,11343960.000000,153128.000000,0.013499
386,292,299,0.003349,0.002247,11190434.000000,148995.000000,0.013314
387,293,299,0.003326,0.002265,11269265.000000,151455.000000,0.013440
388,294,299,0.003351,0.002327,11329824.000000,150224.000000,0.013259
389,295,299,0.003349,0.002302,11430111.000000,152267.000000,0.013322
390,295,299,0.003357,0.002317,11363867.000000,152663.000000,0.013434
391,296,299,0.003350,0.002278,11423180.000000,151525.000000,0.013265
392,297,299,0.003352,0.002338,11591932.000000,153585.000000,0.013249
393,298,299,0.003355,0.002331,11624574.000000,151635.000000,0.013044
394,298,299,0.003357,0.002379,11699906.000000,154884.000000,0.013238
395,299,299,0.003352,0.002409,11787317.000000,157231.000000,0.013339
396,300,299,0.003363,0.002487,11853534.000000,161454.000000,0.013621
397,301,299,0.003354,0.002383,11801114.000000,154690.000000,0.013108
398,302,299,0.003357,0.002459,11871064.000000,154821.000000,0.013042
399,303,299,0.003367,0.002608,12168614.000000,164003.000000,0.013478
400,304,299,0.003358,0.002454,12098275.000000,158577.000000,0.013107
401,305,299,0.003363,0.002493,12152462.000000,159824.000000,0.013152
402,306,299,0.003360,0.002480,12090882.000000,156354.000000,0.012932
403,307,299,0.003356,0.002482,12204669.000000,162376.000000,0.013304
404,308,298,0.003368,0.002528,12419429.000000,164826.000000,0.013272
405,309,298,0.003361,0.002500,12347032.000000,161523.000000,0.013082
406,309,298,0.003363,0.002507,12355311.000000,163795.000000,0.013257
407,310,298,0.003351,0.002486,12464048.000000,157591.000000,0.012644
408,311,298,0.003361,0.002510,12571656.000000,163927.000000,0.013039
409,312,298,0.003365,0.002525,12678286.000000,165383.000000,0.013045
410,313,298,0.003364,0.002547,12747922.000000,164080.000000,0.012871
411,314,298,0.003368,0.002636,12899408.000000,167817.000000,0.013010
412,315,298,0.003361,0.002542,12867834.000000,161080.000000,0.012518
413,315,298,0.003370,0.002667,13011138.000000,166423.000000,0.012791
414,316,298,0.003372,0.002572,13088611.000000,166470.000000,0.012719
415,317,298,0.003372,0.002815,13219524.000000,168852.000000,0.012773
416,318,298,0.003385,0.002866,13244447.000000,168688.000000,0.012737
417,318,297,0.003671,0.002950,13331987.000000,165517.000000,0.012415
418,318,297,0.003464,0.002661,13527921.000000,170934.000000,0.012636
419,319,297,0.003374,0.002666,13547496.000000,170101.000000,0.012556
420,320,297,0.003459,0.002644,13336196.000000,171466.000000,0.012857
421,321,297,0.003545,0.002659,13546256.000000,170706.000000,0.012602
422,321,296,0.003485,0.002709,13584764.000000,167434.000000,0.012325
423,322,296,0.003354,0.002699,13619109.000000,171420.000000,0.012587
424,322,296,0.003326,0.002679,13605822.000000,170165.000000,0.012507
425,323,296,0.003478,0.002709,13623197.000000,171806.000000,0.012611
426,324,296,0.003333,0.002688,13644584.000000,170793.000000,0.012517
427,325,296,0.003364,0.002776,13694706.000000,171748.000000,0.012541
428,326,296,0.003653,0.003021,13837910.000000,179003.000000,0.012936
429,327,296,0.003462,0.002823,14083626.000000,179594.000000,0.012752
430,327,295,0.003448,0.002792,14040191.000000,175888.000000,0.012527
431,328,295,0.003371,0.002760,13957560.000000,175349.000000,0.012563
432,329,295,0.003463,0.002851,14212536.000000,174422.000000,0.012272
433,330,295,0.003471,0.002839,14162513.000000,179247.000000,0.012656
434,331,295,0.003558,0.002925,14539830.000000,181549.000000,0.012486
435,331,295,0.003460,0.002831,14403334.000000,178834.000000,0.012416
436,332,294,0.003606,0.002936,14600236.000000,181833.000000,0.012454
437,332,294,0.003545,0.002909,14652063.000000,178581.000000,0.012188
438,333,294,0.003528,0.002911,14771831.000000,182136.000000,0.012330
439,333,293,0.003672,0.003010,14960154.000000,184982.000000,0.012365
440,334,293,0.003638,0.003022,15063695.000000,187854.000000,0.012471
441,335,293,0.003494,0.003043,15071699.000000,182391.000000,0.012102
442,336,291,0.004155,0.003447,15164738.000000,187287.000000,0.012350
443,336,291,0.003751,0.003100,15304616.000000,188008.000000,0.012284
444,337,290,0.003761,0.003127,15464763.000000,191437.000000,0.012379
445,337,290,0.003765,0.003126,15557719.000000,189950.000000,0.012209
446,338,289,0.003719,0.003082,15427860.000000,187168.000000,0.012132
447,339,288,0.003831,0.003191,15655994.000000,192211.000000,0.012277
448,339,288,0.003762,0.003144,15665575.000000,192173.000000,0.012267
449,340,287,0.003896,0.003254,15783475.000000,193220.000000,0.012242
450,340,286,0.003860,0.003183,15841547.000000,189980.000000,0.011993
451,341,286,0.003841,0.003207,15971197.000000,196086.000000,0.012277
452,342,285,0.003863,0.003232,15826443.000000,193557.000000,0.012230
453,342,284,0.003814,0.003196,15947416.000000,195108.000000,0.012234
454,343,284,0.003846,0.003423,16084566.000000,193240.000000,0.012014
455,344,283,0.003807,0.003421,16376310.000000,206007.000000,0.012580
456,345,282,0.004205,0.003793,16738498.000000,211283.000000,0.012623
457,346,282,0.003638,0.003289,16311484.000000,198055.000000,0.012142
458,347,281,0.003752,0.003362,16378290.000000,200990.000000,0.012272
459,348,281,0.003705,0.003318,16444742.000000,196945.000000,0.011976
460,348,280,0.003845,0.003450,16515430.000000,196388.000000,0.011891
461,349,280,0.003637,0.003285,16631922.000000,197239.000000,0.011859
462,349,279,0.003619,0.003277,16526332.000000,197392.000000,0.011944
463,349,279,0.003725,0.003329,16604855.000000,193920.000000,0.011679
464,350,277,0.004692,0.004210,17332991.000000,246078.000000,0.014197
465,351,275,0.004907,0.004478,17758500.000000,226259.000000,0.012741
466,352,275,0.003737,0.003394,17076692.000000,203276.000000,0.011904
467,353,274,0.003957,0.003627,17117308.000000,203351.000000,0.011880
468,354,273,0.003846,0.003492,17182827.000000,208192.000000,0.012116
469,355,272,0.004368,0.003732,17238627.000000,211391.000000,0.012263
470,356,271,0.004215,0.003549,17260264.000000,210959.000000,0.012222
471,357,270,0.004155,0.003471,17267080.000000,205270.000000,0.011888
472,358,269,0.004149,0.003508,17360171.000000,209714.000000,0.012080
473,358,268,0.004209,0.003564,17562868.000000,210602.000000,0.011991
474,359,267,0.004273,0.003638,17774657.000000,214150.000000,0.012048
475,360,266,0.004289,0.003650,17767757.000000,210501.000000,0.011847
476,361,265,0.004254,0.003591,17830422.000000,212207.000000,0.011901
477,362,264,0.004371,0.003726,18107284.000000,219339.000000,0.012113
478,362,263,0.004281,0.003628,17948627.000000,214991.000000,0.011978
479,363,262,0.004277,0.003644,18011465.000000,210775.000000,0.011702
480,364,261,0.004446,0.003772,18260167.000000,220325.000000,0.012066
481,365,260,0.004351,0.003719,18115823.000000,214799.000000,0.011857
482,366,259,0.004230,0.003604,18103619.000000,214310.000000,0.011838
483,367,258,0.004294,0.003678,18218297.000000,211964.000000,0.011635
484,368,257,0.004391,0.003746,18376241.000000,218364.000000,0.011883
485,369,256,0.004367,0.003730,18573599.000000,220130.000000,0.011852
486,370,255,0.004453,0.003797,18639136.000000,219828.000000,0.011794
487,370,254,0.004374,0.003728,18645127.000000,217324.000000,0.011656
488,371,253,0.004407,0.003788,18742384.000000,222966.000000,0.011896
489,372,252,0.004624,0.003988,18872064.000000,222859.000000,0.011809
490,372,251,0.004448,0.003846,18878589.000000,219345.000000,0.011619
491,373,249,0.004474,0.003837,18912504.000000,223957.000000,0.011842
492,374,248,0.004511,0.003869,18959644.000000,222989.000000,0.011761
493,375,247,0.004498,0.003856,19025290.000000,225577.000000,0.011857
494,376,246,0.004480,0.003848,19032023.000000,220827.000000,0.011603
495,377,245,0.004592,0.003963,19221964.000000,225225.000000,0.011717
496,378,244,0.004503,0.003877,19220129.000000,224892.000000,0.011701
497,378,243,0.004606,0.003944,19222995.000000,225081.000000,0.011709
498,379,242,0.004329,0.003881,19254188.000000,223778.000000,0.011622
499,379,242,0.004252,0.003898,19334740.000000,226782.000000,0.011729
500,380,241,0.004258,0.003904,19419833.000000,226439.000000,0.011660
501,381,241,0.004285,0.003929,19613953.000000,228568.000000,0.011653
502,382,240,0.004377,0.004003,19702170.000000,230345.000000,0.011691
503,382,240,0.004397,0.004053,19815480.000000,231258.000000,0.011671
504,383,239,0.004352,0.003996,19858575.000000,230303.000000,0.011597
505,384,239,0.004372,0.004045,19986796.000000,227277.000000,0.011371
506,385,238,0.004384,0.004036,20040594.000000,231570.000000,0.011555
507,386,237,0.004379,0.004037,20098588.000000,233968.000000,0.011641
508,387,237,0.004458,0.004090,20194327.000000,236226.000000,0.011698
509,388,236,0.004445,0.004122,20304550.000000,232896.000000,0.011470
510,389,236,0.004479,0.004128,20389982.000000,237185.000000,0.011632
511,390,235,0.004505,0.004152,20451530.000000,237265.000000,0.011601
512,391,234,0.004539,0.004153,20512323.000000,238884.000000,0.011646
513,392,234,0.004527,0.004167,20628229.000000,235205.000000,0.011402
514,393,233,0.004608,0.004224,20999307.000000,240454.000000,0.011451
515,394,232,0.004650,0.004245,20906517.000000,241328.000000,0.011543
516,394,232,0.004613,0.004263,20953523.000000,237731.000000,0.011346
517,395,231,0.005065,0.004437,21130267.000000,242809.000000,0.011491
518,395,230,0.004935,0.004288,21153432.000000,241367.000000,0.011410
519,396,229,0.004928,0.004291,21272407.000000,242621.000000,0.011405
520,397,228,0.004933,0.004301,21346684.000000,238548.000000,0.011175
521,398,226,0.005093,0.004413,21651340.000000,245638.000000,0.011345
522,398,225,0.004923,0.004284,21486436.000000,244197.000000,0.011365
523,398,224,0.005046,0.004371,21567151.000000,241339.000000,0.011190
524,399,224,0.005051,0.004579,21751627.000000,250448.000000,0.011514
525,400,224,0.004866,0.004399,21796881.000000,244800.000000,0.011231
526,401,223,0.004725,0.004362,21840442.000000,245076.000000,0.011221
527,402,222,0.004816,0.004466,22064019.000000,246403.000000,0.011168
528,403,221,0.004818,0.004459,22160867.000000,250952.000000,0.011324
529,404,221,0.004845,0.004500,22245044.000000,251826.000000,0.011321
530,405,221,0.004813,0.004483,22240582.000000,247369.000000,0.011122
531,406,220,0.004874,0.004537,22352690.000000,252916.000000,0.011315
532,407,219,0.004839,0.004487,22371994.000000,252453.000000,0.011284
533,407,219,0.004895,0.004558,22440875.000000,250701.000000,0.011172
534,408,218,0.004897,0.004541,22520614.000000,252635.000000,0.011218
535,408,218,0.004942,0.004599,22597872.000000,255930.000000,0.011325
536,408,217,0.004890,0.004542,22568925.000000,253721.000000,0.011242
537,409,217,0.004916,0.004571,22549843.000000,251353.000000,0.011147
538,410,216,0.004927,0.004556,22661671.000000,254620.000000,0.011236
539,411,216,0.005003,0.004634,23014657.000000,257276.000000,0.011179
540,412,215,0.004968,0.004590,22852521.000000,252200.000000,0.011036
541,413,215,0.005045,0.004666,23144860.000000,257258.000000,0.011115
542,414,214,0.005017,0.004638,23023210.000000,255683.000000,0.011105
543,415,214,0.005166,0.004737,23277471.000000,260250.000000,0.011180
544,416,213,0.005269,0.004911,23465462.000000,264949.000000,0.011291
545,416,212,0.005128,0.004741,23494106.000000,258789.000000,0.011015
546,416,212,0.005171,0.004783,23647819.000000,261898.000000,0.011075
547,417,211,0.005265,0.004873,23908179.000000,261759.000000,0.010949
548,418,211,0.005183,0.004780,23726723.000000,264220.000000,0.011136
549,419,210,0.005165,0.004787,23859024.000000,265193.000000,0.011115
550,419,210,0.005297,0.004828,24098152.000000,273226.000000,0.011338
551,419,209,0.005278,0.004862,24229717.000000,267186.000000,0.011027
552,420,208,0.005237,0.004859,24102062.000000,268998.000000,0.011161
553,421,208,0.005229,0.004855,24262512.000000,261845.000000,0.010792
554,421,207,0.005343,0.004953,24603960.000000,269072.000000,0.010936
555,421,207,0.005372,0.004980,24816261.000000,270804.000000,0.010912
556,421,206,0.005293,0.004940,24423359.000000,265504.000000,0.010871
557,422,206,0.005292,0.004916,24556734.000000,266022.000000,0.010833
558,423,205,0.005391,0.005001,24837093.000000,271573.000000,0.010934
559,424,204,0.005441,0.005076,25168949.000000,268794.000000,0.010680
560,425,203,0.005482,0.005096,25309442.000000,274836.000000,0.010859
561,426,202,0.005522,0.005153,25461789.000000,278414.000000,0.010935
562,427,202,0.005486,0.005127,25501360.000000,272112.000000,0.010670
563,428,201,0.005821,0.005399,25878031.000000,283264.000000,0.010946
564,429,200,0.005678,0.005281,25691388.000000,278453.000000,0.010838
565,430,199,0.005645,0.005306,25806312.000000,275702.000000,0.010684
566,431,198,0.005673,0.005300,25916859.000000,282140.000000,0.010886
567,432,197,0.005699,0.005328,26158242.000000,282259.000000,0.010790
568,433,196,0.005730,0.005377,26237888.000000,280419.000000,0.010688
569,433,196,0.005837,0.005479,26463642.000000,286904.000000,0.010841
570,434,195,0.005837,0.005461,26543480.000000,285962.000000,0.010773
571,435,194,0.005797,0.005432,26643633.000000,282679.000000,0.010610
572,436,193,0.005792,0.005433,26518696.000000,285812.000000,0.010778
573,437,192,0.005831,0.005447,26835015.000000,290994.000000,0.010844
574,437,191,0.005936,0.005569,26917566.000000,287729.000000,0.010689
575,437,191,0.005985,0.005628,26864366.000000,292733.000000,0.010897
576,438,190,0.005739,0.005372,26784357.000000,286799.000000,0.010708
577,438,189,0.005780,0.005420,26993479.000000,285193.000000,0.010565
578,439,189,0.005856,0.005474,26996271.000000,290362.000000,0.010756
579,440,188,0.005837,0.005487,27216974.000000,290467.000000,0.010672
580,441,188,0.005931,0.005568,27317430.000000,290022.000000,0.010617
581,442,187,0.006005,0.005634,27530640.000000,295094.000000,0.010719
582,443,187,0.005901,0.005540,27549453.000000,293614.000000,0.010658
583,444,186,0.005890,0.005559,27566894.000000,289800.000000,0.010513
584,444,186,0.005914,0.005555,27676000.000000,292919.000000,0.010584
585,445,185,0.005938,0.005583,27695793.000000,292516.000000,0.010562
586,446,184,0.005998,0.005599,27813047.000000,295670.000000,0.010631
587,446,184,0.005949,0.005607,27854312.000000,295488.000000,0.010608
588,447,183,0.005961,0.005612,27905284.000000,293086.000000,0.010503
589,448,182,0.005996,0.005658,28018113.000000,297885.000000,0.010632
590,448,182,0.006103,0.005748,28076623.000000,300867.000000,0.010716
591,448,181,0.006052,0.005716,28026167.000000,296925.000000,0.010595
592,449,180,0.006007,0.005652,28060710.000000,299295.000000,0.010666
593,450,180,0.006016,0.005671,28116226.000000,300182.000000,0.010676
594,451,179,0.006051,0.005705,28177930.000000,297457.000000,0.010556
595,452,179,0.006163,0.005792,28519839.000000,302530.000000,0.010608
596,453,178,0.006049,0.005698,28274760.000000,296473.000000,0.010485
597,453,177,0.006350,0.005969,28523936.000000,310910.000000,0.010900
598,454,177,0.006119,0.005722,28455118.000000,301191.000000,0.010585
599,455,176,0.006166,0.005793,28515135.000000,302476.000000,0.010608
600,456,175,0.006234,0.005831,28651452.000000,306151.000000,0.010685
601,456,175,0.006247,0.005847,28804157.000000,308896.000000,0.010724
602,457,174,0.006752,0.006088,28835329.000000,305521.000000,0.010595
603,458,173,0.006586,0.005886,29043397.000000,311636.000000,0.010730
604,459,172,0.006563,0.005925,29095307.000000,305480.000000,0.010499
605,460,172,0.006516,0.005861,29027161.000000,309006.000000,0.010645
606,461,171,0.006778,0.005904,29112634.000000,309731.000000,0.010639
607,461,170,0.006383,0.006006,29344912.000000,308081.000000,0.010499
608,462,170,0.006402,0.005989,29462424.000000,314488.000000,0.010674
609,463,169,0.006445,0.006051,29697324.000000,312068.000000,0.010508
610,463,169,0.006500,0.006094,29876336.000000,316725.000000,0.010601
611,464,168,0.006449,0.006070,29648882.000000,313782.000000,0.010583
612,464,167,0.006993,0.006321,29769638.000000,321492.000000,0.010799
613,465,167,0.006737,0.006068,29816454.000000,314992.000000,0.010564
614,465,166,0.006701,0.006051,29887692.000000,315304.000000,0.010550
615,466,165,0.006673,0.006191,30090580.000000,318068.000000,0.010570
616,467,165,0.006518,0.006122,30135330.000000,318572.000000,0.010571
617,468,164,0.006618,0.006226,30533634.000000,320968.000000,0.010512
618,469,164,0.006573,0.006172,30359054.000000,321479.000000,0.010589
619,470,163,0.006632,0.006236,30420354.000000,321055.000000,0.010554
620,470,163,0.006573,0.006190,30408308.000000,323135.000000,0.010627
621,471,162,0.006652,0.006244,30561193.000000,326306.000000,0.010677
622,471,162,0.006643,0.006271,30653627.000000,320086.000000,0.010442
623,472,161,0.006622,0.006241,30676308.000000,323014.000000,0.010530
624,473,160,0.007870,0.006992,31201687.000000,337235.000000,0.010808
625,474,160,0.006953,0.006303,30859670.000000,323796.000000,0.010493
626,475,159,0.006997,0.006295,31135395.000000,328173.000000,0.010540
627,476,159,0.006983,0.006345,31256670.000000,327516.000000,0.010478
628,476,158,0.006850,0.006463,31209434.000000,329486.000000,0.010557
629,477,158,0.006708,0.006329,31276061.000000,323906.000000,0.010356
630,478,157,0.006747,0.006374,31561757.000000,330472.000000,0.010471
631,478,157,0.006819,0.006462,31766396.000000,331554.000000,0.010437
632,479,157,0.006847,0.006490,31815280.000000,327786.000000,0.010303
633,479,156,0.006920,0.006542,31953015.000000,333351.000000,0.010433
634,479,156,0.006866,0.006530,31896696.000000,329417.000000,0.010328
635,480,155,0.006898,0.006503,32047952.000000,333409.000000,0.010403
636,481,155,0.006939,0.006554,32289248.000000,330833.000000,0.010246
637,482,154,0.006945,0.006550,32180605.000000,335513.000000,0.010426
638,483,154,0.007042,0.006646,32607203.000000,337089.000000,0.010338
639,484,153,0.007045,0.006679,32732421.000000,335695.000000,0.010256
640,485,153,0.007140,0.006757,32923877.000000,342553.000000,0.010404
641,486,152,0.007178,0.006820,33404952.000000,340297.000000,0.010187
642,486,152,0.007448,0.007024,33585071.000000,345991.000000,0.010302
643,487,151,0.007865,0.007477,34043878.000000,354660.000000,0.010418
644,488,151,0.007262,0.006880,33666309.000000,341594.000000,0.010146
645,489,150,0.007333,0.006938,33902616.000000,347533.000000,0.010251
646,489,150,0.007302,0.006922,33967415.000000,343686.000000,0.010118
647,490,149,0.007477,0.007094,33873033.000000,349463.000000,0.010317
648,490,148,0.007445,0.007061,33941872.000000,343530.000000,0.010121
649,491,148,0.007274,0.006907,33892324.000000,345170.000000,0.010184
650,491,148,0.007298,0.006929,33956753.000000,344828.000000,0.010155
651,492,147,0.007328,0.006934,34257877.000000,346664.000000,0.010119
652,493,147,0.007322,0.006911,33974290.000000,345763.000000,0.010177
653,493,146,0.007313,0.006946,34091243.000000,346032.000000,0.010150
654,493,146,0.007435,0.007048,34443982.000000,351587.000000,0.010208
655,494,145,0.007678,0.007228,34464331.000000,353832.000000,0.010267
656,495,145,0.007420,0.007009,34593246.000000,351035.000000,0.010148
657,496,144,0.007453,0.007079,34736380.000000,349843.000000,0.010071
658,497,144,0.007482,0.007100,34849716.000000,355786.000000,0.010209
659,498,143,0.007388,0.007048,34825274.000000,349356.000000,0.010032
660,499,143,0.007444,0.007058,34986865.000000,354384.000000,0.010129
661,500,143,0.007496,0.007145,35271462.000000,351914.000000,0.009977
662,501,142,0.007509,0.007145,35364123.000000,355498.000000,0.010053
663,502,142,0.007548,0.007168,35565338.000000,358134.000000,0.010070
664,502,142,0.007563,0.007192,35663705.000000,353941.000000,0.009924
665,503,141,0.007551,0.007179,35537205.000000,357581.000000,0.010062
666,504,141,0.007556,0.007207,35631899.000000,354045.000000,0.009936
667,505,141,0.007610,0.007234,35754896.000000,358454.000000,0.010025
668,506,140,0.007708,0.007350,35789936.000000,359284.000000,0.010039
669,507,140,0.007737,0.007352,35835979.000000,360646.000000,0.010064
670,508,139,0.007659,0.007293,35824336.000000,355299.000000,0.009918
671,509,139,0.007728,0.007335,35957058.000000,363157.000000,0.010100
672,509,139,0.007674,0.007302,35894792.000000,357168.000000,0.009950
673,510,138,0.007726,0.007369,35949561.000000,360411.000000,0.010025
674,510,138,0.007662,0.007277,35882771.000000,361990.000000,0.010088
675,511,138,0.007693,0.007299,35964443.000000,357829.000000,0.009950
676,512,137,0.007760,0.007349,36188490.000000,365209.000000,0.010092
677,513,137,0.007758,0.007389,36415054.000000,361197.000000,0.009919
678,514,137,0.007886,0.007490,36515260.000000,367702.000000,0.010070
679,515,136,0.007897,0.007516,36502624.000000,365836.000000,0.010022
680,516,136,0.007997,0.007594,36811098.000000,371930.000000,0.010104
681,517,135,0.008021,0.007600,36956141.000000,368072.000000,0.009960
682,517,135,0.008051,0.007641,37420255.000000,375364.000000,0.010031
683,518,134,0.008024,0.007645,37499551.000000,369293.000000,0.009848
684,519,134,0.008051,0.007626,37380830.000000,376728.000000,0.010078
685,520,134,0.008070,0.007667,37679826.000000,373647.000000,0.009916
686,521,134,0.008147,0.007727,37839520.000000,379016.000000,0.010016
687,522,133,0.008097,0.007718,37829044.000000,373242.000000,0.009867
688,523,133,0.008180,0.007787,37972804.000000,379702.000000,0.009999
689,523,133,0.008072,0.007708,37944833.000000,374715.000000,0.009875
690,523,132,0.008190,0.007789,38117704.000000,381736.000000,0.010015
691,524,132,0.008182,0.007825,38153710.000000,377921.000000,0.009905
692,525,131,0.008182,0.007796,38241530.000000,381177.000000,0.009968
693,526,131,0.008146,0.007764,38354499.000000,377718.000000,0.009848
694,527,131,0.008380,0.008011,38572607.000000,386344.000000,0.010016
695,528,130,0.008145,0.007780,38488798.000000,377972.000000,0.009820
696,529,130,0.008333,0.007946,38741721.000000,383594.000000,0.009901
697,530,129,0.008419,0.007921,39023759.000000,396941.000000,0.010172
698,531,129,0.008286,0.007896,38738499.000000,384762.000000,0.009932
699,532,129,0.008347,0.007969,38923842.000000,386215.000000,0.009922
700,533,128,0.008353,0.007965,39056471.000000,388669.000000,0.009951
701,534,128,0.008345,0.007984,39188783.000000,386206.000000,0.009855
702,535,128,0.008414,0.007999,39336629.000000,389337.000000,0.009898
703,536,128,0.008412,0.008043,39735719.000000,390256.000000,0.009821
704,537,127,0.008470,0.008058,39619118.000000,392310.000000,0.009902
705,538,127,0.008688,0.008105,39765100.000000,392889.000000,0.009880
706,539,127,0.008832,0.008148,39915216.000000,394766.000000,0.009890
707,539,126,0.008761,0.008107,39998254.000000,390335.000000,0.009759
708,540,126,0.008798,0.008133,40173944.000000,395595.000000,0.009847
709,541,125,0.008882,0.008250,40228063.000000,393067.000000,0.009771
710,542,125,0.008781,0.008123,40322649.000000,395493.000000,0.009808
711,543,125,0.009066,0.008203,40530126.000000,396739.000000,0.009789
712,544,124,0.008920,0.008213,40652986.000000,401138.000000,0.009867
713,545,124,0.008944,0.008291,40842626.000000,398204.000000,0.009750
714,546,123,0.008979,0.008322,40954473.000000,402060.000000,0.009817
715,547,123,0.008955,0.008329,40997522.000000,400563.000000,0.009770
716,548,123,0.008872,0.008376,41116265.000000,402204.000000,0.009782
717,549,122,0.009002,0.008663,41478980.000000,402997.000000,0.009716
718,550,122,0.008745,0.008400,41431853.000000,398953.000000,0.009629
719,551,122,0.008760,0.008370,41631370.000000,405155.000000,0.009732
720,552,121,0.008804,0.008439,41747596.000000,401723.000000,0.009623
721,552,121,0.008792,0.008425,41779822.000000,405373.000000,0.009703
722,553,121,0.008808,0.008451,41635660.000000,401521.000000,0.009644
723,554,120,0.008826,0.008484,41847154.000000,409139.000000,0.009777
724,554,120,0.008812,0.008484,41800891.000000,404714.000000,0.009682
725,554,120,0.008824,0.008468,41843080.000000,407469.000000,0.009738
726,555,119,0.008813,0.008473,41887882.000000,402608.000000,0.009612
727,556,119,0.008880,0.008519,42033319.000000,410661.000000,0.009770
728,557,119,0.009173,0.008813,42270795.000000,410524.000000,0.009712
729,558,118,0.008907,0.008539,42202504.000000,411446.000000,0.009749
730,558,118,0.008884,0.008537,42138437.000000,408464.000000,0.009693
731,559,118,0.008911,0.008540,42275591.000000,411646.000000,0.009737
732,560,118,0.009214,0.008729,42410380.000000,408620.000000,0.009635
733,560,117,0.009116,0.008629,42674734.000000,410776.000000,0.009626
734,561,117,0.009164,0.008611,42570752.000000,413605.000000,0.009716
735,562,117,0.009191,0.008714,42986769.000000,413897.000000,0.009628
736,563,116,0.009177,0.008692,43001465.000000,416563.000000,0.009687
737,564,116,0.009286,0.008804,43189638.000000,417285.000000,0.009662
738,565,116,0.009293,0.008799,43487009.000000,421045.000000,0.009682
739,566,115,0.009330,0.008975,43724659.000000,421270.000000,0.009635
740,567,115,0.009252,0.008874,43890155.000000,424502.000000,0.009672
741,568,115,0.009289,0.008915,44037817.000000,423491.000000,0.009617
742,569,114,0.009270,0.008915,44165928.000000,435249.000000,0.009855
743,570,114,0.009507,0.009134,45058981.000000,446162.000000,0.009902
744,571,114,0.009431,0.009066,44802377.000000,440618.000000,0.009835
745,571,113,0.009458,0.009112,44924167.000000,445863.000000,0.009925
746,572,113,0.009467,0.009125,44961825.000000,442945.000000,0.009852
747,573,113,0.009506,0.009147,45198400.000000,446459.000000,0.009878
748,573,113,0.009548,0.009199,45328390.000000,445437.000000,0.009827
749,573,112,0.009485,0.009138,45075448.000000,445032.000000,0.009873
750,574,112,0.009598,0.009241,45219012.000000,444980.000000,0.009841
751,575,112,0.009614,0.009244,45518207.000000,449082.000000,0.009866
752,576,111,0.009636,0.009278,45702691.000000,452678.000000,0.009905
753,577,111,0.009659,0.009305,45863659.000000,450705.000000,0.009827
754,578,111,0.009688,0.009296,46041856.000000,455393.000000,0.009891
755,579,110,0.009690,0.009354,45944426.000000,453247.000000,0.009865
756,580,110,0.009711,0.009356,46021351.000000,454168.000000,0.009869
757,581,110,0.009782,0.009417,46395459.000000,458944.000000,0.009892
758,581,110,0.009810,0.009444,46523367.000000,457408.000000,0.009832
759,582,109,0.009816,0.009448,46688023.000000,459948.000000,0.009852
760,583,109,0.010010,0.009633,46802921.000000,459588.000000,0.009820
761,584,109,0.010243,0.009836,47282960.000000,465806.000000,0.009851
762,584,108,0.010092,0.009715,47281377.000000,463900.000000,0.009811
763,585,108,0.009987,0.009621,47383790.000000,459350.000000,0.009694
764,585,108,0.009945,0.009551,47235117.000000,461017.000000,0.009760
765,586,107,0.010036,0.009685,47698417.000000,461895.000000,0.009684
766,587,107,0.010078,0.009733,47863253.000000,463849.000000,0.009691
767,588,107,0.010126,0.009771,48000861.000000,470690.000000,0.009806
768,589,107,0.010170,0.009802,48094731.000000,468006.000000,0.009731
769,590,106,0.010249,0.009853,48473468.000000,473707.000000,0.009773
770,591,106,0.010275,0.009893,48284589.000000,469742.000000,0.009729
771,592,106,0.010328,0.009978,48378435.000000,470823.000000,0.009732
772,592,106,0.010287,0.009897,48474949.000000,472783.000000,0.009753
773,593,105,0.010347,0.009970,48553918.000000,470565.000000,0.009692
774,594,105,0.010283,0.009902,48601251.000000,473801.000000,0.009749
775,595,105,0.010288,0.009944,48665351.000000,471020.000000,0.009679
776,595,105,0.010430,0.010090,48738585.000000,474088.000000,0.009727
777,596,104,0.010310,0.009955,48719197.000000,475469.000000,0.009759
778,596,104,0.010368,0.009987,48800683.000000,472946.000000,0.009691
779,596,104,0.010408,0.010041,48876392.000000,473017.000000,0.009678
780,597,103,0.010493,0.010068,49064704.000000,479566.000000,0.009774
781,598,103,0.010631,0.010237,49748849.000000,481263.000000,0.009674
782,598,103,0.010463,0.010043,49363372.000000,480312.000000,0.009730
783,599,103,0.010468,0.010087,49643921.000000,480002.000000,0.009669
784,600,102,0.010506,0.010133,49623414.000000,477826.000000,0.009629
785,601,102,0.010554,0.010147,49911277.000000,483469.000000,0.009687
786,602,102,0.010616,0.010221,50192488.000000,482210.000000,0.009607
787,603,101,0.010704,0.010317,50423204.000000,484239.000000,0.009603
788,604,101,0.010898,0.010493,51177695.000000,494066.000000,0.009654
789,604,101,0.010956,0.010566,51329261.000000,491805.000000,0.009581
790,605,100,0.010942,0.010576,51467864.000000,490912.000000,0.009538
791,606,100,0.011030,0.010664,51902348.000000,496584.000000,0.009568
792,607,100,0.011065,0.010696,51966288.000000,493835.000000,0.009503
793,608,99,0.010979,0.010627,51998927.000000,492493.000000,0.009471
794,609,99,0.010959,0.010593,52096331.000000,496708.000000,0.009534
795,610,99,0.010946,0.010601,52130809.000000,495048.000000,0.009496
796,611,98,0.011054,0.010664,52278148.000000,498101.000000,0.009528
797,612,98,0.011092,0.010702,52470389.000000,497821.000000,0.009488
798,613,98,0.011267,0.010882,52754421.000000,500690.000000,0.009491
799,613,98,0.011143,0.010782,52560932.000000,495144.000000,0.009420
800,614,97,0.011047,0.010663,52644269.000000,502864.000000,0.009552
801,615,97,0.011263,0.010807,53239221.000000,512067.000000,0.009618
802,616,97,0.011215,0.010840,53138448.000000,499298.000000,0.009396
803,617,96,0.011198,0.010815,53243955.000000,504908.000000,0.009483
804,618,96,0.011300,0.010928,53381975.000000,505232.000000,0.009464
805,619,96,0.011381,0.011033,53684127.000000,508575.000000,0.009473
806,620,95,0.011391,0.010978,53808096.000000,512757.000000,0.009529
807,621,95,0.011490,0.011113,54152697.000000,511367.000000,0.009443
808,622,95,0.011498,0.011122,54454900.000000,511633.000000,0.009396
809,622,95,0.011630,0.011240,54878936.000000,516030.000000,0.009403
810,623,94,0.011526,0.011157,54622126.000000,512791.000000,0.009388
811,623,94,0.011597,0.011231,54978060.000000,514153.000000,0.009352
812,624,94,0.011575,0.011168,54865543.000000,518654.000000,0.009453
813,624,93,0.011634,0.011251,55327802.000000,518818.000000,0.009377
814,625,93,0.011632,0.011277,55466748.000000,518382.000000,0.009346
815,626,93,0.011668,0.011312,55617456.000000,523584.000000,0.009414
816,627,92,0.011812,0.011434,55737972.000000,521957.000000,0.009364
817,628,92,0.011660,0.011315,55734665.000000,520667.000000,0.009342
818,629,92,0.011699,0.011326,55811933.000000,521283.000000,0.009340
819,630,92,0.011740,0.011376,55964663.000000,526877.000000,0.009414
820,631,91,0.011741,0.011360,56001895.000000,523549.000000,0.009349
821,632,91,0.011885,0.011532,56194976.000000,525855.000000,0.009358
822,633,91,0.011805,0.011445,56175521.000000,529587.000000,0.009427
823,634,91,0.011772,0.011429,56133156.000000,525833.000000,0.009368
824,634,90,0.012016,0.011627,56382790.000000,528789.000000,0.009379
825,635,90,0.011881,0.011511,56625702.000000,529168.000000,0.009345
826,635,90,0.011862,0.011478,56624923.000000,533999.000000,0.009430
827,636,90,0.011896,0.011524,56802810.000000,528530.000000,0.009305
828,637,89,0.011973,0.011593,57171785.000000,530675.000000,0.009282
829,638,89,0.011996,0.011613,57212790.000000,534512.000000,0.009343
830,639,89,0.012002,0.011638,57326009.000000,531496.000000,0.009271
831,640,89,0.012041,0.011702,57583951.000000,532803.000000,0.009253
832,640,88,0.012181,0.011805,57781005.000000,535751.000000,0.009272
833,641,88,0.012218,0.011828,58007629.000000,539533.000000,0.009301
834,642,88,0.012236,0.011848,58142641.000000,537855.000000,0.009251
835,643,88,0.012135,0.011782,57972485.000000,538039.000000,0.009281
836,643,88,0.012163,0.011779,58122645.000000,542886.000000,0.009340
837,644,87,0.012166,0.011824,58155569.000000,537911.000000,0.009250
838,645,87,0.012215,0.011842,58306221.000000,539934.000000,0.009260
839,646,87,0.012375,0.011973,58891282.000000,545604.000000,0.009265
840,647,87,0.012290,0.011905,58704872.000000,546878.000000,0.009316
841,648,86,0.012540,0.012147,59170493.000000,546519.000000,0.009236
842,648,86,0.012387,0.012026,59093159.000000,544765.000000,0.009219
843,648,86,0.012373,0.012031,59076950.000000,543423.000000,0.009199
844,649,86,0.012408,0.012013,59244525.000000,546739.000000,0.009229
845,650,85,0.012624,0.012273,59902372.000000,548706.000000,0.009160
846,651,85,0.012693,0.012316,60029571.000000,550560.000000,0.009171
847,652,85,0.012671,0.012293,60103494.000000,552139.000000,0.009186
848,653,85,0.012652,0.012277,60131905.000000,555836.000000,0.009244
849,654,84,0.012829,0.012440,60318040.000000,554389.000000,0.009191
850,655,84,0.012798,0.012420,60470141.000000,558668.000000,0.009239
851,656,84,0.012786,0.012384,60833921.000000,557525.000000,0.009165
852,657,84,0.012726,0.012344,60616227.000000,559047.000000,0.009223
853,658,84,0.012672,0.012323,60639512.000000,556686.000000,0.009180
854,659,83,0.012788,0.012408,60816498.000000,559507.000000,0.009200
855,659,83,0.013125,0.012606,61111954.000000,562173.000000,0.009199
856,659,83,0.013080,0.012546,61326741.000000,564269.000000,0.009201
857,660,83,0.013080,0.012554,61547551.000000,567867.000000,0.009226
858,661,82,0.013050,0.012545,61667830.000000,564788.000000,0.009159
859,662,82,0.012983,0.012506,61509657.000000,562568.000000,0.009146
860,662,82,0.012989,0.012518,61496565.000000,560250.000000,0.009110
861,663,82,0.013038,0.012502,61694261.000000,566583.000000,0.009184
862,663,82,0.013048,0.012540,61831258.000000,563956.000000,0.009121
863,663,81,0.013067,0.012580,61877222.000000,564220.000000,0.009118
864,664,81,0.013465,0.012960,62153031.000000,569279.000000,0.009159
865,665,81,0.013165,0.012661,62317492.000000,568866.000000,0.009129
866,666,81,0.013195,0.012678,62456628.000000,573093.000000,0.009176
867,667,81,0.013302,0.012791,62874325.000000,573716.000000,0.009125
868,667,80,0.013346,0.012836,63218092.000000,573409.000000,0.009070
869,668,80,0.013701,0.013179,63803184.000000,582296.000000,0.009126
870,669,80,0.013320,0.012814,63190810.000000,573440.000000,0.009075
871,670,80,0.013408,0.012915,63501789.000000,583075.000000,0.009182
872,670,80,0.013463,0.012972,63495521.000000,579831.000000,0.009132
873,671,79,0.013402,0.012924,63458131.000000,578573.000000,0.009117
874,672,79,0.013620,0.013109,63592993.000000,580418.000000,0.009127
875,673,79,0.013555,0.013052,64176545.000000,586199.000000,0.009134
876,674,79,0.013535,0.013025,64188570.000000,588837.000000,0.009174
877,675,79,0.013583,0.013073,64385426.000000,585974.000000,0.009101
878,676,78,0.013671,0.013169,64771332.000000,588319.000000,0.009083
879,677,78,0.013860,0.013473,64977109.000000,591477.000000,0.009103
880,677,78,0.013922,0.013561,65174327.000000,593184.000000,0.009101
881,678,78,0.013798,0.013303,65167799.000000,603562.000000,0.009262
882,679,78,0.013699,0.013294,65173649.000000,594104.000000,0.009116
883,680,77,0.013983,0.013574,65837372.000000,596153.000000,0.009055
884,681,77,0.013827,0.013419,65527980.000000,591751.000000,0.009031
885,682,77,0.013982,0.013604,65730965.000000,595016.000000,0.009052
886,683,77,0.013877,0.013467,65766184.000000,594213.000000,0.009035
887,684,77,0.013836,0.013450,66080898.000000,597501.000000,0.009042
888,685,76,0.013998,0.013599,66368349.000000,604464.000000,0.009108
889,685,76,0.013994,0.013625,66404160.000000,599655.000000,0.009030
890,685,76,0.013972,0.013590,66505032.000000,602160.000000,0.009054
891,685,76,0.014072,0.013708,66609097.000000,601173.000000,0.009025
892,686,76,0.013999,0.013617,66659827.000000,600241.000000,0.009005
893,686,75,0.014016,0.013672,66752242.000000,599798.000000,0.008985
894,687,75,0.013970,0.013580,66869922.000000,603023.000000,0.009018
895,688,75,0.014088,0.013709,67089939.000000,602789.000000,0.008985
896,688,75,0.014066,0.013684,67079940.000000,602789.000000,0.008986
897,689,75,0.014197,0.013769,67350449.000000,603110.000000,0.008955
898,690,74,0.014125,0.013698,67127082.000000,600523.000000,0.008946
899,691,74,0.014212,0.013840,67590402.000000,607255.000000,0.008984
900,692,74,0.014343,0.013954,67763113.000000,608577.000000,0.008981
901,693,74,0.014299,0.013846,67949566.000000,612083.000000,0.009008
902,694,74,0.014506,0.013980,68021605.000000,608765.000000,0.008950
903,694,74,0.014331,0.013797,67981163.000000,606875.000000,0.008927
904,694,73,0.014314,0.013802,68166088.000000,608530.000000,0.008927
905,694,73,0.014386,0.013883,68350224.000000,610548.000000,0.008933
906,695,73,0.014402,0.013871,68381679.000000,610336.000000,0.008925
907,696,73,0.014645,0.014126,68919913.000000,618776.000000,0.008978
908,696,73,0.014570,0.014022,69254603.000000,619352.000000,0.008943
909,696,73,0.014604,0.014092,69394874.000000,616634.000000,0.008886
910,697,72,0.014733,0.014217,69234539.000000,614760.000000,0.008879
911,698,72,0.014638,0.014105,69606798.000000,617236.000000,0.008867
912,699,72,0.014656,0.014159,69780726.000000,618039.000000,0.008857
913,700,72,0.014711,0.014203,70017409.000000,620313.000000,0.008859
914,701,72,0.015013,0.014497,70363817.000000,626388.000000,0.008902
915,702,72,0.014858,0.014366,70539446.000000,626789.000000,0.008886
916,703,71,0.014893,0.014377,70663833.000000,625802.000000,0.008856
917,704,71,0.015030,0.014506,71510833.000000,632987.000000,0.008852
918,705,71,0.015029,0.014525,71450094.000000,629131.000000,0.008805
919,706,71,0.015030,0.014544,71530571.000000,630401.000000,0.008813
920,707,71,0.015044,0.014536,71662763.000000,630081.000000,0.008792
921,707,71,0.015334,0.014795,72212047.000000,637780.000000,0.008832
922,708,70,0.015097,0.014557,71885123.000000,634356.000000,0.008825
923,708,70,0.015235,0.014688,72511492.000000,637511.000000,0.008792
924,709,70,0.015250,0.014746,72695411.000000,638606.000000,0.008785
925,709,70,0.015289,0.014802,72792719.000000,640712.000000,0.008802
926,710,70,0.015401,0.014871,72990196.000000,646358.000000,0.008855
927,711,69,0.015869,0.015246,73489146.000000,644333.000000,0.008768
928,712,69,0.015718,0.015297,73420799.000000,645038.000000,0.008785
929,713,69,0.015510,0.015078,73614853.000000,646895.000000,0.008788
930,714,69,0.015325,0.014944,74064623.000000,644827.000000,0.008706
931,715,69,0.015414,0.015026,73938089.000000,649492.000000,0.008784
932,716,69,0.015311,0.014937,73990527.000000,644032.000000,0.008704
933,717,68,0.015441,0.015055,74251014.000000,646252.000000,0.008704
934,718,68,0.015717,0.015334,74617637.000000,649410.000000,0.008703
935,718,68,0.015508,0.015138,74572192.000000,647849.000000,0.008688
936,719,68,0.015463,0.015087,74626247.000000,646332.000000,0.008661
937,719,68,0.015484,0.015117,74723195.000000,646708.000000,0.008655
938,719,68,0.015543,0.015160,74899199.000000,646664.000000,0.008634
939,720,68,0.015563,0.015182,75116563.000000,652952.000000,0.008693
940,721,67,0.015746,0.015343,75037235.000000,653126.000000,0.008704
941,722,67,0.015872,0.015508,75568064.000000,659532.000000,0.008728
942,722,67,0.015593,0.015226,75380228.000000,654271.000000,0.008680
943,723,67,0.015611,0.015248,75392519.000000,653287.000000,0.008665
944,723,67,0.015709,0.015326,75453842.000000,660490.000000,0.008754
945,724,67,0.015579,0.015202,75363122.000000,655004.000000,0.008691
946,725,67,0.015628,0.015246,75487668.000000,655141.000000,0.008679
947,725,66,0.015975,0.015600,75793544.000000,662507.000000,0.008741
948,726,66,0.016059,0.015660,75846856.000000,663433.000000,0.008747
949,727,66,0.016393,0.015887,76208849.000000,676600.000000,0.008878
950,728,66,0.016195,0.015786,76427277.000000,666141.000000,0.008716
951,729,66,0.016151,0.015781,76515077.000000,669689.000000,0.008752
952,730,66,0.016086,0.015667,76526249.000000,666583.000000,0.008711
953,731,66,0.016179,0.015768,76802401.000000,669289.000000,0.008714
954,732,65,0.015942,0.015530,76451352.000000,666040.000000,0.008712
955,733,65,0.016074,0.015685,76983647.000000,668721.000000,0.008687
956,734,65,0.016094,0.015676,77091373.000000,668948.000000,0.008677
957,735,65,0.016083,0.015682,77180539.000000,671676.000000,0.008703
958,735,65,0.016196,0.015775,77310486.000000,672100.000000,0.008694
959,736,65,0.016439,0.015996,77701626.000000,679639.000000,0.008747
960,736,65,0.016200,0.015792,77600043.000000,675025.000000,0.008699
961,737,64,0.016251,0.015836,77629691.000000,675919.000000,0.008707
962,737,64,0.016210,0.015810,77622657.000000,675510.000000,0.008702
963,738,64,0.016289,0.015882,77672381.000000,677791.000000,0.008726
964,739,64,0.016199,0.015826,77628224.000000,676824.000000,0.008719
965,740,64,0.016604,0.016043,77840418.000000,678049.000000,0.008711
966,741,64,0.016322,0.015785,77876542.000000,677603.000000,0.008701
967,742,64,0.016410,0.015869,78306725.000000,680273.000000,0.008687
968,743,63,0.016518,0.015983,78573284.000000,683730.000000,0.008702
969,744,63,0.016486,0.015974,78412888.000000,681213.000000,0.008688
970,745,63,0.016473,0.015920,78505782.000000,680899.000000,0.008673
971,746,63,0.016710,0.016318,79278260.000000,691431.000000,0.008722
972,746,63,0.016405,0.015991,79175395.000000,685535.000000,0.008658
973,747,63,0.016464,0.016102,79125960.000000,688471.000000,0.008701
974,748,63,0.016598,0.016195,79328473.000000,691010.000000,0.008711
975,749,63,0.016735,0.016318,79773262.000000,694584.000000,0.008707
976,750,62,0.016678,0.016268,79959435.000000,693012.000000,0.008667
977,751,62,0.016910,0.016522,80452368.000000,698212.000000,0.008679
978,752,62,0.016769,0.016378,80593441.000000,697028.000000,0.008649
979,752,62,0.016822,0.016458,80702678.000000,699024.000000,0.008662
980,752,62,0.016834,0.016432,80843429.000000,701017.000000,0.008671
981,753,62,0.016797,0.016425,80873469.000000,700061.000000,0.008656
982,754,62,0.016868,0.016460,80998875.000000,700124.000000,0.008644
983,755,62,0.017000,0.016633,81213932.000000,705963.000000,0.008693
984,756,62,0.016991,0.016589,81317761.000000,704492.000000,0.008663
985,757,61,0.017149,0.016725,81791432.000000,707756.000000,0.008653
986,758,61,0.016972,0.016570,81483725.000000,704984.000000,0.008652
987,759,61,0.017212,0.016817,81734230.000000,706158.000000,0.008640
988,760,61,0.017053,0.016658,81703363.000000,705790.000000,0.008638
989,761,61,0.017212,0.016817,82050314.000000,708866.000000,0.008639
990,762,61,0.017258,0.016846,82239385.000000,711627.000000,0.008653
991,763,61,0.017356,0.016940,82707206.000000,714430.000000,0.008638
992,763,61,0.017129,0.016754,82252031.000000,710372.000000,0.008637
993,764,61,0.017156,0.016760,82405843.000000,713699.000000,0.008661
994,764,61,0.017164,0.016793,82477062.000000,711799.000000,0.008630
995,765,60,0.017397,0.016980,82732329.000000,716908.000000,0.008665
996,766,60,0.017215,0.016803,82840078.000000,713802.000000,0.008617
997,767,60,0.017456,0.017048,82821845.000000,716698.000000,0.008653
998,768,60,0.017383,0.016965,83235209.000000,717663.000000,0.008622
999,769,60,0.017381,0.017005,83355063.000000,720299.000000,0.008641
1000,770,60,0.017351,0.016948,83462872.000000,719218.000000,0.008617
1001,771,60,0.018073,0.017669,84759991.000000,732085.000000,0.008637
1002,772,60,0.017720,0.017320,84651965.000000,729712.000000,0.008620
1003,773,59,0.017644,0.017276,84755969.000000,730023.000000,0.008613
